error,K,Q1,R,Q2,M,mode,method,time
7.9545270659813205,3,100,983,5,100,A1,NTD,38.128
1.9778951979539035,3,100,983,5,100,A2,NTD,38.128
980.2037256968185,3,100,983,5,100,A3,NTD,38.128
8.914710801773255,3,100,983,5,100,core,NTD,38.128
12.94693644187601,3,100,983,5,100,A1,Ours,5.841000000000001
0.3429321785112301,3,100,983,5,100,A2,Ours,5.841000000000001
4.770979228046393,3,100,983,5,100,A3,Ours,5.841000000000001
11.42890947839044,3,100,983,5,100,core,Ours,5.841000000000001
12.94693644187601,3,100,983,5,100,A1,HOSVD,5.3799999999999955
0.3429321785112301,3,100,983,5,100,A2,HOSVD,5.3799999999999955
2.5514609518973352,3,100,983,5,100,A3,HOSVD,5.3799999999999955
15.04928804359741,3,100,983,5,100,core,HOSVD,5.3799999999999955
13.73882423202749,3,100,983,5,100,A1,HOOI,4.685000000000002
0.055854951884928485,3,100,983,5,100,A2,HOOI,4.685000000000002
2.5727356728705937,3,100,983,5,100,A3,HOOI,4.685000000000002
10.446157233418129,3,100,983,5,100,core,HOOI,4.685000000000002
18.581067919290486,3,100,983,5,100,A1,Olga,5.4809999999999945
0.7391608287503143,3,100,983,5,100,A2,Olga,5.4809999999999945
2.8677851230104494,3,100,983,5,100,A3,Tracy,5.4809999999999945
14.298634360003442,3,100,983,5,100,core,Tracy_Olga,5.4809999999999945
111.91568500468253,3,100,4515,5,100,A1,NTD,160.354
4.229338901874665,3,100,4515,5,100,A2,NTD,160.354
4512.457988529002,3,100,4515,5,100,A3,NTD,160.354
9.772537034853778,3,100,4515,5,100,core,NTD,160.354
13.57856030997083,3,100,4515,5,100,A1,Ours,11.051999999999992
0.04509005989417855,3,100,4515,5,100,A2,Ours,11.051999999999992
5.381434422485025,3,100,4515,5,100,A3,Ours,11.051999999999992
11.559121978641341,3,100,4515,5,100,core,Ours,11.051999999999992
13.57856030997083,3,100,4515,5,100,A1,HOSVD,11.625
0.04509005989417855,3,100,4515,5,100,A2,HOSVD,11.625
2.6978216511633852,3,100,4515,5,100,A3,HOSVD,11.625
14.66958907830324,3,100,4515,5,100,core,HOSVD,11.625
11.043953443313706,3,100,4515,5,100,A1,HOOI,21.482000000000028
0.061423776403901155,3,100,4515,5,100,A2,HOOI,21.482000000000028
2.721106848070625,3,100,4515,5,100,A3,HOOI,21.482000000000028
14.845971425656291,3,100,4515,5,100,core,HOOI,21.482000000000028
44.326798385527084,3,100,4515,5,100,A1,Olga,15.553000000000054
2.521855641841206,3,100,4515,5,100,A2,Olga,15.553000000000054
3.011571381416596,3,100,4515,5,100,A3,Tracy,15.553000000000054
10.831330134937941,3,100,4515,5,100,core,Tracy_Olga,15.553000000000054
106.36481189900783,3,100,8267,5,100,A1,NTD,286.88
3.8151223437285715,3,100,8267,5,100,A2,NTD,286.88
8264.572173241388,3,100,8267,5,100,A3,NTD,286.88
10.312330001428162,3,100,8267,5,100,core,NTD,286.88
13.41819787410136,3,100,8267,5,100,A1,Ours,28.79499999999996
0.19482361129399525,3,100,8267,5,100,A2,Ours,28.79499999999996
5.391819971739326,3,100,8267,5,100,A3,Ours,28.79499999999996
9.282706666980923,3,100,8267,5,100,core,Ours,28.79499999999996
13.41819787410136,3,100,8267,5,100,A1,HOSVD,20.037000000000035
0.19482361129399525,3,100,8267,5,100,A2,HOSVD,20.037000000000035
2.850266416743491,3,100,8267,5,100,A3,HOSVD,20.037000000000035
14.584384592519765,3,100,8267,5,100,core,HOSVD,20.037000000000035
13.312652483252172,3,100,8267,5,100,A1,HOOI,17.274999999999977
0.20385461888121945,3,100,8267,5,100,A2,HOOI,17.274999999999977
3.458318116637185,3,100,8267,5,100,A3,HOOI,17.274999999999977
10.96632360024741,3,100,8267,5,100,core,HOOI,17.274999999999977
49.07453654054753,3,100,8267,5,100,A1,Olga,6.9909999999999854
0.3199580611016452,3,100,8267,5,100,A2,Olga,6.9909999999999854
4.004401501253909,3,100,8267,5,100,A3,Tracy,6.9909999999999854
10.995238593426063,3,100,8267,5,100,core,Tracy_Olga,6.9909999999999854
3.26445180088122,3,100,999,5,500,A1,NTD,28.396000000000072
3.553140085678972,3,100,999,5,500,A2,NTD,28.396000000000072
996.0776766225308,3,100,999,5,500,A3,NTD,28.396000000000072
10.649343422402424,3,100,999,5,500,core,NTD,28.396000000000072
5.874373979918341,3,100,999,5,500,A1,Ours,1.44399999999996
0.03253565140532891,3,100,999,5,500,A2,Ours,1.44399999999996
2.5327021686166002,3,100,999,5,500,A3,Ours,1.44399999999996
14.573971195651682,3,100,999,5,500,core,Ours,1.44399999999996
5.874373979918341,3,100,999,5,500,A1,HOSVD,1.86099999999999
0.03253565140532891,3,100,999,5,500,A2,HOSVD,1.86099999999999
2.500555148567003,3,100,999,5,500,A3,HOSVD,1.86099999999999
14.563281205806284,3,100,999,5,500,core,HOSVD,1.86099999999999
5.844463500827502,3,100,999,5,500,A1,HOOI,1.5890000000000555
0.027157371216974698,3,100,999,5,500,A2,HOOI,1.5890000000000555
2.506305424316492,3,100,999,5,500,A3,HOOI,1.5890000000000555
14.492559135450295,3,100,999,5,500,core,HOOI,1.5890000000000555
7.630745218446104,3,100,999,5,500,A1,Olga,1.9629999999999654
0.1308938041408284,3,100,999,5,500,A2,Olga,1.9629999999999654
2.793401842803262,3,100,999,5,500,A3,Tracy,1.9629999999999654
9.876475433425163,3,100,999,5,500,core,Tracy_Olga,1.9629999999999654
7.964965439553501,3,100,4903,5,500,A1,NTD,165.519
4.046808508617217,3,100,4903,5,500,A2,NTD,165.519
4900.171683422233,3,100,4903,5,500,A3,NTD,165.519
9.303209927291254,3,100,4903,5,500,core,NTD,165.519
8.138117338833293,3,100,4903,5,500,A1,Ours,15.706999999999994
0.0455027506650916,3,100,4903,5,500,A2,Ours,15.706999999999994
5.162409823103962,3,100,4903,5,500,A3,Ours,15.706999999999994
10.555052983798474,3,100,4903,5,500,core,Ours,15.706999999999994
8.138117338833293,3,100,4903,5,500,A1,HOSVD,8.20799999999997
0.0455027506650916,3,100,4903,5,500,A2,HOSVD,8.20799999999997
2.5787207786495463,3,100,4903,5,500,A3,HOSVD,8.20799999999997
9.426526315642082,3,100,4903,5,500,core,HOSVD,8.20799999999997
8.208205908661231,3,100,4903,5,500,A1,HOOI,6.298999999999978
0.04250615967229397,3,100,4903,5,500,A2,HOOI,6.298999999999978
2.585880199536898,3,100,4903,5,500,A3,HOOI,6.298999999999978
9.427637067733293,3,100,4903,5,500,core,HOOI,6.298999999999978
9.607257064506891,3,100,4903,5,500,A1,Olga,3.437000000000012
0.3089489826821786,3,100,4903,5,500,A2,Olga,3.437000000000012
2.8646659886706747,3,100,4903,5,500,A3,Tracy,3.437000000000012
10.459664685761512,3,100,4903,5,500,core,Tracy_Olga,3.437000000000012
62.04998678600406,3,100,9620,5,500,A1,NTD,323.187
3.9554881014836427,3,100,9620,5,500,A2,NTD,323.187
9617.264707234386,3,100,9620,5,500,A3,NTD,323.187
9.15453296459769,3,100,9620,5,500,core,NTD,323.187
7.70142612650181,3,100,9620,5,500,A1,Ours,15.97700000000009
0.04205477046221968,3,100,9620,5,500,A2,Ours,15.97700000000009
5.180584996877989,3,100,9620,5,500,A3,Ours,15.97700000000009
13.371602960755181,3,100,9620,5,500,core,Ours,15.97700000000009
7.70142612650181,3,100,9620,5,500,A1,HOSVD,8.609000000000151
0.04205477046221968,3,100,9620,5,500,A2,HOSVD,8.609000000000151
2.596685570250619,3,100,9620,5,500,A3,HOSVD,8.609000000000151
14.42253575547417,3,100,9620,5,500,core,HOSVD,8.609000000000151
7.644962627166671,3,100,9620,5,500,A1,HOOI,11.287000000000035
0.0418932491587133,3,100,9620,5,500,A2,HOOI,11.287000000000035
2.6017386083061007,3,100,9620,5,500,A3,HOOI,11.287000000000035
14.384279401207941,3,100,9620,5,500,core,HOOI,11.287000000000035
10.859338388885435,3,100,9620,5,500,A1,Olga,10.995999999999867
0.5402502645537588,3,100,9620,5,500,A2,Olga,10.995999999999867
2.912257987205494,3,100,9620,5,500,A3,Tracy,10.995999999999867
13.452470865563297,3,100,9620,5,500,core,Tracy_Olga,10.995999999999867
3.388023639307252,3,100,1000,5,1000,A1,NTD,27.889000000000124
1.042248165277663,3,100,1000,5,1000,A2,NTD,27.889000000000124
997.001148599679,3,100,1000,5,1000,A3,NTD,27.889000000000124
9.794036557416618,3,100,1000,5,1000,core,NTD,27.889000000000124
3.6204819699470243,3,100,1000,5,1000,A1,Ours,4.1870000000001255
0.025035281863384058,3,100,1000,5,1000,A2,Ours,4.1870000000001255
0.664937893430954,3,100,1000,5,1000,A3,Ours,4.1870000000001255
10.240228864767547,3,100,1000,5,1000,core,Ours,4.1870000000001255
3.6204819699470243,3,100,1000,5,1000,A1,HOSVD,1.2550000000001091
0.025035281863384058,3,100,1000,5,1000,A2,HOSVD,1.2550000000001091
0.6037802652857812,3,100,1000,5,1000,A3,HOSVD,1.2550000000001091
10.421023235842574,3,100,1000,5,1000,core,HOSVD,1.2550000000001091
3.6121820656469703,3,100,1000,5,1000,A1,HOOI,0.9929999999999382
0.007690543204421641,3,100,1000,5,1000,A2,HOOI,0.9929999999999382
0.6121435947048234,3,100,1000,5,1000,A3,HOOI,0.9929999999999382
10.439595096852656,3,100,1000,5,1000,core,HOOI,0.9929999999999382
4.178680173205691,3,100,1000,5,1000,A1,Olga,1.31699999999978
0.09465651373058459,3,100,1000,5,1000,A2,Olga,1.31699999999978
1.5055507010424267,3,100,1000,5,1000,A3,Tracy,1.31699999999978
14.682832295208975,3,100,1000,5,1000,core,Tracy_Olga,1.31699999999978
2.995191522982323,3,100,4958,5,1000,A1,NTD,156.77199999999993
1.9778910748864837,3,100,4958,5,1000,A2,NTD,156.77199999999993
4955.119519168062,3,100,4958,5,1000,A3,NTD,156.77199999999993
12.349816462005277,3,100,4958,5,1000,core,NTD,156.77199999999993
4.704806709214133,3,100,4958,5,1000,A1,Ours,6.197000000000116
0.03960899989894393,3,100,4958,5,1000,A2,Ours,6.197000000000116
2.8805050280622013,3,100,4958,5,1000,A3,Ours,6.197000000000116
9.095306787658338,3,100,4958,5,1000,core,Ours,6.197000000000116
4.704806709214133,3,100,4958,5,1000,A1,HOSVD,1.9489999999998417
0.03960899989894393,3,100,4958,5,1000,A2,HOSVD,1.9489999999998417
2.538281520024451,3,100,4958,5,1000,A3,HOSVD,1.9489999999998417
14.924550162576688,3,100,4958,5,1000,core,HOSVD,1.9489999999998417
4.703463805607337,3,100,4958,5,1000,A1,HOOI,4.392000000000053
0.02578138474733944,3,100,4958,5,1000,A2,HOOI,4.392000000000053
4.927595209863959,3,100,4958,5,1000,A3,HOOI,4.392000000000053
9.66036631685067,3,100,4958,5,1000,core,HOOI,4.392000000000053
5.620032098603641,3,100,4958,5,1000,A1,Olga,2.645999999999958
0.04428205923516849,3,100,4958,5,1000,A2,Olga,2.645999999999958
2.8638795690690326,3,100,4958,5,1000,A3,Tracy,2.645999999999958
14.412540681972635,3,100,4958,5,1000,core,Tracy_Olga,2.645999999999958
7.2778471036860966,3,100,9803,5,1000,A1,NTD,341.1700000000001
1.9778874713789232,3,100,9803,5,1000,A2,NTD,341.1700000000001
9800.17347252366,3,100,9803,5,1000,A3,NTD,341.1700000000001
10.863082246962586,3,100,9803,5,1000,core,NTD,341.1700000000001
3.1585390878792805,3,100,9803,5,1000,A1,Ours,17.332000000000107
0.03927016986723341,3,100,9803,5,1000,A2,Ours,17.332000000000107
5.380750612345878,3,100,9803,5,1000,A3,Ours,17.332000000000107
14.243235422228569,3,100,9803,5,1000,core,Ours,17.332000000000107
3.1585390878792805,3,100,9803,5,1000,A1,HOSVD,13.297000000000025
0.03927016986723341,3,100,9803,5,1000,A2,HOSVD,13.297000000000025
2.5449490811561404,3,100,9803,5,1000,A3,HOSVD,13.297000000000025
9.354766757098632,3,100,9803,5,1000,core,HOSVD,13.297000000000025
3.163222913255777,3,100,9803,5,1000,A1,HOOI,21.825000000000045
0.048245496044992564,3,100,9803,5,1000,A2,HOOI,21.825000000000045
2.5470901180614636,3,100,9803,5,1000,A3,HOOI,21.825000000000045
9.36051426265779,3,100,9803,5,1000,core,HOOI,21.825000000000045
5.073874235602997,3,100,9803,5,1000,A1,Olga,20.01800000000003
0.1535973809981621,3,100,9803,5,1000,A2,Olga,20.01800000000003
2.877269990777171,3,100,9803,5,1000,A3,Tracy,20.01800000000003
14.336215517930121,3,100,9803,5,1000,core,Tracy_Olga,20.01800000000003
3.3971541450609988,3,100,1000,5,2500,A1,NTD,27.67800000000011
1.5895941643485216,3,100,1000,5,2500,A2,NTD,27.67800000000011
997.0033289599141,3,100,1000,5,2500,A3,NTD,27.67800000000011
13.088479788580964,3,100,1000,5,2500,core,NTD,27.67800000000011
2.97826419029448,3,100,1000,5,2500,A1,Ours,6.347999999999956
0.01936618111186506,3,100,1000,5,2500,A2,Ours,6.347999999999956
0.13035030886271243,3,100,1000,5,2500,A3,Ours,6.347999999999956
14.364478545519656,3,100,1000,5,2500,core,Ours,6.347999999999956
2.97826419029448,3,100,1000,5,2500,A1,HOSVD,7.633000000000038
0.01936618111186506,3,100,1000,5,2500,A2,HOSVD,7.633000000000038
0.13045949299786003,3,100,1000,5,2500,A3,HOSVD,7.633000000000038
14.364277220280426,3,100,1000,5,2500,core,HOSVD,7.633000000000038
2.998099134566708,3,100,1000,5,2500,A1,HOOI,8.266000000000076
0.018039655348570615,3,100,1000,5,2500,A2,HOOI,8.266000000000076
0.1292532128265832,3,100,1000,5,2500,A3,HOOI,8.266000000000076
14.359640426861384,3,100,1000,5,2500,core,HOOI,8.266000000000076
2.7687344970739263,3,100,1000,5,2500,A1,Olga,9.886999999999944
0.03353894354845367,3,100,1000,5,2500,A2,Olga,9.886999999999944
1.649317230707715,3,100,1000,5,2500,A3,Tracy,9.886999999999944
8.79359377806947,3,100,1000,5,2500,core,Tracy_Olga,9.886999999999944
2.954725038439162,3,100,4985,5,2500,A1,NTD,163.7130000000002
2.2291756300482617,3,100,4985,5,2500,A2,NTD,163.7130000000002
4982.061176546519,3,100,4985,5,2500,A3,NTD,163.7130000000002
8.600141518605847,3,100,4985,5,2500,core,NTD,163.7130000000002
2.5049068017636307,3,100,4985,5,2500,A1,Ours,5.69399999999996
0.01636685527702501,3,100,4985,5,2500,A2,Ours,5.69399999999996
2.540482930365494,3,100,4985,5,2500,A3,Ours,5.69399999999996
10.324142485936909,3,100,4985,5,2500,core,Ours,5.69399999999996
2.5049068017636307,3,100,4985,5,2500,A1,HOSVD,1.7399999999997817
0.01636685527702501,3,100,4985,5,2500,A2,HOSVD,1.7399999999997817
2.506402395339175,3,100,4985,5,2500,A3,HOSVD,1.7399999999997817
10.286068154358219,3,100,4985,5,2500,core,HOSVD,1.7399999999997817
2.490406275158794,3,100,4985,5,2500,A1,HOOI,4.886000000000422
0.01809477945235641,3,100,4985,5,2500,A2,HOOI,4.886000000000422
2.5061758545959165,3,100,4985,5,2500,A3,HOOI,4.886000000000422
10.314665921956426,3,100,4985,5,2500,core,HOOI,4.886000000000422
3.5575815030277957,3,100,4985,5,2500,A1,Olga,2.8969999999999345
0.15149709668356326,3,100,4985,5,2500,A2,Olga,2.8969999999999345
2.851818125192971,3,100,4985,5,2500,A3,Tracy,2.8969999999999345
10.270230368083682,3,100,4985,5,2500,core,Tracy_Olga,2.8969999999999345
2.846403619581268,3,100,9938,5,2500,A1,NTD,320.5250000000001
3.3803158074385684,3,100,9938,5,2500,A2,NTD,320.5250000000001
9935.113444583985,3,100,9938,5,2500,A3,NTD,320.5250000000001
9.858257558108782,3,100,9938,5,2500,core,NTD,320.5250000000001
2.2691791056636017,3,100,9938,5,2500,A1,Ours,13.168999999999869
0.019883529306599177,3,100,9938,5,2500,A2,Ours,13.168999999999869
2.6425928091957305,3,100,9938,5,2500,A3,Ours,13.168999999999869
10.397953810505134,3,100,9938,5,2500,core,Ours,13.168999999999869
2.2691791056636017,3,100,9938,5,2500,A1,HOSVD,3.5229999999996835
0.019883529306599177,3,100,9938,5,2500,A2,HOSVD,3.5229999999996835
2.515412245592608,3,100,9938,5,2500,A3,HOSVD,3.5229999999996835
10.519398524735651,3,100,9938,5,2500,core,HOSVD,3.5229999999996835
2.287877066253634,3,100,9938,5,2500,A1,HOOI,11.157999999999902
0.027680809060807814,3,100,9938,5,2500,A2,HOOI,11.157999999999902
4.290290547263123,3,100,9938,5,2500,A3,HOOI,11.157999999999902
13.034773389196703,3,100,9938,5,2500,core,HOOI,11.157999999999902
2.743363190174698,3,100,9938,5,2500,A1,Olga,6.163000000000011
0.09665266403202422,3,100,9938,5,2500,A2,Olga,6.163000000000011
2.831433446208017,3,100,9938,5,2500,A3,Tracy,6.163000000000011
14.379977325155336,3,100,9938,5,2500,core,Tracy_Olga,6.163000000000011
2.950542762947838,3,100,1000,5,5000,A1,NTD,28.06899999999996
1.0482202020794864,3,100,1000,5,5000,A2,NTD,28.06899999999996
997.000223469525,3,100,1000,5,5000,A3,NTD,28.06899999999996
10.155889516792882,3,100,1000,5,5000,core,NTD,28.06899999999996
1.7423015362637233,3,100,1000,5,5000,A1,Ours,2.3029999999998836
0.01026247073459545,3,100,1000,5,5000,A2,Ours,2.3029999999998836
0.1058672447310968,3,100,1000,5,5000,A3,Ours,2.3029999999998836
9.01838830569598,3,100,1000,5,5000,core,Ours,2.3029999999998836
1.7423015362637233,3,100,1000,5,5000,A1,HOSVD,1.9510000000000218
0.01026247073459545,3,100,1000,5,5000,A2,HOSVD,1.9510000000000218
0.10576309422635122,3,100,1000,5,5000,A3,HOSVD,1.9510000000000218
9.01842882705819,3,100,1000,5,5000,core,HOSVD,1.9510000000000218
1.7390697584630417,3,100,1000,5,5000,A1,HOOI,2.0910000000003492
0.009948325279698831,3,100,1000,5,5000,A2,HOOI,2.0910000000003492
0.10626470821301535,3,100,1000,5,5000,A3,HOOI,2.0910000000003492
9.018599812260774,3,100,1000,5,5000,core,HOOI,2.0910000000003492
1.6360296705144628,3,100,1000,5,5000,A1,Olga,2.112999999999829
0.024250590282331074,3,100,1000,5,5000,A2,Olga,2.112999999999829
1.3173806826329808,3,100,1000,5,5000,A3,Tracy,2.112999999999829
14.404610603872198,3,100,1000,5,5000,core,Tracy_Olga,2.112999999999829
3.1732552542800367,3,100,4993,5,5000,A1,NTD,164.69100000000026
2.449843634830263,3,100,4993,5,5000,A2,NTD,164.69100000000026
4990.039150110529,3,100,4993,5,5000,A3,NTD,164.69100000000026
9.23822067350849,3,100,4993,5,5000,core,NTD,164.69100000000026
2.563686479206869,3,100,4993,5,5000,A1,Ours,5.516999999999825
0.024079704850838986,3,100,4993,5,5000,A2,Ours,5.516999999999825
2.517129757764261,3,100,4993,5,5000,A3,Ours,5.516999999999825
10.568923630043438,3,100,4993,5,5000,core,Ours,5.516999999999825
2.563686479206869,3,100,4993,5,5000,A1,HOSVD,1.7380000000002838
0.024079704850838986,3,100,4993,5,5000,A2,HOSVD,1.7380000000002838
2.508227358880217,3,100,4993,5,5000,A3,HOSVD,1.7380000000002838
10.567978860792264,3,100,4993,5,5000,core,HOSVD,1.7380000000002838
2.575173099373144,3,100,4993,5,5000,A1,HOOI,4.6030000000000655
0.02308831161695503,3,100,4993,5,5000,A2,HOOI,4.6030000000000655
2.5097281150926793,3,100,4993,5,5000,A3,HOOI,4.6030000000000655
10.554837086847321,3,100,4993,5,5000,core,HOOI,4.6030000000000655
2.2432819537000843,3,100,4993,5,5000,A1,Olga,2.5850000000000364
0.0459208527689267,3,100,4993,5,5000,A2,Olga,2.5850000000000364
2.84937919123226,3,100,4993,5,5000,A3,Tracy,2.5850000000000364
14.567495957950868,3,100,4993,5,5000,core,Tracy_Olga,2.5850000000000364
3.1508504577295353,3,100,9961,5,5000,A1,NTD,325.50300000000016
2.1378646757791264,3,100,9961,5,5000,A2,NTD,325.50300000000016
9958.070524997049,3,100,9961,5,5000,A3,NTD,325.50300000000016
9.476614317878013,3,100,9961,5,5000,core,NTD,325.50300000000016
2.1334903432320136,3,100,9961,5,5000,A1,Ours,14.115999999999985
0.010595405929500217,3,100,9961,5,5000,A2,Ours,14.115999999999985
2.544167433580548,3,100,9961,5,5000,A3,Ours,14.115999999999985
15.007856779469588,3,100,9961,5,5000,core,Ours,14.115999999999985
2.1334903432320136,3,100,9961,5,5000,A1,HOSVD,3.5589999999997417
0.010595405929500217,3,100,9961,5,5000,A2,HOSVD,3.5589999999997417
2.5104272494579902,3,100,9961,5,5000,A3,HOSVD,3.5589999999997417
15.023930383588091,3,100,9961,5,5000,core,HOSVD,3.5589999999997417
2.146353969276895,3,100,9961,5,5000,A1,HOOI,11.43899999999985
0.010048530354272634,3,100,9961,5,5000,A2,HOOI,11.43899999999985
2.512695926552797,3,100,9961,5,5000,A3,HOOI,11.43899999999985
15.037640871944303,3,100,9961,5,5000,core,HOOI,11.43899999999985
2.439743271626721,3,100,9961,5,5000,A1,Olga,6.579000000000178
0.03453042393978254,3,100,9961,5,5000,A2,Olga,6.579000000000178
2.8497761229569667,3,100,9961,5,5000,A3,Tracy,6.579000000000178
14.683300418097213,3,100,9961,5,5000,core,Tracy_Olga,6.579000000000178
2.840961819772614,3,100,1000,5,6000,A1,NTD,28.615000000000236
0.2846165792692844,3,100,1000,5,6000,A2,NTD,28.615000000000236
997.0001082710226,3,100,1000,5,6000,A3,NTD,28.615000000000236
10.227285902437682,3,100,1000,5,6000,core,NTD,28.615000000000236
1.786408904578719,3,100,1000,5,6000,A1,Ours,4.063999999999851
0.025113433664713882,3,100,1000,5,6000,A2,Ours,4.063999999999851
0.12891137154116905,3,100,1000,5,6000,A3,Ours,4.063999999999851
14.281540696088127,3,100,1000,5,6000,core,Ours,4.063999999999851
1.786408904578719,3,100,1000,5,6000,A1,HOSVD,5.6840000000001965
0.025113433664713882,3,100,1000,5,6000,A2,HOSVD,5.6840000000001965
0.12885988290754616,3,100,1000,5,6000,A3,HOSVD,5.6840000000001965
14.281450388917584,3,100,1000,5,6000,core,HOSVD,5.6840000000001965
1.788278310831947,3,100,1000,5,6000,A1,HOOI,3.5979999999999563
0.022286746604485153,3,100,1000,5,6000,A2,HOOI,3.5979999999999563
0.12738235992344998,3,100,1000,5,6000,A3,HOOI,3.5979999999999563
14.286710452434995,3,100,1000,5,6000,core,HOOI,3.5979999999999563
2.3312515189663507,3,100,1000,5,6000,A1,Olga,2.8780000000001564
0.0050361417170490886,3,100,1000,5,6000,A2,Olga,2.8780000000001564
1.3247537205663207,3,100,1000,5,6000,A3,Tracy,2.8780000000001564
14.32419935550231,3,100,1000,5,6000,core,Tracy_Olga,2.8780000000001564
2.811535468681595,3,100,4994,5,6000,A1,NTD,163.55499999999984
2.1454999580791663,3,100,4994,5,6000,A2,NTD,163.55499999999984
4991.037756941278,3,100,4994,5,6000,A3,NTD,163.55499999999984
8.769379363193366,3,100,4994,5,6000,core,NTD,163.55499999999984
1.4463068582320606,3,100,4994,5,6000,A1,Ours,4.6909999999998035
0.0093724362220923,3,100,4994,5,6000,A2,Ours,4.6909999999998035
2.498990675046708,3,100,4994,5,6000,A3,Ours,4.6909999999998035
10.458934133848338,3,100,4994,5,6000,core,Ours,4.6909999999998035
1.4463068582320606,3,100,4994,5,6000,A1,HOSVD,1.6979999999998654
0.0093724362220923,3,100,4994,5,6000,A2,HOSVD,1.6979999999998654
2.4929249854564492,3,100,4994,5,6000,A3,HOSVD,1.6979999999998654
10.462890651527047,3,100,4994,5,6000,core,HOSVD,1.6979999999998654
1.445613706735766,3,100,4994,5,6000,A1,HOOI,4.403999999999996
0.011202802368731063,3,100,4994,5,6000,A2,HOOI,4.403999999999996
2.4955439596830233,3,100,4994,5,6000,A3,HOOI,4.403999999999996
10.456096970618336,3,100,4994,5,6000,core,HOOI,4.403999999999996
1.9182638326118435,3,100,4994,5,6000,A1,Olga,2.5770000000002256
0.018308730005813866,3,100,4994,5,6000,A2,Olga,2.5770000000002256
2.841841012643824,3,100,4994,5,6000,A3,Tracy,2.5770000000002256
14.280292543884949,3,100,4994,5,6000,core,Tracy_Olga,2.5770000000002256
2.7356900499296954,3,100,9964,5,6000,A1,NTD,322.05200000000013
1.9762518820539785,3,100,9964,5,6000,A2,NTD,322.05200000000013
9961.055654805783,3,100,9964,5,6000,A3,NTD,322.05200000000013
13.327764486246792,3,100,9964,5,6000,core,NTD,322.05200000000013
1.9218632735128727,3,100,9964,5,6000,A1,Ours,13.552999999999884
0.01360714207470423,3,100,9964,5,6000,A2,Ours,13.552999999999884
2.5466459345889025,3,100,9964,5,6000,A3,Ours,13.552999999999884
10.472875908460317,3,100,9964,5,6000,core,Ours,13.552999999999884
1.9218632735128727,3,100,9964,5,6000,A1,HOSVD,4.023999999999887
0.01360714207470423,3,100,9964,5,6000,A2,HOSVD,4.023999999999887
2.5242181958893704,3,100,9964,5,6000,A3,HOSVD,4.023999999999887
10.487349530552049,3,100,9964,5,6000,core,HOSVD,4.023999999999887
1.9204883964688917,3,100,9964,5,6000,A1,HOOI,10.390000000000327
0.012773253172415918,3,100,9964,5,6000,A2,HOOI,10.390000000000327
2.524419949478904,3,100,9964,5,6000,A3,HOOI,10.390000000000327
10.506435640699163,3,100,9964,5,6000,core,HOOI,10.390000000000327
2.0390412708787737,3,100,9964,5,6000,A1,Olga,7.006000000000313
0.03474009231673796,3,100,9964,5,6000,A2,Olga,7.006000000000313
2.8436991719752363,3,100,9964,5,6000,A3,Tracy,7.006000000000313
10.091358755761298,3,100,9964,5,6000,core,Tracy_Olga,7.006000000000313
3.070471530478246,3,100,1000,5,7000,A1,NTD,28.101000000000113
0.8511816799322373,3,100,1000,5,7000,A2,NTD,28.101000000000113
997.0001113018045,3,100,1000,5,7000,A3,NTD,28.101000000000113
10.187801843691963,3,100,1000,5,7000,core,NTD,28.101000000000113
1.5378364369567943,3,100,1000,5,7000,A1,Ours,0.7210000000000036
0.008357377584007147,3,100,1000,5,7000,A2,Ours,0.7210000000000036
0.4548218857124217,3,100,1000,5,7000,A3,Ours,0.7210000000000036
14.52504386132416,3,100,1000,5,7000,core,Ours,0.7210000000000036
1.5378364369567943,3,100,1000,5,7000,A1,HOSVD,0.8009999999999309
0.008357377584007147,3,100,1000,5,7000,A2,HOSVD,0.8009999999999309
0.45472652243510603,3,100,1000,5,7000,A3,HOSVD,0.8009999999999309
14.524509515913865,3,100,1000,5,7000,core,HOSVD,0.8009999999999309
1.5438116634566919,3,100,1000,5,7000,A1,HOOI,0.849999999999909
0.00881098449899664,3,100,1000,5,7000,A2,HOOI,0.849999999999909
0.4259377514825215,3,100,1000,5,7000,A3,HOOI,0.849999999999909
14.529671876351964,3,100,1000,5,7000,core,HOOI,0.849999999999909
2.2559366734589847,3,100,1000,5,7000,A1,Olga,0.7100000000000364
0.01611162628315942,3,100,1000,5,7000,A2,Olga,0.7100000000000364
1.4220142735752097,3,100,1000,5,7000,A3,Tracy,0.7100000000000364
14.138963719255367,3,100,1000,5,7000,core,Tracy_Olga,0.7100000000000364
3.1932181695329804,3,100,4996,5,7000,A1,NTD,158.96299999999974
1.1089501895386822,3,100,4996,5,7000,A2,NTD,158.96299999999974
4993.04474625395,3,100,4996,5,7000,A3,NTD,158.96299999999974
11.432287937938,3,100,4996,5,7000,core,NTD,158.96299999999974
2.000521165560049,3,100,4996,5,7000,A1,Ours,16.087999999999738
0.012289208582279838,3,100,4996,5,7000,A2,Ours,16.087999999999738
2.4840122456960554,3,100,4996,5,7000,A3,Ours,16.087999999999738
10.228610950274188,3,100,4996,5,7000,core,Ours,16.087999999999738
2.000521165560049,3,100,4996,5,7000,A1,HOSVD,11.049000000000433
0.012289208582279838,3,100,4996,5,7000,A2,HOSVD,11.049000000000433
2.479241134510084,3,100,4996,5,7000,A3,HOSVD,11.049000000000433
10.228625436802522,3,100,4996,5,7000,core,HOSVD,11.049000000000433
1.9955424151275063,3,100,4996,5,7000,A1,HOOI,12.228000000000065
0.012424815654171013,3,100,4996,5,7000,A2,HOOI,12.228000000000065
2.4803733316235594,3,100,4996,5,7000,A3,HOOI,12.228000000000065
10.304804550634415,3,100,4996,5,7000,core,HOOI,12.228000000000065
2.160988023377702,3,100,4996,5,7000,A1,Olga,10.492999999999938
0.028568396662261995,3,100,4996,5,7000,A2,Olga,10.492999999999938
2.893576688225272,3,100,4996,5,7000,A3,Tracy,10.492999999999938
12.464198084488268,3,100,4996,5,7000,core,Tracy_Olga,10.492999999999938
3.3955754097644792,3,100,9974,5,7000,A1,NTD,339.75099999999975
4.485932674983124,3,100,9974,5,7000,A2,NTD,339.75099999999975
9971.054859979396,3,100,9974,5,7000,A3,NTD,339.75099999999975
9.655864996602517,3,100,9974,5,7000,core,NTD,339.75099999999975
1.5621267703409396,3,100,9974,5,7000,A1,Ours,14.589000000000851
0.005863838835811928,3,100,9974,5,7000,A2,Ours,14.589000000000851
2.505637731013904,3,100,9974,5,7000,A3,Ours,14.589000000000851
14.678411958993564,3,100,9974,5,7000,core,Ours,14.589000000000851
1.5621267703409396,3,100,9974,5,7000,A1,HOSVD,5.304000000000087
0.005863838835811928,3,100,9974,5,7000,A2,HOSVD,5.304000000000087
2.486829746468782,3,100,9974,5,7000,A3,HOSVD,5.304000000000087
14.673162889567651,3,100,9974,5,7000,core,HOSVD,5.304000000000087
1.5593238609675528,3,100,9974,5,7000,A1,HOOI,11.333999999999833
0.006508818886530477,3,100,9974,5,7000,A2,HOOI,11.333999999999833
2.487078047453836,3,100,9974,5,7000,A3,HOOI,11.333999999999833
14.698643919556504,3,100,9974,5,7000,core,HOOI,11.333999999999833
2.401408220119965,3,100,9974,5,7000,A1,Olga,6.803000000000793
0.022327504888094745,3,100,9974,5,7000,A2,Olga,6.803000000000793
2.8605256600886975,3,100,9974,5,7000,A3,Tracy,6.803000000000793
14.667104429341475,3,100,9974,5,7000,core,Tracy_Olga,6.803000000000793
2.8321893583093583,3,100,1000,5,8000,A1,NTD,27.41899999999987
0.35523470451997635,3,100,1000,5,8000,A2,NTD,27.41899999999987
997.000061431817,3,100,1000,5,8000,A3,NTD,27.41899999999987
9.807630132231482,3,100,1000,5,8000,core,NTD,27.41899999999987
1.4404272783319967,3,100,1000,5,8000,A1,Ours,0.5299999999997453
0.010568778993980526,3,100,1000,5,8000,A2,Ours,0.5299999999997453
0.07090895509480874,3,100,1000,5,8000,A3,Ours,0.5299999999997453
14.414917955175584,3,100,1000,5,8000,core,Ours,0.5299999999997453
1.4404272783319967,3,100,1000,5,8000,A1,HOSVD,0.39500000000043656
0.010568778993980526,3,100,1000,5,8000,A2,HOSVD,0.39500000000043656
0.0709245649144609,3,100,1000,5,8000,A3,HOSVD,0.39500000000043656
14.414894429559972,3,100,1000,5,8000,core,HOSVD,0.39500000000043656
1.444967537584577,3,100,1000,5,8000,A1,HOOI,0.6829999999999927
0.010494588250768737,3,100,1000,5,8000,A2,HOOI,0.6829999999999927
0.09289051071798961,3,100,1000,5,8000,A3,HOOI,0.6829999999999927
14.355937806065533,3,100,1000,5,8000,core,HOOI,0.6829999999999927
1.577949495319539,3,100,1000,5,8000,A1,Olga,0.4399999999995998
0.01404279720354846,3,100,1000,5,8000,A2,Olga,0.4399999999995998
1.3116446589911062,3,100,1000,5,8000,A3,Tracy,0.4399999999995998
14.436397083728885,3,100,1000,5,8000,core,Tracy_Olga,0.4399999999995998
2.647098421570715,3,100,4994,5,8000,A1,NTD,151.85199999999986
0.962726572942519,3,100,4994,5,8000,A2,NTD,151.85199999999986
4991.034894225445,3,100,4994,5,8000,A3,NTD,151.85199999999986
9.30164631978368,3,100,4994,5,8000,core,NTD,151.85199999999986
1.1881982513853329,3,100,4994,5,8000,A1,Ours,4.4780000000000655
0.008536486333401646,3,100,4994,5,8000,A2,Ours,4.4780000000000655
2.4738279118428013,3,100,4994,5,8000,A3,Ours,4.4780000000000655
13.30388740963722,3,100,4994,5,8000,core,Ours,4.4780000000000655
1.1881982513853329,3,100,4994,5,8000,A1,HOSVD,2.6599999999998545
0.008536486333401646,3,100,4994,5,8000,A2,HOSVD,2.6599999999998545
2.4698646616705764,3,100,4994,5,8000,A3,HOSVD,2.6599999999998545
13.301153844134275,3,100,4994,5,8000,core,HOSVD,2.6599999999998545
1.1146394223965828,3,100,4994,5,8000,A1,HOOI,5.332000000000335
0.007487701961909538,3,100,4994,5,8000,A2,HOOI,5.332000000000335
2.4717237568999906,3,100,4994,5,8000,A3,HOOI,5.332000000000335
13.271918114377792,3,100,4994,5,8000,core,HOOI,5.332000000000335
1.5013413842082177,3,100,4994,5,8000,A1,Olga,3.5659999999998035
0.011507148475163367,3,100,4994,5,8000,A2,Olga,3.5659999999998035
2.9924834202036714,3,100,4994,5,8000,A3,Tracy,3.5659999999998035
13.47733177713353,3,100,4994,5,8000,core,Tracy_Olga,3.5659999999998035
2.7154213809372028,3,100,9982,5,8000,A1,NTD,335.0649999999996
2.180507192608382,3,100,9982,5,8000,A2,NTD,335.0649999999996
9979.053433261168,3,100,9982,5,8000,A3,NTD,335.0649999999996
13.090605839746166,3,100,9982,5,8000,core,NTD,335.0649999999996
1.4978509598241796,3,100,9982,5,8000,A1,Ours,14.222999999999956
0.008232663141364198,3,100,9982,5,8000,A2,Ours,14.222999999999956
2.5218690574738236,3,100,9982,5,8000,A3,Ours,14.222999999999956
10.501185448585677,3,100,9982,5,8000,core,Ours,14.222999999999956
1.4978509598241796,3,100,9982,5,8000,A1,HOSVD,3.6210000000000946
0.008232663141364198,3,100,9982,5,8000,A2,HOSVD,3.6210000000000946
2.5094012985335556,3,100,9982,5,8000,A3,HOSVD,3.6210000000000946
10.509477598280245,3,100,9982,5,8000,core,HOSVD,3.6210000000000946
1.4944871619913571,3,100,9982,5,8000,A1,HOOI,10.88299999999981
0.008855946217473718,3,100,9982,5,8000,A2,HOOI,10.88299999999981
2.509772174301644,3,100,9982,5,8000,A3,HOOI,10.88299999999981
10.515395796208663,3,100,9982,5,8000,core,HOOI,10.88299999999981
1.3974498788307725,3,100,9982,5,8000,A1,Olga,6.555000000000291
0.05906621833421755,3,100,9982,5,8000,A2,Olga,6.555000000000291
2.8298072107611176,3,100,9982,5,8000,A3,Tracy,6.555000000000291
14.371059070767886,3,100,9982,5,8000,core,Tracy_Olga,6.555000000000291
3.2385069255923495,3,100,1000,5,9000,A1,NTD,28.17700000000059
1.3075107873450715,3,100,1000,5,9000,A2,NTD,28.17700000000059
997.0000822584639,3,100,1000,5,9000,A3,NTD,28.17700000000059
9.872106448644088,3,100,1000,5,9000,core,NTD,28.17700000000059
1.457328191234683,3,100,1000,5,9000,A1,Ours,0.5510000000003856
0.006842058655965776,3,100,1000,5,9000,A2,Ours,0.5510000000003856
0.20027848644404972,3,100,1000,5,9000,A3,Ours,0.5510000000003856
10.329138510140625,3,100,1000,5,9000,core,Ours,0.5510000000003856
1.457328191234683,3,100,1000,5,9000,A1,HOSVD,0.4110000000000582
0.006842058655965776,3,100,1000,5,9000,A2,HOSVD,0.4110000000000582
0.200251127264332,3,100,1000,5,9000,A3,HOSVD,0.4110000000000582
10.329192623103872,3,100,1000,5,9000,core,HOSVD,0.4110000000000582
1.4542601730291744,3,100,1000,5,9000,A1,HOOI,0.7709999999997308
0.004861183668502634,3,100,1000,5,9000,A2,HOOI,0.7709999999997308
0.19868328300469612,3,100,1000,5,9000,A3,HOOI,0.7709999999997308
10.334253577511905,3,100,1000,5,9000,core,HOOI,0.7709999999997308
1.4756935726801674,3,100,1000,5,9000,A1,Olga,0.8500000000003638
0.004483342335554042,3,100,1000,5,9000,A2,Olga,0.8500000000003638
1.3459493552326864,3,100,1000,5,9000,A3,Tracy,0.8500000000003638
10.367637838244079,3,100,1000,5,9000,core,Tracy_Olga,0.8500000000003638
2.990536742733984,3,100,4997,5,9000,A1,NTD,156.4350000000004
0.8295639854104024,3,100,4997,5,9000,A2,NTD,156.4350000000004
4994.03401922107,3,100,4997,5,9000,A3,NTD,156.4350000000004
10.648547834330406,3,100,4997,5,9000,core,NTD,156.4350000000004
1.6541171679421425,3,100,4997,5,9000,A1,Ours,5.048999999999978
0.018428266316746298,3,100,4997,5,9000,A2,Ours,5.048999999999978
2.4847079981198323,3,100,4997,5,9000,A3,Ours,5.048999999999978
10.879182628849493,3,100,4997,5,9000,core,Ours,5.048999999999978
1.6541171679421425,3,100,4997,5,9000,A1,HOSVD,1.8900000000003274
0.018428266316746298,3,100,4997,5,9000,A2,HOSVD,1.8900000000003274
2.4816933841894735,3,100,4997,5,9000,A3,HOSVD,1.8900000000003274
10.88007323271168,3,100,4997,5,9000,core,HOSVD,1.8900000000003274
1.65767675032977,3,100,4997,5,9000,A1,HOOI,4.533999999999651
0.018720727078499318,3,100,4997,5,9000,A2,HOOI,4.533999999999651
2.4826876694579547,3,100,4997,5,9000,A3,HOOI,4.533999999999651
10.822500158680324,3,100,4997,5,9000,core,HOOI,4.533999999999651
1.7442074810535426,3,100,4997,5,9000,A1,Olga,2.9020000000000437
0.010179332683387547,3,100,4997,5,9000,A2,Olga,2.9020000000000437
2.860541336302572,3,100,4997,5,9000,A3,Tracy,2.9020000000000437
14.77983851247425,3,100,4997,5,9000,core,Tracy_Olga,2.9020000000000437
2.7741350180684066,3,100,9980,5,9000,A1,NTD,335.924
2.425861530067684,3,100,9980,5,9000,A2,NTD,335.924
9977.05054171022,3,100,9980,5,9000,A3,NTD,335.924
13.218383706125184,3,100,9980,5,9000,core,NTD,335.924
1.3724295736085723,3,100,9980,5,9000,A1,Ours,13.488000000000284
0.004685875748388552,3,100,9980,5,9000,A2,Ours,13.488000000000284
2.5256825597492303,3,100,9980,5,9000,A3,Ours,13.488000000000284
10.527517366463842,3,100,9980,5,9000,core,Ours,13.488000000000284
1.3724295736085723,3,100,9980,5,9000,A1,HOSVD,3.6240000000007058
0.004685875748388552,3,100,9980,5,9000,A2,HOSVD,3.6240000000007058
2.515829455497572,3,100,9980,5,9000,A3,HOSVD,3.6240000000007058
10.533080267958448,3,100,9980,5,9000,core,HOSVD,3.6240000000007058
1.3727768574874353,3,100,9980,5,9000,A1,HOOI,10.326000000000022
0.005071990408482145,3,100,9980,5,9000,A2,HOOI,10.326000000000022
2.514493571239375,3,100,9980,5,9000,A3,HOOI,10.326000000000022
10.530892991182373,3,100,9980,5,9000,core,HOOI,10.326000000000022
1.3047004260480561,3,100,9980,5,9000,A1,Olga,6.724999999999454
0.04283545643617374,3,100,9980,5,9000,A2,Olga,6.724999999999454
2.8409637189066066,3,100,9980,5,9000,A3,Tracy,6.724999999999454
14.37466012201791,3,100,9980,5,9000,core,Tracy_Olga,6.724999999999454
2.9122089578230197,3,100,1000,5,10000,A1,NTD,27.467999999999847
0.48818285779562853,3,100,1000,5,10000,A2,NTD,27.467999999999847
997.000108351926,3,100,1000,5,10000,A3,NTD,27.467999999999847
12.906777020746672,3,100,1000,5,10000,core,NTD,27.467999999999847
1.5734817177081555,3,100,1000,5,10000,A1,Ours,1.1309999999994034
0.017163497152761813,3,100,1000,5,10000,A2,Ours,1.1309999999994034
0.06325591131208975,3,100,1000,5,10000,A3,Ours,1.1309999999994034
14.401236401703468,3,100,1000,5,10000,core,Ours,1.1309999999994034
1.5734817177081555,3,100,1000,5,10000,A1,HOSVD,0.5300000000006548
0.017163497152761813,3,100,1000,5,10000,A2,HOSVD,0.5300000000006548
0.06325072975887441,3,100,1000,5,10000,A3,HOSVD,0.5300000000006548
14.40122941211158,3,100,1000,5,10000,core,HOSVD,0.5300000000006548
1.5775993577004146,3,100,1000,5,10000,A1,HOOI,0.7680000000000291
0.01705126828705401,3,100,1000,5,10000,A2,HOOI,0.7680000000000291
0.06318545715726191,3,100,1000,5,10000,A3,HOOI,0.7680000000000291
14.40094802986007,3,100,1000,5,10000,core,HOOI,0.7680000000000291
1.4017507223643175,3,100,1000,5,10000,A1,Olga,0.4539999999997235
0.013302862927330648,3,100,1000,5,10000,A2,Olga,0.4539999999997235
1.3093332901029595,3,100,1000,5,10000,A3,Tracy,0.4539999999997235
14.428673449425228,3,100,1000,5,10000,core,Tracy_Olga,0.4539999999997235
2.9304748899586417,3,100,4996,5,10000,A1,NTD,150.60300000000007
0.5803612957296693,3,100,4996,5,10000,A2,NTD,150.60300000000007
4993.029588338512,3,100,4996,5,10000,A3,NTD,150.60300000000007
13.21000397493378,3,100,4996,5,10000,core,NTD,150.60300000000007
1.2621528227511256,3,100,4996,5,10000,A1,Ours,4.46599999999944
0.008173254856617643,3,100,4996,5,10000,A2,Ours,4.46599999999944
2.492012831872423,3,100,4996,5,10000,A3,Ours,4.46599999999944
14.190341281439153,3,100,4996,5,10000,core,Ours,4.46599999999944
1.2621528227511256,3,100,4996,5,10000,A1,HOSVD,2.1119999999991705
0.008173254856617643,3,100,4996,5,10000,A2,HOSVD,2.1119999999991705
2.491206403733908,3,100,4996,5,10000,A3,HOSVD,2.1119999999991705
14.188595603182405,3,100,4996,5,10000,core,HOSVD,2.1119999999991705
1.173367504084376,3,100,4996,5,10000,A1,HOOI,4.4320000000006985
0.00807907970254969,3,100,4996,5,10000,A2,HOOI,4.4320000000006985
2.4897950029140032,3,100,4996,5,10000,A3,HOOI,4.4320000000006985
14.320464920920214,3,100,4996,5,10000,core,HOOI,4.4320000000006985
1.2147241324947766,3,100,4996,5,10000,A1,Olga,3.024000000000342
0.019456632573308024,3,100,4996,5,10000,A2,Olga,3.024000000000342
2.921119030569481,3,100,4996,5,10000,A3,Tracy,3.024000000000342
14.321613475305153,3,100,4996,5,10000,core,Tracy_Olga,3.024000000000342
13.817744772754416,3,100,9980,5,10000,A1,NTD,335.5019999999995
2.4946392517328286,3,100,9980,5,10000,A2,NTD,335.5019999999995
9977.036504907479,3,100,9980,5,10000,A3,NTD,335.5019999999995
12.897737310729546,3,100,9980,5,10000,core,NTD,335.5019999999995
1.2390391961309923,3,100,9980,5,10000,A1,Ours,13.321999999999207
0.01495306547654611,3,100,9980,5,10000,A2,Ours,13.321999999999207
2.5150021351153393,3,100,9980,5,10000,A3,Ours,13.321999999999207
10.850051886332539,3,100,9980,5,10000,core,Ours,13.321999999999207
1.2390391961309923,3,100,9980,5,10000,A1,HOSVD,2.9950000000008004
0.01495306547654611,3,100,9980,5,10000,A2,HOSVD,2.9950000000008004
2.506401370024569,3,100,9980,5,10000,A3,HOSVD,2.9950000000008004
10.852460347620239,3,100,9980,5,10000,core,HOSVD,2.9950000000008004
1.2402267398158764,3,100,9980,5,10000,A1,HOOI,9.71100000000024
0.015875563027717584,3,100,9980,5,10000,A2,HOOI,9.71100000000024
2.5071673314336818,3,100,9980,5,10000,A3,HOOI,9.71100000000024
10.861583043321534,3,100,9980,5,10000,core,HOOI,9.71100000000024
1.6104393657732547,3,100,9980,5,10000,A1,Olga,6.232999999999265
0.019002893735966107,3,100,9980,5,10000,A2,Olga,6.232999999999265
2.8463751056849,3,100,9980,5,10000,A3,Tracy,6.232999999999265
14.774561334517825,3,100,9980,5,10000,core,Tracy_Olga,6.232999999999265
