error,K,Q1,R,Q2,M,mode,method,time
4.646060299651794,3,100,100,5,100,A1,NTD,4.2
0.09522799221590748,3,100,100,5,100,A2,NTD,4.2
97.00874175056768,3,100,100,5,100,A3,NTD,4.2
14.469088666850844,3,100,100,5,100,core,NTD,4.2
15.076239319434018,3,100,100,5,100,A1,Ours,3.1900000000000013
0.05372836226312896,3,100,100,5,100,A2,Ours,3.1900000000000013
0.21594709931517478,3,100,100,5,100,A3,Ours,3.1900000000000013
11.685304536160723,3,100,100,5,100,core,Ours,3.1900000000000013
15.076239319434018,3,100,100,5,100,A1,HOSVD,1.6240000000000006
0.05372836226312896,3,100,100,5,100,A2,HOSVD,1.6240000000000006
0.21965505876146035,3,100,100,5,100,A3,HOSVD,1.6240000000000006
11.686012584225951,3,100,100,5,100,core,HOSVD,1.6240000000000006
15.058298802885044,3,100,100,5,100,A1,HOOI,1.9289999999999985
0.02753050308048243,3,100,100,5,100,A2,HOOI,1.9289999999999985
0.19845480357476125,3,100,100,5,100,A3,HOOI,1.9289999999999985
11.690615954700176,3,100,100,5,100,core,HOOI,1.9289999999999985
13.536704981981151,3,100,100,5,100,A1,Olga,1.711000000000002
0.06854165453507015,3,100,100,5,100,A2,Olga,1.711000000000002
1.0151959073016714,3,100,100,5,100,A3,Tracy,1.711000000000002
11.737934837681182,3,100,100,5,100,core,Tracy_Olga,1.711000000000002
3.8190868215854388,3,100,500,5,100,A1,NTD,20.070999999999998
4.225836272517903,3,100,500,5,100,A2,NTD,20.070999999999998
497.0198504774477,3,100,500,5,100,A3,NTD,20.070999999999998
11.1443814418454,3,100,500,5,100,core,NTD,20.070999999999998
14.31190920245272,3,100,500,5,100,A1,Ours,0.3500000000000014
0.1353715855950184,3,100,500,5,100,A2,Ours,0.3500000000000014
1.2508620676350866,3,100,500,5,100,A3,Ours,0.3500000000000014
12.510301073271489,3,100,500,5,100,core,Ours,0.3500000000000014
14.31190920245272,3,100,500,5,100,A1,HOSVD,1.9979999999999976
0.1353715855950184,3,100,500,5,100,A2,HOSVD,1.9979999999999976
1.0596692383232091,3,100,500,5,100,A3,HOSVD,1.9979999999999976
12.110948038019014,3,100,500,5,100,core,HOSVD,1.9979999999999976
14.230523680280575,3,100,500,5,100,A1,HOOI,5.775999999999996
0.09649471617924957,3,100,500,5,100,A2,HOOI,5.775999999999996
1.0315620989069187,3,100,500,5,100,A3,HOOI,5.775999999999996
12.066528037632255,3,100,500,5,100,core,HOOI,5.775999999999996
14.02914984981398,3,100,500,5,100,A1,Olga,3.5489999999999995
0.6226275306427588,3,100,500,5,100,A2,Olga,3.5489999999999995
1.7090109804209765,3,100,500,5,100,A3,Tracy,3.5489999999999995
13.323380397704451,3,100,500,5,100,core,Tracy_Olga,3.5489999999999995
7.429314775037208,3,100,987,5,100,A1,NTD,36.617000000000004
3.4242956220779925,3,100,987,5,100,A2,NTD,36.617000000000004
984.2132163865775,3,100,987,5,100,A3,NTD,36.617000000000004
11.389485998342598,3,100,987,5,100,core,NTD,36.617000000000004
13.10487712214317,3,100,987,5,100,A1,Ours,5.106999999999999
0.07969307491542607,3,100,987,5,100,A2,Ours,5.106999999999999
4.662340085258245,3,100,987,5,100,A3,Ours,5.106999999999999
11.978827318523642,3,100,987,5,100,core,Ours,5.106999999999999
13.10487712214317,3,100,987,5,100,A1,HOSVD,9.615000000000009
0.07969307491542607,3,100,987,5,100,A2,HOSVD,9.615000000000009
2.5512665968951835,3,100,987,5,100,A3,HOSVD,9.615000000000009
12.429672492092653,3,100,987,5,100,core,HOSVD,9.615000000000009
12.60624114765785,3,100,987,5,100,A1,HOOI,12.455000000000013
0.10333105441664536,3,100,987,5,100,A2,HOOI,12.455000000000013
2.5957027838458746,3,100,987,5,100,A3,HOOI,12.455000000000013
12.77697151003516,3,100,987,5,100,core,HOOI,12.455000000000013
23.08568563175739,3,100,987,5,100,A1,Olga,10.547999999999988
0.9691969851045423,3,100,987,5,100,A2,Olga,10.547999999999988
2.8632459273611444,3,100,987,5,100,A3,Tracy,10.547999999999988
16.879733860200933,3,100,987,5,100,core,Tracy_Olga,10.547999999999988
21.345045218414153,3,100,2386,5,100,A1,NTD,89.713
4.591546467625994,3,100,2386,5,100,A2,NTD,89.713
2383.369118631426,3,100,2386,5,100,A3,NTD,89.713
11.983918746138885,3,100,2386,5,100,core,NTD,89.713
13.107420204957158,3,100,2386,5,100,A1,Ours,2.313999999999993
0.046266329124548936,3,100,2386,5,100,A2,Ours,2.313999999999993
5.156366203443185,3,100,2386,5,100,A3,Ours,2.313999999999993
11.73204000229687,3,100,2386,5,100,core,Ours,2.313999999999993
13.107420204957158,3,100,2386,5,100,A1,HOSVD,1.203000000000003
0.046266329124548936,3,100,2386,5,100,A2,HOSVD,1.203000000000003
2.6396856327045017,3,100,2386,5,100,A3,HOSVD,1.203000000000003
12.61597899230135,3,100,2386,5,100,core,HOSVD,1.203000000000003
12.51041295269466,3,100,2386,5,100,A1,HOOI,3.516999999999996
0.028554040986968156,3,100,2386,5,100,A2,HOOI,3.516999999999996
2.675112200172268,3,100,2386,5,100,A3,HOOI,3.516999999999996
12.675584150596388,3,100,2386,5,100,core,HOOI,3.516999999999996
28.042937957638287,3,100,2386,5,100,A1,Olga,5.692000000000007
3.5328009031035355,3,100,2386,5,100,A2,Olga,5.692000000000007
2.9429820503907127,3,100,2386,5,100,A3,Tracy,5.692000000000007
11.158385632937645,3,100,2386,5,100,core,Tracy_Olga,5.692000000000007
109.0095541403871,3,100,4480,5,100,A1,NTD,160.015
3.0746652419701896,3,100,4480,5,100,A2,NTD,160.015
4477.470078414305,3,100,4480,5,100,A3,NTD,160.015
10.816906833365598,3,100,4480,5,100,core,NTD,160.015
17.446152157994582,3,100,4480,5,100,A1,Ours,5.180000000000007
0.10134048118942666,3,100,4480,5,100,A2,Ours,5.180000000000007
5.177250844300815,3,100,4480,5,100,A3,Ours,5.180000000000007
11.844441416579699,3,100,4480,5,100,core,Ours,5.180000000000007
17.446152157994582,3,100,4480,5,100,A1,HOSVD,1.8240000000000123
0.10134048118942666,3,100,4480,5,100,A2,HOSVD,1.8240000000000123
2.6987048082610294,3,100,4480,5,100,A3,HOSVD,1.8240000000000123
12.677871590277727,3,100,4480,5,100,core,HOSVD,1.8240000000000123
17.280357288934745,3,100,4480,5,100,A1,HOOI,7.4599999999999795
0.08650303106368361,3,100,4480,5,100,A2,HOOI,7.4599999999999795
3.922860977885142,3,100,4480,5,100,A3,HOOI,7.4599999999999795
11.639926264410914,3,100,4480,5,100,core,HOOI,7.4599999999999795
38.07012293805213,3,100,4480,5,100,A1,Olga,8.23399999999998
2.3896589035913123,3,100,4480,5,100,A2,Olga,8.23399999999998
3.039571016648667,3,100,4480,5,100,A3,Tracy,8.23399999999998
14.142540770280297,3,100,4480,5,100,core,Tracy_Olga,8.23399999999998
102.55462931680353,3,100,5304,5,100,A1,NTD,183.58900000000006
3.74269228258572,3,100,5304,5,100,A2,NTD,183.58900000000006
5301.533094075444,3,100,5304,5,100,A3,NTD,183.58900000000006
11.749805095927005,3,100,5304,5,100,core,NTD,183.58900000000006
12.903720020185986,3,100,5304,5,100,A1,Ours,6.211000000000013
0.06544447379830436,3,100,5304,5,100,A2,Ours,6.211000000000013
5.258427190536026,3,100,5304,5,100,A3,Ours,6.211000000000013
10.125728023539034,3,100,5304,5,100,core,Ours,6.211000000000013
12.903720020185986,3,100,5304,5,100,A1,HOSVD,2.018000000000029
0.06544447379830436,3,100,5304,5,100,A2,HOSVD,2.018000000000029
2.6948469993642212,3,100,5304,5,100,A3,HOSVD,2.018000000000029
11.83401616010504,3,100,5304,5,100,core,HOSVD,2.018000000000029
13.02564402958166,3,100,5304,5,100,A1,HOOI,7.024000000000001
0.03397568442205938,3,100,5304,5,100,A2,HOOI,7.024000000000001
3.790414057648362,3,100,5304,5,100,A3,HOOI,7.024000000000001
11.128350464067406,3,100,5304,5,100,core,HOOI,7.024000000000001
39.63710677566866,3,100,5304,5,100,A1,Olga,2.8829999999999245
3.17117557454426,3,100,5304,5,100,A2,Olga,2.8829999999999245
3.0548875737342165,3,100,5304,5,100,A3,Tracy,2.8829999999999245
13.18547120759787,3,100,5304,5,100,core,Tracy_Olga,2.8829999999999245
118.03411477143835,3,100,6103,5,100,A1,NTD,208.48400000000004
4.225799367139537,3,100,6103,5,100,A2,NTD,208.48400000000004
6100.556730813166,3,100,6103,5,100,A3,NTD,208.48400000000004
10.105768065680168,3,100,6103,5,100,core,NTD,208.48400000000004
15.545071796809792,3,100,6103,5,100,A1,Ours,6.780999999999949
0.07254757963893137,3,100,6103,5,100,A2,Ours,6.780999999999949
5.2969098829249965,3,100,6103,5,100,A3,Ours,6.780999999999949
8.803857998678883,3,100,6103,5,100,core,Ours,6.780999999999949
15.545071796809792,3,100,6103,5,100,A1,HOSVD,2.1900000000000546
0.07254757963893137,3,100,6103,5,100,A2,HOSVD,2.1900000000000546
4.218353279738215,3,100,6103,5,100,A3,HOSVD,2.1900000000000546
9.946399029296858,3,100,6103,5,100,core,HOSVD,2.1900000000000546
14.963470916892772,3,100,6103,5,100,A1,HOOI,8.405999999999949
0.08760617808462735,3,100,6103,5,100,A2,HOOI,8.405999999999949
3.8781004744430434,3,100,6103,5,100,A3,HOOI,8.405999999999949
9.943397438693747,3,100,6103,5,100,core,HOOI,8.405999999999949
52.88456891630609,3,100,6103,5,100,A1,Olga,3.2229999999999563
3.6439715847873204,3,100,6103,5,100,A2,Olga,3.2229999999999563
4.71270888806518,3,100,6103,5,100,A3,Tracy,3.2229999999999563
10.355650487650651,3,100,6103,5,100,core,Tracy_Olga,3.2229999999999563
117.48984823488256,3,100,6857,5,100,A1,NTD,223.76699999999994
1.0746525749518103,3,100,6857,5,100,A2,NTD,223.76699999999994
6854.594632659039,3,100,6857,5,100,A3,NTD,223.76699999999994
11.288953915217316,3,100,6857,5,100,core,NTD,223.76699999999994
12.796368375786052,3,100,6857,5,100,A1,Ours,10.315000000000055
0.05122940815340682,3,100,6857,5,100,A2,Ours,10.315000000000055
5.273778638526419,3,100,6857,5,100,A3,Ours,10.315000000000055
9.040164969719756,3,100,6857,5,100,core,Ours,10.315000000000055
12.796368375786052,3,100,6857,5,100,A1,HOSVD,5.6189999999999145
0.05122940815340682,3,100,6857,5,100,A2,HOSVD,5.6189999999999145
4.019081330707415,3,100,6857,5,100,A3,HOSVD,5.6189999999999145
11.547496830697359,3,100,6857,5,100,core,HOSVD,5.6189999999999145
51.17159527788201,3,100,6857,5,100,A1,Olga,8.943000000000211
3.5239480559125607,3,100,6857,5,100,A2,Olga,8.943000000000211
4.905889876116511,3,100,6857,5,100,A3,Tracy,8.943000000000211
10.438345325465871,3,100,6857,5,100,core,Tracy_Olga,8.943000000000211
121.09325946687416,3,100,7625,5,100,A1,NTD,246.23900000000003
4.591504141543725,3,100,7625,5,100,A2,NTD,246.23900000000003
7622.598895222097,3,100,7625,5,100,A3,NTD,246.23900000000003
10.983688234633489,3,100,7625,5,100,core,NTD,246.23900000000003
10.814786574473397,3,100,7625,5,100,A1,Ours,9.973999999999933
0.07442885732241819,3,100,7625,5,100,A2,Ours,9.973999999999933
5.4042837947320885,3,100,7625,5,100,A3,Ours,9.973999999999933
8.538017762364703,3,100,7625,5,100,core,Ours,9.973999999999933
10.814786574473397,3,100,7625,5,100,A1,HOSVD,2.9980000000000473
0.07442885732241819,3,100,7625,5,100,A2,HOSVD,2.9980000000000473
2.803806474651372,3,100,7625,5,100,A3,HOSVD,2.9980000000000473
12.594797942415385,3,100,7625,5,100,core,HOSVD,2.9980000000000473
10.539201267741163,3,100,7625,5,100,A1,HOOI,10.605999999999995
0.05393120571149094,3,100,7625,5,100,A2,HOOI,10.605999999999995
3.920459464844646,3,100,7625,5,100,A3,HOOI,10.605999999999995
8.084922422759897,3,100,7625,5,100,core,HOOI,10.605999999999995
76.74762548871624,3,100,7625,5,100,A1,Olga,4.6440000000000055
4.738831992837235,3,100,7625,5,100,A2,Olga,4.6440000000000055
3.9973003944925733,3,100,7625,5,100,A3,Tracy,4.6440000000000055
13.951587834534074,3,100,7625,5,100,core,Tracy_Olga,4.6440000000000055
110.62671940734563,3,100,8232,5,100,A1,NTD,261.8589999999999
3.7427058878054447,3,100,8232,5,100,A2,NTD,261.8589999999999
8229.587554542215,3,100,8232,5,100,A3,NTD,261.8589999999999
11.884078917096266,3,100,8232,5,100,core,NTD,261.8589999999999
15.339178076574232,3,100,8232,5,100,A1,Ours,12.567999999999984
0.1423510244545,3,100,8232,5,100,A2,Ours,12.567999999999984
5.323471711371867,3,100,8232,5,100,A3,Ours,12.567999999999984
9.064167749241557,3,100,8232,5,100,core,Ours,12.567999999999984
15.339178076574232,3,100,8232,5,100,A1,HOSVD,3.701000000000022
0.1423510244545,3,100,8232,5,100,A2,HOSVD,3.701000000000022
4.380058962312529,3,100,8232,5,100,A3,HOSVD,3.701000000000022
13.485644690150977,3,100,8232,5,100,core,HOSVD,3.701000000000022
14.829217561729342,3,100,8232,5,100,A1,HOOI,20.28099999999995
0.11642643422158613,3,100,8232,5,100,A2,HOOI,20.28099999999995
3.975257475145884,3,100,8232,5,100,A3,HOOI,20.28099999999995
9.625580206408923,3,100,8232,5,100,core,HOOI,20.28099999999995
62.380989464490966,3,100,8232,5,100,A1,Olga,12.679000000000087
2.907781880496889,3,100,8232,5,100,A2,Olga,12.679000000000087
4.588408678457111,3,100,8232,5,100,A3,Tracy,12.679000000000087
9.739134295730842,3,100,8232,5,100,core,Tracy_Olga,12.679000000000087
1.8566270915479686,3,100,100,5,3000,A1,NTD,3.5950000000000273
0.38577678759439493,3,100,100,5,3000,A2,NTD,3.5950000000000273
97,3,100,100,5,3000,A3,NTD,3.5950000000000273
11.920745894618848,3,100,100,5,3000,core,NTD,3.5950000000000273
2.09399105458863,3,100,100,5,3000,A1,Ours,3.714999999999918
0.0080657719528923,3,100,100,5,3000,A2,Ours,3.714999999999918
0.03838654504078351,3,100,100,5,3000,A3,Ours,3.714999999999918
11.725933462893572,3,100,100,5,3000,core,Ours,3.714999999999918
2.09399105458863,3,100,100,5,3000,A1,HOSVD,2.5310000000001764
0.0080657719528923,3,100,100,5,3000,A2,HOSVD,2.5310000000001764
0.038387708631569005,3,100,100,5,3000,A3,HOSVD,2.5310000000001764
11.725933009355026,3,100,100,5,3000,core,HOSVD,2.5310000000001764
2.1241462654523207,3,100,100,5,3000,A1,HOOI,3.7940000000000964
0.00737221327759864,3,100,100,5,3000,A2,HOOI,3.7940000000000964
0.03840830462213061,3,100,100,5,3000,A3,HOOI,3.7940000000000964
11.726433348240917,3,100,100,5,3000,core,HOOI,3.7940000000000964
1.9262809168090125,3,100,100,5,3000,A1,Olga,4.960000000000036
0.007413310730732941,3,100,100,5,3000,A2,Olga,4.960000000000036
0.9776941037854698,3,100,100,5,3000,A3,Tracy,4.960000000000036
11.718228392078402,3,100,100,5,3000,core,Tracy_Olga,4.960000000000036
1.4159112296012664,3,100,500,5,3000,A1,NTD,15.009999999999991
0.24375664665264293,3,100,500,5,3000,A2,NTD,15.009999999999991
497.000117496277,3,100,500,5,3000,A3,NTD,15.009999999999991
13.32542711100358,3,100,500,5,3000,core,NTD,15.009999999999991
3.78518068373082,3,100,500,5,3000,A1,Ours,4.001999999999953
0.014000446522806041,3,100,500,5,3000,A2,Ours,4.001999999999953
0.08835242561144095,3,100,500,5,3000,A3,Ours,4.001999999999953
11.732942992922451,3,100,500,5,3000,core,Ours,4.001999999999953
3.78518068373082,3,100,500,5,3000,A1,HOSVD,5.490000000000009
0.014000446522806041,3,100,500,5,3000,A2,HOSVD,5.490000000000009
0.0882778120377188,3,100,500,5,3000,A3,HOSVD,5.490000000000009
11.733003531876223,3,100,500,5,3000,core,HOSVD,5.490000000000009
3.781172025684519,3,100,500,5,3000,A1,HOOI,7.589999999999918
0.013796409887460025,3,100,500,5,3000,A2,HOOI,7.589999999999918
0.0857003452385622,3,100,500,5,3000,A3,HOOI,7.589999999999918
11.732831835531682,3,100,500,5,3000,core,HOOI,7.589999999999918
3.656810527714118,3,100,500,5,3000,A1,Olga,6.654999999999973
0.00862523226648913,3,100,500,5,3000,A2,Olga,6.654999999999973
1.254815535600476,3,100,500,5,3000,A3,Tracy,6.654999999999973
11.728763705996636,3,100,500,5,3000,core,Tracy_Olga,6.654999999999973
1.7095591267930983,3,100,1000,5,3000,A1,NTD,32.988000000000056
0.1724006790375198,3,100,1000,5,3000,A2,NTD,32.988000000000056
997.0004507804919,3,100,1000,5,3000,A3,NTD,32.988000000000056
10.193257433855909,3,100,1000,5,3000,core,NTD,32.988000000000056
3.0534544384211006,3,100,1000,5,3000,A1,Ours,7.586999999999989
0.008880829094915822,3,100,1000,5,3000,A2,Ours,7.586999999999989
0.12159774155984214,3,100,1000,5,3000,A3,Ours,7.586999999999989
11.731105570918352,3,100,1000,5,3000,core,Ours,7.586999999999989
3.0534544384211006,3,100,1000,5,3000,A1,HOSVD,6.545999999999822
0.008880829094915822,3,100,1000,5,3000,A2,HOSVD,6.545999999999822
0.12094101499025889,3,100,1000,5,3000,A3,HOSVD,6.545999999999822
11.730165227942873,3,100,1000,5,3000,core,HOSVD,6.545999999999822
3.0519888063087897,3,100,1000,5,3000,A1,HOOI,6.9789999999998145
0.008782218067147567,3,100,1000,5,3000,A2,HOOI,6.9789999999998145
0.12179961937324896,3,100,1000,5,3000,A3,HOOI,6.9789999999998145
11.731039858625348,3,100,1000,5,3000,core,HOOI,6.9789999999998145
2.5329572377528256,3,100,1000,5,3000,A1,Olga,6.487999999999829
0.007850496030466893,3,100,1000,5,3000,A2,Olga,6.487999999999829
1.3807003045137358,3,100,1000,5,3000,A3,Tracy,6.487999999999829
11.54695430809047,3,100,1000,5,3000,core,Tracy_Olga,6.487999999999829
1.5567259119353298,3,100,2499,5,3000,A1,NTD,84.73199999999997
4.259264965568965,3,100,2499,5,3000,A2,NTD,84.73199999999997
2496.0489517019446,3,100,2499,5,3000,A3,NTD,84.73199999999997
9.827989667178741,3,100,2499,5,3000,core,NTD,84.73199999999997
2.537493078701554,3,100,2499,5,3000,A1,Ours,2.2380000000000564
0.007419162026324699,3,100,2499,5,3000,A2,Ours,2.2380000000000564
2.5028406736647915,3,100,2499,5,3000,A3,Ours,2.2380000000000564
12.615983406062815,3,100,2499,5,3000,core,Ours,2.2380000000000564
2.537493078701554,3,100,2499,5,3000,A1,HOSVD,0.9960000000000946
0.007419162026324699,3,100,2499,5,3000,A2,HOSVD,0.9960000000000946
2.496899179993811,3,100,2499,5,3000,A3,HOSVD,0.9960000000000946
12.608103290609515,3,100,2499,5,3000,core,HOSVD,0.9960000000000946
2.538571226149415,3,100,2499,5,3000,A1,HOOI,2.0729999999998654
0.007499604604521834,3,100,2499,5,3000,A2,HOOI,2.0729999999998654
2.5008141593037316,3,100,2499,5,3000,A3,HOOI,2.0729999999998654
12.622810589663652,3,100,2499,5,3000,core,HOOI,2.0729999999998654
2.570304572645381,3,100,2499,5,3000,A1,Olga,1.9890000000000327
0.03028999865844449,3,100,2499,5,3000,A2,Olga,1.9890000000000327
2.8372425112852544,3,100,2499,5,3000,A3,Tracy,1.9890000000000327
12.644211199761381,3,100,2499,5,3000,core,Tracy_Olga,1.9890000000000327
1.6929931493918904,3,100,4981,5,3000,A1,NTD,171.47500000000014
0.951925037960528,3,100,4981,5,3000,A2,NTD,171.47500000000014
4978.061906330945,3,100,4981,5,3000,A3,NTD,171.47500000000014
13.035720354754684,3,100,4981,5,3000,core,NTD,171.47500000000014
4.496296507878496,3,100,4981,5,3000,A1,Ours,5.378999999999905
0.02803557415480777,3,100,4981,5,3000,A2,Ours,5.378999999999905
2.494186238632227,3,100,4981,5,3000,A3,Ours,5.378999999999905
11.851481261584246,3,100,4981,5,3000,core,Ours,5.378999999999905
4.496296507878496,3,100,4981,5,3000,A1,HOSVD,1.7909999999997126
0.02803557415480777,3,100,4981,5,3000,A2,HOSVD,1.7909999999997126
2.469241577715575,3,100,4981,5,3000,A3,HOSVD,1.7909999999997126
11.819546318432812,3,100,4981,5,3000,core,HOSVD,1.7909999999997126
4.490561447305629,3,100,4981,5,3000,A1,HOOI,4.531999999999698
0.028808893277320214,3,100,4981,5,3000,A2,HOOI,4.531999999999698
2.479627419914202,3,100,4981,5,3000,A3,HOOI,4.531999999999698
12.340009828164717,3,100,4981,5,3000,core,HOOI,4.531999999999698
3.3067897012222596,3,100,4981,5,3000,A1,Olga,2.5989999999997053
0.07593474327050968,3,100,4981,5,3000,A2,Olga,2.5989999999997053
2.862725031379682,3,100,4981,5,3000,A3,Tracy,2.5989999999997053
12.245941388786388,3,100,4981,5,3000,core,Tracy_Olga,2.5989999999997053
1.4595030250881578,3,100,5976,5,3000,A1,NTD,197.17399999999998
4.373745871406245,3,100,5976,5,3000,A2,NTD,197.17399999999998
5973.062059707067,3,100,5976,5,3000,A3,NTD,197.17399999999998
9.184518553254849,3,100,5976,5,3000,core,NTD,197.17399999999998
3.5337388082964254,3,100,5976,5,3000,A1,Ours,6.632000000000062
0.01693370584853797,3,100,5976,5,3000,A2,Ours,6.632000000000062
2.54175111231442,3,100,5976,5,3000,A3,Ours,6.632000000000062
12.470236923653955,3,100,5976,5,3000,core,Ours,6.632000000000062
3.5337388082964254,3,100,5976,5,3000,A1,HOSVD,2.0779999999999745
0.01693370584853797,3,100,5976,5,3000,A2,HOSVD,2.0779999999999745
2.510675965523564,3,100,5976,5,3000,A3,HOSVD,2.0779999999999745
12.42717933864722,3,100,5976,5,3000,core,HOSVD,2.0779999999999745
3.5360458512803996,3,100,5976,5,3000,A1,HOOI,5.6150000000002365
0.015931827139500712,3,100,5976,5,3000,A2,HOOI,5.6150000000002365
2.5138148074962596,3,100,5976,5,3000,A3,HOOI,5.6150000000002365
12.445988512777062,3,100,5976,5,3000,core,HOOI,5.6150000000002365
2.9018148902560044,3,100,5976,5,3000,A1,Olga,3.3969999999999345
0.05098795603409772,3,100,5976,5,3000,A2,Olga,3.3969999999999345
2.8356788775853072,3,100,5976,5,3000,A3,Tracy,3.3969999999999345
12.482567781812607,3,100,5976,5,3000,core,Tracy_Olga,3.3969999999999345
1.4238417513848713,3,100,6975,5,3000,A1,NTD,224.13599999999997
3.082493646112134,3,100,6975,5,3000,A2,NTD,224.13599999999997
6972.077863917006,3,100,6975,5,3000,A3,NTD,224.13599999999997
12.24549672974967,3,100,6975,5,3000,core,NTD,224.13599999999997
4.1030310323829156,3,100,6975,5,3000,A1,Ours,8.157000000000153
0.010800334658453897,3,100,6975,5,3000,A2,Ours,8.157000000000153
2.560781824774192,3,100,6975,5,3000,A3,Ours,8.157000000000153
12.654728050545517,3,100,6975,5,3000,core,Ours,8.157000000000153
4.1030310323829156,3,100,6975,5,3000,A1,HOSVD,2.4260000000003856
0.010800334658453897,3,100,6975,5,3000,A2,HOSVD,2.4260000000003856
2.5200976416895577,3,100,6975,5,3000,A3,HOSVD,2.4260000000003856
12.608774815772602,3,100,6975,5,3000,core,HOSVD,2.4260000000003856
4.1143356345452595,3,100,6975,5,3000,A1,HOOI,6.188999999999851
0.010479087671859186,3,100,6975,5,3000,A2,HOOI,6.188999999999851
2.5203813177856556,3,100,6975,5,3000,A3,HOOI,6.188999999999851
12.594310215331417,3,100,6975,5,3000,core,HOOI,6.188999999999851
3.1910715821111864,3,100,6975,5,3000,A1,Olga,3.875
0.07410605429450835,3,100,6975,5,3000,A2,Olga,3.875
2.814247937218907,3,100,6975,5,3000,A3,Tracy,3.875
12.594899943879215,3,100,6975,5,3000,core,Tracy_Olga,3.875
1.5504944695108052,3,100,7962,5,3000,A1,NTD,241.38799999999992
4.125519457807192,3,100,7962,5,3000,A2,NTD,241.38799999999992
7959.093140273902,3,100,7962,5,3000,A3,NTD,241.38799999999992
8.711256961530779,3,100,7962,5,3000,core,NTD,241.38799999999992
2.2945616565791096,3,100,7962,5,3000,A1,Ours,9.414000000000215
0.020459622273420006,3,100,7962,5,3000,A2,Ours,9.414000000000215
2.577574757488515,3,100,7962,5,3000,A3,Ours,9.414000000000215
12.692927945996917,3,100,7962,5,3000,core,Ours,9.414000000000215
2.2945616565791096,3,100,7962,5,3000,A1,HOSVD,2.6900000000000546
0.020459622273420006,3,100,7962,5,3000,A2,HOSVD,2.6900000000000546
2.5212614334647863,3,100,7962,5,3000,A3,HOSVD,2.6900000000000546
12.611695692707624,3,100,7962,5,3000,core,HOSVD,2.6900000000000546
2.316044269685453,3,100,7962,5,3000,A1,HOOI,7.791999999999916
0.019631691470622083,3,100,7962,5,3000,A2,HOOI,7.791999999999916
2.5264091439745857,3,100,7962,5,3000,A3,HOOI,7.791999999999916
12.611590613942672,3,100,7962,5,3000,core,HOOI,7.791999999999916
3.324797182397604,3,100,7962,5,3000,A1,Olga,4.721999999999753
0.06978351325074438,3,100,7962,5,3000,A2,Olga,4.721999999999753
2.838334811366536,3,100,7962,5,3000,A3,Tracy,4.721999999999753
12.635013246106775,3,100,7962,5,3000,core,Tracy_Olga,4.721999999999753
1.4897621242027372,3,100,8951,5,3000,A1,NTD,281.84799999999996
2.941490475278911,3,100,8951,5,3000,A2,NTD,281.84799999999996
8948.095621894065,3,100,8951,5,3000,A3,NTD,281.84799999999996
9.39510465602426,3,100,8951,5,3000,core,NTD,281.84799999999996
2.5756981831101493,3,100,8951,5,3000,A1,Ours,12.25500000000011
0.022518208253655386,3,100,8951,5,3000,A2,Ours,12.25500000000011
2.603782472756477,3,100,8951,5,3000,A3,Ours,12.25500000000011
12.683531688347875,3,100,8951,5,3000,core,Ours,12.25500000000011
2.5756981831101493,3,100,8951,5,3000,A1,HOSVD,2.98700000000008
0.022518208253655386,3,100,8951,5,3000,A2,HOSVD,2.98700000000008
2.5360110611154716,3,100,8951,5,3000,A3,HOSVD,2.98700000000008
12.618550814858974,3,100,8951,5,3000,core,HOSVD,2.98700000000008
2.5862744566984257,3,100,8951,5,3000,A1,HOOI,9.648000000000138
0.021721635302890105,3,100,8951,5,3000,A2,HOOI,9.648000000000138
2.54028125593328,3,100,8951,5,3000,A3,HOOI,9.648000000000138
12.62446942658833,3,100,8951,5,3000,core,HOOI,9.648000000000138
2.468799890356677,3,100,8951,5,3000,A1,Olga,5.742000000000189
0.11172035328729461,3,100,8951,5,3000,A2,Olga,5.742000000000189
2.8389038743937105,3,100,8951,5,3000,A3,Tracy,5.742000000000189
12.612618491692126,3,100,8951,5,3000,core,Tracy_Olga,5.742000000000189
2.1477666936596114,3,100,9935,5,3000,A1,NTD,306.1079999999997
0.7875773619994945,3,100,9935,5,3000,A2,NTD,306.1079999999997
9932.09261395429,3,100,9935,5,3000,A3,NTD,306.1079999999997
7.427047468737556,3,100,9935,5,3000,core,NTD,306.1079999999997
2.0884669964580547,3,100,9935,5,3000,A1,Ours,14.635000000000218
0.01629839421586243,3,100,9935,5,3000,A2,Ours,14.635000000000218
2.6186522663058653,3,100,9935,5,3000,A3,Ours,14.635000000000218
12.679966482470984,3,100,9935,5,3000,core,Ours,14.635000000000218
2.0884669964580547,3,100,9935,5,3000,A1,HOSVD,3.9469999999996617
0.01629839421586243,3,100,9935,5,3000,A2,HOSVD,3.9469999999996617
2.5343212692787107,3,100,9935,5,3000,A3,HOSVD,3.9469999999996617
12.561542156438327,3,100,9935,5,3000,core,HOSVD,3.9469999999996617
2.100431480842006,3,100,9935,5,3000,A1,HOOI,11.923999999999978
0.015421503403547573,3,100,9935,5,3000,A2,HOOI,11.923999999999978
2.5361923617308326,3,100,9935,5,3000,A3,HOOI,11.923999999999978
12.571322156934844,3,100,9935,5,3000,core,HOOI,11.923999999999978
3.1971842668628776,3,100,9935,5,3000,A1,Olga,7.187999999999647
0.09295528202748808,3,100,9935,5,3000,A2,Olga,7.187999999999647
2.8465956009129716,3,100,9935,5,3000,A3,Tracy,7.187999999999647
12.629392859327364,3,100,9935,5,3000,core,Tracy_Olga,7.187999999999647
1.6078083277538289,3,100,100,5,10000,A1,NTD,3.5659999999998035
0.5181583561487906,3,100,100,5,10000,A2,NTD,3.5659999999998035
97,3,100,100,5,10000,A3,NTD,3.5659999999998035
7.294141735107354,3,100,100,5,10000,core,NTD,3.5659999999998035
1.5299301153298241,3,100,100,5,10000,A1,Ours,0.19299999999975626
0.005455611734525533,3,100,100,5,10000,A2,Ours,0.19299999999975626
0.021634063511382456,3,100,100,5,10000,A3,Ours,0.19299999999975626
11.715663426967366,3,100,100,5,10000,core,Ours,0.19299999999975626
1.5299301153298241,3,100,100,5,10000,A1,HOSVD,0.14800000000013824
0.005455611734525533,3,100,100,5,10000,A2,HOSVD,0.14800000000013824
0.021634017933295186,3,100,100,5,10000,A3,HOSVD,0.14800000000013824
11.715663415771445,3,100,100,5,10000,core,HOSVD,0.14800000000013824
1.535613965156771,3,100,100,5,10000,A1,HOOI,0.11699999999973443
0.004967384265462132,3,100,100,5,10000,A2,HOOI,0.11699999999973443
0.021578785134379202,3,100,100,5,10000,A3,HOOI,0.11699999999973443
11.716029539116816,3,100,100,5,10000,core,HOOI,0.11699999999973443
1.743739784425123,3,100,100,5,10000,A1,Olga,0.08500000000003638
0.007958405637535658,3,100,100,5,10000,A2,Olga,0.08500000000003638
0.9742116138234418,3,100,100,5,10000,A3,Tracy,0.08500000000003638
11.719815560118485,3,100,100,5,10000,core,Tracy_Olga,0.08500000000003638
1.5470537254657886,3,100,500,5,10000,A1,NTD,14.777000000000044
0.5261107124504819,3,100,500,5,10000,A2,NTD,14.777000000000044
497.0000097786183,3,100,500,5,10000,A3,NTD,14.777000000000044
9.617399630481183,3,100,500,5,10000,core,NTD,14.777000000000044
1.9986902772219641,3,100,500,5,10000,A1,Ours,0.2709999999997308
0.008133346833142015,3,100,500,5,10000,A2,Ours,0.2709999999997308
0.04493016838341553,3,100,500,5,10000,A3,Ours,0.2709999999997308
11.71403361850773,3,100,500,5,10000,core,Ours,0.2709999999997308
1.9986902772219641,3,100,500,5,10000,A1,HOSVD,0.24499999999989086
0.008133346833142015,3,100,500,5,10000,A2,HOSVD,0.24499999999989086
0.04492651359176228,3,100,500,5,10000,A3,HOSVD,0.24499999999989086
11.714029963888526,3,100,500,5,10000,core,HOSVD,0.24499999999989086
1.998263751415756,3,100,500,5,10000,A1,HOOI,0.3739999999997963
0.00780908120063132,3,100,500,5,10000,A2,HOOI,0.3739999999997963
0.045291246116568686,3,100,500,5,10000,A3,HOOI,0.3739999999997963
11.711847090041527,3,100,500,5,10000,core,HOOI,0.3739999999997963
1.3596776663221977,3,100,500,5,10000,A1,Olga,0.26499999999987267
0.00553839010079108,3,100,500,5,10000,A2,Olga,0.26499999999987267
1.2492577227857937,3,100,500,5,10000,A3,Tracy,0.26499999999987267
11.704917793785631,3,100,500,5,10000,core,Tracy_Olga,0.26499999999987267
1.3815336129961466,3,100,1000,5,10000,A1,NTD,31.33699999999999
0.4694921787210116,3,100,1000,5,10000,A2,NTD,31.33699999999999
997.000108530165,3,100,1000,5,10000,A3,NTD,31.33699999999999
13.756444679635306,3,100,1000,5,10000,core,NTD,31.33699999999999
1.6545513375617875,3,100,1000,5,10000,A1,Ours,2.0579999999999927
0.0037537515972815754,3,100,1000,5,10000,A2,Ours,2.0579999999999927
0.08294139631479167,3,100,1000,5,10000,A3,Ours,2.0579999999999927
11.732558795765973,3,100,1000,5,10000,core,Ours,2.0579999999999927
1.6545513375617875,3,100,1000,5,10000,A1,HOSVD,2.286999999999807
0.0037537515972815754,3,100,1000,5,10000,A2,HOSVD,2.286999999999807
0.0828854613364165,3,100,1000,5,10000,A3,HOSVD,2.286999999999807
11.73249724778019,3,100,1000,5,10000,core,HOSVD,2.286999999999807
1.653403646923385,3,100,1000,5,10000,A1,HOOI,2.0979999999999563
0.003876857381380375,3,100,1000,5,10000,A2,HOOI,2.0979999999999563
0.08312298002172662,3,100,1000,5,10000,A3,HOOI,2.0979999999999563
11.732489208122193,3,100,1000,5,10000,core,HOOI,2.0979999999999563
1.5954300813157296,3,100,1000,5,10000,A1,Olga,2.744999999999891
0.005545539624310543,3,100,1000,5,10000,A2,Olga,2.744999999999891
1.3429113824029364,3,100,1000,5,10000,A3,Tracy,2.744999999999891
11.734207837123257,3,100,1000,5,10000,core,Tracy_Olga,2.744999999999891
1.4328570541366488,3,100,2500,5,10000,A1,NTD,89.96299999999974
1.6008431927898183,3,100,2500,5,10000,A2,NTD,89.96299999999974
2497.000268320401,3,100,2500,5,10000,A3,NTD,89.96299999999974
10.509008190680078,3,100,2500,5,10000,core,NTD,89.96299999999974
1.4854039385724886,3,100,2500,5,10000,A1,Ours,8.875
0.004759248395582412,3,100,2500,5,10000,A2,Ours,8.875
0.19294946823824174,3,100,2500,5,10000,A3,Ours,8.875
11.725946271584784,3,100,2500,5,10000,core,Ours,8.875
1.4854039385724886,3,100,2500,5,10000,A1,HOSVD,8.73700000000008
0.004759248395582412,3,100,2500,5,10000,A2,HOSVD,8.73700000000008
0.1924126767478193,3,100,2500,5,10000,A3,HOSVD,8.73700000000008
11.725207809319272,3,100,2500,5,10000,core,HOSVD,8.73700000000008
1.4873118629703552,3,100,2500,5,10000,A1,HOOI,14.277999999999793
0.004898460575551541,3,100,2500,5,10000,A2,HOOI,14.277999999999793
0.3327992547452469,3,100,2500,5,10000,A3,HOOI,14.277999999999793
11.606892132107285,3,100,2500,5,10000,core,HOOI,14.277999999999793
1.724272562560669,3,100,2500,5,10000,A1,Olga,9.75400000000036
0.007987281039912834,3,100,2500,5,10000,A2,Olga,9.75400000000036
1.4126391015662385,3,100,2500,5,10000,A3,Tracy,9.75400000000036
6.9615689232897084,3,100,2500,5,10000,core,Tracy_Olga,9.75400000000036
1.3857549301812173,3,100,4997,5,10000,A1,NTD,179.20899999999983
0.8026892611053197,3,100,4997,5,10000,A2,NTD,179.20899999999983
4994.02582836042,3,100,4997,5,10000,A3,NTD,179.20899999999983
9.601261142325118,3,100,4997,5,10000,core,NTD,179.20899999999983
1.5210123539066995,3,100,4997,5,10000,A1,Ours,6.291000000000167
0.018321093400454347,3,100,4997,5,10000,A2,Ours,6.291000000000167
2.4541678795329793,3,100,4997,5,10000,A3,Ours,6.291000000000167
12.146603316427617,3,100,4997,5,10000,core,Ours,6.291000000000167
1.5210123539066995,3,100,4997,5,10000,A1,HOSVD,1.832999999999629
0.018321093400454347,3,100,4997,5,10000,A2,HOSVD,1.832999999999629
2.4515961028732653,3,100,4997,5,10000,A3,HOSVD,1.832999999999629
12.144533554144825,3,100,4997,5,10000,core,HOSVD,1.832999999999629
1.513298177658792,3,100,4997,5,10000,A1,HOOI,5.076000000000022
0.018010896377862417,3,100,4997,5,10000,A2,HOOI,5.076000000000022
2.45181207595406,3,100,4997,5,10000,A3,HOOI,5.076000000000022
12.137616219151628,3,100,4997,5,10000,core,HOOI,5.076000000000022
1.2151773063734332,3,100,4997,5,10000,A1,Olga,2.7480000000000473
0.027565505698669994,3,100,4997,5,10000,A2,Olga,2.7480000000000473
2.910536949437389,3,100,4997,5,10000,A3,Tracy,2.7480000000000473
7.080033146356477,3,100,4997,5,10000,core,Tracy_Olga,2.7480000000000473
1.6122171742179234,3,100,5994,5,10000,A1,NTD,197.71500000000015
0.05340097751156719,3,100,5994,5,10000,A2,NTD,197.71500000000015
5991.018126006288,3,100,5994,5,10000,A3,NTD,197.71500000000015
6.507549972719522,3,100,5994,5,10000,core,NTD,197.71500000000015
1.3265592629452314,3,100,5994,5,10000,A1,Ours,8.17699999999968
0.00822019417809063,3,100,5994,5,10000,A2,Ours,8.17699999999968
2.4734467162921554,3,100,5994,5,10000,A3,Ours,8.17699999999968
12.23513517907405,3,100,5994,5,10000,core,Ours,8.17699999999968
1.3265592629452314,3,100,5994,5,10000,A1,HOSVD,2.206999999999425
0.00822019417809063,3,100,5994,5,10000,A2,HOSVD,2.206999999999425
2.4699345514804962,3,100,5994,5,10000,A3,HOSVD,2.206999999999425
12.234182597628807,3,100,5994,5,10000,core,HOSVD,2.206999999999425
1.3292362035254826,3,100,5994,5,10000,A1,HOOI,6.359999999999673
0.008516358158426345,3,100,5994,5,10000,A2,HOOI,6.359999999999673
2.4725039487699063,3,100,5994,5,10000,A3,HOOI,6.359999999999673
12.223751041366512,3,100,5994,5,10000,core,HOOI,6.359999999999673
1.5619790510871812,3,100,5994,5,10000,A1,Olga,3.5659999999998035
0.020216680298778343,3,100,5994,5,10000,A2,Olga,3.5659999999998035
2.8978664035514137,3,100,5994,5,10000,A3,Tracy,3.5659999999998035
7.0224185195729865,3,100,5994,5,10000,core,Tracy_Olga,3.5659999999998035
1.299326295995725,3,100,6997,5,10000,A1,NTD,231.76599999999962
0.25067490460215963,3,100,6997,5,10000,A2,NTD,231.76599999999962
6994.029559089201,3,100,6997,5,10000,A3,NTD,231.76599999999962
8.791505463980796,3,100,6997,5,10000,core,NTD,231.76599999999962
2.2032672653564367,3,100,6997,5,10000,A1,Ours,8.654999999999745
0.007855659377433034,3,100,6997,5,10000,A2,Ours,8.654999999999745
2.517935891680869,3,100,6997,5,10000,A3,Ours,8.654999999999745
12.62157062454512,3,100,6997,5,10000,core,Ours,8.654999999999745
2.2032672653564367,3,100,6997,5,10000,A1,HOSVD,2.6220000000002983
0.007855659377433034,3,100,6997,5,10000,A2,HOSVD,2.6220000000002983
2.5143024618021896,3,100,6997,5,10000,A3,HOSVD,2.6220000000002983
12.616050885252696,3,100,6997,5,10000,core,HOSVD,2.6220000000002983
2.2033729165703635,3,100,6997,5,10000,A1,HOOI,6.933999999999287
0.007712273818910125,3,100,6997,5,10000,A2,HOOI,6.933999999999287
2.5130485714587403,3,100,6997,5,10000,A3,HOOI,6.933999999999287
12.614762501703003,3,100,6997,5,10000,core,HOOI,6.933999999999287
2.024495102720873,3,100,6997,5,10000,A1,Olga,3.957999999999629
0.018099698138572217,3,100,6997,5,10000,A2,Olga,3.957999999999629
2.8166319615067152,3,100,6997,5,10000,A3,Tracy,3.957999999999629
12.592835412488126,3,100,6997,5,10000,core,Tracy_Olga,3.957999999999629
1.2139416911265455,3,100,7989,5,10000,A1,NTD,251.24299999999948
0.45686498219019395,3,100,7989,5,10000,A2,NTD,251.24299999999948
7986.041815459355,3,100,7989,5,10000,A3,NTD,251.24299999999948
11.69793844822945,3,100,7989,5,10000,core,NTD,251.24299999999948
1.5009979516403174,3,100,7989,5,10000,A1,Ours,9.925000000000182
0.0105041086533409,3,100,7989,5,10000,A2,Ours,9.925000000000182
2.513758610819171,3,100,7989,5,10000,A3,Ours,9.925000000000182
12.470316957523394,3,100,7989,5,10000,core,Ours,9.925000000000182
1.5009979516403174,3,100,7989,5,10000,A1,HOSVD,2.798999999999978
0.0105041086533409,3,100,7989,5,10000,A2,HOSVD,2.798999999999978
2.50884107076023,3,100,7989,5,10000,A3,HOSVD,2.798999999999978
12.463693370080213,3,100,7989,5,10000,core,HOSVD,2.798999999999978
1.5038283107500794,3,100,7989,5,10000,A1,HOOI,8.378999999999905
0.010358925441375455,3,100,7989,5,10000,A2,HOOI,8.378999999999905
2.5104153862443765,3,100,7989,5,10000,A3,HOOI,8.378999999999905
12.449735936197897,3,100,7989,5,10000,core,HOOI,8.378999999999905
1.5816954791635884,3,100,7989,5,10000,A1,Olga,4.992999999999483
0.01614380439059987,3,100,7989,5,10000,A2,Olga,4.992999999999483
2.8216111824235965,3,100,7989,5,10000,A3,Tracy,4.992999999999483
6.736565207144989,3,100,7989,5,10000,core,Tracy_Olga,4.992999999999483
1.32804580664758,3,100,8986,5,10000,A1,NTD,290.2930000000006
0.3292705132897035,3,100,8986,5,10000,A2,NTD,290.2930000000006
8983.034945047166,3,100,8986,5,10000,A3,NTD,290.2930000000006
10.132275440399813,3,100,8986,5,10000,core,NTD,290.2930000000006
1.738650022530014,3,100,8986,5,10000,A1,Ours,12.632000000000517
0.005218006336172798,3,100,8986,5,10000,A2,Ours,12.632000000000517
2.5184158828137453,3,100,8986,5,10000,A3,Ours,12.632000000000517
12.372784490076073,3,100,8986,5,10000,core,Ours,12.632000000000517
1.738650022530014,3,100,8986,5,10000,A1,HOSVD,3.2689999999993233
0.005218006336172798,3,100,8986,5,10000,A2,HOSVD,3.2689999999993233
2.5117704494805113,3,100,8986,5,10000,A3,HOSVD,3.2689999999993233
12.365066796913945,3,100,8986,5,10000,core,HOSVD,3.2689999999993233
1.7336131365270455,3,100,8986,5,10000,A1,HOOI,9.706999999999425
0.005723007304491329,3,100,8986,5,10000,A2,HOOI,9.706999999999425
2.5114177157522724,3,100,8986,5,10000,A3,HOOI,9.706999999999425
12.358983674831444,3,100,8986,5,10000,core,HOOI,9.706999999999425
1.984755379571575,3,100,8986,5,10000,A1,Olga,5.7739999999994325
0.025408786065761736,3,100,8986,5,10000,A2,Olga,5.7739999999994325
2.8535837097140533,3,100,8986,5,10000,A3,Tracy,5.7739999999994325
6.809515132048973,3,100,8986,5,10000,core,Tracy_Olga,5.7739999999994325
1.3479292956035127,3,100,9981,5,10000,A1,NTD,313.2600000000002
0.37948000523558445,3,100,9981,5,10000,A2,NTD,313.2600000000002
9978.039605007149,3,100,9981,5,10000,A3,NTD,313.2600000000002
13.855680930220613,3,100,9981,5,10000,core,NTD,313.2600000000002
1.3524946432050262,3,100,9981,5,10000,A1,Ours,14.967999999999847
0.0043014446912317695,3,100,9981,5,10000,A2,Ours,14.967999999999847
2.526405156190747,3,100,9981,5,10000,A3,Ours,14.967999999999847
12.589681624564829,3,100,9981,5,10000,core,Ours,14.967999999999847
1.3524946432050262,3,100,9981,5,10000,A1,HOSVD,4.329000000000633
0.0043014446912317695,3,100,9981,5,10000,A2,HOSVD,4.329000000000633
2.5189095452458186,3,100,9981,5,10000,A3,HOSVD,4.329000000000633
12.578678165439058,3,100,9981,5,10000,core,HOSVD,4.329000000000633
1.3521241869717022,3,100,9981,5,10000,A1,HOOI,11.989000000000487
0.0042274972494573855,3,100,9981,5,10000,A2,HOOI,11.989000000000487
2.5175753883362977,3,100,9981,5,10000,A3,HOOI,11.989000000000487
12.561356922590704,3,100,9981,5,10000,core,HOOI,11.989000000000487
1.7622832033779146,3,100,9981,5,10000,A1,Olga,7.028999999999542
0.024407176140759237,3,100,9981,5,10000,A2,Olga,7.028999999999542
2.8354373370419443,3,100,9981,5,10000,A3,Tracy,7.028999999999542
12.612279535875473,3,100,9981,5,10000,core,Tracy_Olga,7.028999999999542
