error,K,Q1,R,Q2,M,mode,method,time
8.4742151383665,3,100,100,5,100,A1,NTD,4.199000000000001
3.3689824691752133,3,100,100,5,100,A2,NTD,4.199000000000001
97.00032072867081,3,100,100,5,100,A3,NTD,4.199000000000001
8.698584507404195,3,100,100,5,100,core,NTD,4.199000000000001
16.776851682161567,3,100,100,5,100,A1,Ours,2.8689999999999998
0.06613672917427908,3,100,100,5,100,A2,Ours,2.8689999999999998
0.27702271533662876,3,100,100,5,100,A3,Ours,2.8689999999999998
12.85286433783041,3,100,100,5,100,core,Ours,2.8689999999999998
16.776851682161567,3,100,100,5,100,A1,HOSVD,1.9349999999999987
0.06613672917427908,3,100,100,5,100,A2,HOSVD,1.9349999999999987
0.27621162496602153,3,100,100,5,100,A3,HOSVD,1.9349999999999987
12.85070401443174,3,100,100,5,100,core,HOSVD,1.9349999999999987
15.978947945750875,3,100,100,5,100,A1,HOOI,2.3500000000000014
0.05706221519490535,3,100,100,5,100,A2,HOOI,2.3500000000000014
0.263210629210836,3,100,100,5,100,A3,HOOI,2.3500000000000014
12.888708776161781,3,100,100,5,100,core,HOOI,2.3500000000000014
14.133746064349646,3,100,100,5,100,A1,Olga,1.5530000000000008
0.11868970069176066,3,100,100,5,100,A2,Olga,1.5530000000000008
1.1189066723922831,3,100,100,5,100,A3,Tracy,1.5530000000000008
12.811824455217423,3,100,100,5,100,core,Tracy_Olga,1.5530000000000008
7.5320858569931435,3,100,499,5,100,A1,NTD,21.546000000000003
0.5263673730937234,3,100,499,5,100,A2,NTD,21.546000000000003
496.2224415350218,3,100,499,5,100,A3,NTD,21.546000000000003
9.162666910319224,3,100,499,5,100,core,NTD,21.546000000000003
17.039032201625478,3,100,499,5,100,A1,Ours,3.769999999999996
0.11395882173154713,3,100,499,5,100,A2,Ours,3.769999999999996
2.891918097018336,3,100,499,5,100,A3,Ours,3.769999999999996
10.830797618551987,3,100,499,5,100,core,Ours,3.769999999999996
17.039032201625478,3,100,499,5,100,A1,HOSVD,4.520999999999994
0.11395882173154713,3,100,499,5,100,A2,HOSVD,4.520999999999994
2.659910769997194,3,100,499,5,100,A3,HOSVD,4.520999999999994
14.216363040139367,3,100,499,5,100,core,HOSVD,4.520999999999994
17.295704661205253,3,100,499,5,100,A1,HOOI,5.101999999999997
0.13604152804588052,3,100,499,5,100,A2,HOOI,5.101999999999997
2.461325118782488,3,100,499,5,100,A3,HOOI,5.101999999999997
13.577896325165423,3,100,499,5,100,core,HOOI,5.101999999999997
16.75968484786173,3,100,499,5,100,A1,Olga,2.421999999999997
0.07792004972247428,3,100,499,5,100,A2,Olga,2.421999999999997
2.942137723466284,3,100,499,5,100,A3,Tracy,2.421999999999997
13.106281315662867,3,100,499,5,100,core,Tracy_Olga,2.421999999999997
22.345688828488942,3,100,981,5,100,A1,NTD,38.193
2.515943457925412,3,100,981,5,100,A2,NTD,38.193
978.2414577749796,3,100,981,5,100,A3,NTD,38.193
11.562628097786998,3,100,981,5,100,core,NTD,38.193
16.75086001539416,3,100,981,5,100,A1,Ours,12.778999999999996
0.08998226328650318,3,100,981,5,100,A2,Ours,12.778999999999996
3.3777103066078413,3,100,981,5,100,A3,Ours,12.778999999999996
11.020755669571782,3,100,981,5,100,core,Ours,12.778999999999996
16.75086001539416,3,100,981,5,100,A1,HOSVD,12.807000000000002
0.08998226328650318,3,100,981,5,100,A2,HOSVD,12.807000000000002
2.498604372758184,3,100,981,5,100,A3,HOSVD,12.807000000000002
13.541611364631152,3,100,981,5,100,core,HOSVD,12.807000000000002
16.968522804928373,3,100,981,5,100,A1,HOOI,10.548000000000002
0.08272823212816195,3,100,981,5,100,A2,HOOI,10.548000000000002
2.524853587200845,3,100,981,5,100,A3,HOOI,10.548000000000002
13.541611364631152,3,100,981,5,100,core,HOOI,10.548000000000002
14.223038475016086,3,100,981,5,100,A1,Olga,5.046999999999997
0.657822150130918,3,100,981,5,100,A2,Olga,5.046999999999997
2.911520415436597,3,100,981,5,100,A3,Tracy,5.046999999999997
13.162936396608997,3,100,981,5,100,core,Tracy_Olga,5.046999999999997
83.82604846212686,3,100,2387,5,100,A1,NTD,92.11600000000001
4.009779698255071,3,100,2387,5,100,A2,NTD,92.11600000000001
2384.3795510307646,3,100,2387,5,100,A3,NTD,92.11600000000001
12.722668834282324,3,100,2387,5,100,core,NTD,92.11600000000001
17.054394911640564,3,100,2387,5,100,A1,Ours,5.9550000000000125
0.10689690147687388,3,100,2387,5,100,A2,Ours,5.9550000000000125
5.348941860934061,3,100,2387,5,100,A3,Ours,5.9550000000000125
11.901358422487291,3,100,2387,5,100,core,Ours,5.9550000000000125
17.054394911640564,3,100,2387,5,100,A1,HOSVD,4.782000000000011
0.10689690147687388,3,100,2387,5,100,A2,HOSVD,4.782000000000011
2.6222052543072207,3,100,2387,5,100,A3,HOSVD,4.782000000000011
13.485770617897945,3,100,2387,5,100,core,HOSVD,4.782000000000011
17.001179094901662,3,100,2387,5,100,A1,HOOI,5.942000000000007
0.1392335642913136,3,100,2387,5,100,A2,HOOI,5.942000000000007
3.662819432618213,3,100,2387,5,100,A3,HOOI,5.942000000000007
10.01920241134034,3,100,2387,5,100,core,HOOI,5.942000000000007
28.46891524927007,3,100,2387,5,100,A1,Olga,1.2040000000000077
0.42770686086655146,3,100,2387,5,100,A2,Olga,1.2040000000000077
2.9644715493524916,3,100,2387,5,100,A3,Tracy,1.2040000000000077
13.541611364631152,3,100,2387,5,100,core,Tracy_Olga,1.2040000000000077
118.88914086842232,3,100,4524,5,100,A1,NTD,153.59099999999998
3.494080444066736,3,100,4524,5,100,A2,NTD,153.59099999999998
4521.571865046087,3,100,4524,5,100,A3,NTD,153.59099999999998
11.553699020007603,3,100,4524,5,100,core,NTD,153.59099999999998
13.624598344258628,3,100,4524,5,100,A1,Ours,5.873999999999967
0.1337056158533129,3,100,4524,5,100,A2,Ours,5.873999999999967
5.38128993839444,3,100,4524,5,100,A3,Ours,5.873999999999967
9.980105290764493,3,100,4524,5,100,core,Ours,5.873999999999967
13.624598344258628,3,100,4524,5,100,A1,HOSVD,9.947999999999979
0.1337056158533129,3,100,4524,5,100,A2,HOSVD,9.947999999999979
4.833724883088553,3,100,4524,5,100,A3,HOSVD,9.947999999999979
11.912529540760302,3,100,4524,5,100,core,HOSVD,9.947999999999979
39.877449624248996,3,100,4524,5,100,A1,Olga,17.439999999999998
0.9078864566695382,3,100,4524,5,100,A2,Olga,17.439999999999998
3.794520641378268,3,100,4524,5,100,A3,Tracy,17.439999999999998
11.371775521940311,3,100,4524,5,100,core,Tracy_Olga,17.439999999999998
114.92469459655862,3,100,5319,5,100,A1,NTD,184.85099999999994
4.009787669113301,3,100,5319,5,100,A2,NTD,184.85099999999994
5316.51813950078,3,100,5319,5,100,A3,NTD,184.85099999999994
11.814533233886124,3,100,5319,5,100,core,NTD,184.85099999999994
14.945224029702823,3,100,5319,5,100,A1,Ours,6.134999999999991
0.14077281018080715,3,100,5319,5,100,A2,Ours,6.134999999999991
5.217836967020901,3,100,5319,5,100,A3,Ours,6.134999999999991
10.72967299260367,3,100,5319,5,100,core,Ours,6.134999999999991
14.945224029702823,3,100,5319,5,100,A1,HOSVD,1.7059999999999036
0.14077281018080715,3,100,5319,5,100,A2,HOSVD,1.7059999999999036
4.767241810336006,3,100,5319,5,100,A3,HOSVD,1.7059999999999036
12.86636034046682,3,100,5319,5,100,core,HOSVD,1.7059999999999036
15.117934432779597,3,100,5319,5,100,A1,HOOI,7.0049999999999955
0.0576371204337652,3,100,5319,5,100,A2,HOOI,7.0049999999999955
4.261818322181593,3,100,5319,5,100,A3,HOOI,7.0049999999999955
12.635093227051287,3,100,5319,5,100,core,HOOI,7.0049999999999955
38.358930647144746,3,100,5319,5,100,A1,Olga,4.252000000000066
1.0936047484633438,3,100,5319,5,100,A2,Olga,4.252000000000066
3.950241136645251,3,100,5319,5,100,A3,Tracy,4.252000000000066
10.112335702967233,3,100,5319,5,100,core,Tracy_Olga,4.252000000000066
110.56383297509788,3,100,6043,5,100,A1,NTD,204.59699999999998
4.515785068514643,3,100,6043,5,100,A2,NTD,204.59699999999998
6040.563149503128,3,100,6043,5,100,A3,NTD,204.59699999999998
9.894183973878338,3,100,6043,5,100,core,NTD,204.59699999999998
14.647312699391126,3,100,6043,5,100,A1,Ours,6.8419999999999845
0.04877357790133983,3,100,6043,5,100,A2,Ours,6.8419999999999845
5.221610609128476,3,100,6043,5,100,A3,Ours,6.8419999999999845
13.93882984739858,3,100,6043,5,100,core,Ours,6.8419999999999845
14.647312699391126,3,100,6043,5,100,A1,HOSVD,1.8460000000000036
0.04877357790133983,3,100,6043,5,100,A2,HOSVD,1.8460000000000036
2.73582795492166,3,100,6043,5,100,A3,HOSVD,1.8460000000000036
13.541611364631152,3,100,6043,5,100,core,HOSVD,1.8460000000000036
15.492555834666293,3,100,6043,5,100,A1,HOOI,7.961999999999989
0.024754619028204475,3,100,6043,5,100,A2,HOOI,7.961999999999989
2.7517782811147184,3,100,6043,5,100,A3,HOOI,7.961999999999989
13.541611364631152,3,100,6043,5,100,core,HOOI,7.961999999999989
41.87276672087098,3,100,6043,5,100,A1,Olga,2.9249999999999545
0.7513639481549252,3,100,6043,5,100,A2,Olga,2.9249999999999545
3.977867761357871,3,100,6043,5,100,A3,Tracy,2.9249999999999545
11.994791797499756,3,100,6043,5,100,core,Tracy_Olga,2.9249999999999545
109.85591010610169,3,100,6737,5,100,A1,NTD,217.04200000000003
0.5264051069922285,3,100,6737,5,100,A2,NTD,217.04200000000003
6734.586758409266,3,100,6737,5,100,A3,NTD,217.04200000000003
12.737659678891609,3,100,6737,5,100,core,NTD,217.04200000000003
17.773045002410228,3,100,6737,5,100,A1,Ours,9.9539999999999509
0.023589133798403,3,100,6737,5,100,A2,Ours,9.9539999999999509
5.3158063498071035,3,100,6737,5,100,A3,Ours,9.9539999999999509
13.795919653369946,3,100,6737,5,100,core,Ours,9.9539999999999509
17.773045002410228,3,100,6737,5,100,A1,HOSVD,7.4099999999998545
0.023589133798403,3,100,6737,5,100,A2,HOSVD,7.4099999999998545
2.8026474270507897,3,100,6737,5,100,A3,HOSVD,7.4099999999998545
13.42084947172508,3,100,6737,5,100,core,HOSVD,7.4099999999998545
46.64711052131617,3,100,6737,5,100,A1,Olga,6.367999999999938
1.6144238824370447,3,100,6737,5,100,A2,Olga,6.367999999999938
3.215099265924098,3,100,6737,5,100,A3,Tracy,6.367999999999938
11.895804794405453,3,100,6737,5,100,core,Tracy_Olga,6.367999999999938
126.51330707659348,3,100,7493,5,100,A1,NTD,240.88099999999986
2.5264043246734427,3,100,7493,5,100,A2,NTD,240.88099999999986
7490.591646665051,3,100,7493,5,100,A3,NTD,240.88099999999986
10.325429115868673,3,100,7493,5,100,core,NTD,240.88099999999986
17.77055143154411,3,100,7493,5,100,A1,Ours,9.509000000000015
0.12851550764695074,3,100,7493,5,100,A2,Ours,9.509000000000015
5.40229690530075,3,100,7493,5,100,A3,Ours,9.509000000000015
10.123667975094433,3,100,7493,5,100,core,Ours,9.509000000000015
17.77055143154411,3,100,7493,5,100,A1,HOSVD,2.5450000000000728
0.12851550764695074,3,100,7493,5,100,A2,HOSVD,2.5450000000000728
2.8477482621905947,3,100,7493,5,100,A3,HOSVD,2.5450000000000728
13.421628733247399,3,100,7493,5,100,core,HOSVD,2.5450000000000728
17.592882478459416,3,100,7493,5,100,A1,HOOI,10.422000000000025
0.09651776380428523,3,100,7493,5,100,A2,HOOI,10.422000000000025
4.8492582014055685,3,100,7493,5,100,A3,HOOI,10.422000000000025
9.180334247296548,3,100,7493,5,100,core,HOOI,10.422000000000025
60.791865806766914,3,100,7493,5,100,A1,Olga,4.510999999999967
0.6101545251027938,3,100,7493,5,100,A2,Olga,4.510999999999967
4.1936857847508024,3,100,7493,5,100,A3,Tracy,4.510999999999967
10.110363668173965,3,100,7493,5,100,core,Tracy_Olga,4.510999999999967
124.51186608707553,3,100,8184,5,100,A1,NTD,264.346
0.5264072889948608,3,100,8184,5,100,A2,NTD,264.346
8181.519942801288,3,100,8184,5,100,A3,NTD,264.346
9.52314582765658,3,100,8184,5,100,core,NTD,264.346
11.87056562051116,3,100,8184,5,100,A1,Ours,18.439000000000078
0.165813265459794,3,100,8184,5,100,A2,Ours,18.439000000000078
5.324830346699886,3,100,8184,5,100,A3,Ours,18.439000000000078
13.919091225881266,3,100,8184,5,100,core,Ours,18.439000000000078
84.19325728264202,3,100,8184,5,100,A1,Olga,15.639000000000124
1.7376173545001943,3,100,8184,5,100,A2,Olga,15.639000000000124
4.031986881208285,3,100,8184,5,100,A3,Tracy,15.639000000000124
9.6478132698244,3,100,8184,5,100,core,Tracy_Olga,15.639000000000124
4.834714690946917,3,100,100,5,3000,A1,NTD,3.9420000000000073
1.0386782141902937,3,100,100,5,3000,A2,NTD,3.9420000000000073
97.00201674600262,3,100,100,5,3000,A3,NTD,3.9420000000000073
11.139163355291736,3,100,100,5,3000,core,NTD,3.9420000000000073
2.142519098865915,3,100,100,5,3000,A1,Ours,5.648999999999887
0.005368446019913606,3,100,100,5,3000,A2,Ours,5.648999999999887
0.03778205040638969,3,100,100,5,3000,A3,Ours,5.648999999999887
12.904953418648333,3,100,100,5,3000,core,Ours,5.648999999999887
2.142519098865915,3,100,100,5,3000,A1,HOSVD,6.156999999999925
0.005368446019913606,3,100,100,5,3000,A2,HOSVD,6.156999999999925
0.03778232220992709,3,100,100,5,3000,A3,HOSVD,6.156999999999925
12.90496398044212,3,100,100,5,3000,core,HOSVD,6.156999999999925
2.1256858494099933,3,100,100,5,3000,A1,HOOI,7.007000000000062
0.005030743278264727,3,100,100,5,3000,A2,HOOI,7.007000000000062
0.037745871004481325,3,100,100,5,3000,A3,HOOI,7.007000000000062
12.904870398064226,3,100,100,5,3000,core,HOOI,7.007000000000062
2.72321051363238,3,100,100,5,3000,A1,Olga,6.310999999999922
0.010235286579318619,3,100,100,5,3000,A2,Olga,6.310999999999922
1.0571899810710856,3,100,100,5,3000,A3,Tracy,6.310999999999922
12.885802816485583,3,100,100,5,3000,core,Tracy_Olga,6.310999999999922
4.114568312529255,3,100,500,5,3000,A1,NTD,14.326000000000022
2.3315577688805407,3,100,500,5,3000,A2,NTD,14.326000000000022
497.00022831014843,3,100,500,5,3000,A3,NTD,14.326000000000022
8.2192708088059,3,100,500,5,3000,core,NTD,14.326000000000022
3.30349747423676,3,100,500,5,3000,A1,Ours,6.932999999999993
0.009928848476975526,3,100,500,5,3000,A2,Ours,6.932999999999993
0.08033128912217018,3,100,500,5,3000,A3,Ours,6.932999999999993
12.925086350420408,3,100,500,5,3000,core,Ours,6.932999999999993
3.30349747423676,3,100,500,5,3000,A1,HOSVD,5.142000000000053
0.009928848476975526,3,100,500,5,3000,A2,HOSVD,5.142000000000053
0.08026870803187998,3,100,500,5,3000,A3,HOSVD,5.142000000000053
12.925065122072835,3,100,500,5,3000,core,HOSVD,5.142000000000053
3.3259734357557837,3,100,500,5,3000,A1,HOOI,4.638000000000147
0.010693877868081864,3,100,500,5,3000,A2,HOOI,4.638000000000147
0.08054823176690969,3,100,500,5,3000,A3,HOOI,4.638000000000147
12.924954161340384,3,100,500,5,3000,core,HOOI,4.638000000000147
2.6390345350312754,3,100,500,5,3000,A1,Olga,4.216000000000122
0.00814982626693061,3,100,500,5,3000,A2,Olga,4.216000000000122
1.2827235672832824,3,100,500,5,3000,A3,Tracy,4.216000000000122
12.909657160683855,3,100,500,5,3000,core,Tracy_Olga,4.216000000000122
3.7440740113022093,3,100,1000,5,3000,A1,NTD,32.115999999999985
0.1641160419776616,3,100,1000,5,3000,A2,NTD,32.115999999999985
997.000548188144,3,100,1000,5,3000,A3,NTD,32.115999999999985
15.509097429560251,3,100,1000,5,3000,core,NTD,32.115999999999985
3.7191982458035175,3,100,1000,5,3000,A1,Ours,5.841999999999871
0.020161338349960353,3,100,1000,5,3000,A2,Ours,5.841999999999871
0.21052363373522914,3,100,1000,5,3000,A3,Ours,5.841999999999871
13.07776261560692,3,100,1000,5,3000,core,Ours,5.841999999999871
3.7191982458035175,3,100,1000,5,3000,A1,HOSVD,5.171000000000049
0.020161338349960353,3,100,1000,5,3000,A2,HOSVD,5.171000000000049
0.2104371463026144,3,100,1000,5,3000,A3,HOSVD,5.171000000000049
13.076002505989567,3,100,1000,5,3000,core,HOSVD,5.171000000000049
3.688646595858382,3,100,1000,5,3000,A1,HOOI,2.6700000000000728
0.02106677845979564,3,100,1000,5,3000,A2,HOOI,2.6700000000000728
0.21472557386649282,3,100,1000,5,3000,A3,HOOI,2.6700000000000728
13.084871943515362,3,100,1000,5,3000,core,HOOI,2.6700000000000728
3.2811811678348253,3,100,1000,5,3000,A1,Olga,0.8630000000000564
0.01880805020105608,3,100,1000,5,3000,A2,Olga,0.8630000000000564
1.3794200463868094,3,100,1000,5,3000,A3,Tracy,0.8630000000000564
13.117987274050257,3,100,1000,5,3000,core,Tracy_Olga,0.8630000000000564
4.409083621739548,3,100,2499,5,3000,A1,NTD,87.5630000000001
0.1761707503683108,3,100,2499,5,3000,A2,NTD,87.5630000000001
2496.0371919739805,3,100,2499,5,3000,A3,NTD,87.5630000000001
11.332961056776938,3,100,2499,5,3000,core,NTD,87.5630000000001
2.610672944300077,3,100,2499,5,3000,A1,Ours,2.1670000000001437
0.013711880337054646,3,100,2499,5,3000,A2,Ours,2.1670000000001437
2.4707435615710827,3,100,2499,5,3000,A3,Ours,2.1670000000001437
13.082701042706006,3,100,2499,5,3000,core,Ours,2.1670000000001437
2.610672944300077,3,100,2499,5,3000,A1,HOSVD,0.9859999999998763
0.013711880337054646,3,100,2499,5,3000,A2,HOSVD,0.9859999999998763
2.4645613277523646,3,100,2499,5,3000,A3,HOSVD,0.9859999999998763
13.079146749542096,3,100,2499,5,3000,core,HOSVD,0.9859999999998763
2.619820874230371,3,100,2499,5,3000,A1,HOOI,2.599999999999909
0.014254341943491596,3,100,2499,5,3000,A2,HOOI,2.599999999999909
2.4568037496745707,3,100,2499,5,3000,A3,HOOI,2.599999999999909
12.989552428382117,3,100,2499,5,3000,core,HOOI,2.599999999999909
2.9437671730193053,3,100,2499,5,3000,A1,Olga,1.4660000000001219
0.01680392842660311,3,100,2499,5,3000,A2,Olga,1.4660000000001219
2.9630475852171108,3,100,2499,5,3000,A3,Tracy,1.4660000000001219
13.14051506782823,3,100,2499,5,3000,core,Tracy_Olga,1.4660000000001219
2.5971457967767875,3,100,4988,5,3000,A1,NTD,170.9760000000001
2.7699773367320004,3,100,4988,5,3000,A2,NTD,170.9760000000001
4985.068102813841,3,100,4988,5,3000,A3,NTD,170.9760000000001
9.870677566453232,3,100,4988,5,3000,core,NTD,170.9760000000001
4.627335265067627,3,100,4988,5,3000,A1,Ours,5.305000000000291
0.016867101688958015,3,100,4988,5,3000,A2,Ours,5.305000000000291
2.51759269733278,3,100,4988,5,3000,A3,Ours,5.305000000000291
13.396785079192334,3,100,4988,5,3000,core,Ours,5.305000000000291
4.627335265067627,3,100,4988,5,3000,A1,HOSVD,1.655999999999949
0.016867101688958015,3,100,4988,5,3000,A2,HOSVD,1.655999999999949
2.497126169050416,3,100,4988,5,3000,A3,HOSVD,1.655999999999949
13.383421153790538,3,100,4988,5,3000,core,HOSVD,1.655999999999949
4.649172926860979,3,100,4988,5,3000,A1,HOOI,4.5210000000001855
0.017054651319619054,3,100,4988,5,3000,A2,HOOI,4.5210000000001855
2.5005158574106505,3,100,4988,5,3000,A3,HOOI,4.5210000000001855
13.389964357667177,3,100,4988,5,3000,core,HOOI,4.5210000000001855
2.865759043112832,3,100,4988,5,3000,A1,Olga,2.631000000000313
0.022424899158386927,3,100,4988,5,3000,A2,Olga,2.631000000000313
2.8978915538676566,3,100,4988,5,3000,A3,Tracy,2.631000000000313
13.27532464225686,3,100,4988,5,3000,core,Tracy_Olga,2.631000000000313
2.5167841599544674,3,100,5982,5,3000,A1,NTD,200.45199999999977
4.076502960534078,3,100,5982,5,3000,A2,NTD,200.45199999999977
5979.066315163391,3,100,5982,5,3000,A3,NTD,200.45199999999977
10.08039270684016,3,100,5982,5,3000,core,NTD,200.45199999999977
2.9901536131766493,3,100,5982,5,3000,A1,Ours,7.755999999999858
0.01172634430003386,3,100,5982,5,3000,A2,Ours,7.755999999999858
2.5036923629666363,3,100,5982,5,3000,A3,Ours,7.755999999999858
13.192884994112783,3,100,5982,5,3000,core,Ours,7.755999999999858
2.9901536131766493,3,100,5982,5,3000,A1,HOSVD,4.038000000000011
0.01172634430003386,3,100,5982,5,3000,A2,HOSVD,4.038000000000011
2.471875962742209,3,100,5982,5,3000,A3,HOSVD,4.038000000000011
13.185417889772495,3,100,5982,5,3000,core,HOSVD,4.038000000000011
3.0102693080352685,3,100,5982,5,3000,A1,HOOI,7.860000000000127
0.010831486622945702,3,100,5982,5,3000,A2,HOOI,7.860000000000127
2.4712045330808974,3,100,5982,5,3000,A3,HOOI,7.860000000000127
13.223925856295137,3,100,5982,5,3000,core,HOOI,7.860000000000127
2.6818124066552134,3,100,5982,5,3000,A1,Olga,3.83600000000024
0.012659393579021563,3,100,5982,5,3000,A2,Olga,3.83600000000024
2.897271752748833,3,100,5982,5,3000,A3,Tracy,3.83600000000024
13.336125700193358,3,100,5982,5,3000,core,Tracy_Olga,3.83600000000024
4.345967235781442,3,100,6976,5,3000,A1,NTD,217.48099999999977
3.7743283737580695,3,100,6976,5,3000,A2,NTD,217.48099999999977
6973.064960277845,3,100,6976,5,3000,A3,NTD,217.48099999999977
10.788885839603223,3,100,6976,5,3000,core,NTD,217.48099999999977
3.8391981747029003,3,100,6976,5,3000,A1,Ours,7.773000000000138
0.007078927391369392,3,100,6976,5,3000,A2,Ours,7.773000000000138
2.5465702110147714,3,100,6976,5,3000,A3,Ours,7.773000000000138
13.436786628813236,3,100,6976,5,3000,core,Ours,7.773000000000138
3.8391981747029003,3,100,6976,5,3000,A1,HOSVD,2.2660000000000764
0.007078927391369392,3,100,6976,5,3000,A2,HOSVD,2.2660000000000764
2.5061729078025756,3,100,6976,5,3000,A3,HOSVD,2.2660000000000764
13.421346340549457,3,100,6976,5,3000,core,HOSVD,2.2660000000000764
3.836657066125516,3,100,6976,5,3000,A1,HOOI,6.486999999999625
0.007294000496905747,3,100,6976,5,3000,A2,HOOI,6.486999999999625
2.5109734597818263,3,100,6976,5,3000,A3,HOOI,6.486999999999625
13.464167168472155,3,100,6976,5,3000,core,HOOI,6.486999999999625
2.91343226196791,3,100,6976,5,3000,A1,Olga,3.867999999999938
0.03906158628474481,3,100,6976,5,3000,A2,Olga,3.867999999999938
2.9032704821073967,3,100,6976,5,3000,A3,Tracy,3.867999999999938
13.383252982737812,3,100,6976,5,3000,core,Tracy_Olga,3.867999999999938
3.6808616232608395,3,100,7966,5,3000,A1,NTD,244.3380000000002
4.50678485503273,3,100,7966,5,3000,A2,NTD,244.3380000000002
7963.071547097157,3,100,7966,5,3000,A3,NTD,244.3380000000002
10.818688249055675,3,100,7966,5,3000,core,NTD,244.3380000000002
2.680755442453318,3,100,7966,5,3000,A1,Ours,10.06899999999996
0.013345597231360216,3,100,7966,5,3000,A2,Ours,10.06899999999996
2.54450679465713,3,100,7966,5,3000,A3,Ours,10.06899999999996
13.379980235792702,3,100,7966,5,3000,core,Ours,10.06899999999996
2.680755442453318,3,100,7966,5,3000,A1,HOSVD,2.736000000000331
0.013345597231360216,3,100,7966,5,3000,A2,HOSVD,2.736000000000331
2.491541981312043,3,100,7966,5,3000,A3,HOSVD,2.736000000000331
13.365453699632873,3,100,7966,5,3000,core,HOSVD,2.736000000000331
2.698615222080811,3,100,7966,5,3000,A1,HOOI,8.208000000000084
0.012683640805751285,3,100,7966,5,3000,A2,HOOI,8.208000000000084
2.490999128529865,3,100,7966,5,3000,A3,HOOI,8.208000000000084
13.359513392755863,3,100,7966,5,3000,core,HOOI,8.208000000000084
3.389591903544959,3,100,7966,5,3000,A1,Olga,4.753000000000156
0.0702331112150122,3,100,7966,5,3000,A2,Olga,4.753000000000156
2.8873418628867324,3,100,7966,5,3000,A3,Tracy,4.753000000000156
13.42205047479522,3,100,7966,5,3000,core,Tracy_Olga,4.753000000000156
2.6453795202248283,3,100,8943,5,3000,A1,NTD,281.46399999999994
2.706128783616089,3,100,8943,5,3000,A2,NTD,281.46399999999994
8940.087990963373,3,100,8943,5,3000,A3,NTD,281.46399999999994
12.236861790051773,3,100,8943,5,3000,core,NTD,281.46399999999994
2.9137494497433787,3,100,8943,5,3000,A1,Ours,13.266000000000076
0.01716805013980205,3,100,8943,5,3000,A2,Ours,13.266000000000076
2.5758128228184556,3,100,8943,5,3000,A3,Ours,13.266000000000076
13.366532044884249,3,100,8943,5,3000,core,Ours,13.266000000000076
2.9137494497433787,3,100,8943,5,3000,A1,HOSVD,3.2660000000000764
0.01716805013980205,3,100,8943,5,3000,A2,HOSVD,3.2660000000000764
2.5089004451479373,3,100,8943,5,3000,A3,HOSVD,3.2660000000000764
13.338469461479297,3,100,8943,5,3000,core,HOSVD,3.2660000000000764
2.9092047803864887,3,100,8943,5,3000,A1,HOOI,10.340000000000146
0.01714941610245963,3,100,8943,5,3000,A2,HOOI,10.340000000000146
2.51498829743275,3,100,8943,5,3000,A3,HOOI,10.340000000000146
13.347142004388415,3,100,8943,5,3000,core,HOOI,10.340000000000146
2.5042701608019846,3,100,8943,5,3000,A1,Olga,5.882999999999811
0.030340624541736833,3,100,8943,5,3000,A2,Olga,5.882999999999811
2.9088609174018933,3,100,8943,5,3000,A3,Tracy,5.882999999999811
13.378670799643338,3,100,8943,5,3000,core,Tracy_Olga,5.882999999999811
4.781163754369048,3,100,9945,5,3000,A1,NTD,305.317
3.4834573806624207,3,100,9945,5,3000,A2,NTD,305.317
9942.095651705817,3,100,9945,5,3000,A3,NTD,305.317
13.120898980138737,3,100,9945,5,3000,core,NTD,305.317
2.6160659961552057,3,100,9945,5,3000,A1,Ours,15.2800000000002
0.021700063161984542,3,100,9945,5,3000,A2,Ours,15.2800000000002
2.5965793231595784,3,100,9945,5,3000,A3,Ours,15.2800000000002
13.415395620516113,3,100,9945,5,3000,core,Ours,15.2800000000002
2.6160659961552057,3,100,9945,5,3000,A1,HOSVD,3.6850000000004
0.021700063161984542,3,100,9945,5,3000,A2,HOSVD,3.6850000000004
2.512938059032913,3,100,9945,5,3000,A3,HOSVD,3.6850000000004
13.389439696688855,3,100,9945,5,3000,core,HOSVD,3.6850000000004
2.6183806854116916,3,100,9945,5,3000,A1,HOOI,14.480000000000018
0.020575901764564686,3,100,9945,5,3000,A2,HOOI,14.480000000000018
2.5116716241611714,3,100,9945,5,3000,A3,HOOI,14.480000000000018
13.384538713644027,3,100,9945,5,3000,core,HOOI,14.480000000000018
2.8467607412733273,3,100,9945,5,3000,A1,Olga,11.36700000000019
0.019179996552698513,3,100,9945,5,3000,A2,Olga,11.36700000000019
2.9193088632866586,3,100,9945,5,3000,A3,Tracy,11.36700000000019
13.424389688451438,3,100,9945,5,3000,core,Tracy_Olga,11.36700000000019
3.523066353003783,3,100,100,5,10000,A1,NTD,3.644999999999982
2.1626519450556843,3,100,100,5,10000,A2,NTD,3.644999999999982
97,3,100,100,5,10000,A3,NTD,3.644999999999982
8.383016785690506,3,100,100,5,10000,core,NTD,3.644999999999982
1.5087856559872728,3,100,100,5,10000,A1,Ours,0.1449999999999818
0.0033760762249443947,3,100,100,5,10000,A2,Ours,0.1449999999999818
0.02038558375647569,3,100,100,5,10000,A3,Ours,0.1449999999999818
12.928563227606947,3,100,100,5,10000,core,Ours,0.1449999999999818
1.5087856559872728,3,100,100,5,10000,A1,HOSVD,0.3700000000003456
0.0033760762249443947,3,100,100,5,10000,A2,HOSVD,0.3700000000003456
0.020386004934642456,3,100,100,5,10000,A3,HOSVD,0.3700000000003456
12.928563191752506,3,100,100,5,10000,core,HOSVD,0.3700000000003456
1.6461290943824296,3,100,100,5,10000,A1,HOOI,1.69399999999996
0.003348376514401046,3,100,100,5,10000,A2,HOOI,1.69399999999996
0.020237896686254597,3,100,100,5,10000,A3,HOOI,1.69399999999996
12.923955803486297,3,100,100,5,10000,core,HOOI,1.69399999999996
1.558277700944256,3,100,100,5,10000,A1,Olga,2.2089999999998327
0.0031461751666005673,3,100,100,5,10000,A2,Olga,2.2089999999998327
1.055226998105791,3,100,100,5,10000,A3,Tracy,2.2089999999998327
12.895652278868303,3,100,100,5,10000,core,Tracy_Olga,2.2089999999998327
3.8892581554090806,3,100,500,5,10000,A1,NTD,15.489999999999782
0.7053787597635826,3,100,500,5,10000,A2,NTD,15.489999999999782
497.00004320434863,3,100,500,5,10000,A3,NTD,15.489999999999782
8.004038320820408,3,100,500,5,10000,core,NTD,15.489999999999782
1.3974450738199078,3,100,500,5,10000,A1,Ours,4.692000000000007
0.006172812835789195,3,100,500,5,10000,A2,Ours,4.692000000000007
0.046367980849221634,3,100,500,5,10000,A3,Ours,4.692000000000007
12.92964848361632,3,100,500,5,10000,core,Ours,4.692000000000007
1.3974450738199078,3,100,500,5,10000,A1,HOSVD,4.088000000000193
0.006172812835789195,3,100,500,5,10000,A2,HOSVD,4.088000000000193
0.046376588131796556,3,100,500,5,10000,A3,HOSVD,4.088000000000193
12.929649547679148,3,100,500,5,10000,core,HOSVD,4.088000000000193
1.3915489340171603,3,100,500,5,10000,A1,HOOI,6.515999999999622
0.0060401444356841085,3,100,500,5,10000,A2,HOOI,6.515999999999622
0.046220416561041915,3,100,500,5,10000,A3,HOOI,6.515999999999622
12.929472643741956,3,100,500,5,10000,core,HOOI,6.515999999999622
1.2499526782623753,3,100,500,5,10000,A1,Olga,4.847999999999956
0.0036339816543042754,3,100,500,5,10000,A2,Olga,4.847999999999956
1.2811924843622973,3,100,500,5,10000,A3,Tracy,4.847999999999956
12.923814261772238,3,100,500,5,10000,core,Tracy_Olga,4.847999999999956
4.317096236875975,3,100,1000,5,10000,A1,NTD,32.74900000000025
0.22722001936295652,3,100,1000,5,10000,A2,NTD,32.74900000000025
997.0000368473825,3,100,1000,5,10000,A3,NTD,32.74900000000025
13.363855667753652,3,100,1000,5,10000,core,NTD,32.74900000000025
1.8673696863648241,3,100,1000,5,10000,A1,Ours,6.185999999999694
0.008514883279638705,3,100,1000,5,10000,A2,Ours,6.185999999999694
0.07614927861783262,3,100,1000,5,10000,A3,Ours,6.185999999999694
12.957337878240361,3,100,1000,5,10000,core,Ours,6.185999999999694
1.8673696863648241,3,100,1000,5,10000,A1,HOSVD,7.85799999999972
0.008514883279638705,3,100,1000,5,10000,A2,HOSVD,7.85799999999972
0.07616402997433357,3,100,1000,5,10000,A3,HOSVD,7.85799999999972
12.95727543503815,3,100,1000,5,10000,core,HOSVD,7.85799999999972
1.8864244465771487,3,100,1000,5,10000,A1,HOOI,6.386000000000422
0.008520778470206686,3,100,1000,5,10000,A2,HOOI,6.386000000000422
0.07631880994337076,3,100,1000,5,10000,A3,HOOI,6.386000000000422
12.952477962025924,3,100,1000,5,10000,core,HOOI,6.386000000000422
1.606021617078555,3,100,1000,5,10000,A1,Olga,7.954000000000178
0.0052129316926166035,3,100,1000,5,10000,A2,Olga,7.954000000000178
1.3476557536422817,3,100,1000,5,10000,A3,Tracy,7.954000000000178
12.947875735723203,3,100,1000,5,10000,core,Tracy_Olga,7.954000000000178
3.8395390632439548,3,100,2500,5,10000,A1,NTD,90.36000000000013
0.26099678297945106,3,100,2500,5,10000,A2,NTD,90.36000000000013
2497.000230600777,3,100,2500,5,10000,A3,NTD,90.36000000000013
11.42119461907808,3,100,2500,5,10000,core,NTD,90.36000000000013
2.3910311720964392,3,100,2500,5,10000,A1,Ours,6.4650000000001455
0.01810594287805496,3,100,2500,5,10000,A2,Ours,6.4650000000001455
0.5746387541978912,3,100,2500,5,10000,A3,Ours,6.4650000000001455
12.6177912870895,3,100,2500,5,10000,core,Ours,6.4650000000001455
2.3910311720964392,3,100,2500,5,10000,A1,HOSVD,5.822000000000116
0.01810594287805496,3,100,2500,5,10000,A2,HOSVD,5.822000000000116
0.5742578408102469,3,100,2500,5,10000,A3,HOSVD,5.822000000000116
12.617551024317196,3,100,2500,5,10000,core,HOSVD,5.822000000000116
2.381415768017735,3,100,2500,5,10000,A1,HOOI,2.4609999999997854
0.01747296882419049,3,100,2500,5,10000,A2,HOOI,2.4609999999997854
0.5796106947445718,3,100,2500,5,10000,A3,HOOI,2.4609999999997854
12.610066015877445,3,100,2500,5,10000,core,HOOI,2.4609999999997854
1.6790295655784229,3,100,2500,5,10000,A1,Olga,1.3550000000000182
0.009701358376117472,3,100,2500,5,10000,A2,Olga,1.3550000000000182
1.5919043172949383,3,100,2500,5,10000,A3,Tracy,1.3550000000000182
12.64072119298951,3,100,2500,5,10000,core,Tracy_Olga,1.3550000000000182
3.83804693940573,3,100,4995,5,10000,A1,NTD,169.02300000000014
0.09235607390636405,3,100,4995,5,10000,A2,NTD,169.02300000000014
4992.026536759898,3,100,4995,5,10000,A3,NTD,169.02300000000014
8.527815277398464,3,100,4995,5,10000,core,NTD,169.02300000000014
1.5412322126050262,3,100,4995,5,10000,A1,Ours,4.971999999999753
0.005831862101950395,3,100,4995,5,10000,A2,Ours,4.971999999999753
2.4660057105802737,3,100,4995,5,10000,A3,Ours,4.971999999999753
13.019040129197833,3,100,4995,5,10000,core,Ours,4.971999999999753
1.5412322126050262,3,100,4995,5,10000,A1,HOSVD,1.731999999999971
0.005831862101950395,3,100,4995,5,10000,A2,HOSVD,1.731999999999971
2.4638192937328425,3,100,4995,5,10000,A3,HOSVD,1.731999999999971
13.012457046643789,3,100,4995,5,10000,core,HOSVD,1.731999999999971
1.5399381351441694,3,100,4995,5,10000,A1,HOOI,4.492999999999938
0.006503389399843897,3,100,4995,5,10000,A2,HOOI,4.492999999999938
2.4664846331349106,3,100,4995,5,10000,A3,HOOI,4.492999999999938
12.97255571922402,3,100,4995,5,10000,core,HOOI,4.492999999999938
1.767370628826937,3,100,4995,5,10000,A1,Olga,2.530999999999949
0.01674419345006297,3,100,4995,5,10000,A2,Olga,2.530999999999949
3.0385808052550485,3,100,4995,5,10000,A3,Tracy,2.530999999999949
13.055265563270849,3,100,4995,5,10000,core,Tracy_Olga,2.530999999999949
4.237763300227751,3,100,5996,5,10000,A1,NTD,201.45399999999972
0.7353347589721826,3,100,5996,5,10000,A2,NTD,201.45399999999972
5993.031896914691,3,100,5996,5,10000,A3,NTD,201.45399999999972
12.937856449030708,3,100,5996,5,10000,core,NTD,201.45399999999972
2.360274132801457,3,100,5996,5,10000,A1,Ours,6.669999999999163
0.006508370216783684,3,100,5996,5,10000,A2,Ours,6.669999999999163
2.4786477953562818,3,100,5996,5,10000,A3,Ours,6.669999999999163
13.349787474280435,3,100,5996,5,10000,core,Ours,6.669999999999163
2.360274132801457,3,100,5996,5,10000,A1,HOSVD,1.8270000000002256
0.006508370216783684,3,100,5996,5,10000,A2,HOSVD,1.8270000000002256
2.475939823996387,3,100,5996,5,10000,A3,HOSVD,1.8270000000002256
13.347777687830263,3,100,5996,5,10000,core,HOSVD,1.8270000000002256
2.3698121331549262,3,100,5996,5,10000,A1,HOOI,4.994999999999891
0.0065018771204260264,3,100,5996,5,10000,A2,HOOI,4.994999999999891
2.47749124542398,3,100,5996,5,10000,A3,HOOI,4.994999999999891
13.349193847165107,3,100,5996,5,10000,core,HOOI,4.994999999999891
1.4640139664463783,3,100,5996,5,10000,A1,Olga,2.943000000000211
0.009552628379916137,3,100,5996,5,10000,A2,Olga,2.943000000000211
2.87575846483027,3,100,5996,5,10000,A3,Tracy,2.943000000000211
13.344768916506,3,100,5996,5,10000,core,Tracy_Olga,2.943000000000211
4.28321998337134,3,100,6993,5,10000,A1,NTD,224.42000000000007
0.1430824709459452,3,100,6993,5,10000,A2,NTD,224.42000000000007
6990.028074951239,3,100,6993,5,10000,A3,NTD,224.42000000000007
10.263755231137267,3,100,6993,5,10000,core,NTD,224.42000000000007
1.574263907650495,3,100,6993,5,10000,A1,Ours,8.24499999999989
0.0057117922119208405,3,100,6993,5,10000,A2,Ours,8.24499999999989
2.477879233472454,3,100,6993,5,10000,A3,Ours,8.24499999999989
8.338418980667583,3,100,6993,5,10000,core,Ours,8.24499999999989
1.574263907650495,3,100,6993,5,10000,A1,HOSVD,2.2899999999999636
0.0057117922119208405,3,100,6993,5,10000,A2,HOSVD,2.2899999999999636
2.4740026637981876,3,100,6993,5,10000,A3,HOSVD,2.2899999999999636
8.340043596793569,3,100,6993,5,10000,core,HOSVD,2.2899999999999636
1.5738447685841728,3,100,6993,5,10000,A1,HOOI,6.412000000000262
0.005584343580613233,3,100,6993,5,10000,A2,HOOI,6.412000000000262
2.4749500954583006,3,100,6993,5,10000,A3,HOOI,6.412000000000262
8.345107981172005,3,100,6993,5,10000,core,HOOI,6.412000000000262
1.5899435052670299,3,100,6993,5,10000,A1,Olga,3.6630000000004657
0.011223735542806083,3,100,6993,5,10000,A2,Olga,3.6630000000004657
2.901722570792805,3,100,6993,5,10000,A3,Tracy,3.6630000000004657
13.152602139671531,3,100,6993,5,10000,core,Tracy_Olga,3.6630000000004657
3.595596329708552,3,100,7995,5,10000,A1,NTD,247.97500000000036
0.16196527461755728,3,100,7995,5,10000,A2,NTD,247.97500000000036
7992.037716072404,3,100,7995,5,10000,A3,NTD,247.97500000000036
13.429188561949129,3,100,7995,5,10000,core,NTD,247.97500000000036
1.2900831312447,3,100,7995,5,10000,A1,Ours,10.184000000000196
0.014024736305713981,3,100,7995,5,10000,A2,Ours,10.184000000000196
2.475727744440126,3,100,7995,5,10000,A3,Ours,10.184000000000196
13.326061557176978,3,100,7995,5,10000,core,Ours,10.184000000000196
1.2900831312447,3,100,7995,5,10000,A1,HOSVD,3.1840000000001965
0.014024736305713981,3,100,7995,5,10000,A2,HOSVD,3.1840000000001965
2.4706985423015957,3,100,7995,5,10000,A3,HOSVD,3.1840000000001965
13.322719651303371,3,100,7995,5,10000,core,HOSVD,3.1840000000001965
1.2907649866749802,3,100,7995,5,10000,A1,HOOI,7.5349999999998545
0.014173893053499191,3,100,7995,5,10000,A2,HOOI,7.5349999999998545
2.47015217028641,3,100,7995,5,10000,A3,HOOI,7.5349999999998545
13.318158813860736,3,100,7995,5,10000,core,HOOI,7.5349999999998545
1.3366949741725593,3,100,7995,5,10000,A1,Olga,4.686999999999898
0.0114157918893311,3,100,7995,5,10000,A2,Olga,4.686999999999898
2.8962728817604915,3,100,7995,5,10000,A3,Tracy,4.686999999999898
13.330175966583015,3,100,7995,5,10000,core,Tracy_Olga,4.686999999999898
4.161831002556538,3,100,8989,5,10000,A1,NTD,284.47699999999986
4.489890431290882,3,100,8989,5,10000,A2,NTD,284.47699999999986
8986.034343688398,3,100,8989,5,10000,A3,NTD,284.47699999999986
12.630705063513316,3,100,8989,5,10000,core,NTD,284.47699999999986
1.9680170403627424,3,100,8989,5,10000,A1,Ours,13.153000000000247
0.003933522736414765,3,100,8989,5,10000,A2,Ours,13.153000000000247
2.506118781341284,3,100,8989,5,10000,A3,Ours,13.153000000000247
13.386634653336502,3,100,8989,5,10000,core,Ours,13.153000000000247
1.9680170403627424,3,100,8989,5,10000,A1,HOSVD,2.9700000000002547
0.003933522736414765,3,100,8989,5,10000,A2,HOSVD,2.9700000000002547
2.500078761114372,3,100,8989,5,10000,A3,HOSVD,2.9700000000002547
13.385038577913546,3,100,8989,5,10000,core,HOSVD,2.9700000000002547
1.9664191555157573,3,100,8989,5,10000,A1,HOOI,9.230999999999767
0.004234992443617,3,100,8989,5,10000,A2,HOOI,9.230999999999767
2.4993487062241178,3,100,8989,5,10000,A3,HOOI,9.230999999999767
13.379474742765447,3,100,8989,5,10000,core,HOOI,9.230999999999767
1.1583661944354342,3,100,8989,5,10000,A1,Olga,5.351999999999862
0.010242825537963483,3,100,8989,5,10000,A2,Olga,5.351999999999862
2.886132028774386,3,100,8989,5,10000,A3,Tracy,5.351999999999862
13.372498097292697,3,100,8989,5,10000,core,Tracy_Olga,5.351999999999862
3.715322862093981,3,100,9991,5,10000,A1,NTD,304.8299999999999
0.3285039890972889,3,100,9991,5,10000,A2,NTD,304.8299999999999
9988.043156494407,3,100,9991,5,10000,A3,NTD,304.8299999999999
10.140339826905917,3,100,9991,5,10000,core,NTD,304.8299999999999
1.5668032476365896,3,100,9991,5,10000,A1,Ours,15.396999999999935
0.00842436204864952,3,100,9991,5,10000,A2,Ours,15.396999999999935
2.492184284993917,3,100,9991,5,10000,A3,Ours,15.396999999999935
13.364794347508186,3,100,9991,5,10000,core,Ours,15.396999999999935
1.5668032476365896,3,100,9991,5,10000,A1,HOSVD,3.2799999999997453
0.00842436204864952,3,100,9991,5,10000,A2,HOSVD,3.2799999999997453
2.4842559363502374,3,100,9991,5,10000,A3,HOSVD,3.2799999999997453
13.362655758366078,3,100,9991,5,10000,core,HOSVD,3.2799999999997453
1.5641458225801808,3,100,9991,5,10000,A1,HOOI,14.543999999999869
0.008114982112461309,3,100,9991,5,10000,A2,HOOI,14.543999999999869
2.4846179636078896,3,100,9991,5,10000,A3,HOOI,14.543999999999869
13.363045764516848,3,100,9991,5,10000,core,HOOI,14.543999999999869
1.6499795942059048,3,100,9991,5,10000,A1,Olga,6.72899999999936
0.009365102489278061,3,100,9991,5,10000,A2,Olga,6.72899999999936
2.911585528996482,3,100,9991,5,10000,A3,Tracy,6.72899999999936
13.363026597108108,3,100,9991,5,10000,core,Tracy_Olga,6.72899999999936
