error,K,Q1,R,Q2,M,mode,method,time
87.60622219349578,3,100,985,5,100,A1,NTD,36.726
4.219352783415272,3,100,985,5,100,A2,NTD,36.726
982.160828547642,3,100,985,5,100,A3,NTD,36.726
8.704798720439253,3,100,985,5,100,core,NTD,36.726
26.016093499105267,3,100,985,5,100,A1,Ours,2.769999999999996
0.13240977899698644,3,100,985,5,100,A2,Ours,2.769999999999996
4.612346712212789,3,100,985,5,100,A3,Ours,2.769999999999996
9.259430794955104,3,100,985,5,100,core,Ours,2.769999999999996
26.016093499105267,3,100,985,5,100,A1,HOSVD,5.022000000000006
0.13240977899698644,3,100,985,5,100,A2,HOSVD,5.022000000000006
2.552804272749059,3,100,985,5,100,A3,HOSVD,5.022000000000006
10.754291284412245,3,100,985,5,100,core,HOSVD,5.022000000000006
26.46936965948071,3,100,985,5,100,A1,HOOI,5.328000000000003
0.08035001281414807,3,100,985,5,100,A2,HOOI,5.328000000000003
2.576675216725683,3,100,985,5,100,A3,HOOI,5.328000000000003
10.61699594532436,3,100,985,5,100,core,HOOI,5.328000000000003
60.27682702531533,3,100,985,5,100,A1,Olga,5.849000000000004
3.9565017777629956,3,100,985,5,100,A2,Olga,5.849000000000004
2.899943671273303,3,100,985,5,100,A3,Tracy,5.849000000000004
9.615170781020641,3,100,985,5,100,core,Tracy_Olga,5.849000000000004
114.76505705061668,3,100,4535,5,100,A1,NTD,161.92700000000002
3.781395521312298,3,100,4535,5,100,A2,NTD,161.92700000000002
4532.460343899427,3,100,4535,5,100,A3,NTD,161.92700000000002
9.377327731010418,3,100,4535,5,100,core,NTD,161.92700000000002
23.863221942721484,3,100,4535,5,100,A1,Ours,6.383999999999986
0.13937417352938974,3,100,4535,5,100,A2,Ours,6.383999999999986
5.419892820627433,3,100,4535,5,100,A3,Ours,6.383999999999986
11.74820434539958,3,100,4535,5,100,core,Ours,6.383999999999986
23.863221942721484,3,100,4535,5,100,A1,HOSVD,7.753000000000014
0.13937417352938974,3,100,4535,5,100,A2,HOSVD,7.753000000000014
2.777579171718493,3,100,4535,5,100,A3,HOSVD,7.753000000000014
12.727253833770842,3,100,4535,5,100,core,HOSVD,7.753000000000014
23.50117342706825,3,100,4535,5,100,A1,HOOI,17.879999999999995
0.14085987436037847,3,100,4535,5,100,A2,HOOI,17.879999999999995
3.843210433140518,3,100,4535,5,100,A3,HOOI,17.879999999999995
10.944429592012645,3,100,4535,5,100,core,HOOI,17.879999999999995
76.04673106359363,3,100,4535,5,100,A1,Olga,15.427000000000021
3.766084038252375,3,100,4535,5,100,A2,Olga,15.427000000000021
3.4350649207238675,3,100,4535,5,100,A3,Tracy,15.427000000000021
11.571150949778868,3,100,4535,5,100,core,Tracy_Olga,15.427000000000021
125.18368587017994,3,100,8198,5,100,A1,NTD,293.84100000000007
3.80807305414723,3,100,8198,5,100,A2,NTD,293.84100000000007
8195.530492740814,3,100,8198,5,100,A3,NTD,293.84100000000007
9.198308874598913,3,100,8198,5,100,core,NTD,293.84100000000007
30.730440108197058,3,100,8198,5,100,A1,Ours,26.034999999999968
0.09170638481561443,3,100,8198,5,100,A2,Ours,26.034999999999968
5.291516227097703,3,100,8198,5,100,A3,Ours,26.034999999999968
10.731255679755597,3,100,8198,5,100,core,Ours,26.034999999999968
29.670997286945703,3,100,8198,5,100,A1,HOOI,18.31000000000006
0.06371312699495729,3,100,8198,5,100,A2,HOOI,18.31000000000006
3.7129611000914977,3,100,8198,5,100,A3,HOOI,18.31000000000006
10.354666079076921,3,100,8198,5,100,core,HOOI,18.31000000000006
12.824832539872297,3,100,999,5,500,A1,NTD,28.841999999999985
2.191879543265934,3,100,999,5,500,A2,NTD,28.841999999999985
996.0735853850434,3,100,999,5,500,A3,NTD,28.841999999999985
12.611619275497034,3,100,999,5,500,core,NTD,28.841999999999985
11.979438762679916,3,100,999,5,500,A1,Ours,0.5659999999999172
0.031317814967607556,3,100,999,5,500,A2,Ours,0.5659999999999172
2.588608949295601,3,100,999,5,500,A3,Ours,0.5659999999999172
12.72716010072718,3,100,999,5,500,core,Ours,0.5659999999999172
11.979438762679916,3,100,999,5,500,A1,HOSVD,0.5589999999999691
0.031317814967607556,3,100,999,5,500,A2,HOSVD,0.5589999999999691
2.5496220108326293,3,100,999,5,500,A3,HOSVD,0.5589999999999691
12.734790358458927,3,100,999,5,500,core,HOSVD,0.5589999999999691
10.411332109164409,3,100,999,5,500,A1,HOOI,0.9320000000000164
0.02733133848881889,3,100,999,5,500,A2,HOOI,0.9320000000000164
2.5583989695864284,3,100,999,5,500,A3,HOOI,0.9320000000000164
12.72716010072718,3,100,999,5,500,core,HOOI,0.9320000000000164
11.981768294967926,3,100,999,5,500,A1,Olga,0.4550000000000409
4.7563746552792745,3,100,999,5,500,A2,Olga,0.4550000000000409
2.794180507820758,3,100,999,5,500,A3,Tracy,0.4550000000000409
10.55923221378376,3,100,999,5,500,core,Tracy_Olga,0.4550000000000409
76.98263192819051,3,100,4922,5,500,A1,NTD,165.67399999999998
2.192649888673241,3,100,4922,5,500,A2,NTD,165.67399999999998
4919.167699051996,3,100,4922,5,500,A3,NTD,165.67399999999998
11.586427293219016,3,100,4922,5,500,core,NTD,165.67399999999998
15.013964281134053,3,100,4922,5,500,A1,Ours,8.663000000000011
0.06652174359711714,3,100,4922,5,500,A2,Ours,8.663000000000011
4.556479848236553,3,100,4922,5,500,A3,Ours,8.663000000000011
13.479175819556277,3,100,4922,5,500,core,Ours,8.663000000000011
15.013964281134053,3,100,4922,5,500,A1,HOSVD,9.053999999999974
0.06652174359711714,3,100,4922,5,500,A2,HOSVD,9.053999999999974
2.619635737453258,3,100,4922,5,500,A3,HOSVD,9.053999999999974
12.727253833770842,3,100,4922,5,500,core,HOSVD,9.053999999999974
15.077318368923834,3,100,4922,5,500,A1,HOOI,11.344999999999914
0.11161958718847086,3,100,4922,5,500,A2,HOOI,11.344999999999914
2.6246738280641098,3,100,4922,5,500,A3,HOOI,11.344999999999914
12.704686060518656,3,100,4922,5,500,core,HOOI,11.344999999999914
17.293223736845054,3,100,4922,5,500,A1,Olga,5.500999999999976
3.821863003847343,3,100,4922,5,500,A2,Olga,5.500999999999976
2.909028358330641,3,100,4922,5,500,A3,Tracy,5.500999999999976
9.963118003912111,3,100,4922,5,500,core,Tracy_Olga,5.500999999999976
66.06387520018043,3,100,9581,5,500,A1,NTD,316.2359999999999
4.025981929751184,3,100,9581,5,500,A2,NTD,316.2359999999999
9578.232605870055,3,100,9581,5,500,A3,NTD,316.2359999999999
10.283063573368494,3,100,9581,5,500,core,NTD,316.2359999999999
12.170074185427616,3,100,9581,5,500,A1,Ours,15.248000000000047
0.10373338202949738,3,100,9581,5,500,A2,Ours,15.248000000000047
5.369092490937097,3,100,9581,5,500,A3,Ours,15.248000000000047
10.091322162176297,3,100,9581,5,500,core,Ours,15.248000000000047
12.170074185427616,3,100,9581,5,500,A1,HOSVD,4.9520000000002256
0.10373338202949738,3,100,9581,5,500,A2,HOSVD,4.9520000000002256
2.6714089192417845,3,100,9581,5,500,A3,HOSVD,4.9520000000002256
10.805623488535849,3,100,9581,5,500,core,HOSVD,4.9520000000002256
12.183217406247689,3,100,9581,5,500,A1,HOOI,13.418999999999869
0.09112801341882792,3,100,9581,5,500,A2,HOOI,13.418999999999869
3.9013191769455724,3,100,9581,5,500,A3,HOOI,13.418999999999869
9.265903961270263,3,100,9581,5,500,core,HOOI,13.418999999999869
22.64614379851372,3,100,9581,5,500,A1,Olga,8.729000000000042
3.8741850968451415,3,100,9581,5,500,A2,Olga,8.729000000000042
3.9725188067539814,3,100,9581,5,500,A3,Tracy,8.729000000000042
10.778705502746956,3,100,9581,5,500,core,Tracy_Olga,8.729000000000042
8.953453461335304,3,100,998,5,1000,A1,NTD,28.488999999999805
3.478193305081974,3,100,998,5,1000,A2,NTD,28.488999999999805
995.023662006599,3,100,998,5,1000,A3,NTD,28.488999999999805
10.112651580509858,3,100,998,5,1000,core,NTD,28.488999999999805
9.811635585014452,3,100,998,5,1000,A1,Ours,2.117999999999938
0.039164675321211616,3,100,998,5,1000,A2,Ours,2.117999999999938
2.5374974969740456,3,100,998,5,1000,A3,Ours,2.117999999999938
12.335410431730223,3,100,998,5,1000,core,Ours,2.117999999999938
9.811635585014452,3,100,998,5,1000,A1,HOSVD,2.879000000000133
0.039164675321211616,3,100,998,5,1000,A2,HOSVD,2.879000000000133
2.52537628656048,3,100,998,5,1000,A3,HOSVD,2.879000000000133
12.30695994119943,3,100,998,5,1000,core,HOSVD,2.879000000000133
9.75965761969454,3,100,998,5,1000,A1,HOOI,3.298000000000002
0.0345662610990197,3,100,998,5,1000,A2,HOOI,3.298000000000002
2.521387809881903,3,100,998,5,1000,A3,HOOI,3.298000000000002
12.346593855281672,3,100,998,5,1000,core,HOOI,3.298000000000002
8.94913894570639,3,100,998,5,1000,A1,Olga,3.8379999999999654
0.3918230145243175,3,100,998,5,1000,A2,Olga,3.8379999999999654
2.913013231188231,3,100,998,5,1000,A3,Tracy,3.8379999999999654
10.40310662614584,3,100,998,5,1000,core,Tracy_Olga,3.8379999999999654
18.729665615053246,3,100,4956,5,1000,A1,NTD,156.88999999999987
4.219266804131734,3,100,4956,5,1000,A2,NTD,156.88999999999987
4953.081885578982,3,100,4956,5,1000,A3,NTD,156.88999999999987
10.413841890267975,3,100,4956,5,1000,core,NTD,156.88999999999987
11.685392228587462,3,100,4956,5,1000,A1,Ours,4.755000000000109
0.017393750906652926,3,100,4956,5,1000,A2,Ours,4.755000000000109
2.851934032209069,3,100,4956,5,1000,A3,Ours,4.755000000000109
8.759149754651075,3,100,4956,5,1000,core,Ours,4.755000000000109
11.685392228587462,3,100,4956,5,1000,A1,HOSVD,1.7729999999999109
0.017393750906652926,3,100,4956,5,1000,A2,HOSVD,1.7729999999999109
2.7920300084235574,3,100,4956,5,1000,A3,HOSVD,1.7729999999999109
12.58131709713744,3,100,4956,5,1000,core,HOSVD,1.7729999999999109
11.787251884437792,3,100,4956,5,1000,A1,HOOI,5.1340000000000146
0.04033909294378722,3,100,4956,5,1000,A2,HOOI,5.1340000000000146
2.8292686128897184,3,100,4956,5,1000,A3,HOOI,5.1340000000000146
12.637576803308722,3,100,4956,5,1000,core,HOOI,5.1340000000000146
10.435763416814416,3,100,4956,5,1000,A1,Olga,2.675999999999931
3.8374775654266644,3,100,4956,5,1000,A2,Olga,2.675999999999931
2.8648612677657894,3,100,4956,5,1000,A3,Tracy,2.675999999999931
9.849798799480965,3,100,4956,5,1000,core,Tracy_Olga,2.675999999999931
49.35403997965706,3,100,9793,5,1000,A1,NTD,322.43000000000006
4.219268312802875,3,100,9793,5,1000,A2,NTD,322.43000000000006
9790.146373500858,3,100,9793,5,1000,A3,NTD,322.43000000000006
11.488601490188566,3,100,9793,5,1000,core,NTD,322.43000000000006
12.354335708797713,3,100,9793,5,1000,A1,Ours,13.473999999999933
0.04462569032624586,3,100,9793,5,1000,A2,Ours,13.473999999999933
5.153722943280647,3,100,9793,5,1000,A3,Ours,13.473999999999933
9.904050027412351,3,100,9793,5,1000,core,Ours,13.473999999999933
12.354335708797713,3,100,9793,5,1000,A1,HOSVD,3.3789999999999054
0.04462569032624586,3,100,9793,5,1000,A2,HOSVD,3.3789999999999054
2.6316676683148894,3,100,9793,5,1000,A3,HOSVD,3.3789999999999054
12.727253833770842,3,100,9793,5,1000,core,HOSVD,3.3789999999999054
12.380927836900836,3,100,9793,5,1000,A1,HOOI,15.287999999999784
0.04314466867406633,3,100,9793,5,1000,A2,HOOI,15.287999999999784
2.7544307005042024,3,100,9793,5,1000,A3,HOOI,15.287999999999784
12.581410830181103,3,100,9793,5,1000,core,HOOI,15.287999999999784
11.907696778615659,3,100,9793,5,1000,A1,Olga,8.311999999999898
3.8385534644302775,3,100,9793,5,1000,A2,Olga,8.311999999999898
2.920546145989676,3,100,9793,5,1000,A3,Tracy,8.311999999999898
10.00724339911636,3,100,9793,5,1000,core,Tracy_Olga,8.311999999999898
11.497088475713776,3,100,1000,5,2500,A1,NTD,28.833000000000084
1.2239003588983417,3,100,1000,5,2500,A2,NTD,28.833000000000084
997.0004296949921,3,100,1000,5,2500,A3,NTD,28.833000000000084
10.739257906254094,3,100,1000,5,2500,core,NTD,28.833000000000084
6.483617390535657,3,100,1000,5,2500,A1,Ours,3.5009999999999764
0.040984916836723194,3,100,1000,5,2500,A2,Ours,3.5009999999999764
0.596742934512966,3,100,1000,5,2500,A3,Ours,3.5009999999999764
11.747159832936642,3,100,1000,5,2500,core,Ours,3.5009999999999764
6.483617390535657,3,100,1000,5,2500,A1,HOSVD,3.605000000000018
0.040984916836723194,3,100,1000,5,2500,A2,HOSVD,3.605000000000018
0.5949713088980757,3,100,1000,5,2500,A3,HOSVD,3.605000000000018
11.737503133806369,3,100,1000,5,2500,core,HOSVD,3.605000000000018
6.493287777931514,3,100,1000,5,2500,A1,HOOI,3.7329999999999472
0.03865851448804307,3,100,1000,5,2500,A2,HOOI,3.7329999999999472
0.6002414110914884,3,100,1000,5,2500,A3,HOOI,3.7329999999999472
11.71209726229686,3,100,1000,5,2500,core,HOOI,3.7329999999999472
4.559819450655127,3,100,1000,5,2500,A1,Olga,4.58400000000006
0.09498938738969315,3,100,1000,5,2500,A2,Olga,4.58400000000006
1.4978899283596614,3,100,1000,5,2500,A3,Tracy,4.58400000000006
10.504307980312127,3,100,1000,5,2500,core,Tracy_Olga,4.58400000000006
13.045500950856686,3,100,4981,5,2500,A1,NTD,157.07600000000002
0.21928540562959742,3,100,4981,5,2500,A2,NTD,157.07600000000002
4978.061234015888,3,100,4981,5,2500,A3,NTD,157.07600000000002
13.106282773646868,3,100,4981,5,2500,core,NTD,157.07600000000002
7.501419001569578,3,100,4981,5,2500,A1,Ours,5.2970000000000255
0.05212999459523751,3,100,4981,5,2500,A2,Ours,5.2970000000000255
2.6015623464059536,3,100,4981,5,2500,A3,Ours,5.2970000000000255
12.727253833770842,3,100,4981,5,2500,core,Ours,5.2970000000000255
7.501419001569578,3,100,4981,5,2500,A1,HOSVD,2.946999999999889
0.05212999459523751,3,100,4981,5,2500,A2,HOSVD,2.946999999999889
2.559337492253152,3,100,4981,5,2500,A3,HOSVD,2.946999999999889
12.727253833770842,3,100,4981,5,2500,core,HOSVD,2.946999999999889
7.502057478294434,3,100,4981,5,2500,A1,HOOI,4.91800000000012
0.0517067821591516,3,100,4981,5,2500,A2,HOOI,4.91800000000012
2.5601665401852234,3,100,4981,5,2500,A3,HOOI,4.91800000000012
12.727253833770842,3,100,4981,5,2500,core,HOOI,4.91800000000012
6.622682841151243,3,100,4981,5,2500,A1,Olga,2.7509999999999764
4.3530916941303435,3,100,4981,5,2500,A2,Olga,2.7509999999999764
2.8780367066248975,3,100,4981,5,2500,A3,Tracy,2.7509999999999764
9.673210013856577,3,100,4981,5,2500,core,Tracy_Olga,2.7509999999999764
8.364563976603392,3,100,9923,5,2500,A1,NTD,325.0999999999999
3.9993327526535167,3,100,9923,5,2500,A2,NTD,325.0999999999999
9920.075566021793,3,100,9923,5,2500,A3,NTD,325.0999999999999
9.590909005459402,3,100,9923,5,2500,core,NTD,325.0999999999999
5.4711154081777265,3,100,9923,5,2500,A1,Ours,13.94399999999996
0.023411759586697355,3,100,9923,5,2500,A2,Ours,13.94399999999996
2.8350825776512347,3,100,9923,5,2500,A3,Ours,13.94399999999996
8.7469402407631,3,100,9923,5,2500,core,Ours,13.94399999999996
5.4711154081777265,3,100,9923,5,2500,A1,HOSVD,3.0909999999998945
0.023411759586697355,3,100,9923,5,2500,A2,HOSVD,3.0909999999998945
2.5989307931408434,3,100,9923,5,2500,A3,HOSVD,3.0909999999998945
12.72716010072718,3,100,9923,5,2500,core,HOSVD,3.0909999999998945
5.4130842660735485,3,100,9923,5,2500,A1,HOOI,11.389000000000124
0.018779936810575458,3,100,9923,5,2500,A2,HOOI,11.389000000000124
3.5089474737530204,3,100,9923,5,2500,A3,HOOI,11.389000000000124
9.22638684578847,3,100,9923,5,2500,core,HOOI,11.389000000000124
6.037886314343318,3,100,9923,5,2500,A1,Olga,6.445999999999913
4.080011307645387,3,100,9923,5,2500,A2,Olga,6.445999999999913
2.8915760563853325,3,100,9923,5,2500,A3,Tracy,6.445999999999913
9.876531688965883,3,100,9923,5,2500,core,Tracy_Olga,6.445999999999913
13.559579216976479,3,100,1000,5,5000,A1,NTD,28.190999999999804
1.789787340498374,3,100,1000,5,5000,A2,NTD,28.190999999999804
997.0001989088614,3,100,1000,5,5000,A3,NTD,28.190999999999804
11.230161926279663,3,100,1000,5,5000,core,NTD,28.190999999999804
3.8822712244726993,3,100,1000,5,5000,A1,Ours,0.5799999999999272
0.0221268886972686,3,100,1000,5,5000,A2,Ours,0.5799999999999272
0.38388613068604316,3,100,1000,5,5000,A3,Ours,0.5799999999999272
11.466453535820209,3,100,1000,5,5000,core,Ours,0.5799999999999272
3.8822712244726993,3,100,1000,5,5000,A1,HOSVD,0.48700000000008004
0.0221268886972686,3,100,1000,5,5000,A2,HOSVD,0.48700000000008004
0.3836263677242189,3,100,1000,5,5000,A3,HOSVD,0.48700000000008004
11.464326153117455,3,100,1000,5,5000,core,HOSVD,0.48700000000008004
3.883878905418497,3,100,1000,5,5000,A1,HOOI,0.8919999999998254
0.021323592517573722,3,100,1000,5,5000,A2,HOOI,0.8919999999998254
0.3828792188003766,3,100,1000,5,5000,A3,HOOI,0.8919999999998254
11.486212051084133,3,100,1000,5,5000,core,HOOI,0.8919999999998254
3.9550281826109828,3,100,1000,5,5000,A1,Olga,0.5160000000000764
0.008901184953092561,3,100,1000,5,5000,A2,Olga,0.5160000000000764
1.4221242658363558,3,100,1000,5,5000,A3,Tracy,0.5160000000000764
11.511610608234724,3,100,1000,5,5000,core,Tracy_Olga,0.5160000000000764
9.00330466572673,3,100,4989,5,5000,A1,NTD,153.53099999999995
0.9605903528706026,3,100,4989,5,5000,A2,NTD,153.53099999999995
4986.043969255581,3,100,4989,5,5000,A3,NTD,153.53099999999995
12.941153194622215,3,100,4989,5,5000,core,NTD,153.53099999999995
5.2258761417546,3,100,4989,5,5000,A1,Ours,5.072999999999865
0.05368965223166415,3,100,4989,5,5000,A2,Ours,5.072999999999865
2.6075766015379602,3,100,4989,5,5000,A3,Ours,5.072999999999865
12.441134343546238,3,100,4989,5,5000,core,Ours,5.072999999999865
5.2258761417546,3,100,4989,5,5000,A1,HOSVD,1.719000000000051
0.05368965223166415,3,100,4989,5,5000,A2,HOSVD,1.719000000000051
2.598406398855088,3,100,4989,5,5000,A3,HOSVD,1.719000000000051
12.44376742049018,3,100,4989,5,5000,core,HOSVD,1.719000000000051
5.2099568570871115,3,100,4989,5,5000,A1,HOOI,4.4529999999999745
0.05043510793631236,3,100,4989,5,5000,A2,HOOI,4.4529999999999745
2.6028060410980123,3,100,4989,5,5000,A3,HOOI,4.4529999999999745
12.405389436299608,3,100,4989,5,5000,core,HOOI,4.4529999999999745
4.036217276167112,3,100,4989,5,5000,A1,Olga,2.5589999999997417
0.20459034381990485,3,100,4989,5,5000,A2,Olga,2.5589999999997417
2.8878839488422106,3,100,4989,5,5000,A3,Tracy,2.5589999999997417
11.607536554798374,3,100,4989,5,5000,core,Tracy_Olga,2.5589999999997417
6.162122771852953,3,100,9963,5,5000,A1,NTD,326.17700000000013
4.219277412170484,3,100,9963,5,5000,A2,NTD,326.17700000000013
9960.057712728867,3,100,9963,5,5000,A3,NTD,326.17700000000013
7.995894792116827,3,100,9963,5,5000,core,NTD,326.17700000000013
5.038743825894103,3,100,9963,5,5000,A1,Ours,14.040999999999713
0.01737221929876888,3,100,9963,5,5000,A2,Ours,14.040999999999713
2.62112228452269,3,100,9963,5,5000,A3,Ours,14.040999999999713
12.727253833770842,3,100,9963,5,5000,core,Ours,14.040999999999713
5.038743825894103,3,100,9963,5,5000,A1,HOSVD,3.2960000000002765
0.01737221929876888,3,100,9963,5,5000,A2,HOSVD,3.2960000000002765
2.5859061194607067,3,100,9963,5,5000,A3,HOSVD,3.2960000000002765
12.72716010072718,3,100,9963,5,5000,core,HOSVD,3.2960000000002765
5.050245208218183,3,100,9963,5,5000,A1,HOOI,10.80099999999993
0.014058754287782693,3,100,9963,5,5000,A2,HOOI,10.80099999999993
2.707034533714783,3,100,9963,5,5000,A3,HOOI,10.80099999999993
12.666600877754137,3,100,9963,5,5000,core,HOOI,10.80099999999993
4.705844166941574,3,100,9963,5,5000,A1,Olga,6.503999999999905
4.510759175860467,3,100,9963,5,5000,A2,Olga,6.503999999999905
2.8746038370772067,3,100,9963,5,5000,A3,Tracy,6.503999999999905
9.839646332190146,3,100,9963,5,5000,core,Tracy_Olga,6.503999999999905
10.678650420232174,3,100,1000,5,6000,A1,NTD,27.963000000000193
2.057861056344604,3,100,1000,5,6000,A2,NTD,27.963000000000193
997.0002066780054,3,100,1000,5,6000,A3,NTD,27.963000000000193
10.383475895822874,3,100,1000,5,6000,core,NTD,27.963000000000193
3.6244122030321404,3,100,1000,5,6000,A1,Ours,0.5070000000000618
0.012355188777718169,3,100,1000,5,6000,A2,Ours,0.5070000000000618
0.595776000087282,3,100,1000,5,6000,A3,Ours,0.5070000000000618
11.479242600227467,3,100,1000,5,6000,core,Ours,0.5070000000000618
3.6244122030321404,3,100,1000,5,6000,A1,HOSVD,0.48500000000012733
0.012355188777718169,3,100,1000,5,6000,A2,HOSVD,0.48500000000012733
0.5956261845957044,3,100,1000,5,6000,A3,HOSVD,0.48500000000012733
11.477735417350308,3,100,1000,5,6000,core,HOSVD,0.48500000000012733
3.6130060072199504,3,100,1000,5,6000,A1,HOOI,0.7039999999997235
0.01169615430050775,3,100,1000,5,6000,A2,HOOI,0.7039999999997235
0.5927019903317656,3,100,1000,5,6000,A3,HOOI,0.7039999999997235
11.47474483632251,3,100,1000,5,6000,core,HOOI,0.7039999999997235
3.477605074315052,3,100,1000,5,6000,A1,Olga,0.45899999999983265
0.035421928476658204,3,100,1000,5,6000,A2,Olga,0.45899999999983265
1.5881285349968264,3,100,1000,5,6000,A3,Tracy,0.45899999999983265
11.550478084403274,3,100,1000,5,6000,core,Tracy_Olga,0.45899999999983265
10.692822257230507,3,100,4992,5,6000,A1,NTD,158.99900000000025
0.18256522237841288,3,100,4992,5,6000,A2,NTD,158.99900000000025
4989.024762462706,3,100,4992,5,6000,A3,NTD,158.99900000000025
11.409704374738368,3,100,4992,5,6000,core,NTD,158.99900000000025
3.583874986539,3,100,4992,5,6000,A1,Ours,4.9340000000001965
0.016909914239490755,3,100,4992,5,6000,A2,Ours,4.9340000000001965
2.550911497933868,3,100,4992,5,6000,A3,Ours,4.9340000000001965
12.641970053154147,3,100,4992,5,6000,core,Ours,4.9340000000001965
3.583874986539,3,100,4992,5,6000,A1,HOSVD,1.6619999999998072
0.016909914239490755,3,100,4992,5,6000,A2,HOSVD,1.6619999999998072
2.5438580002543763,3,100,4992,5,6000,A3,HOSVD,1.6619999999998072
12.641970053154147,3,100,4992,5,6000,core,HOSVD,1.6619999999998072
3.537628045202278,3,100,4992,5,6000,A1,HOOI,4.831000000000131
0.01734926384301784,3,100,4992,5,6000,A2,HOOI,4.831000000000131
2.545753483713086,3,100,4992,5,6000,A3,HOOI,4.831000000000131
12.641970053154147,3,100,4992,5,6000,core,HOOI,4.831000000000131
3.2527278034080616,3,100,4992,5,6000,A1,Olga,2.9329999999999927
0.11057468809185288,3,100,4992,5,6000,A2,Olga,2.9329999999999927
2.8982386398150073,3,100,4992,5,6000,A3,Tracy,2.9329999999999927
12.641970053154147,3,100,4992,5,6000,core,Tracy_Olga,2.9329999999999927
7.712031683303566,3,100,9968,5,6000,A1,NTD,315.02
4.843135896553242,3,100,9968,5,6000,A2,NTD,315.02
9965.04965771122,3,100,9968,5,6000,A3,NTD,315.02
11.00908454136594,3,100,9968,5,6000,core,NTD,315.02
3.465707239094108,3,100,9968,5,6000,A1,Ours,12.80199999999968
0.02786407612473181,3,100,9968,5,6000,A2,Ours,12.80199999999968
2.69855576297916,3,100,9968,5,6000,A3,Ours,12.80199999999968
12.666600877754137,3,100,9968,5,6000,core,Ours,12.80199999999968
3.465707239094108,3,100,9968,5,6000,A1,HOSVD,3.3150000000000546
0.02786407612473181,3,100,9968,5,6000,A2,HOSVD,3.3150000000000546
2.684001717379095,3,100,9968,5,6000,A3,HOSVD,3.3150000000000546
12.666600877754137,3,100,9968,5,6000,core,HOSVD,3.3150000000000546
3.468216225060525,3,100,9968,5,6000,A1,HOOI,10.436999999999898
0.027051985351667526,3,100,9968,5,6000,A2,HOOI,10.436999999999898
2.681046680332091,3,100,9968,5,6000,A3,HOOI,10.436999999999898
12.666600877754137,3,100,9968,5,6000,core,HOOI,10.436999999999898
2.8561019326280324,3,100,9968,5,6000,A1,Olga,7.833000000000084
4.856091693841128,3,100,9968,5,6000,A2,Olga,7.833000000000084
2.8820618370620905,3,100,9968,5,6000,A3,Tracy,7.833000000000084
9.650121769162345,3,100,9968,5,6000,core,Tracy_Olga,7.833000000000084
12.685137533601022,3,100,1000,5,7000,A1,NTD,28.605000000000018
0.5519616261660055,3,100,1000,5,7000,A2,NTD,28.605000000000018
997.0001989244082,3,100,1000,5,7000,A3,NTD,28.605000000000018
10.258032227121394,3,100,1000,5,7000,core,NTD,28.605000000000018
4.460217945932103,3,100,1000,5,7000,A1,Ours,0.4819999999999709
0.015189784668935825,3,100,1000,5,7000,A2,Ours,0.4819999999999709
0.6123957135062881,3,100,1000,5,7000,A3,Ours,0.4819999999999709
11.299785950724203,3,100,1000,5,7000,core,Ours,0.4819999999999709
4.460217945932103,3,100,1000,5,7000,A1,HOSVD,0.4610000000002401
0.015189784668935825,3,100,1000,5,7000,A2,HOSVD,0.4610000000002401
0.6121928128901419,3,100,1000,5,7000,A3,HOSVD,0.4610000000002401
11.298913643506982,3,100,1000,5,7000,core,HOSVD,0.4610000000002401
4.462092277409672,3,100,1000,5,7000,A1,HOOI,0.68100000000004
0.015287566837392956,3,100,1000,5,7000,A2,HOOI,0.68100000000004
0.6119425885679951,3,100,1000,5,7000,A3,HOOI,0.68100000000004
11.290770702321703,3,100,1000,5,7000,core,HOOI,0.68100000000004
2.8799248174737055,3,100,1000,5,7000,A1,Olga,0.6469999999999345
0.027280499072682922,3,100,1000,5,7000,A2,Olga,0.6469999999999345
1.613133434905208,3,100,1000,5,7000,A3,Tracy,0.6469999999999345
11.32013150356777,3,100,1000,5,7000,core,Tracy_Olga,0.6469999999999345
11.95161092410416,3,100,4993,5,7000,A1,NTD,157.0239999999999
2.476577918464084,3,100,4993,5,7000,A2,NTD,157.0239999999999
4990.032637740357,3,100,4993,5,7000,A3,NTD,157.0239999999999
12.638140017219133,3,100,4993,5,7000,core,NTD,157.0239999999999
3.4730907210708506,3,100,4993,5,7000,A1,Ours,9.630999999999858
0.02329551166781527,3,100,4993,5,7000,A2,Ours,9.630999999999858
2.5630351305087546,3,100,4993,5,7000,A3,Ours,9.630999999999858
12.672576735014761,3,100,4993,5,7000,core,Ours,9.630999999999858
3.4730907210708506,3,100,4993,5,7000,A1,HOSVD,4.02599999999984
0.02329551166781527,3,100,4993,5,7000,A2,HOSVD,4.02599999999984
2.558095196975275,3,100,4993,5,7000,A3,HOSVD,4.02599999999984
12.671773517830148,3,100,4993,5,7000,core,HOSVD,4.02599999999984
3.475305424601316,3,100,4993,5,7000,A1,HOOI,12.423999999999978
0.0221203785160527,3,100,4993,5,7000,A2,HOOI,12.423999999999978
2.558524856558396,3,100,4993,5,7000,A3,HOOI,12.423999999999978
12.669303986353645,3,100,4993,5,7000,core,HOOI,12.423999999999978
3.7868012345110276,3,100,4993,5,7000,A1,Olga,15.704999999999927
0.13698280736517593,3,100,4993,5,7000,A2,Olga,15.704999999999927
2.8764041977526786,3,100,4993,5,7000,A3,Tracy,15.704999999999927
11.734003862125391,3,100,4993,5,7000,core,Tracy_Olga,15.704999999999927
6.357488551590403,3,100,9975,5,7000,A1,NTD,323.6970000000001
1.278247610394061,3,100,9975,5,7000,A2,NTD,323.6970000000001
9972.029484347346,3,100,9975,5,7000,A3,NTD,323.6970000000001
10.609012971192135,3,100,9975,5,7000,core,NTD,323.6970000000001
4.210076420339957,3,100,9975,5,7000,A1,Ours,13.02200000000039
0.005093020470020109,3,100,9975,5,7000,A2,Ours,13.02200000000039
2.6849327193553933,3,100,9975,5,7000,A3,Ours,13.02200000000039
12.666600877754137,3,100,9975,5,7000,core,Ours,13.02200000000039
4.210076420339957,3,100,9975,5,7000,A1,HOSVD,3.0299999999997453
0.005093020470020109,3,100,9975,5,7000,A2,HOSVD,3.0299999999997453
2.674302267510558,3,100,9975,5,7000,A3,HOSVD,3.0299999999997453
12.666507144710474,3,100,9975,5,7000,core,HOSVD,3.0299999999997453
4.2214953997289975,3,100,9975,5,7000,A1,HOOI,10.626999999999498
0.0056813445938050594,3,100,9975,5,7000,A2,HOOI,10.626999999999498
2.695201016542028,3,100,9975,5,7000,A3,HOOI,10.626999999999498
12.666507144710474,3,100,9975,5,7000,core,HOOI,10.626999999999498
3.738375801468846,3,100,9975,5,7000,A1,Olga,5.954999999999927
2.831640240725558,3,100,9975,5,7000,A2,Olga,5.954999999999927
2.8834588375383574,3,100,9975,5,7000,A3,Tracy,5.954999999999927
10.72427220705512,3,100,9975,5,7000,core,Tracy_Olga,5.954999999999927
16.186478755550088,3,100,1000,5,8000,A1,NTD,27.958999999999833
1.1549719887881387,3,100,1000,5,8000,A2,NTD,27.958999999999833
997.0000754633569,3,100,1000,5,8000,A3,NTD,27.958999999999833
12.851791726048583,3,100,1000,5,8000,core,NTD,27.958999999999833
3.6411655442242834,3,100,1000,5,8000,A1,Ours,0.5070000000005166
0.007049253633365417,3,100,1000,5,8000,A2,Ours,0.5070000000005166
1.0036977505687106,3,100,1000,5,8000,A3,Ours,0.5070000000005166
12.34346728912061,3,100,1000,5,8000,core,Ours,0.5070000000005166
3.6411655442242834,3,100,1000,5,8000,A1,HOSVD,0.501999999999498
0.007049253633365417,3,100,1000,5,8000,A2,HOSVD,0.501999999999498
1.0035844362234438,3,100,1000,5,8000,A3,HOSVD,0.501999999999498
12.342705804880852,3,100,1000,5,8000,core,HOSVD,0.501999999999498
3.5903516248621865,3,100,1000,5,8000,A1,HOOI,1.1410000000005311
0.008840925039708151,3,100,1000,5,8000,A2,HOOI,1.1410000000005311
1.0004065553523689,3,100,1000,5,8000,A3,HOOI,1.1410000000005311
12.344302977816694,3,100,1000,5,8000,core,HOOI,1.1410000000005311
3.0017789789216645,3,100,1000,5,8000,A1,Olga,0.5970000000006621
0.01529793654632417,3,100,1000,5,8000,A2,Olga,0.5970000000006621
1.6917233888435603,3,100,1000,5,8000,A3,Tracy,0.5970000000006621
12.308796195050936,3,100,1000,5,8000,core,Tracy_Olga,0.5970000000006621
8.688548643976587,3,100,4993,5,8000,A1,NTD,155.7560000000003
0.5949701336189974,3,100,4993,5,8000,A2,NTD,155.7560000000003
4990.020646165224,3,100,4993,5,8000,A3,NTD,155.7560000000003
10.93393696558018,3,100,4993,5,8000,core,NTD,155.7560000000003
2.3103436135348114,3,100,4993,5,8000,A1,Ours,5.117999999999483
0.004898977062076492,3,100,4993,5,8000,A2,Ours,5.117999999999483
2.563925967963946,3,100,4993,5,8000,A3,Ours,5.117999999999483
12.72716010072718,3,100,4993,5,8000,core,Ours,5.117999999999483
2.3103436135348114,3,100,4993,5,8000,A1,HOSVD,1.5709999999999127
0.004898977062076492,3,100,4993,5,8000,A2,HOSVD,1.5709999999999127
2.560157424018003,3,100,4993,5,8000,A3,HOSVD,1.5709999999999127
12.72716010072718,3,100,4993,5,8000,core,HOSVD,1.5709999999999127
2.312043206533382,3,100,4993,5,8000,A1,HOOI,4.277000000000044
0.004553315548033037,3,100,4993,5,8000,A2,HOOI,4.277000000000044
2.5506521160833344,3,100,4993,5,8000,A3,HOOI,4.277000000000044
12.687079161169509,3,100,4993,5,8000,core,HOOI,4.277000000000044
2.3664388542547923,3,100,4993,5,8000,A1,Olga,2.3840000000000146
0.0708402371066747,3,100,4993,5,8000,A2,Olga,2.3840000000000146
2.8524655891911688,3,100,4993,5,8000,A3,Tracy,2.3840000000000146
12.72716010072718,3,100,4993,5,8000,core,Tracy_Olga,2.3840000000000146
9.637574430395274,3,100,9975,5,8000,A1,NTD,322.10099999999966
0.4631710231355335,3,100,9975,5,8000,A2,NTD,322.10099999999966
9972.029625998302,3,100,9975,5,8000,A3,NTD,322.10099999999966
9.23037031177816,3,100,9975,5,8000,core,NTD,322.10099999999966
4.122443532916958,3,100,9975,5,8000,A1,Ours,13.319000000000415
0.014463501212430127,3,100,9975,5,8000,A2,Ours,13.319000000000415
3.086220167420275,3,100,9975,5,8000,A3,Ours,13.319000000000415
13.2396873497517,3,100,9975,5,8000,core,Ours,13.319000000000415
4.122443532916958,3,100,9975,5,8000,A1,HOSVD,3.8830000000007203
0.014463501212430127,3,100,9975,5,8000,A2,HOSVD,3.8830000000007203
3.0772542261592073,3,100,9975,5,8000,A3,HOSVD,3.8830000000007203
13.235415103796443,3,100,9975,5,8000,core,HOSVD,3.8830000000007203
4.123267332352286,3,100,9975,5,8000,A1,HOOI,11.084000000000742
0.015696011446906088,3,100,9975,5,8000,A2,HOOI,11.084000000000742
3.0389607945161043,3,100,9975,5,8000,A3,HOOI,11.084000000000742
13.158656109736675,3,100,9975,5,8000,core,HOOI,11.084000000000742
2.8258601577107387,3,100,9975,5,8000,A1,Olga,6.85399999999936
0.4927237720949387,3,100,9975,5,8000,A2,Olga,6.85399999999936
2.8794798192533175,3,100,9975,5,8000,A3,Tracy,6.85399999999936
12.72716010072718,3,100,9975,5,8000,core,Tracy_Olga,6.85399999999936
10.96716499544557,3,100,1000,5,9000,A1,NTD,27.551000000000386
4.008301319206514,3,100,1000,5,9000,A2,NTD,27.551000000000386
997.0000014325345,3,100,1000,5,9000,A3,NTD,27.551000000000386
11.470642635156139,3,100,1000,5,9000,core,NTD,27.551000000000386
3.3780863164393526,3,100,1000,5,9000,A1,Ours,0.7240000000001601
0.015184236023246565,3,100,1000,5,9000,A2,Ours,0.7240000000001601
0.10636656064881077,3,100,1000,5,9000,A3,Ours,0.7240000000001601
11.150624751089282,3,100,1000,5,9000,core,Ours,0.7240000000001601
3.3780863164393526,3,100,1000,5,9000,A1,HOSVD,0.7759999999998399
0.015184236023246565,3,100,1000,5,9000,A2,HOSVD,0.7759999999998399
0.10621716526622547,3,100,1000,5,9000,A3,HOSVD,0.7759999999998399
11.150299544847119,3,100,1000,5,9000,core,HOSVD,0.7759999999998399
3.368054201263771,3,100,1000,5,9000,A1,HOOI,0.7159999999994398
0.015286676017186562,3,100,1000,5,9000,A2,HOOI,0.7159999999994398
0.10521552856804066,3,100,1000,5,9000,A3,HOOI,0.7159999999994398
11.14988089563824,3,100,1000,5,9000,core,HOOI,0.7159999999994398
2.010185032523643,3,100,1000,5,9000,A1,Olga,0.47999999999956344
0.010987640400784834,3,100,1000,5,9000,A2,Olga,0.47999999999956344
1.3873591729119796,3,100,1000,5,9000,A3,Tracy,0.47999999999956344
11.161319718144004,3,100,1000,5,9000,core,Tracy_Olga,0.47999999999956344
24.35657364463784,3,100,4998,5,9000,A1,NTD,152.41200000000026
4.887901199096637,3,100,4998,5,9000,A2,NTD,152.41200000000026
4995.036680934597,3,100,4998,5,9000,A3,NTD,152.41200000000026
10.32475187690827,3,100,4998,5,9000,core,NTD,152.41200000000026
3.6315426345153807,3,100,4998,5,9000,A1,Ours,4.71100000000024
0.008235447150018674,3,100,4998,5,9000,A2,Ours,4.71100000000024
2.5680798949059844,3,100,4998,5,9000,A3,Ours,4.71100000000024
12.641970053154147,3,100,4998,5,9000,core,Ours,4.71100000000024
3.6315426345153807,3,100,4998,5,9000,A1,HOSVD,1.6700000000000728
0.008235447150018674,3,100,4998,5,9000,A2,HOSVD,1.6700000000000728
2.5654638944377024,3,100,4998,5,9000,A3,HOSVD,1.6700000000000728
12.641970053154147,3,100,4998,5,9000,core,HOSVD,1.6700000000000728
3.6263264177379533,3,100,4998,5,9000,A1,HOOI,4.3530000000000655
0.007945036434243385,3,100,4998,5,9000,A2,HOOI,4.3530000000000655
2.562254931242291,3,100,4998,5,9000,A3,HOOI,4.3530000000000655
12.641970053154147,3,100,4998,5,9000,core,HOOI,4.3530000000000655
2.394239596859765,3,100,4998,5,9000,A1,Olga,2.4200000000000728
0.06898083585783617,3,100,4998,5,9000,A2,Olga,2.4200000000000728
2.9675630834877946,3,100,4998,5,9000,A3,Tracy,2.4200000000000728
12.641970053154147,3,100,4998,5,9000,core,Tracy_Olga,2.4200000000000728
12.84964719257864,3,100,9977,5,9000,A1,NTD,325.22999999999956
3.9161698066438135,3,100,9977,5,9000,A2,NTD,325.22999999999956
9974.030806507202,3,100,9977,5,9000,A3,NTD,325.22999999999956
10.644528424826705,3,100,9977,5,9000,core,NTD,325.22999999999956
3.0434238875543715,3,100,9977,5,9000,A1,Ours,13.32300000000032
0.005831819307722469,3,100,9977,5,9000,A2,Ours,13.32300000000032
2.5515833444485865,3,100,9977,5,9000,A3,Ours,13.32300000000032
12.72716010072718,3,100,9977,5,9000,core,Ours,13.32300000000032
3.0434238875543715,3,100,9977,5,9000,A1,HOSVD,3.88799999999992
0.005831819307722469,3,100,9977,5,9000,A2,HOSVD,3.88799999999992
2.5396972127028903,3,100,9977,5,9000,A3,HOSVD,3.88799999999992
12.72716010072718,3,100,9977,5,9000,core,HOSVD,3.88799999999992
3.052379351710048,3,100,9977,5,9000,A1,HOOI,11.269000000000233
0.00556006303855927,3,100,9977,5,9000,A2,HOOI,11.269000000000233
2.5433094311186406,3,100,9977,5,9000,A3,HOOI,11.269000000000233
12.72716010072718,3,100,9977,5,9000,core,HOOI,11.269000000000233
2.9872474278494816,3,100,9977,5,9000,A1,Olga,6.059999999999491
0.22338653883284473,3,100,9977,5,9000,A2,Olga,6.059999999999491
2.8531114538463465,3,100,9977,5,9000,A3,Tracy,6.059999999999491
12.72716010072718,3,100,9977,5,9000,core,Tracy_Olga,6.059999999999491
8.421702683599358,3,100,1000,5,10000,A1,NTD,28.144999999999527
3.619157706671499,3,100,1000,5,10000,A2,NTD,28.144999999999527
997.0000453947548,3,100,1000,5,10000,A3,NTD,28.144999999999527
9.95506956974956,3,100,1000,5,10000,core,NTD,28.144999999999527
3.5296199192216897,3,100,1000,5,10000,A1,Ours,0.4489999999996144
0.01941002308549574,3,100,1000,5,10000,A2,Ours,0.4489999999996144
0.2652857716678008,3,100,1000,5,10000,A3,Ours,0.4489999999996144
11.234290264804688,3,100,1000,5,10000,core,Ours,0.4489999999996144
3.5296199192216897,3,100,1000,5,10000,A1,HOSVD,0.4580000000005384
0.01941002308549574,3,100,1000,5,10000,A2,HOSVD,0.4580000000005384
0.2652051324097372,3,100,1000,5,10000,A3,HOSVD,0.4580000000005384
11.234021427993406,3,100,1000,5,10000,core,HOSVD,0.4580000000005384
3.5287150041244013,3,100,1000,5,10000,A1,HOOI,0.694999999999709
0.019654642847770944,3,100,1000,5,10000,A2,HOOI,0.694999999999709
0.2658399393471922,3,100,1000,5,10000,A3,HOOI,0.694999999999709
11.233367937144335,3,100,1000,5,10000,core,HOOI,0.694999999999709
2.660381819088144,3,100,1000,5,10000,A1,Olga,0.4819999999999709
0.023141015109378462,3,100,1000,5,10000,A2,Olga,0.4819999999999709
1.4303696943862538,3,100,1000,5,10000,A3,Tracy,0.4819999999999709
11.257672601088014,3,100,1000,5,10000,core,Tracy_Olga,0.4819999999999709
26.46360289350935,3,100,5000,5,10000,A1,NTD,150.80099999999948
0.5278577176377778,3,100,5000,5,10000,A2,NTD,150.80099999999948
4997.0004156122195,3,100,5000,5,10000,A3,NTD,150.80099999999948
8.664935489873214,3,100,5000,5,10000,core,NTD,150.80099999999948
2.921964752390975,3,100,5000,5,10000,A1,Ours,4.519000000000233
0.00726624961305771,3,100,5000,5,10000,A2,Ours,4.519000000000233
1.6762524324555368,3,100,5000,5,10000,A3,Ours,4.519000000000233
13.104736033331397,3,100,5000,5,10000,core,Ours,4.519000000000233
2.921964752390975,3,100,5000,5,10000,A1,HOSVD,1.5600000000004002
0.00726624961305771,3,100,5000,5,10000,A2,HOSVD,1.5600000000004002
1.6751564650817243,3,100,5000,5,10000,A3,HOSVD,1.5600000000004002
13.095637164968874,3,100,5000,5,10000,core,HOSVD,1.5600000000004002
2.9252012325934933,3,100,5000,5,10000,A1,HOOI,3.9549999999999272
0.007058250704022551,3,100,5000,5,10000,A2,HOOI,3.9549999999999272
1.6791281859099658,3,100,5000,5,10000,A3,HOOI,3.9549999999999272
13.115920907757415,3,100,5000,5,10000,core,HOOI,3.9549999999999272
2.0996222256682073,3,100,5000,5,10000,A1,Olga,2.7039999999997235
0.07748138906555986,3,100,5000,5,10000,A2,Olga,2.7039999999997235
1.7197316804092455,3,100,5000,5,10000,A3,Tracy,2.7039999999997235
10.960431000323052,3,100,5000,5,10000,core,Tracy_Olga,2.7039999999997235
8.840780987826706,3,100,9983,5,10000,A1,NTD,325.64800000000014
0.12369057734947866,3,100,9983,5,10000,A2,NTD,325.64800000000014
9980.032049140827,3,100,9983,5,10000,A3,NTD,325.64800000000014
12.142763469428145,3,100,9983,5,10000,core,NTD,325.64800000000014
2.985691392017387,3,100,9983,5,10000,A1,Ours,13.333999999999833
0.01348431669802746,3,100,9983,5,10000,A2,Ours,13.333999999999833
2.589392717125192,3,100,9983,5,10000,A3,Ours,13.333999999999833
12.641970053154147,3,100,9983,5,10000,core,Ours,13.333999999999833
2.985691392017387,3,100,9983,5,10000,A1,HOSVD,3.1700000000000728
0.01348431669802746,3,100,9983,5,10000,A2,HOSVD,3.1700000000000728
2.579381837359411,3,100,9983,5,10000,A3,HOSVD,3.1700000000000728
12.641970053154147,3,100,9983,5,10000,core,HOSVD,3.1700000000000728
3.006140033866986,3,100,9983,5,10000,A1,HOOI,10.588000000000648
0.013903367393063049,3,100,9983,5,10000,A2,HOOI,10.588000000000648
2.579522911061337,3,100,9983,5,10000,A3,HOOI,10.588000000000648
12.641970053154147,3,100,9983,5,10000,core,HOOI,10.588000000000648
2.451946064340082,3,100,9983,5,10000,A1,Olga,6.747000000000298
0.247130497657552,3,100,9983,5,10000,A2,Olga,6.747000000000298
3.0135962139604535,3,100,9983,5,10000,A3,Tracy,6.747000000000298
12.641970053154147,3,100,9983,5,10000,core,Tracy_Olga,6.747000000000298
