error,K,Q1,R,Q2,M,mode,method,time
10.89569484588534,3,100,984,5,100,A1,NTD,37.067
4.084524385999059,3,100,984,5,100,A2,NTD,37.067
981.1816464923365,3,100,984,5,100,A3,NTD,37.067
10.930509174552999,3,100,984,5,100,core,NTD,37.067
16.46536290574985,3,100,984,5,100,A1,Ours,5.353999999999999
0.07027752892197518,3,100,984,5,100,A2,Ours,5.353999999999999
4.946356506192383,3,100,984,5,100,A3,Ours,5.353999999999999
9.066377027798945,3,100,984,5,100,core,Ours,5.353999999999999
16.46536290574985,3,100,984,5,100,A1,HOSVD,8.405000000000001
0.07027752892197518,3,100,984,5,100,A2,HOSVD,8.405000000000001
2.440874407519188,3,100,984,5,100,A3,HOSVD,8.405000000000001
8.894110269094565,3,100,984,5,100,core,HOSVD,8.405000000000001
16.328789375323716,3,100,984,5,100,A1,HOOI,6.471000000000004
0.07065385034913242,3,100,984,5,100,A2,HOOI,6.471000000000004
2.4570306761486624,3,100,984,5,100,A3,HOOI,6.471000000000004
8.957806991781842,3,100,984,5,100,core,HOOI,6.471000000000004
31.818211550904255,3,100,984,5,100,A1,Olga,3.7079999999999984
2.7808709421081743,3,100,984,5,100,A2,Olga,3.7079999999999984
2.799762409185521,3,100,984,5,100,A3,Tracy,3.7079999999999984
11.24935181089744,3,100,984,5,100,core,Tracy_Olga,3.7079999999999984
100.48366504291454,3,100,4550,5,100,A1,NTD,150.765
4.082206085976734,3,100,4550,5,100,A2,NTD,150.765
4547.469517963678,3,100,4550,5,100,A3,NTD,150.765
9.044806727335555,3,100,4550,5,100,core,NTD,150.765
12.935202785241952,3,100,4550,5,100,A1,Ours,4.751999999999981
0.06581099948347803,3,100,4550,5,100,A2,Ours,4.751999999999981
5.110533082707897,3,100,4550,5,100,A3,Ours,4.751999999999981
8.332141137540692,3,100,4550,5,100,core,Ours,4.751999999999981
12.935202785241952,3,100,4550,5,100,A1,HOSVD,3.1709999999999923
0.06581099948347803,3,100,4550,5,100,A2,HOSVD,3.1709999999999923
2.6850571129083285,3,100,4550,5,100,A3,HOSVD,3.1709999999999923
10.244732920042981,3,100,4550,5,100,core,HOSVD,3.1709999999999923
12.402942086138847,3,100,4550,5,100,A1,HOOI,10.009999999999991
0.17026538845053327,3,100,4550,5,100,A2,HOOI,10.009999999999991
2.707377255766732,3,100,4550,5,100,A3,HOOI,10.009999999999991
8.94867945156996,3,100,4550,5,100,core,HOOI,10.009999999999991
70.4910991988886,3,100,4550,5,100,A1,Olga,9.753000000000014
4.179060224745039,3,100,4550,5,100,A2,Olga,9.753000000000014
4.588753091395493,3,100,4550,5,100,A3,Tracy,9.753000000000014
11.090545180317076,3,100,4550,5,100,core,Tracy_Olga,9.753000000000014
115.50661567391927,3,100,8239,5,100,A1,NTD,283.546
3.9224763471475015,3,100,8239,5,100,A2,NTD,283.546
8236.55759485683,3,100,8239,5,100,A3,NTD,283.546
11.58359466802175,3,100,8239,5,100,core,NTD,283.546
14.940428890089906,3,100,8239,5,100,A1,Ours,10.961000000000013
0.05241307353875098,3,100,8239,5,100,A2,Ours,10.961000000000013
5.376646728724937,3,100,8239,5,100,A3,Ours,10.961000000000013
9.400183245331645,3,100,8239,5,100,core,Ours,10.961000000000013
14.970671998354684,3,100,8239,5,100,A1,HOOI,12.359000000000037
0.09133279709535597,3,100,8239,5,100,A2,HOOI,12.359000000000037
3.9167388736958966,3,100,8239,5,100,A3,HOOI,12.359000000000037
10.852972185473293,3,100,8239,5,100,core,HOOI,12.359000000000037
2.780182684056541,3,100,999,5,500,A1,NTD,27.61099999999999
2.161120964905743,3,100,999,5,500,A2,NTD,27.61099999999999
996.0843065589256,3,100,999,5,500,A3,NTD,27.61099999999999
9.658932004600743,3,100,999,5,500,core,NTD,27.61099999999999
12.349110462348039,3,100,999,5,500,A1,Ours,9.586000000000013
0.04414570763581286,3,100,999,5,500,A2,Ours,9.586000000000013
2.462008703785392,3,100,999,5,500,A3,Ours,9.586000000000013
10.238608381870176,3,100,999,5,500,core,Ours,9.586000000000013
12.349110462348039,3,100,999,5,500,A1,HOSVD,9.411000000000058
0.04414570763581286,3,100,999,5,500,A2,HOSVD,9.411000000000058
2.4367492833162494,3,100,999,5,500,A3,HOSVD,9.411000000000058
10.255503860623772,3,100,999,5,500,core,HOSVD,9.411000000000058
12.250305901055825,3,100,999,5,500,A1,HOOI,9.888000000000034
0.038536729955090554,3,100,999,5,500,A2,HOOI,9.888000000000034
2.435233263511495,3,100,999,5,500,A3,HOOI,9.888000000000034
10.222093290853003,3,100,999,5,500,core,HOOI,9.888000000000034
7.991931359876269,3,100,999,5,500,A1,Olga,2.6299999999999955
0.030868589250336035,3,100,999,5,500,A2,Olga,2.6299999999999955
2.875399247969907,3,100,999,5,500,A3,Tracy,2.6299999999999955
10.223332089147787,3,100,999,5,500,core,Tracy_Olga,2.6299999999999955
6.264788319711622,3,100,4923,5,500,A1,NTD,159.51699999999994
3.922479978870035,3,100,4923,5,500,A2,NTD,159.51699999999994
4920.181125884747,3,100,4923,5,500,A3,NTD,159.51699999999994
12.266908175754986,3,100,4923,5,500,core,NTD,159.51699999999994
6.700933117896101,3,100,4923,5,500,A1,Ours,6.322000000000003
0.044417814906548184,3,100,4923,5,500,A2,Ours,6.322000000000003
5.076912178159402,3,100,4923,5,500,A3,Ours,6.322000000000003
13.023539415824777,3,100,4923,5,500,core,Ours,6.322000000000003
6.700933117896101,3,100,4923,5,500,A1,HOSVD,2.3210000000000264
0.044417814906548184,3,100,4923,5,500,A2,HOSVD,2.3210000000000264
2.5040952748290706,3,100,4923,5,500,A3,HOSVD,2.3210000000000264
10.335198664046066,3,100,4923,5,500,core,HOSVD,2.3210000000000264
6.460808786562718,3,100,4923,5,500,A1,HOOI,6.000999999999976
0.04183944956971699,3,100,4923,5,500,A2,HOOI,6.000999999999976
2.514692595860804,3,100,4923,5,500,A3,HOOI,6.000999999999976
8.999449745749574,3,100,4923,5,500,core,HOOI,6.000999999999976
9.917341723450951,3,100,4923,5,500,A1,Olga,3.016999999999939
0.7064127536912146,3,100,4923,5,500,A2,Olga,3.016999999999939
2.942817864639793,3,100,4923,5,500,A3,Tracy,3.016999999999939
9.056315732037929,3,100,4923,5,500,core,Tracy_Olga,3.016999999999939
40.322333412694,3,100,9632,5,500,A1,NTD,317.413
4.082225972560507,3,100,9632,5,500,A2,NTD,317.413
9629.264329782363,3,100,9632,5,500,A3,NTD,317.413
8.34056812210677,3,100,9632,5,500,core,NTD,317.413
9.305660842454794,3,100,9632,5,500,A1,Ours,12.836999999999989
0.13309253206618982,3,100,9632,5,500,A2,Ours,12.836999999999989
5.4293539149051515,3,100,9632,5,500,A3,Ours,12.836999999999989
8.229249320456786,3,100,9632,5,500,core,Ours,12.836999999999989
9.305660842454794,3,100,9632,5,500,A1,HOSVD,3.6950000000001637
0.13309253206618982,3,100,9632,5,500,A2,HOSVD,3.6950000000001637
2.562301261475838,3,100,9632,5,500,A3,HOSVD,3.6950000000001637
9.022804967886872,3,100,9632,5,500,core,HOSVD,3.6950000000001637
9.343423405838202,3,100,9632,5,500,A1,HOOI,9.886999999999944
0.1308332716628856,3,100,9632,5,500,A2,HOOI,9.886999999999944
2.571362769840678,3,100,9632,5,500,A3,HOOI,9.886999999999944
9.043356018533574,3,100,9632,5,500,core,HOOI,9.886999999999944
12.793835686056756,3,100,9632,5,500,A1,Olga,6.637000000000171
3.467399106765133,3,100,9632,5,500,A2,Olga,6.637000000000171
3.011101942506494,3,100,9632,5,500,A3,Tracy,6.637000000000171
10.753926198449067,3,100,9632,5,500,core,Tracy_Olga,6.637000000000171
5.666905624486366,3,100,1000,5,1000,A1,NTD,27.750999999999976
0.8259215784027258,3,100,1000,5,1000,A2,NTD,27.750999999999976
997.0009458860112,3,100,1000,5,1000,A3,NTD,27.750999999999976
11.094496031068948,3,100,1000,5,1000,core,NTD,27.750999999999976
6.270911412506818,3,100,1000,5,1000,A1,Ours,0.8350000000000364
0.04589314328490304,3,100,1000,5,1000,A2,Ours,0.8350000000000364
0.6060823257658192,3,100,1000,5,1000,A3,Ours,0.8350000000000364
10.574761232536087,3,100,1000,5,1000,core,Ours,0.8350000000000364
6.270911412506818,3,100,1000,5,1000,A1,HOSVD,0.5779999999999745
0.04589314328490304,3,100,1000,5,1000,A2,HOSVD,0.5779999999999745
0.6030260396113285,3,100,1000,5,1000,A3,HOSVD,0.5779999999999745
10.56981302863029,3,100,1000,5,1000,core,HOSVD,0.5779999999999745
6.272383706916437,3,100,1000,5,1000,A1,HOOI,0.8099999999999454
0.0472150697622203,3,100,1000,5,1000,A2,HOOI,0.8099999999999454
0.5791894679265686,3,100,1000,5,1000,A3,HOOI,0.8099999999999454
10.56607676357652,3,100,1000,5,1000,core,HOOI,0.8099999999999454
6.198593468008724,3,100,1000,5,1000,A1,Olga,0.571999999999889
0.02511315621967374,3,100,1000,5,1000,A2,Olga,0.571999999999889
1.438254959497208,3,100,1000,5,1000,A3,Tracy,0.571999999999889
8.766203856355588,3,100,1000,5,1000,core,Tracy_Olga,0.571999999999889
2.791317207402183,3,100,4962,5,1000,A1,NTD,156.90300000000002
2.084572843069585,3,100,4962,5,1000,A2,NTD,156.90300000000002
4959.103439559324,3,100,4962,5,1000,A3,NTD,156.90300000000002
11.804061285238722,3,100,4962,5,1000,core,NTD,156.90300000000002
4.795910787856917,3,100,4962,5,1000,A1,Ours,5.726000000000113
0.02780493823616363,3,100,4962,5,1000,A2,Ours,5.726000000000113
2.85026920487138,3,100,4962,5,1000,A3,Ours,5.726000000000113
9.267224394911622,3,100,4962,5,1000,core,Ours,5.726000000000113
4.795910787856917,3,100,4962,5,1000,A1,HOSVD,2.175999999999931
0.02780493823616363,3,100,4962,5,1000,A2,HOSVD,2.175999999999931
2.499125008922769,3,100,4962,5,1000,A3,HOSVD,2.175999999999931
8.988702146049006,3,100,4962,5,1000,core,HOSVD,2.175999999999931
4.822752022495067,3,100,4962,5,1000,A1,HOOI,5.157999999999902
0.025991383969826407,3,100,4962,5,1000,A2,HOOI,5.157999999999902
2.5013251920349235,3,100,4962,5,1000,A3,HOOI,5.157999999999902
8.98524765336323,3,100,4962,5,1000,core,HOOI,5.157999999999902
6.51346021234895,3,100,4962,5,1000,A1,Olga,2.936000000000149
0.30583040986542853,3,100,4962,5,1000,A2,Olga,2.936000000000149
2.9163725758903185,3,100,4962,5,1000,A3,Tracy,2.936000000000149
9.005368784277195,3,100,4962,5,1000,core,Tracy_Olga,2.936000000000149
4.141375768223052,3,100,9825,5,1000,A1,NTD,331.08900000000017
0.08457662134762978,3,100,9825,5,1000,A2,NTD,331.08900000000017
9822.16551311104,3,100,9825,5,1000,A3,NTD,331.08900000000017
9.297964485891985,3,100,9825,5,1000,core,NTD,331.08900000000017
6.32406085500907,3,100,9825,5,1000,A1,Ours,14.828999999999951
0.025214370679168333,3,100,9825,5,1000,A2,Ours,14.828999999999951
5.168006829810632,3,100,9825,5,1000,A3,Ours,14.828999999999951
11.468516370523572,3,100,9825,5,1000,core,Ours,14.828999999999951
6.32406085500907,3,100,9825,5,1000,A1,HOSVD,4.018000000000029
0.025214370679168333,3,100,9825,5,1000,A2,HOSVD,4.018000000000029
2.512596684847286,3,100,9825,5,1000,A3,HOSVD,4.018000000000029
9.002460994841044,3,100,9825,5,1000,core,HOSVD,4.018000000000029
6.316555774684817,3,100,9825,5,1000,A1,HOOI,11.751999999999953
0.024406623650206242,3,100,9825,5,1000,A2,HOOI,11.751999999999953
2.518105531994662,3,100,9825,5,1000,A3,HOOI,11.751999999999953
9.010660466850208,3,100,9825,5,1000,core,HOOI,11.751999999999953
8.122351868343527,3,100,9825,5,1000,A1,Olga,7.523999999999887
0.21423804763718562,3,100,9825,5,1000,A2,Olga,7.523999999999887
2.9519551397078634,3,100,9825,5,1000,A3,Tracy,7.523999999999887
8.962506580442527,3,100,9825,5,1000,core,Tracy_Olga,7.523999999999887
3.4633147094213896,3,100,1000,5,2500,A1,NTD,30.057999999999993
0.1776730057066504,3,100,1000,5,2500,A2,NTD,30.057999999999993
997.0003080799585,3,100,1000,5,2500,A3,NTD,30.057999999999993
9.775055768690914,3,100,1000,5,2500,core,NTD,30.057999999999993
4.998075128358536,3,100,1000,5,2500,A1,Ours,0.6639999999999873
0.03907585718729424,3,100,1000,5,2500,A2,Ours,0.6639999999999873
0.18376922730195003,3,100,1000,5,2500,A3,Ours,0.6639999999999873
8.854431941104673,3,100,1000,5,2500,core,Ours,0.6639999999999873
4.998075128358536,3,100,1000,5,2500,A1,HOSVD,0.8089999999999691
0.03907585718729424,3,100,1000,5,2500,A2,HOSVD,0.8089999999999691
0.18302262615451975,3,100,1000,5,2500,A3,HOSVD,0.8089999999999691
8.852830618416816,3,100,1000,5,2500,core,HOSVD,0.8089999999999691
4.967384976608158,3,100,1000,5,2500,A1,HOOI,0.9279999999998836
0.03985556907258711,3,100,1000,5,2500,A2,HOOI,0.9279999999998836
0.1864552491737056,3,100,1000,5,2500,A3,HOOI,0.9279999999998836
8.858058926289285,3,100,1000,5,2500,core,HOOI,0.9279999999998836
4.7998614314793855,3,100,1000,5,2500,A1,Olga,0.6860000000001492
0.03141675699933779,3,100,1000,5,2500,A2,Olga,0.6860000000001492
1.3602899818460092,3,100,1000,5,2500,A3,Tracy,0.6860000000001492
8.822361383205523,3,100,1000,5,2500,core,Tracy_Olga,0.6860000000001492
3.6523691534605955,3,100,4984,5,2500,A1,NTD,150.84699999999998
4.770923269041489,3,100,4984,5,2500,A2,NTD,150.84699999999998
4981.058720435667,3,100,4984,5,2500,A3,NTD,150.84699999999998
12.312721968127734,3,100,4984,5,2500,core,NTD,150.84699999999998
4.423022717555373,3,100,4984,5,2500,A1,Ours,17.010999999999967
0.02139370874325209,3,100,4984,5,2500,A2,Ours,17.010999999999967
2.521755592057473,3,100,4984,5,2500,A3,Ours,17.010999999999967
9.015354659299193,3,100,4984,5,2500,core,Ours,17.010999999999967
4.423022717555373,3,100,4984,5,2500,A1,HOSVD,13.543999999999869
0.02139370874325209,3,100,4984,5,2500,A2,HOSVD,13.543999999999869
2.4918435061111914,3,100,4984,5,2500,A3,HOSVD,13.543999999999869
9.009411816615298,3,100,4984,5,2500,core,HOSVD,13.543999999999869
3.658199739851686,3,100,4984,5,2500,A1,HOOI,12.999000000000024
0.021702181016359495,3,100,4984,5,2500,A2,HOOI,12.999000000000024
2.4914664688408155,3,100,4984,5,2500,A3,HOOI,12.999000000000024
8.995618389369948,3,100,4984,5,2500,core,HOOI,12.999000000000024
4.1326992183283355,3,100,4984,5,2500,A1,Olga,11.327999999999975
0.10028846569007573,3,100,4984,5,2500,A2,Olga,11.327999999999975
2.931828259480686,3,100,4984,5,2500,A3,Tracy,11.327999999999975
8.998795752413647,3,100,4984,5,2500,core,Tracy_Olga,11.327999999999975
2.338745372495743,3,100,9937,5,2500,A1,NTD,338.24300000000017
2.080023908508015,3,100,9937,5,2500,A2,NTD,338.24300000000017
9934.074868566118,3,100,9937,5,2500,A3,NTD,338.24300000000017
8.712954255546196,3,100,9937,5,2500,core,NTD,338.24300000000017
3.027551992007966,3,100,9937,5,2500,A1,Ours,14.838999999999942
0.007239158416407954,3,100,9937,5,2500,A2,Ours,14.838999999999942
2.611089967922625,3,100,9937,5,2500,A3,Ours,14.838999999999942
9.03087273363632,3,100,9937,5,2500,core,Ours,14.838999999999942
3.027551992007966,3,100,9937,5,2500,A1,HOSVD,5.278999999999996
0.007239158416407954,3,100,9937,5,2500,A2,HOSVD,5.278999999999996
2.4880496255172964,3,100,9937,5,2500,A3,HOSVD,5.278999999999996
9.004437109577752,3,100,9937,5,2500,core,HOSVD,5.278999999999996
3.025983810526465,3,100,9937,5,2500,A1,HOOI,12.128999999999905
0.008439195210429946,3,100,9937,5,2500,A2,HOOI,12.128999999999905
2.49032266742939,3,100,9937,5,2500,A3,HOOI,12.128999999999905
9.00194529402403,3,100,9937,5,2500,core,HOOI,12.128999999999905
5.899034269812383,3,100,9937,5,2500,A1,Olga,7.4699999999998
0.1370922071225243,3,100,9937,5,2500,A2,Olga,7.4699999999998
2.923586207874186,3,100,9937,5,2500,A3,Tracy,7.4699999999998
9.030258150331598,3,100,9937,5,2500,core,Tracy_Olga,7.4699999999998
5.344795204573167,3,100,1000,5,5000,A1,NTD,28.369000000000142
1.0915922463370094,3,100,1000,5,5000,A2,NTD,28.369000000000142
997.0001605515235,3,100,1000,5,5000,A3,NTD,28.369000000000142
9.012826277320402,3,100,1000,5,5000,core,NTD,28.369000000000142
2.1786949365712998,3,100,1000,5,5000,A1,Ours,0.6019999999998618
0.011588574100747132,3,100,1000,5,5000,A2,Ours,0.6019999999998618
0.19622380153362623,3,100,1000,5,5000,A3,Ours,0.6019999999998618
9.228035755808117,3,100,1000,5,5000,core,Ours,0.6019999999998618
2.1786949365712998,3,100,1000,5,5000,A1,HOSVD,0.6140000000000327
0.011588574100747132,3,100,1000,5,5000,A2,HOSVD,0.6140000000000327
0.19609098404459985,3,100,1000,5,5000,A3,HOSVD,0.6140000000000327
9.22796321232456,3,100,1000,5,5000,core,HOSVD,0.6140000000000327
2.199917511417563,3,100,1000,5,5000,A1,HOOI,0.9510000000000218
0.011652346589424944,3,100,1000,5,5000,A2,HOOI,0.9510000000000218
0.18967568563068024,3,100,1000,5,5000,A3,HOOI,0.9510000000000218
9.24021806204121,3,100,1000,5,5000,core,HOOI,0.9510000000000218
2.8496238191994028,3,100,1000,5,5000,A1,Olga,0.9079999999999018
0.006519246600245358,3,100,1000,5,5000,A2,Olga,0.9079999999999018
1.334031457836942,3,100,1000,5,5000,A3,Tracy,0.9079999999999018
8.812485106957162,3,100,1000,5,5000,core,Tracy_Olga,0.9079999999999018
5.70580151790958,3,100,4996,5,5000,A1,NTD,156.4359999999997
0.7734467995623271,3,100,4996,5,5000,A2,NTD,156.4359999999997
4993.047604057452,3,100,4996,5,5000,A3,NTD,156.4359999999997
10.180161044772227,3,100,4996,5,5000,core,NTD,156.4359999999997
2.3585356050962805,3,100,4996,5,5000,A1,Ours,6.167000000000371
0.0345897539500934,3,100,4996,5,5000,A2,Ours,6.167000000000371
2.4527082404985077,3,100,4996,5,5000,A3,Ours,6.167000000000371
8.935687856047382,3,100,4996,5,5000,core,Ours,6.167000000000371
2.3585356050962805,3,100,4996,5,5000,A1,HOSVD,2.480000000000018
0.0345897539500934,3,100,4996,5,5000,A2,HOSVD,2.480000000000018
2.4447299869417902,3,100,4996,5,5000,A3,HOSVD,2.480000000000018
8.9348029284718,3,100,4996,5,5000,core,HOSVD,2.480000000000018
2.351860763640819,3,100,4996,5,5000,A1,HOOI,6.992000000000189
0.032714842419419465,3,100,4996,5,5000,A2,HOOI,6.992000000000189
2.4464646732848983,3,100,4996,5,5000,A3,HOOI,6.992000000000189
8.927650600704483,3,100,4996,5,5000,core,HOOI,6.992000000000189
2.1553782931332024,3,100,4996,5,5000,A1,Olga,5.332000000000335
0.04941206016489663,3,100,4996,5,5000,A2,Olga,5.332000000000335
2.9001717108405547,3,100,4996,5,5000,A3,Tracy,5.332000000000335
8.951387117706608,3,100,4996,5,5000,core,Tracy_Olga,5.332000000000335
5.01685500387539,3,100,9965,5,5000,A1,NTD,336.328
0.08457655768250384,3,100,9965,5,5000,A2,NTD,336.328
9962.051958293208,3,100,9965,5,5000,A3,NTD,336.328
12.824438822594555,3,100,9965,5,5000,core,NTD,336.328
3.0546619296486046,3,100,9965,5,5000,A1,Ours,14.873000000000047
0.0052701777179554,3,100,9965,5,5000,A2,Ours,14.873000000000047
2.507117364203531,3,100,9965,5,5000,A3,Ours,14.873000000000047
9.006020652870937,3,100,9965,5,5000,core,Ours,14.873000000000047
3.0546619296486046,3,100,9965,5,5000,A1,HOSVD,4.474999999999909
0.0052701777179554,3,100,9965,5,5000,A2,HOSVD,4.474999999999909
2.4772528516692613,3,100,9965,5,5000,A3,HOSVD,4.474999999999909
9.000292840857282,3,100,9965,5,5000,core,HOSVD,4.474999999999909
3.061225180294284,3,100,9965,5,5000,A1,HOOI,12.664000000000215
0.0047699955992784844,3,100,9965,5,5000,A2,HOOI,12.664000000000215
2.477312071064267,3,100,9965,5,5000,A3,HOOI,12.664000000000215
8.995288068194466,3,100,9965,5,5000,core,HOOI,12.664000000000215
2.4090662749579552,3,100,9965,5,5000,A1,Olga,8.047999999999774
0.020731033879471138,3,100,9965,5,5000,A2,Olga,8.047999999999774
2.9214848455179196,3,100,9965,5,5000,A3,Tracy,8.047999999999774
8.966148743463188,3,100,9965,5,5000,core,Tracy_Olga,8.047999999999774
5.988366476296832,3,100,1000,5,6000,A1,NTD,27.998000000000047
0.22053145278401495,3,100,1000,5,6000,A2,NTD,27.998000000000047
997.0000759056138,3,100,1000,5,6000,A3,NTD,27.998000000000047
12.379465327164157,3,100,1000,5,6000,core,NTD,27.998000000000047
2.422797064319391,3,100,1000,5,6000,A1,Ours,0.6459999999997308
0.006366532853973022,3,100,1000,5,6000,A2,Ours,0.6459999999997308
0.08821278288237007,3,100,1000,5,6000,A3,Ours,0.6459999999997308
9.195070214903366,3,100,1000,5,6000,core,Ours,0.6459999999997308
2.422797064319391,3,100,1000,5,6000,A1,HOSVD,0.51299999999992
0.006366532853973022,3,100,1000,5,6000,A2,HOSVD,0.51299999999992
0.0881133387862216,3,100,1000,5,6000,A3,HOSVD,0.51299999999992
9.195334342589572,3,100,1000,5,6000,core,HOSVD,0.51299999999992
2.429519484480697,3,100,1000,5,6000,A1,HOOI,1.1159999999999854
0.006707632063725488,3,100,1000,5,6000,A2,HOOI,1.1159999999999854
0.08790338331431058,3,100,1000,5,6000,A3,HOOI,1.1159999999999854
9.193931239975083,3,100,1000,5,6000,core,HOOI,1.1159999999999854
2.3346946967183566,3,100,1000,5,6000,A1,Olga,0.543999999999869
0.008307296288126874,3,100,1000,5,6000,A2,Olga,0.543999999999869
1.335058331000117,3,100,1000,5,6000,A3,Tracy,0.543999999999869
8.811982206881712,3,100,1000,5,6000,core,Tracy_Olga,0.543999999999869
2.3768827063850093,3,100,4995,5,6000,A1,NTD,157.51000000000022
0.08398395087847686,3,100,4995,5,6000,A2,NTD,157.51000000000022
4992.036638862292,3,100,4995,5,6000,A3,NTD,157.51000000000022
12.754914272619967,3,100,4995,5,6000,core,NTD,157.51000000000022
3.0468684111591817,3,100,4995,5,6000,A1,Ours,5.174999999999727
0.023892189005550398,3,100,4995,5,6000,A2,Ours,5.174999999999727
2.657219200905143,3,100,4995,5,6000,A3,Ours,5.174999999999727
9.489074983050019,3,100,4995,5,6000,core,Ours,5.174999999999727
3.0468684111591817,3,100,4995,5,6000,A1,HOSVD,2.0910000000003492
0.023892189005550398,3,100,4995,5,6000,A2,HOSVD,2.0910000000003492
2.6542299383349572,3,100,4995,5,6000,A3,HOSVD,2.0910000000003492
9.489986401237141,3,100,4995,5,6000,core,HOSVD,2.0910000000003492
3.0429153703948613,3,100,4995,5,6000,A1,HOOI,4.786000000000058
0.024348368377500842,3,100,4995,5,6000,A2,HOOI,4.786000000000058
2.653675825728605,3,100,4995,5,6000,A3,HOOI,4.786000000000058
9.470187431094331,3,100,4995,5,6000,core,HOOI,4.786000000000058
2.263082637037122,3,100,4995,5,6000,A1,Olga,3.79300000000012
0.03881876403845171,3,100,4995,5,6000,A2,Olga,3.79300000000012
2.9684048048696487,3,100,4995,5,6000,A3,Tracy,3.79300000000012
8.88136964803384,3,100,4995,5,6000,core,Tracy_Olga,3.79300000000012
3.4121371108368415,3,100,9969,5,6000,A1,NTD,331.08500000000004
1.1411213360409203,3,100,9969,5,6000,A2,NTD,331.08500000000004
9966.068016840149,3,100,9969,5,6000,A3,NTD,331.08500000000004
9.830205312139167,3,100,9969,5,6000,core,NTD,331.08500000000004
3.375001339025901,3,100,9969,5,6000,A1,Ours,14.08199999999988
0.025289600061273877,3,100,9969,5,6000,A2,Ours,14.08199999999988
2.502377669857079,3,100,9969,5,6000,A3,Ours,14.08199999999988
8.999010411150588,3,100,9969,5,6000,core,Ours,14.08199999999988
3.375001339025901,3,100,9969,5,6000,A1,HOSVD,3.8980000000001382
0.025289600061273877,3,100,9969,5,6000,A2,HOSVD,3.8980000000001382
2.481524027477977,3,100,9969,5,6000,A3,HOSVD,3.8980000000001382
8.995927742122522,3,100,9969,5,6000,core,HOSVD,3.8980000000001382
3.3710913169924193,3,100,9969,5,6000,A1,HOOI,12.784000000000106
0.024955134225491955,3,100,9969,5,6000,A2,HOOI,12.784000000000106
2.4826346222518154,3,100,9969,5,6000,A3,HOOI,12.784000000000106
8.998098006401975,3,100,9969,5,6000,core,HOOI,12.784000000000106
2.311254880529096,3,100,9969,5,6000,A1,Olga,10.628000000000156
0.03862022736957499,3,100,9969,5,6000,A2,Olga,10.628000000000156
2.918680904511474,3,100,9969,5,6000,A3,Tracy,10.628000000000156
8.992242807329449,3,100,9969,5,6000,core,Tracy_Olga,10.628000000000156
5.244644785139039,3,100,1000,5,7000,A1,NTD,30.409999999999854
0.8823123039179612,3,100,1000,5,7000,A2,NTD,30.409999999999854
997.0000950173325,3,100,1000,5,7000,A3,NTD,30.409999999999854
11.583170803880366,3,100,1000,5,7000,core,NTD,30.409999999999854
1.9270821681361454,3,100,1000,5,7000,A1,Ours,1.263999999999669
0.0106945846983445,3,100,1000,5,7000,A2,Ours,1.263999999999669
0.06925104427189845,3,100,1000,5,7000,A3,Ours,1.263999999999669
9.212654281830801,3,100,1000,5,7000,core,Ours,1.263999999999669
1.9270821681361454,3,100,1000,5,7000,A1,HOSVD,0.5910000000003492
0.0106945846983445,3,100,1000,5,7000,A2,HOSVD,0.5910000000003492
0.06924833723720888,3,100,1000,5,7000,A3,HOSVD,0.5910000000003492
9.212471449786005,3,100,1000,5,7000,core,HOSVD,0.5910000000003492
1.915111753139936,3,100,1000,5,7000,A1,HOOI,1.0170000000002801
0.010741443410927224,3,100,1000,5,7000,A2,HOOI,1.0170000000002801
0.06897949167221865,3,100,1000,5,7000,A3,HOOI,1.0170000000002801
9.210380372800595,3,100,1000,5,7000,core,HOOI,1.0170000000002801
1.9852216366144424,3,100,1000,5,7000,A1,Olga,0.6049999999995634
0.0162632710080701,3,100,1000,5,7000,A2,Olga,0.6049999999995634
1.3340893478267928,3,100,1000,5,7000,A3,Tracy,0.6049999999995634
8.82644389762264,3,100,1000,5,7000,core,Tracy_Olga,0.6049999999995634
6.4990025006050445,3,100,4998,5,7000,A1,NTD,159.92499999999973
0.0644959841504348,3,100,4998,5,7000,A2,NTD,159.92499999999973
4995.034475505675,3,100,4998,5,7000,A3,NTD,159.92499999999973
11.517596719411198,3,100,4998,5,7000,core,NTD,159.92499999999973
1.8157230039910366,3,100,4998,5,7000,A1,Ours,16.085000000000036
0.0029330159666192098,3,100,4998,5,7000,A2,Ours,16.085000000000036
2.472674346177722,3,100,4998,5,7000,A3,Ours,16.085000000000036
8.94543662294914,3,100,4998,5,7000,core,Ours,16.085000000000036
1.8157230039910366,3,100,4998,5,7000,A1,HOSVD,18.894000000000233
0.0029330159666192098,3,100,4998,5,7000,A2,HOSVD,18.894000000000233
2.4687160745710703,3,100,4998,5,7000,A3,HOSVD,18.894000000000233
8.945002343747655,3,100,4998,5,7000,core,HOSVD,18.894000000000233
1.8110288138208894,3,100,4998,5,7000,A1,HOOI,18.177000000000135
0.002669926455800055,3,100,4998,5,7000,A2,HOOI,18.177000000000135
2.4695524558477344,3,100,4998,5,7000,A3,HOOI,18.177000000000135
8.946800706012972,3,100,4998,5,7000,core,HOOI,18.177000000000135
2.028408984103271,3,100,4998,5,7000,A1,Olga,18.576000000000022
0.019256528639351407,3,100,4998,5,7000,A2,Olga,18.576000000000022
2.916268265756483,3,100,4998,5,7000,A3,Tracy,18.576000000000022
8.948519797556957,3,100,4998,5,7000,core,Tracy_Olga,18.576000000000022
1.8460164161420778,3,100,9976,5,7000,A1,NTD,338.9260000000004
0.2610620388185406,3,100,9976,5,7000,A2,NTD,338.9260000000004
9973.053514966401,3,100,9976,5,7000,A3,NTD,338.9260000000004
11.292858128530302,3,100,9976,5,7000,core,NTD,338.9260000000004
3.1684123577870076,3,100,9976,5,7000,A1,Ours,15.195999999999913
0.007650275204987484,3,100,9976,5,7000,A2,Ours,15.195999999999913
2.480139804218492,3,100,9976,5,7000,A3,Ours,15.195999999999913
9.00946005112657,3,100,9976,5,7000,core,Ours,15.195999999999913
3.1684123577870076,3,100,9976,5,7000,A1,HOSVD,3.7999999999992724
0.007650275204987484,3,100,9976,5,7000,A2,HOSVD,3.7999999999992724
2.4641465683992467,3,100,9976,5,7000,A3,HOSVD,3.7999999999992724
9.006143970041016,3,100,9976,5,7000,core,HOSVD,3.7999999999992724
3.1713902308691986,3,100,9976,5,7000,A1,HOOI,11.082999999999629
0.006813816499639396,3,100,9976,5,7000,A2,HOOI,11.082999999999629
2.46340963152884,3,100,9976,5,7000,A3,HOOI,11.082999999999629
9.000613512491611,3,100,9976,5,7000,core,HOOI,11.082999999999629
2.4773833529992975,3,100,9976,5,7000,A1,Olga,8.17199999999957
0.05001191944212628,3,100,9976,5,7000,A2,Olga,8.17199999999957
2.9243613637648673,3,100,9976,5,7000,A3,Tracy,8.17199999999957
8.97942271186034,3,100,9976,5,7000,core,Tracy_Olga,8.17199999999957
4.798269155471336,3,100,1000,5,8000,A1,NTD,30.43499999999949
0.7183540319725624,3,100,1000,5,8000,A2,NTD,30.43499999999949
997.0000673204315,3,100,1000,5,8000,A3,NTD,30.43499999999949
7.010158546494854,3,100,1000,5,8000,core,NTD,30.43499999999949
2.647808195013459,3,100,1000,5,8000,A1,Ours,0.819999999999709
0.015110915992817492,3,100,1000,5,8000,A2,Ours,0.819999999999709
0.06407477296548758,3,100,1000,5,8000,A3,Ours,0.819999999999709
9.183291162415719,3,100,1000,5,8000,core,Ours,0.819999999999709
2.647808195013459,3,100,1000,5,8000,A1,HOSVD,0.816000000000713
0.015110915992817492,3,100,1000,5,8000,A2,HOSVD,0.816000000000713
0.06406277135414955,3,100,1000,5,8000,A3,HOSVD,0.816000000000713
9.183283761621587,3,100,1000,5,8000,core,HOSVD,0.816000000000713
2.640108640650308,3,100,1000,5,8000,A1,HOOI,1.47400000000016
0.015061887725730548,3,100,1000,5,8000,A2,HOOI,1.47400000000016
0.06402724722882819,3,100,1000,5,8000,A3,HOOI,1.47400000000016
9.183195481133192,3,100,1000,5,8000,core,HOOI,1.47400000000016
1.9741752024611723,3,100,1000,5,8000,A1,Olga,0.7600000000002183
0.012576889899286943,3,100,1000,5,8000,A2,Olga,0.7600000000002183
1.3333942256917464,3,100,1000,5,8000,A3,Tracy,0.7600000000002183
8.82432900218441,3,100,1000,5,8000,core,Tracy_Olga,0.7600000000002183
4.650967286910825,3,100,4995,5,8000,A1,NTD,162.60099999999966
0.06709457836655175,3,100,4995,5,8000,A2,NTD,162.60099999999966
4992.049542639159,3,100,4995,5,8000,A3,NTD,162.60099999999966
10.496269534215308,3,100,4995,5,8000,core,NTD,162.60099999999966
2.653728741473828,3,100,4995,5,8000,A1,Ours,6.170000000000073
0.009549946102644234,3,100,4995,5,8000,A2,Ours,6.170000000000073
2.459767273898062,3,100,4995,5,8000,A3,Ours,6.170000000000073
8.974157793342467,3,100,4995,5,8000,core,Ours,6.170000000000073
2.653728741473828,3,100,4995,5,8000,A1,HOSVD,2.3430000000007567
0.009549946102644234,3,100,4995,5,8000,A2,HOSVD,2.3430000000007567
2.456537548149851,3,100,4995,5,8000,A3,HOSVD,2.3430000000007567
8.973799554267243,3,100,4995,5,8000,core,HOSVD,2.3430000000007567
2.651682621009609,3,100,4995,5,8000,A1,HOOI,5.436999999999898
0.009521498136071973,3,100,4995,5,8000,A2,HOOI,5.436999999999898
2.4560745082100093,3,100,4995,5,8000,A3,HOOI,5.436999999999898
8.973446299863548,3,100,4995,5,8000,core,HOOI,5.436999999999898
1.9033967892453012,3,100,4995,5,8000,A1,Olga,3.6220000000002983
0.0056402306683728705,3,100,4995,5,8000,A2,Olga,3.6220000000002983
2.9356990098981446,3,100,4995,5,8000,A3,Tracy,3.6220000000002983
8.986310981550274,3,100,4995,5,8000,core,Tracy_Olga,3.6220000000002983
5.199646123834395,3,100,9983,5,8000,A1,NTD,380.59000000000015
3.951194737520978,3,100,9983,5,8000,A2,NTD,380.59000000000015
9980.048331136559,3,100,9983,5,8000,A3,NTD,380.59000000000015
13.92506064206462,3,100,9983,5,8000,core,NTD,380.59000000000015
2.3466647151445588,3,100,9983,5,8000,A1,Ours,15.215000000000146
0.011942335871676361,3,100,9983,5,8000,A2,Ours,15.215000000000146
2.495929103832579,3,100,9983,5,8000,A3,Ours,15.215000000000146
8.997722368265732,3,100,9983,5,8000,core,Ours,15.215000000000146
2.3466647151445588,3,100,9983,5,8000,A1,HOSVD,3.604000000000269
0.011942335871676361,3,100,9983,5,8000,A2,HOSVD,3.604000000000269
2.4842061426139006,3,100,9983,5,8000,A3,HOSVD,3.604000000000269
8.995928993166558,3,100,9983,5,8000,core,HOSVD,3.604000000000269
2.3456779354442063,3,100,9983,5,8000,A1,HOOI,12.181000000000495
0.011882974039833101,3,100,9983,5,8000,A2,HOOI,12.181000000000495
2.4829665207177483,3,100,9983,5,8000,A3,HOOI,12.181000000000495
9.004367984032518,3,100,9983,5,8000,core,HOOI,12.181000000000495
1.6328422285036108,3,100,9983,5,8000,A1,Olga,7.949999999999818
0.038055561891217865,3,100,9983,5,8000,A2,Olga,7.949999999999818
2.920435018307105,3,100,9983,5,8000,A3,Tracy,7.949999999999818
9.00020157708932,3,100,9983,5,8000,core,Tracy_Olga,7.949999999999818
5.376146411437039,3,100,1000,5,9000,A1,NTD,30.779999999999745
0.14743216621741737,3,100,1000,5,9000,A2,NTD,30.779999999999745
997.0000901148477,3,100,1000,5,9000,A3,NTD,30.779999999999745
11.186678141790095,3,100,1000,5,9000,core,NTD,30.779999999999745
1.7973683480732494,3,100,1000,5,9000,A1,Ours,0.6929999999993015
0.006335544027648523,3,100,1000,5,9000,A2,Ours,0.6929999999993015
0.06297032776653422,3,100,1000,5,9000,A3,Ours,0.6929999999993015
9.194765410369723,3,100,1000,5,9000,core,Ours,0.6929999999993015
1.7973683480732494,3,100,1000,5,9000,A1,HOSVD,0.581000000000131
0.006335544027648523,3,100,1000,5,9000,A2,HOSVD,0.581000000000131
0.06298368932762169,3,100,1000,5,9000,A3,HOSVD,0.581000000000131
9.194749157374243,3,100,1000,5,9000,core,HOSVD,0.581000000000131
1.7874892646003635,3,100,1000,5,9000,A1,HOOI,0.9920000000001892
0.005552778599181871,3,100,1000,5,9000,A2,HOOI,0.9920000000001892
0.06295971111270116,3,100,1000,5,9000,A3,HOOI,0.9920000000001892
9.193454691310404,3,100,1000,5,9000,core,HOOI,0.9920000000001892
1.661428374370105,3,100,1000,5,9000,A1,Olga,1.0209999999997308
0.0064262232330919,3,100,1000,5,9000,A2,Olga,1.0209999999997308
1.3322334443559567,3,100,1000,5,9000,A3,Tracy,1.0209999999997308
8.814553688906432,3,100,1000,5,9000,core,Tracy_Olga,1.0209999999997308
4.319795907703667,3,100,4997,5,9000,A1,NTD,165.83399999999983
0.07232051258876898,3,100,4997,5,9000,A2,NTD,165.83399999999983
4994.01896181643,3,100,4997,5,9000,A3,NTD,165.83399999999983
9.761301977410245,3,100,4997,5,9000,core,NTD,165.83399999999983
1.5020276711103564,3,100,4997,5,9000,A1,Ours,5.582000000000335
0.01032448548000216,3,100,4997,5,9000,A2,Ours,5.582000000000335
2.4783300280414426,3,100,4997,5,9000,A3,Ours,5.582000000000335
9.008931784264384,3,100,4997,5,9000,core,Ours,5.582000000000335
1.5020276711103564,3,100,4997,5,9000,A1,HOSVD,2.41399999999976
0.01032448548000216,3,100,4997,5,9000,A2,HOSVD,2.41399999999976
2.475800403650359,3,100,4997,5,9000,A3,HOSVD,2.41399999999976
9.008637977734315,3,100,4997,5,9000,core,HOSVD,2.41399999999976
1.497208441244663,3,100,4997,5,9000,A1,HOOI,5.5330000000003565
0.01001152101460408,3,100,4997,5,9000,A2,HOOI,5.5330000000003565
2.4742196548197515,3,100,4997,5,9000,A3,HOOI,5.5330000000003565
9.011747834360984,3,100,4997,5,9000,core,HOOI,5.5330000000003565
1.779448541609638,3,100,4997,5,9000,A1,Olga,3.588999999999942
0.013873286548391406,3,100,4997,5,9000,A2,Olga,3.588999999999942
2.946096169245397,3,100,4997,5,9000,A3,Tracy,3.588999999999942
8.9970933252314,3,100,4997,5,9000,core,Tracy_Olga,3.588999999999942
5.784524800707278,3,100,9979,5,9000,A1,NTD,398.9409999999998
0.08402877875412944,3,100,9979,5,9000,A2,NTD,398.9409999999998
9976.038788718502,3,100,9979,5,9000,A3,NTD,398.9409999999998
11.188886580287525,3,100,9979,5,9000,core,NTD,398.9409999999998
1.9790463477964602,3,100,9979,5,9000,A1,Ours,14.235000000000582
0.005443046409779739,3,100,9979,5,9000,A2,Ours,14.235000000000582
2.493125798745183,3,100,9979,5,9000,A3,Ours,14.235000000000582
9.034749007796044,3,100,9979,5,9000,core,Ours,14.235000000000582
1.9790463477964602,3,100,9979,5,9000,A1,HOSVD,3.6870000000008076
0.005443046409779739,3,100,9979,5,9000,A2,HOSVD,3.6870000000008076
2.4836346106007388,3,100,9979,5,9000,A3,HOSVD,3.6870000000008076
9.03352386053185,3,100,9979,5,9000,core,HOSVD,3.6870000000008076
1.9796803290829228,3,100,9979,5,9000,A1,HOOI,12.819999999999709
0.006483010814667755,3,100,9979,5,9000,A2,HOOI,12.819999999999709
2.484917265024161,3,100,9979,5,9000,A3,HOOI,12.819999999999709
9.037874290688777,3,100,9979,5,9000,core,HOOI,12.819999999999709
1.8168382845825917,3,100,9979,5,9000,A1,Olga,6.746000000000095
0.034932998495784226,3,100,9979,5,9000,A2,Olga,6.746000000000095
2.925126794596326,3,100,9979,5,9000,A3,Tracy,6.746000000000095
8.981048590820093,3,100,9979,5,9000,core,Tracy_Olga,6.746000000000095
8.348642735002693,3,100,1000,5,10000,A1,NTD,30.301000000000386
0.2898576941037233,3,100,1000,5,10000,A2,NTD,30.301000000000386
997.0000885872661,3,100,1000,5,10000,A3,NTD,30.301000000000386
10.072587861076753,3,100,1000,5,10000,core,NTD,30.301000000000386
1.9953768726990222,3,100,1000,5,10000,A1,Ours,0.6670000000003711
0.013567939032582646,3,100,1000,5,10000,A2,Ours,0.6670000000003711
0.061588671460728855,3,100,1000,5,10000,A3,Ours,0.6670000000003711
9.190900292940901,3,100,1000,5,10000,core,Ours,0.6670000000003711
1.9953768726990222,3,100,1000,5,10000,A1,HOSVD,0.5309999999999491
0.013567939032582646,3,100,1000,5,10000,A2,HOSVD,0.5309999999999491
0.06159934778192611,3,100,1000,5,10000,A3,HOSVD,0.5309999999999491
9.190882740383698,3,100,1000,5,10000,core,HOSVD,0.5309999999999491
1.994693633014963,3,100,1000,5,10000,A1,HOOI,1.2139999999999418
0.013772316348646426,3,100,1000,5,10000,A2,HOOI,1.2139999999999418
0.061608476686834786,3,100,1000,5,10000,A3,HOOI,1.2139999999999418
9.190884674363067,3,100,1000,5,10000,core,HOOI,1.2139999999999418
1.8233473989303406,3,100,1000,5,10000,A1,Olga,0.8009999999994761
0.016782806554984007,3,100,1000,5,10000,A2,Olga,0.8009999999994761
1.3329515306766717,3,100,1000,5,10000,A3,Tracy,0.8009999999994761
8.806463537733384,3,100,1000,5,10000,core,Tracy_Olga,0.8009999999994761
3.74810780035998,3,100,4996,5,10000,A1,NTD,164.0020000000004
0.055888893501672456,3,100,4996,5,10000,A2,NTD,164.0020000000004
4993.026186234957,3,100,4996,5,10000,A3,NTD,164.0020000000004
9.809829903678311,3,100,4996,5,10000,core,NTD,164.0020000000004
1.5990901765923762,3,100,4996,5,10000,A1,Ours,4.975000000000364
0.01449598243120353,3,100,4996,5,10000,A2,Ours,4.975000000000364
2.4703227348405723,3,100,4996,5,10000,A3,Ours,4.975000000000364
9.035809172031751,3,100,4996,5,10000,core,Ours,4.975000000000364
1.5990901765923762,3,100,4996,5,10000,A1,HOSVD,2.354000000000269
0.01449598243120353,3,100,4996,5,10000,A2,HOSVD,2.354000000000269
2.468297279803299,3,100,4996,5,10000,A3,HOSVD,2.354000000000269
9.03526971612061,3,100,4996,5,10000,core,HOSVD,2.354000000000269
1.6093212793737142,3,100,4996,5,10000,A1,HOOI,4.795999999999367
0.014439731945194203,3,100,4996,5,10000,A2,HOOI,4.795999999999367
2.468422320623088,3,100,4996,5,10000,A3,HOOI,4.795999999999367
9.04964696625994,3,100,4996,5,10000,core,HOOI,4.795999999999367
1.458986476167117,3,100,4996,5,10000,A1,Olga,3.380000000000109
0.02891766539219825,3,100,4996,5,10000,A2,Olga,3.380000000000109
2.9358398135890234,3,100,4996,5,10000,A3,Tracy,3.380000000000109
9.010840808712421,3,100,4996,5,10000,core,Tracy_Olga,3.380000000000109
3.7763866919917355,3,100,9986,5,10000,A1,NTD,365.77999999999975
0.07823486136254153,3,100,9986,5,10000,A2,NTD,365.77999999999975
9983.034696112867,3,100,9986,5,10000,A3,NTD,365.77999999999975
12.685926912769606,3,100,9986,5,10000,core,NTD,365.77999999999975
1.6354622769978235,3,100,9986,5,10000,A1,Ours,12.819999999999709
0.006635600433390924,3,100,9986,5,10000,A2,Ours,12.819999999999709
2.46304996004448,3,100,9986,5,10000,A3,Ours,12.819999999999709
8.9881482432933,3,100,9986,5,10000,core,Ours,12.819999999999709
1.6354622769978235,3,100,9986,5,10000,A1,HOSVD,3.2950000000000728
0.006635600433390924,3,100,9986,5,10000,A2,HOSVD,3.2950000000000728
2.455547806387612,3,100,9986,5,10000,A3,HOSVD,3.2950000000000728
8.98710122747855,3,100,9986,5,10000,core,HOSVD,3.2950000000000728
1.6389892978107696,3,100,9986,5,10000,A1,HOOI,10.640999999999622
0.005901458342782183,3,100,9986,5,10000,A2,HOOI,10.640999999999622
2.456159996719855,3,100,9986,5,10000,A3,HOOI,10.640999999999622
8.987772133880563,3,100,9986,5,10000,core,HOOI,10.640999999999622
2.210294503391743,3,100,9986,5,10000,A1,Olga,5.871000000000095
0.02729790949275298,3,100,9986,5,10000,A2,Olga,5.871000000000095
2.897504727449,3,100,9986,5,10000,A3,Tracy,5.871000000000095
8.99007540962079,3,100,9986,5,10000,core,Tracy_Olga,5.871000000000095
