error,K,Q1,R,Q2,M,mode,method,time
40.59832918272651,3,100,980,5,100,A1,NTD,36.669
4.027616682361065,3,100,980,5,100,A2,NTD,36.669
977.2698354673554,3,100,980,5,100,A3,NTD,36.669
8.914405035649335,3,100,980,5,100,core,NTD,36.669
21.18991839618246,3,100,980,5,100,A1,Ours,5.049999999999997
0.0686904529773094,3,100,980,5,100,A2,Ours,5.049999999999997
3.6825884624636065,3,100,980,5,100,A3,Ours,5.049999999999997
11.209572434650031,3,100,980,5,100,core,Ours,5.049999999999997
21.18991839618246,3,100,980,5,100,A1,HOSVD,6.407000000000004
0.0686904529773094,3,100,980,5,100,A2,HOSVD,6.407000000000004
2.548838046080137,3,100,980,5,100,A3,HOSVD,6.407000000000004
6.370553914050077,3,100,980,5,100,core,HOSVD,6.407000000000004
21.227432161386208,3,100,980,5,100,A1,HOOI,5.9339999999999975
0.06702043745542427,3,100,980,5,100,A2,HOOI,5.9339999999999975
2.5964573304561935,3,100,980,5,100,A3,HOOI,5.9339999999999975
6.287147039834631,3,100,980,5,100,core,HOOI,5.9339999999999975
35.33412930210443,3,100,980,5,100,A1,Olga,5.375
0.14889254331326174,3,100,980,5,100,A2,Olga,5.375
2.8982748722252354,3,100,980,5,100,A3,Tracy,5.375
11.689676478933016,3,100,980,5,100,core,Tracy_Olga,5.375
70.72184145553987,3,100,4525,5,100,A1,NTD,169.223
3.9889172225801888,3,100,4525,5,100,A2,NTD,169.223
4522.551558812215,3,100,4525,5,100,A3,NTD,169.223
9.435233649899804,3,100,4525,5,100,core,NTD,169.223
16.70855269763969,3,100,4525,5,100,A1,Ours,12.864000000000004
0.09759393554736094,3,100,4525,5,100,A2,Ours,12.864000000000004
5.406328553769865,3,100,4525,5,100,A3,Ours,12.864000000000004
10.148040256484496,3,100,4525,5,100,core,Ours,12.864000000000004
16.70855269763969,3,100,4525,5,100,A1,HOSVD,18.09499999999997
0.09759393554736094,3,100,4525,5,100,A2,HOSVD,18.09499999999997
2.6836591062726405,3,100,4525,5,100,A3,HOSVD,18.09499999999997
11.68947026074592,3,100,4525,5,100,core,HOSVD,18.09499999999997
16.124083453964737,3,100,4525,5,100,A1,HOOI,15.838000000000022
0.060035023196711376,3,100,4525,5,100,A2,HOOI,15.838000000000022
2.7800569630797503,3,100,4525,5,100,A3,HOOI,15.838000000000022
6.375812250936608,3,100,4525,5,100,core,HOOI,15.838000000000022
68.0385897820795,3,100,4525,5,100,A1,Olga,9.814999999999998
4.072720659268046,3,100,4525,5,100,A2,Olga,9.814999999999998
3.138352698786498,3,100,4525,5,100,A3,Tracy,9.814999999999998
12.902983148381045,3,100,4525,5,100,core,Tracy_Olga,9.814999999999998
120.3708424596919,3,100,8268,5,100,A1,NTD,278.44000000000005
3.933133196745801,3,100,8268,5,100,A2,NTD,278.44000000000005
8265.607714328014,3,100,8268,5,100,A3,NTD,278.44000000000005
11.408533102340307,3,100,8268,5,100,core,NTD,278.44000000000005
15.736346789263013,3,100,8268,5,100,A1,Ours,26.75
0.07362892466137566,3,100,8268,5,100,A2,Ours,26.75
5.303454215145428,3,100,8268,5,100,A3,Ours,26.75
10.52101033568081,3,100,8268,5,100,core,Ours,26.75
15.736346789263013,3,100,8268,5,100,A1,HOSVD,21.79600000000005
0.07362892466137566,3,100,8268,5,100,A2,HOSVD,21.79600000000005
4.057687676081228,3,100,8268,5,100,A3,HOSVD,21.79600000000005
9.580670549608175,3,100,8268,5,100,core,HOSVD,21.79600000000005
76.51637176025886,3,100,8268,5,100,A1,Olga,13.298999999999978
0.9806199672315762,3,100,8268,5,100,A2,Olga,13.298999999999978
4.076061904190887,3,100,8268,5,100,A3,Tracy,13.298999999999978
12.342265618010831,3,100,8268,5,100,core,Tracy_Olga,13.298999999999978
4.76345847997524,3,100,996,5,500,A1,NTD,28.37799999999993
1.5717601527327258,3,100,996,5,500,A2,NTD,28.37799999999993
993.1044677541763,3,100,996,5,500,A3,NTD,28.37799999999993
8.153412307105908,3,100,996,5,500,core,NTD,28.37799999999993
6.782528289725887,3,100,996,5,500,A1,Ours,1.55499999999995
0.019556691798496617,3,100,996,5,500,A2,Ours,1.55499999999995
2.5567438757182868,3,100,996,5,500,A3,Ours,1.55499999999995
11.762741508129483,3,100,996,5,500,core,Ours,1.55499999999995
6.782528289725887,3,100,996,5,500,A1,HOSVD,1.3080000000001064
0.019556691798496617,3,100,996,5,500,A2,HOSVD,1.3080000000001064
2.5290288572425097,3,100,996,5,500,A3,HOSVD,1.3080000000001064
11.761201154916275,3,100,996,5,500,core,HOSVD,1.3080000000001064
6.772819501229028,3,100,996,5,500,A1,HOOI,2.324999999999932
0.022579773443279817,3,100,996,5,500,A2,HOOI,2.324999999999932
2.5284485151133054,3,100,996,5,500,A3,HOOI,2.324999999999932
11.745601552659574,3,100,996,5,500,core,HOOI,2.324999999999932
8.085609820977517,3,100,996,5,500,A1,Olga,1.8980000000000246
0.0359324627133858,3,100,996,5,500,A2,Olga,1.8980000000000246
2.918891915259615,3,100,996,5,500,A3,Tracy,1.8980000000000246
11.413438321275951,3,100,996,5,500,core,Tracy_Olga,1.8980000000000246
93.37287588842138,3,100,4891,5,500,A1,NTD,164.0540000000001
3.9889448801514025,3,100,4891,5,500,A2,NTD,164.0540000000001
4888.203552057222,3,100,4891,5,500,A3,NTD,164.0540000000001
9.146367318063948,3,100,4891,5,500,core,NTD,164.0540000000001
11.222784381851634,3,100,4891,5,500,A1,Ours,14.935999999999922
0.036514943497883666,3,100,4891,5,500,A2,Ours,14.935999999999922
3.240217645949999,3,100,4891,5,500,A3,Ours,14.935999999999922
10.473961817800241,3,100,4891,5,500,core,Ours,14.935999999999922
11.222784381851634,3,100,4891,5,500,A1,HOSVD,10.380999999999972
0.036514943497883666,3,100,4891,5,500,A2,HOSVD,10.380999999999972
2.5056964762233545,3,100,4891,5,500,A3,HOSVD,10.380999999999972
10.002667126182931,3,100,4891,5,500,core,HOSVD,10.380999999999972
11.382052954059608,3,100,4891,5,500,A1,HOOI,7.02800000000002
0.0274138112357683,3,100,4891,5,500,A2,HOOI,7.02800000000002
2.7045891032283538,3,100,4891,5,500,A3,HOOI,7.02800000000002
10.897196764819912,3,100,4891,5,500,core,HOOI,7.02800000000002
19.89415458702937,3,100,4891,5,500,A1,Olga,4.43100000000004
0.12037612336805531,3,100,4891,5,500,A2,Olga,4.43100000000004
2.9298354179109842,3,100,4891,5,500,A3,Tracy,4.43100000000004
10.052483802545337,3,100,4891,5,500,core,Tracy_Olga,4.43100000000004
60.10646127047621,3,100,9621,5,500,A1,NTD,318.30600000000004
3.999688683433529,3,100,9621,5,500,A2,NTD,318.30600000000004
9618.328453153821,3,100,9621,5,500,A3,NTD,318.30600000000004
8.875906149515743,3,100,9621,5,500,core,NTD,318.30600000000004
6.768160665190564,3,100,9621,5,500,A1,Ours,14.740000000000009
0.058114561467131703,3,100,9621,5,500,A2,Ours,14.740000000000009
3.6161690221166998,3,100,9621,5,500,A3,Ours,14.740000000000009
10.87066643427553,3,100,9621,5,500,core,Ours,14.740000000000009
6.768160665190564,3,100,9621,5,500,A1,HOSVD,4.423000000000002
0.058114561467131703,3,100,9621,5,500,A2,HOSVD,4.423000000000002
2.5718336931682457,3,100,9621,5,500,A3,HOSVD,4.423000000000002
9.976628114312131,3,100,9621,5,500,core,HOSVD,4.423000000000002
6.712836730633214,3,100,9621,5,500,A1,HOOI,14.197999999999865
0.05149318875605866,3,100,9621,5,500,A2,HOOI,14.197999999999865
3.8494748843940547,3,100,9621,5,500,A3,HOOI,14.197999999999865
12.727814628207257,3,100,9621,5,500,core,HOOI,14.197999999999865
40.856530170391515,3,100,9621,5,500,A1,Olga,11.529999999999973
0.3919328495492289,3,100,9621,5,500,A2,Olga,11.529999999999973
2.9791926418858448,3,100,9621,5,500,A3,Tracy,11.529999999999973
7.921530713630408,3,100,9621,5,500,core,Tracy_Olga,11.529999999999973
4.362756256437737,3,100,999,5,1000,A1,NTD,28.641999999999825
0.05106942876621381,3,100,999,5,1000,A2,NTD,28.641999999999825
996.0373430540623,3,100,999,5,1000,A3,NTD,28.641999999999825
13.338660154357964,3,100,999,5,1000,core,NTD,28.641999999999825
7.27320962022698,3,100,999,5,1000,A1,Ours,3.269999999999982
0.012651829506021145,3,100,999,5,1000,A2,Ours,3.269999999999982
2.5773160933759884,3,100,999,5,1000,A3,Ours,3.269999999999982
11.457874256611497,3,100,999,5,1000,core,Ours,3.269999999999982
7.27320962022698,3,100,999,5,1000,A1,HOSVD,3.5920000000000982
0.012651829506021145,3,100,999,5,1000,A2,HOSVD,3.5920000000000982
2.5704118963327165,3,100,999,5,1000,A3,HOSVD,3.5920000000000982
11.448271354420166,3,100,999,5,1000,core,HOSVD,3.5920000000000982
7.177011917804649,3,100,999,5,1000,A1,HOOI,2.5
0.012237374153664791,3,100,999,5,1000,A2,HOOI,2.5
2.577705549657072,3,100,999,5,1000,A3,HOOI,2.5
11.455426904379369,3,100,999,5,1000,core,HOOI,2.5
6.805939528174754,3,100,999,5,1000,A1,Olga,0.7319999999999709
0.010534243215816747,3,100,999,5,1000,A2,Olga,0.7319999999999709
3.0053744064307906,3,100,999,5,1000,A3,Tracy,0.7319999999999709
11.328935081447925,3,100,999,5,1000,core,Tracy_Olga,0.7319999999999709
3.929880285423024,3,100,4952,5,1000,A1,NTD,161.039
3.9996750069530447,3,100,4952,5,1000,A2,NTD,161.039
4949.151601631389,3,100,4952,5,1000,A3,NTD,161.039
12.113403952736586,3,100,4952,5,1000,core,NTD,161.039
5.050753083923222,3,100,4952,5,1000,A1,Ours,5.038999999999987
0.019725616162551286,3,100,4952,5,1000,A2,Ours,5.038999999999987
2.9322447210776215,3,100,4952,5,1000,A3,Ours,5.038999999999987
10.47433318223407,3,100,4952,5,1000,core,Ours,5.038999999999987
5.050753083923222,3,100,4952,5,1000,A1,HOSVD,2.048000000000002
0.019725616162551286,3,100,4952,5,1000,A2,HOSVD,2.048000000000002
2.5177097362812324,3,100,4952,5,1000,A3,HOSVD,2.048000000000002
6.3326100115882,3,100,4952,5,1000,core,HOSVD,2.048000000000002
5.027375662183595,3,100,4952,5,1000,A1,HOOI,4.652000000000044
0.01700935667118434,3,100,4952,5,1000,A2,HOOI,4.652000000000044
2.693275443895191,3,100,4952,5,1000,A3,HOOI,4.652000000000044
6.193874175730264,3,100,4952,5,1000,core,HOOI,4.652000000000044
9.079414338534166,3,100,4952,5,1000,A1,Olga,2.640999999999849
0.1058277043512104,3,100,4952,5,1000,A2,Olga,2.640999999999849
2.926734929057734,3,100,4952,5,1000,A3,Tracy,2.640999999999849
6.494646989298432,3,100,4952,5,1000,core,Tracy_Olga,2.640999999999849
28.529583911082987,3,100,9806,5,1000,A1,NTD,331.491
2.0113881063685617,3,100,9806,5,1000,A2,NTD,331.491
9803.236291353533,3,100,9806,5,1000,A3,NTD,331.491
12.604823176053788,3,100,9806,5,1000,core,NTD,331.491
6.299818285485762,3,100,9806,5,1000,A1,Ours,15.894000000000005
0.009588090363065464,3,100,9806,5,1000,A2,Ours,15.894000000000005
3.2461916969409272,3,100,9806,5,1000,A3,Ours,15.894000000000005
11.600803798114214,3,100,9806,5,1000,core,Ours,15.894000000000005
6.299818285485762,3,100,9806,5,1000,A1,HOSVD,5.37299999999982
0.009588090363065464,3,100,9806,5,1000,A2,HOSVD,5.37299999999982
2.5253912371977756,3,100,9806,5,1000,A3,HOSVD,5.37299999999982
11.833023656693477,3,100,9806,5,1000,core,HOSVD,5.37299999999982
6.30590649670646,3,100,9806,5,1000,A1,HOOI,20.535000000000082
0.00891573830044867,3,100,9806,5,1000,A2,HOOI,20.535000000000082
3.133153607147364,3,100,9806,5,1000,A3,HOOI,20.535000000000082
11.783479879366984,3,100,9806,5,1000,core,HOOI,20.535000000000082
14.864052031871612,3,100,9806,5,1000,A1,Olga,14.691000000000031
0.033835180364916284,3,100,9806,5,1000,A2,Olga,14.691000000000031
2.935193837341103,3,100,9806,5,1000,A3,Tracy,14.691000000000031
6.523424126153531,3,100,9806,5,1000,core,Tracy_Olga,14.691000000000031
7.690892797303461,3,100,1000,5,2500,A1,NTD,28.310999999999922
1.8109855100022088,3,100,1000,5,2500,A2,NTD,28.310999999999922
997.0004654915638,3,100,1000,5,2500,A3,NTD,28.310999999999922
13.7095759303164,3,100,1000,5,2500,core,NTD,28.310999999999922
5.126738755728696,3,100,1000,5,2500,A1,Ours,4.582000000000107
0.009231763414426606,3,100,1000,5,2500,A2,Ours,4.582000000000107
0.3583160285737854,3,100,1000,5,2500,A3,Ours,4.582000000000107
11.172900898582961,3,100,1000,5,2500,core,Ours,4.582000000000107
5.126738755728696,3,100,1000,5,2500,A1,HOSVD,4.287000000000035
0.009231763414426606,3,100,1000,5,2500,A2,HOSVD,4.287000000000035
0.35800601103989615,3,100,1000,5,2500,A3,HOSVD,4.287000000000035
11.172281581275588,3,100,1000,5,2500,core,HOSVD,4.287000000000035
5.124049735933995,3,100,1000,5,2500,A1,HOOI,6.2409999999999854
0.00944811232453817,3,100,1000,5,2500,A2,HOOI,6.2409999999999854
0.3629275901657907,3,100,1000,5,2500,A3,HOOI,6.2409999999999854
11.251367435233593,3,100,1000,5,2500,core,HOOI,6.2409999999999854
3.3744753366760616,3,100,1000,5,2500,A1,Olga,5.921000000000049
0.018140212620077947,3,100,1000,5,2500,A2,Olga,5.921000000000049
1.408129474087542,3,100,1000,5,2500,A3,Tracy,5.921000000000049
11.175297507125059,3,100,1000,5,2500,core,Tracy_Olga,5.921000000000049
3.7344618670316043,3,100,4983,5,2500,A1,NTD,156.24799999999982
1.0171846260890085,3,100,4983,5,2500,A2,NTD,156.24799999999982
4980.0799481218955,3,100,4983,5,2500,A3,NTD,156.24799999999982
9.652235056694927,3,100,4983,5,2500,core,NTD,156.24799999999982
4.846654984422158,3,100,4983,5,2500,A1,Ours,5.926000000000386
0.006681266470938807,3,100,4983,5,2500,A2,Ours,5.926000000000386
2.515186219441464,3,100,4983,5,2500,A3,Ours,5.926000000000386
11.369744682431369,3,100,4983,5,2500,core,Ours,5.926000000000386
4.846654984422158,3,100,4983,5,2500,A1,HOSVD,1.7519999999999527
0.006681266470938807,3,100,4983,5,2500,A2,HOSVD,1.7519999999999527
2.480433026345675,3,100,4983,5,2500,A3,HOSVD,1.7519999999999527
11.341139506972302,3,100,4983,5,2500,core,HOSVD,1.7519999999999527
4.856974899800132,3,100,4983,5,2500,A1,HOOI,4.373999999999796
0.004897444432225013,3,100,4983,5,2500,A2,HOOI,4.373999999999796
2.604616166346881,3,100,4983,5,2500,A3,HOOI,4.373999999999796
11.248427405018443,3,100,4983,5,2500,core,HOOI,4.373999999999796
3.7518767562002733,3,100,4983,5,2500,A1,Olga,2.5210000000001855
0.02374277400320867,3,100,4983,5,2500,A2,Olga,2.5210000000001855
2.876286435845766,3,100,4983,5,2500,A3,Tracy,2.5210000000001855
11.763112415446617,3,100,4983,5,2500,core,Tracy_Olga,2.5210000000001855
7.926086351808181,3,100,9923,5,2500,A1,NTD,335.41600000000017
1.273817304050735,3,100,9923,5,2500,A2,NTD,335.41600000000017
9920.109284745744,3,100,9923,5,2500,A3,NTD,335.41600000000017
14.952741214931228,3,100,9923,5,2500,core,NTD,335.41600000000017
4.2243882490988085,3,100,9923,5,2500,A1,Ours,14.889999999999873
0.00797226006401887,3,100,9923,5,2500,A2,Ours,14.889999999999873
2.8877714987288394,3,100,9923,5,2500,A3,Ours,14.889999999999873
12.111138325759914,3,100,9923,5,2500,core,Ours,14.889999999999873
4.2243882490988085,3,100,9923,5,2500,A1,HOSVD,3.59900000000016
0.00797226006401887,3,100,9923,5,2500,A2,HOSVD,3.59900000000016
2.4634982437520074,3,100,9923,5,2500,A3,HOSVD,3.59900000000016
11.855716144674895,3,100,9923,5,2500,core,HOSVD,3.59900000000016
4.235799677584427,3,100,9923,5,2500,A1,HOOI,12.027999999999793
0.0074487541957393546,3,100,9923,5,2500,A2,HOOI,12.027999999999793
3.771058354598303,3,100,9923,5,2500,A3,HOOI,12.027999999999793
8.527745177860151,3,100,9923,5,2500,core,HOOI,12.027999999999793
4.577628049407696,3,100,9923,5,2500,A1,Olga,6.40099999999984
0.022081252450473196,3,100,9923,5,2500,A2,Olga,6.40099999999984
2.9463317768810517,3,100,9923,5,2500,A3,Tracy,6.40099999999984
6.48635095335579,3,100,9923,5,2500,core,Tracy_Olga,6.40099999999984
4.302485288726538,3,100,1000,5,5000,A1,NTD,27.983000000000175
1.4283761763612715,3,100,1000,5,5000,A2,NTD,27.983000000000175
997.0001551126015,3,100,1000,5,5000,A3,NTD,27.983000000000175
9.81359682665042,3,100,1000,5,5000,core,NTD,27.983000000000175
2.5089016344576964,3,100,1000,5,5000,A1,Ours,0.6189999999996871
0.0037850972349451764,3,100,1000,5,5000,A2,Ours,0.6189999999996871
0.46743352193175197,3,100,1000,5,5000,A3,Ours,0.6189999999996871
11.621979098166593,3,100,1000,5,5000,core,Ours,0.6189999999996871
2.5089016344576964,3,100,1000,5,5000,A1,HOSVD,0.3959999999997308
0.0037850972349451764,3,100,1000,5,5000,A2,HOSVD,0.3959999999997308
0.4673993215381748,3,100,1000,5,5000,A3,HOSVD,0.3959999999997308
11.62153759356149,3,100,1000,5,5000,core,HOSVD,0.3959999999997308
2.503137585120442,3,100,1000,5,5000,A1,HOOI,0.8009999999999309
0.003322981539380635,3,100,1000,5,5000,A2,HOOI,0.8009999999999309
0.44988081162883975,3,100,1000,5,5000,A3,HOOI,0.8009999999999309
11.61167422625495,3,100,1000,5,5000,core,HOOI,0.8009999999999309
2.8127783450795154,3,100,1000,5,5000,A1,Olga,0.9309999999995853
0.0046110922521419,3,100,1000,5,5000,A2,Olga,0.9309999999995853
1.5190971274135803,3,100,1000,5,5000,A3,Tracy,0.9309999999995853
11.563309073827064,3,100,1000,5,5000,core,Tracy_Olga,0.9309999999995853
4.168355447898745,3,100,4989,5,5000,A1,NTD,157.57999999999993
4.431211623910622,3,100,4989,5,5000,A2,NTD,157.57999999999993
4986.032721703861,3,100,4989,5,5000,A3,NTD,157.57999999999993
11.51484630700963,3,100,4989,5,5000,core,NTD,157.57999999999993
3.011076100793451,3,100,4989,5,5000,A1,Ours,5.4409999999998035
0.007237084611964233,3,100,4989,5,5000,A2,Ours,5.4409999999998035
2.4571751572660765,3,100,4989,5,5000,A3,Ours,5.4409999999998035
11.825684991679971,3,100,4989,5,5000,core,Ours,5.4409999999998035
3.011076100793451,3,100,4989,5,5000,A1,HOSVD,1.7800000000002
0.007237084611964233,3,100,4989,5,5000,A2,HOSVD,1.7800000000002
2.448806606964428,3,100,4989,5,5000,A3,HOSVD,1.7800000000002
11.823513581823244,3,100,4989,5,5000,core,HOSVD,1.7800000000002
2.9970371243877905,3,100,4989,5,5000,A1,HOOI,4.312000000000353
0.007248652877675737,3,100,4989,5,5000,A2,HOOI,4.312000000000353
2.4429380836147256,3,100,4989,5,5000,A3,HOOI,4.312000000000353
11.832039528839944,3,100,4989,5,5000,core,HOOI,4.312000000000353
3.5068192183668385,3,100,4989,5,5000,A1,Olga,2.4729999999999563
0.008680250688494965,3,100,4989,5,5000,A2,Olga,2.4729999999999563
2.9036286040640986,3,100,4989,5,5000,A3,Tracy,2.4729999999999563
11.770915883588337,3,100,4989,5,5000,core,Tracy_Olga,2.4729999999999563
4.424914270516193,3,100,9959,5,5000,A1,NTD,340.09900000000016
0.9032568331280275,3,100,9959,5,5000,A2,NTD,340.09900000000016
9956.073963161085,3,100,9959,5,5000,A3,NTD,340.09900000000016
6.218493744648509,3,100,9959,5,5000,core,NTD,340.09900000000016
3.9208811848337506,3,100,9959,5,5000,A1,Ours,15.007000000000062
0.005657729741621973,3,100,9959,5,5000,A2,Ours,15.007000000000062
2.5861366656898426,3,100,9959,5,5000,A3,Ours,15.007000000000062
11.33451204210494,3,100,9959,5,5000,core,Ours,15.007000000000062
3.9208811848337506,3,100,9959,5,5000,A1,HOSVD,3.47400000000016
0.005657729741621973,3,100,9959,5,5000,A2,HOSVD,3.47400000000016
2.5720204381084506,3,100,9959,5,5000,A3,HOSVD,3.47400000000016
11.3247664003118,3,100,9959,5,5000,core,HOSVD,3.47400000000016
3.9311499373794967,3,100,9959,5,5000,A1,HOOI,12.338000000000193
0.006067159675383471,3,100,9959,5,5000,A2,HOOI,12.338000000000193
2.5916148637522767,3,100,9959,5,5000,A3,HOOI,12.338000000000193
11.250378083758092,3,100,9959,5,5000,core,HOOI,12.338000000000193
3.0923235198672536,3,100,9959,5,5000,A1,Olga,8.534999999999854
0.007832285346945276,3,100,9959,5,5000,A2,Olga,8.534999999999854
2.8877976317132457,3,100,9959,5,5000,A3,Tracy,8.534999999999854
11.76387502201147,3,100,9959,5,5000,core,Tracy_Olga,8.534999999999854
5.268186309557625,3,100,1000,5,6000,A1,NTD,28.192999999999756
0.3394771682967044,3,100,1000,5,6000,A2,NTD,28.192999999999756
997.0001884178718,3,100,1000,5,6000,A3,NTD,28.192999999999756
11.806531641357601,3,100,1000,5,6000,core,NTD,28.192999999999756
2.538955488319349,3,100,1000,5,6000,A1,Ours,1.3829999999998108
0.004051924307397405,3,100,1000,5,6000,A2,Ours,1.3829999999998108
0.31885537667985675,3,100,1000,5,6000,A3,Ours,1.3829999999998108
11.628425331162932,3,100,1000,5,6000,core,Ours,1.3829999999998108
2.538955488319349,3,100,1000,5,6000,A1,HOSVD,3.913000000000011
0.004051924307397405,3,100,1000,5,6000,A2,HOSVD,3.913000000000011
0.31874855175718453,3,100,1000,5,6000,A3,HOSVD,3.913000000000011
11.627988732757727,3,100,1000,5,6000,core,HOSVD,3.913000000000011
2.524400587629153,3,100,1000,5,6000,A1,HOOI,1.6739999999999782
0.003931816144727173,3,100,1000,5,6000,A2,HOOI,1.6739999999999782
0.3197880236053927,3,100,1000,5,6000,A3,HOOI,1.6739999999999782
11.641162293232021,3,100,1000,5,6000,core,HOOI,1.6739999999999782
2.6801129866746263,3,100,1000,5,6000,A1,Olga,1.5360000000000582
0.003227622435810233,3,100,1000,5,6000,A2,Olga,1.5360000000000582
1.4844479175549445,3,100,1000,5,6000,A3,Tracy,1.5360000000000582
11.589929294152414,3,100,1000,5,6000,core,Tracy_Olga,1.5360000000000582
7.107786440644131,3,100,4990,5,6000,A1,NTD,164.17000000000007
1.700600538550178,3,100,4990,5,6000,A2,NTD,164.17000000000007
4987.043222227531,3,100,4990,5,6000,A3,NTD,164.17000000000007
13.29033052251976,3,100,4990,5,6000,core,NTD,164.17000000000007
2.9668071497191466,3,100,4990,5,6000,A1,Ours,4.811000000000149
0.007747548353921703,3,100,4990,5,6000,A2,Ours,4.811000000000149
2.5188683927325246,3,100,4990,5,6000,A3,Ours,4.811000000000149
11.35612470001379,3,100,4990,5,6000,core,Ours,4.811000000000149
2.9668071497191466,3,100,4990,5,6000,A1,HOSVD,1.7910000000001673
0.007747548353921703,3,100,4990,5,6000,A2,HOSVD,1.7910000000001673
2.516248009166446,3,100,4990,5,6000,A3,HOSVD,1.7910000000001673
11.352056990725393,3,100,4990,5,6000,core,HOSVD,1.7910000000001673
2.9550086366602737,3,100,4990,5,6000,A1,HOOI,4.152000000000044
0.007597237619812158,3,100,4990,5,6000,A2,HOOI,4.152000000000044
2.531679464282229,3,100,4990,5,6000,A3,HOOI,4.152000000000044
11.28556858848565,3,100,4990,5,6000,core,HOOI,4.152000000000044
3.1111856361754073,3,100,4990,5,6000,A1,Olga,2.5419999999999163
0.008871424039762842,3,100,4990,5,6000,A2,Olga,2.5419999999999163
2.9787069979072527,3,100,4990,5,6000,A3,Tracy,2.5419999999999163
11.840456901994019,3,100,4990,5,6000,core,Tracy_Olga,2.5419999999999163
7.106376267554361,3,100,9976,5,6000,A1,NTD,319.7430000000004
0.38151075150194624,3,100,9976,5,6000,A2,NTD,319.7430000000004
9973.064615003532,3,100,9976,5,6000,A3,NTD,319.7430000000004
9.805636258126146,3,100,9976,5,6000,core,NTD,319.7430000000004
2.787443490204999,3,100,9976,5,6000,A1,Ours,14.469000000000051
0.014114772098404676,3,100,9976,5,6000,A2,Ours,14.469000000000051
2.4913578425285623,3,100,9976,5,6000,A3,Ours,14.469000000000051
11.807394495146522,3,100,9976,5,6000,core,Ours,14.469000000000051
2.787443490204999,3,100,9976,5,6000,A1,HOSVD,4.177000000000135
0.014114772098404676,3,100,9976,5,6000,A2,HOSVD,4.177000000000135
2.4674467543061582,3,100,9976,5,6000,A3,HOSVD,4.177000000000135
11.796232038350063,3,100,9976,5,6000,core,HOSVD,4.177000000000135
2.791256949284227,3,100,9976,5,6000,A1,HOOI,11.786999999999807
0.013688115666266933,3,100,9976,5,6000,A2,HOOI,11.786999999999807
2.4683474905304457,3,100,9976,5,6000,A3,HOOI,11.786999999999807
11.800646964466853,3,100,9976,5,6000,core,HOOI,11.786999999999807
2.8669119879645684,3,100,9976,5,6000,A1,Olga,6.463999999999942
0.0149781941484431,3,100,9976,5,6000,A2,Olga,6.463999999999942
2.903388393936972,3,100,9976,5,6000,A3,Tracy,6.463999999999942
11.730352643914905,3,100,9976,5,6000,core,Tracy_Olga,6.463999999999942
4.662578238471771,3,100,1000,5,7000,A1,NTD,28.40099999999984
0.44574217166981767,3,100,1000,5,7000,A2,NTD,28.40099999999984
997.0000837675124,3,100,1000,5,7000,A3,NTD,28.40099999999984
10.020861282188465,3,100,1000,5,7000,core,NTD,28.40099999999984
2.2919537862058155,3,100,1000,5,7000,A1,Ours,0.7309999999997672
0.014221490936721488,3,100,1000,5,7000,A2,Ours,0.7309999999997672
0.6613084507105661,3,100,1000,5,7000,A3,Ours,0.7309999999997672
11.67042424253088,3,100,1000,5,7000,core,Ours,0.7309999999997672
2.2919537862058155,3,100,1000,5,7000,A1,HOSVD,1.2189999999995962
0.014221490936721488,3,100,1000,5,7000,A2,HOSVD,1.2189999999995962
0.6612208562834258,3,100,1000,5,7000,A3,HOSVD,1.2189999999995962
11.67039539874892,3,100,1000,5,7000,core,HOSVD,1.2189999999995962
2.3105286592517262,3,100,1000,5,7000,A1,HOOI,0.8470000000002074
0.014650501995121867,3,100,1000,5,7000,A2,HOOI,0.8470000000002074
0.6632702279382486,3,100,1000,5,7000,A3,HOOI,0.8470000000002074
11.670775201177898,3,100,1000,5,7000,core,HOOI,0.8470000000002074
2.4249461003599526,3,100,1000,5,7000,A1,Olga,0.48700000000008004
0.016424882764866703,3,100,1000,5,7000,A2,Olga,0.48700000000008004
1.6718421134404813,3,100,1000,5,7000,A3,Tracy,0.48700000000008004
11.606943946488299,3,100,1000,5,7000,core,Tracy_Olga,0.48700000000008004
4.003577025848371,3,100,4995,5,7000,A1,NTD,155.5989999999997
1.074950844962311,3,100,4995,5,7000,A2,NTD,155.5989999999997
4992.03424585242,3,100,4995,5,7000,A3,NTD,155.5989999999997
9.713755386243877,3,100,4995,5,7000,core,NTD,155.5989999999997
1.8455055661185742,3,100,4995,5,7000,A1,Ours,14.47400000000016
0.0062130480550843335,3,100,4995,5,7000,A2,Ours,14.47400000000016
2.500244047315823,3,100,4995,5,7000,A3,Ours,14.47400000000016
11.31798576065247,3,100,4995,5,7000,core,Ours,14.47400000000016
1.8455055661185742,3,100,4995,5,7000,A1,HOSVD,12.115999999999985
0.0062130480550843335,3,100,4995,5,7000,A2,HOSVD,12.115999999999985
2.498320917554099,3,100,4995,5,7000,A3,HOSVD,12.115999999999985
11.315113866532883,3,100,4995,5,7000,core,HOSVD,12.115999999999985
1.8482612280009416,3,100,4995,5,7000,A1,HOOI,14.92599999999993
0.006585421244975779,3,100,4995,5,7000,A2,HOOI,14.92599999999993
2.488664173768698,3,100,4995,5,7000,A3,HOOI,14.92599999999993
11.368242660828487,3,100,4995,5,7000,core,HOOI,14.92599999999993
1.9677566099537833,3,100,4995,5,7000,A1,Olga,12.17599999999993
0.01030799201853026,3,100,4995,5,7000,A2,Olga,12.17599999999993
2.8964152764620694,3,100,4995,5,7000,A3,Tracy,12.17599999999993
11.790385004697255,3,100,4995,5,7000,core,Tracy_Olga,12.17599999999993
3.5029244847894305,3,100,9977,5,7000,A1,NTD,343.7619999999997
0.38020320752949777,3,100,9977,5,7000,A2,NTD,343.7619999999997
9974.06205202835,3,100,9977,5,7000,A3,NTD,343.7619999999997
11.731948137435289,3,100,9977,5,7000,core,NTD,343.7619999999997
2.364035030836493,3,100,9977,5,7000,A1,Ours,16.432999999999993
0.008625402875926336,3,100,9977,5,7000,A2,Ours,16.432999999999993
2.5236263921342617,3,100,9977,5,7000,A3,Ours,16.432999999999993
11.39708275548339,3,100,9977,5,7000,core,Ours,16.432999999999993
2.364035030836493,3,100,9977,5,7000,A1,HOSVD,3.3690000000005966
0.008625402875926336,3,100,9977,5,7000,A2,HOSVD,3.3690000000005966
2.5160129088555925,3,100,9977,5,7000,A3,HOSVD,3.3690000000005966
11.385494927762513,3,100,9977,5,7000,core,HOSVD,3.3690000000005966
2.378340489482759,3,100,9977,5,7000,A1,HOOI,16.203999999999724
0.00845726530067216,3,100,9977,5,7000,A2,HOOI,16.203999999999724
2.5673810460021973,3,100,9977,5,7000,A3,HOOI,16.203999999999724
11.279587088868766,3,100,9977,5,7000,core,HOOI,16.203999999999724
3.017419815865029,3,100,9977,5,7000,A1,Olga,7.369999999999891
0.013675617666282749,3,100,9977,5,7000,A2,Olga,7.369999999999891
2.920438827524689,3,100,9977,5,7000,A3,Tracy,7.369999999999891
6.470670637067559,3,100,9977,5,7000,core,Tracy_Olga,7.369999999999891
5.205894332032388,3,100,1000,5,8000,A1,NTD,29.33600000000024
0.4240388084322235,3,100,1000,5,8000,A2,NTD,29.33600000000024
997.0000430931204,3,100,1000,5,8000,A3,NTD,29.33600000000024
11.828264655965368,3,100,1000,5,8000,core,NTD,29.33600000000024
3.562734687667043,3,100,1000,5,8000,A1,Ours,0.7640000000001237
0.006247012519624446,3,100,1000,5,8000,A2,Ours,0.7640000000001237
0.0703821746021603,3,100,1000,5,8000,A3,Ours,0.7640000000001237
11.258685610401486,3,100,1000,5,8000,core,Ours,0.7640000000001237
3.562734687667043,3,100,1000,5,8000,A1,HOSVD,0.44799999999941065
0.006247012519624446,3,100,1000,5,8000,A2,HOSVD,0.44799999999941065
0.0703731084850704,3,100,1000,5,8000,A3,HOSVD,0.44799999999941065
11.258629019105513,3,100,1000,5,8000,core,HOSVD,0.44799999999941065
3.561448994587219,3,100,1000,5,8000,A1,HOOI,0.7080000000005384
0.006494720652839872,3,100,1000,5,8000,A2,HOOI,0.7080000000005384
0.9934748720083363,3,100,1000,5,8000,A3,HOOI,0.7080000000005384
11.703535502908666,3,100,1000,5,8000,core,HOOI,0.7080000000005384
1.9357800074496805,3,100,1000,5,8000,A1,Olga,0.4469999999992069
0.0025371479510168196,3,100,1000,5,8000,A2,Olga,0.4469999999992069
1.3670788904509192,3,100,1000,5,8000,A3,Tracy,0.4469999999992069
11.202460993402388,3,100,1000,5,8000,core,Tracy_Olga,0.4469999999992069
4.588364695399934,3,100,4994,5,8000,A1,NTD,170.78999999999996
0.5588173011736691,3,100,4994,5,8000,A2,NTD,170.78999999999996
4991.026011284308,3,100,4994,5,8000,A3,NTD,170.78999999999996
13.375430168429457,3,100,4994,5,8000,core,NTD,170.78999999999996
2.0255494731851083,3,100,4994,5,8000,A1,Ours,5.033999999999651
0.0066391071672715525,3,100,4994,5,8000,A2,Ours,5.033999999999651
2.4806246530882907,3,100,4994,5,8000,A3,Ours,5.033999999999651
11.457690121602292,3,100,4994,5,8000,core,Ours,5.033999999999651
2.0255494731851083,3,100,4994,5,8000,A1,HOSVD,2.757999999999811
0.0066391071672715525,3,100,4994,5,8000,A2,HOSVD,2.757999999999811
2.4774765247814523,3,100,4994,5,8000,A3,HOSVD,2.757999999999811
11.458347961563174,3,100,4994,5,8000,core,HOSVD,2.757999999999811
2.053801027828004,3,100,4994,5,8000,A1,HOOI,5.2630000000008295
0.006500229358911346,3,100,4994,5,8000,A2,HOOI,5.2630000000008295
2.4654817281201415,3,100,4994,5,8000,A3,HOOI,5.2630000000008295
11.477908620310256,3,100,4994,5,8000,core,HOOI,5.2630000000008295
1.8680621525396248,3,100,4994,5,8000,A1,Olga,2.8149999999996
0.002710542885388695,3,100,4994,5,8000,A2,Olga,2.8149999999996
2.910267390867857,3,100,4994,5,8000,A3,Tracy,2.8149999999996
11.45791998953076,3,100,4994,5,8000,core,Tracy_Olga,2.8149999999996
3.7817058262473493,3,100,9973,5,8000,A1,NTD,343.04399999999987
0.0647295916053964,3,100,9973,5,8000,A2,NTD,343.04399999999987
9970.067668632188,3,100,9973,5,8000,A3,NTD,343.04399999999987
11.794871320798881,3,100,9973,5,8000,core,NTD,343.04399999999987
2.7656705977745903,3,100,9973,5,8000,A1,Ours,16.909999999999854
0.004527707719073019,3,100,9973,5,8000,A2,Ours,16.909999999999854
2.4927782138075267,3,100,9973,5,8000,A3,Ours,16.909999999999854
11.176064344545242,3,100,9973,5,8000,core,Ours,16.909999999999854
2.7656705977745903,3,100,9973,5,8000,A1,HOSVD,3.5100000000002183
0.004527707719073019,3,100,9973,5,8000,A2,HOSVD,3.5100000000002183
2.47878051923281,3,100,9973,5,8000,A3,HOSVD,3.5100000000002183
11.166351982265056,3,100,9973,5,8000,core,HOSVD,3.5100000000002183
2.77935679805847,3,100,9973,5,8000,A1,HOOI,14.8149999999996
0.004446320477515407,3,100,9973,5,8000,A2,HOOI,14.8149999999996
2.4755054941072983,3,100,9973,5,8000,A3,HOOI,14.8149999999996
11.201924803085607,3,100,9973,5,8000,core,HOOI,14.8149999999996
2.8938177385529307,3,100,9973,5,8000,A1,Olga,7.604000000000269
0.0064261566206981514,3,100,9973,5,8000,A2,Olga,7.604000000000269
2.9028394482954263,3,100,9973,5,8000,A3,Tracy,7.604000000000269
11.541035936883837,3,100,9973,5,8000,core,Tracy_Olga,7.604000000000269
5.399825005077876,3,100,1000,5,9000,A1,NTD,28.53399999999965
0.2182753453546276,3,100,1000,5,9000,A2,NTD,28.53399999999965
997.0004234536642,3,100,1000,5,9000,A3,NTD,28.53399999999965
11.725430374132188,3,100,1000,5,9000,core,NTD,28.53399999999965
2.5468919925909224,3,100,1000,5,9000,A1,Ours,0.7440000000005966
0.004125055214559662,3,100,1000,5,9000,A2,Ours,0.7440000000005966
0.12246557574022283,3,100,1000,5,9000,A3,Ours,0.7440000000005966
11.21844786020461,3,100,1000,5,9000,core,Ours,0.7440000000005966
2.5468919925909224,3,100,1000,5,9000,A1,HOSVD,0.48099999999976717
0.004125055214559662,3,100,1000,5,9000,A2,HOSVD,0.48099999999976717
0.12245880330295612,3,100,1000,5,9000,A3,HOSVD,0.48099999999976717
11.21835104894237,3,100,1000,5,9000,core,HOSVD,0.48099999999976717
2.544628955878861,3,100,1000,5,9000,A1,HOOI,0.681999999999789
0.004176602875694324,3,100,1000,5,9000,A2,HOOI,0.681999999999789
0.12197538247402695,3,100,1000,5,9000,A3,HOOI,0.681999999999789
11.217819690592043,3,100,1000,5,9000,core,HOOI,0.681999999999789
1.9458229788458778,3,100,1000,5,9000,A1,Olga,0.43800000000010186
0.003106773884497028,3,100,1000,5,9000,A2,Olga,0.43800000000010186
1.366467701517704,3,100,1000,5,9000,A3,Tracy,0.43800000000010186
11.140341585812426,3,100,1000,5,9000,core,Tracy_Olga,0.43800000000010186
92.16500783288959,3,100,4997,5,9000,A1,NTD,159.60300000000007
1.020243736077682,3,100,4997,5,9000,A2,NTD,159.60300000000007
4994.0260173458055,3,100,4997,5,9000,A3,NTD,159.60300000000007
9.028088966067807,3,100,4997,5,9000,core,NTD,159.60300000000007
2.1530566756003426,3,100,4997,5,9000,A1,Ours,4.9099999999998545
8.145186797977361e-4,3,100,4997,5,9000,A2,Ours,4.9099999999998545
2.432779190284301,3,100,4997,5,9000,A3,Ours,4.9099999999998545
11.526394995361995,3,100,4997,5,9000,core,Ours,4.9099999999998545
2.1530566756003426,3,100,4997,5,9000,A1,HOSVD,1.6359999999995125
8.145186797977361e-4,3,100,4997,5,9000,A2,HOSVD,1.6359999999995125
2.429850166328884,3,100,4997,5,9000,A3,HOSVD,1.6359999999995125
11.523552684223342,3,100,4997,5,9000,core,HOSVD,1.6359999999995125
2.1525060020107993,3,100,4997,5,9000,A1,HOOI,4.217999999999847
8.455429941416025e-4,3,100,4997,5,9000,A2,HOOI,4.217999999999847
2.4290995257148364,3,100,4997,5,9000,A3,HOOI,4.217999999999847
11.51377027663158,3,100,4997,5,9000,core,HOOI,4.217999999999847
1.6695129943459333,3,100,4997,5,9000,A1,Olga,2.5850000000000364
0.002296535042435009,3,100,4997,5,9000,A2,Olga,2.5850000000000364
2.938168748559649,3,100,4997,5,9000,A3,Tracy,2.5850000000000364
11.426880137777403,3,100,4997,5,9000,core,Tracy_Olga,2.5850000000000364
2.6799727618554927,3,100,9977,5,9000,A1,NTD,326.27800000000025
0.06460790732307722,3,100,9977,5,9000,A2,NTD,326.27800000000025
9974.04570612058,3,100,9977,5,9000,A3,NTD,326.27800000000025
13.391066785600731,3,100,9977,5,9000,core,NTD,326.27800000000025
1.728342223791981,3,100,9977,5,9000,A1,Ours,14.786999999999352
0.009238919862255357,3,100,9977,5,9000,A2,Ours,14.786999999999352
2.6192189434929256,3,100,9977,5,9000,A3,Ours,14.786999999999352
11.505629244332509,3,100,9977,5,9000,core,Ours,14.786999999999352
1.728342223791981,3,100,9977,5,9000,A1,HOSVD,3.2359999999998763
0.009238919862255357,3,100,9977,5,9000,A2,HOSVD,3.2359999999998763
2.614804941974708,3,100,9977,5,9000,A3,HOSVD,3.2359999999998763
11.49988982933882,3,100,9977,5,9000,core,HOSVD,3.2359999999998763
1.7363328558393718,3,100,9977,5,9000,A1,HOOI,13.577000000000226
0.009578967882790154,3,100,9977,5,9000,A2,HOOI,13.577000000000226
2.643374070694895,3,100,9977,5,9000,A3,HOOI,13.577000000000226
11.285328360905066,3,100,9977,5,9000,core,HOOI,13.577000000000226
3.0543854174100664,3,100,9977,5,9000,A1,Olga,6.494999999999891
0.008300572209737192,3,100,9977,5,9000,A2,Olga,6.494999999999891
2.8835647184768693,3,100,9977,5,9000,A3,Tracy,6.494999999999891
11.760533576258442,3,100,9977,5,9000,core,Tracy_Olga,6.494999999999891
4.746899665632878,3,100,1000,5,10000,A1,NTD,28.583999999999833
0.14393208358515777,3,100,1000,5,10000,A2,NTD,28.583999999999833
997.0001542061178,3,100,1000,5,10000,A3,NTD,28.583999999999833
13.468192938160968,3,100,1000,5,10000,core,NTD,28.583999999999833
1.7199975708342794,3,100,1000,5,10000,A1,Ours,0.47299999999995634
0.008505302583394452,3,100,1000,5,10000,A2,Ours,0.47299999999995634
0.06706055012562928,3,100,1000,5,10000,A3,Ours,0.47299999999995634
11.229748963893714,3,100,1000,5,10000,core,Ours,0.47299999999995634
1.7199975708342794,3,100,1000,5,10000,A1,HOSVD,0.39900000000034197
0.008505302583394452,3,100,1000,5,10000,A2,HOSVD,0.39900000000034197
0.06706583503927017,3,100,1000,5,10000,A3,HOSVD,0.39900000000034197
11.229719408963323,3,100,1000,5,10000,core,HOSVD,0.39900000000034197
1.7142795531546875,3,100,1000,5,10000,A1,HOOI,0.7150000000001455
0.008455109329493374,3,100,1000,5,10000,A2,HOOI,0.7150000000001455
0.06697854846488983,3,100,1000,5,10000,A3,HOOI,0.7150000000001455
11.230164839262086,3,100,1000,5,10000,core,HOOI,0.7150000000001455
1.625190216913097,3,100,1000,5,10000,A1,Olga,0.44799999999941065
0.002470026738187731,3,100,1000,5,10000,A2,Olga,0.44799999999941065
1.3654126363084123,3,100,1000,5,10000,A3,Tracy,0.44799999999941065
11.199365464430507,3,100,1000,5,10000,core,Tracy_Olga,0.44799999999941065
5.39694529724887,3,100,4995,5,10000,A1,NTD,153.30199999999968
0.9124626497463814,3,100,4995,5,10000,A2,NTD,153.30199999999968
4992.030144525663,3,100,4995,5,10000,A3,NTD,153.30199999999968
13.36656409607024,3,100,4995,5,10000,core,NTD,153.30199999999968
2.029359281091617,3,100,4995,5,10000,A1,Ours,4.77599999999984
0.003080277764814777,3,100,4995,5,10000,A2,Ours,4.77599999999984
2.4451630529291575,3,100,4995,5,10000,A3,Ours,4.77599999999984
11.785525274392784,3,100,4995,5,10000,core,Ours,4.77599999999984
2.029359281091617,3,100,4995,5,10000,A1,HOSVD,2.357999999999265
0.003080277764814777,3,100,4995,5,10000,A2,HOSVD,2.357999999999265
2.443050600780263,3,100,4995,5,10000,A3,HOSVD,2.357999999999265
11.784457035215725,3,100,4995,5,10000,core,HOSVD,2.357999999999265
2.021588562417118,3,100,4995,5,10000,A1,HOOI,4.838999999999942
0.002995316503127649,3,100,4995,5,10000,A2,HOOI,4.838999999999942
2.4453904800183786,3,100,4995,5,10000,A3,HOOI,4.838999999999942
11.785681366001892,3,100,4995,5,10000,core,HOOI,4.838999999999942
1.826902700548634,3,100,4995,5,10000,A1,Olga,2.667000000000371
0.007169409681044323,3,100,4995,5,10000,A2,Olga,2.667000000000371
2.956138023809224,3,100,4995,5,10000,A3,Tracy,2.667000000000371
11.762478533412118,3,100,4995,5,10000,core,Tracy_Olga,2.667000000000371
81.4690823977553,3,100,9982,5,10000,A1,NTD,334.3009999999995
0.27918946451835813,3,100,9982,5,10000,A2,NTD,334.3009999999995
9979.040713811937,3,100,9982,5,10000,A3,NTD,334.3009999999995
15.225568891482956,3,100,9982,5,10000,core,NTD,334.3009999999995
2.1980563382445224,3,100,9982,5,10000,A1,Ours,12.875
0.015327488679548943,3,100,9982,5,10000,A2,Ours,12.875
2.4791561895797254,3,100,9982,5,10000,A3,Ours,12.875
11.498743400355123,3,100,9982,5,10000,core,Ours,12.875
2.1980563382445224,3,100,9982,5,10000,A1,HOSVD,2.731999999999971
0.015327488679548943,3,100,9982,5,10000,A2,HOSVD,2.731999999999971
2.471161635683844,3,100,9982,5,10000,A3,HOSVD,2.731999999999971
11.49771445660523,3,100,9982,5,10000,core,HOSVD,2.731999999999971
2.2085286501052943,3,100,9982,5,10000,A1,HOOI,10.240999999999985
0.015153510738529438,3,100,9982,5,10000,A2,HOOI,10.240999999999985
2.4706269861807435,3,100,9982,5,10000,A3,HOOI,10.240999999999985
11.499086658444877,3,100,9982,5,10000,core,HOOI,10.240999999999985
2.094666482302569,3,100,9982,5,10000,A1,Olga,5.552000000000589
0.003596778851526546,3,100,9982,5,10000,A2,Olga,5.552000000000589
2.9119238082096963,3,100,9982,5,10000,A3,Tracy,5.552000000000589
11.503599763325882,3,100,9982,5,10000,core,Tracy_Olga,5.552000000000589
