error,K,Q1,R,Q2,M,mode,method,time
39.17040887083883,3,100,100,5,100,A1,NTD,4.459
1.7308057996305046,3,100,100,5,100,A2,NTD,4.459
97.54311464657701,3,100,100,5,100,A3,NTD,4.459
9.924625629350595,3,100,100,5,100,core,NTD,4.459
39.173811565236626,3,100,100,5,100,A1,Ours,2.349
0.2692819640151592,3,100,100,5,100,A2,Ours,2.349
0.442042586303886,3,100,100,5,100,A3,Ours,2.349
12.539254952432564,3,100,100,5,100,core,Ours,2.349
39.173811565236626,3,100,100,5,100,A1,HOSVD,1.9369999999999994
0.2692819640151592,3,100,100,5,100,A2,HOSVD,1.9369999999999994
0.48480677028614433,3,100,100,5,100,A3,HOSVD,1.9369999999999994
12.642324149728925,3,100,100,5,100,core,HOSVD,1.9369999999999994
38.35268828929921,3,100,100,5,100,A1,HOOI,1.904
0.3094952985050666,3,100,100,5,100,A2,HOOI,1.904
0.3545387988785209,3,100,100,5,100,A3,HOOI,1.904
11.18342477883466,3,100,100,5,100,core,HOOI,1.904
39.144228246969845,3,100,100,5,100,A1,Olga,2.3220000000000027
0.28251016225313996,3,100,100,5,100,A2,Olga,2.3220000000000027
1.104816600351263,3,100,100,5,100,A3,Tracy,2.3220000000000027
10.826829999082205,3,100,100,5,100,core,Tracy_Olga,2.3220000000000027
54.93930343042,3,100,499,5,100,A1,NTD,21.716
2.0209058586359148,3,100,499,5,100,A2,NTD,21.716
496.3527434064319,3,100,499,5,100,A3,NTD,21.716
10.739985612766512,3,100,499,5,100,core,NTD,21.716
39.88654383116198,3,100,499,5,100,A1,Ours,3.5080000000000027
0.2298003346650483,3,100,499,5,100,A2,Ours,3.5080000000000027
3.0067369067808984,3,100,499,5,100,A3,Ours,3.5080000000000027
10.905812518742115,3,100,499,5,100,core,Ours,3.5080000000000027
39.88654383116198,3,100,499,5,100,A1,HOSVD,3.2040000000000006
0.2298003346650483,3,100,499,5,100,A2,HOSVD,3.2040000000000006
2.9795889278811005,3,100,499,5,100,A3,HOSVD,3.2040000000000006
13.503388913130802,3,100,499,5,100,core,HOSVD,3.2040000000000006
39.07337549048426,3,100,499,5,100,A1,HOOI,4.725999999999999
0.12440050177369086,3,100,499,5,100,A2,HOOI,4.725999999999999
2.721751020209392,3,100,499,5,100,A3,HOOI,4.725999999999999
13.295890867733286,3,100,499,5,100,core,HOOI,4.725999999999999
70.84012202257935,3,100,499,5,100,A1,Olga,2.796999999999997
4.509634773321249,3,100,499,5,100,A2,Olga,2.796999999999997
2.878708640937891,3,100,499,5,100,A3,Tracy,2.796999999999997
11.154238940291933,3,100,499,5,100,core,Tracy_Olga,2.796999999999997
81.0630710945025,3,100,981,5,100,A1,NTD,38.118
2.0205667208116473,3,100,981,5,100,A2,NTD,38.118
978.6803109202751,3,100,981,5,100,A3,NTD,38.118
10.583142020064994,3,100,981,5,100,core,NTD,38.118
43.75462739136632,3,100,981,5,100,A1,Ours,10.867000000000004
0.3067749319956556,3,100,981,5,100,A2,Ours,10.867000000000004
2.999675629677347,3,100,981,5,100,A3,Ours,10.867000000000004
10.029118362719748,3,100,981,5,100,core,Ours,10.867000000000004
43.75462739136632,3,100,981,5,100,A1,HOSVD,10.555000000000007
0.3067749319956556,3,100,981,5,100,A2,HOSVD,10.555000000000007
3.9219978728096656,3,100,981,5,100,A3,HOSVD,10.555000000000007
12.524807679071268,3,100,981,5,100,core,HOSVD,10.555000000000007
40.10064994276091,3,100,981,5,100,A1,HOOI,10.676000000000016
0.30092021577876404,3,100,981,5,100,A2,HOOI,10.676000000000016
3.1433127990907512,3,100,981,5,100,A3,HOOI,10.676000000000016
11.868046402249888,3,100,981,5,100,core,HOOI,10.676000000000016
68.12827190229594,3,100,981,5,100,A1,Olga,8.471000000000004
4.088669507560427,3,100,981,5,100,A2,Olga,8.471000000000004
2.8562810215123022,3,100,981,5,100,A3,Tracy,8.471000000000004
9.480794454422972,3,100,981,5,100,core,Tracy_Olga,8.471000000000004
83.8326504755937,3,100,2363,5,100,A1,NTD,89.32
3.9997770372184562,3,100,2363,5,100,A2,NTD,89.32
2360.412989610671,3,100,2363,5,100,A3,NTD,89.32
11.267840871027714,3,100,2363,5,100,core,NTD,89.32
78.67152309616559,3,100,2363,5,100,A1,Ours,7.222000000000008
0.4812552065788489,3,100,2363,5,100,A2,Ours,7.222000000000008
5.311329839683148,3,100,2363,5,100,A3,Ours,7.222000000000008
13.15537202866932,3,100,2363,5,100,core,Ours,7.222000000000008
78.67152309616559,3,100,2363,5,100,A1,HOSVD,4.299000000000007
0.4812552065788489,3,100,2363,5,100,A2,HOSVD,4.299000000000007
3.1317953114552384,3,100,2363,5,100,A3,HOSVD,4.299000000000007
13.202666961894007,3,100,2363,5,100,core,HOSVD,4.299000000000007
37.607513377098634,3,100,2363,5,100,A1,HOOI,8.688000000000017
0.19688538739796854,3,100,2363,5,100,A2,HOOI,8.688000000000017
3.2498507421618186,3,100,2363,5,100,A3,HOOI,8.688000000000017
14.532948380725445,3,100,2363,5,100,core,HOOI,8.688000000000017
64.18249900429224,3,100,2363,5,100,A1,Olga,1.3959999999999866
4.408194483789967,3,100,2363,5,100,A2,Olga,1.3959999999999866
4.439819613289144,3,100,2363,5,100,A3,Tracy,1.3959999999999866
9.772016422793357,3,100,2363,5,100,core,Tracy_Olga,1.3959999999999866
122.03145092312744,3,100,4434,5,100,A1,NTD,158.284
4.020270780722952,3,100,4434,5,100,A2,NTD,158.284
4431.483534535266,3,100,4434,5,100,A3,NTD,158.284
10.673892342989259,3,100,4434,5,100,core,NTD,158.284
41.03546268091847,3,100,4434,5,100,A1,Ours,12.97399999999999
0.587147166437581,3,100,4434,5,100,A2,Ours,12.97399999999999
5.080186066906851,3,100,4434,5,100,A3,Ours,12.97399999999999
8.805405029933006,3,100,4434,5,100,core,Ours,12.97399999999999
41.03546268091847,3,100,4434,5,100,A1,HOSVD,15.94599999999997
0.587147166437581,3,100,4434,5,100,A2,HOSVD,15.94599999999997
3.8735642658149856,3,100,4434,5,100,A3,HOSVD,15.94599999999997
7.960594392679654,3,100,4434,5,100,core,HOSVD,15.94599999999997
33.60851716949348,3,100,4434,5,100,A1,HOOI,23.249000000000024
0.14076853936277545,3,100,4434,5,100,A2,HOOI,23.249000000000024
2.912259534041338,3,100,4434,5,100,A3,HOOI,23.249000000000024
13.510724236979557,3,100,4434,5,100,core,HOOI,23.249000000000024
79.1622404917287,3,100,4434,5,100,A1,Olga,11.999000000000024
4.742485427604089,3,100,4434,5,100,A2,Olga,11.999000000000024
3.1263795600566855,3,100,4434,5,100,A3,Tracy,11.999000000000024
10.104847410982833,3,100,4434,5,100,core,Tracy_Olga,11.999000000000024
116.55863883344136,3,100,5225,5,100,A1,NTD,185.96299999999997
1.9997808082115942,3,100,5225,5,100,A2,NTD,185.96299999999997
5222.478417335001,3,100,5225,5,100,A3,NTD,185.96299999999997
10.971531637356733,3,100,5225,5,100,core,NTD,185.96299999999997
42.117026804060046,3,100,5225,5,100,A1,Ours,6.697999999999979
0.04531337377331856,3,100,5225,5,100,A2,Ours,6.697999999999979
5.143644495959461,3,100,5225,5,100,A3,Ours,6.697999999999979
9.55129186003569,3,100,5225,5,100,core,Ours,6.697999999999979
42.62884914503096,3,100,5225,5,100,A1,HOOI,16.50299999999993
0.0831737857768115,3,100,5225,5,100,A2,HOOI,16.50299999999993
4.303389499471347,3,100,5225,5,100,A3,HOOI,16.50299999999993
12.43334844699403,3,100,5225,5,100,core,HOOI,16.50299999999993
80.3482335026016,3,100,5225,5,100,A1,Olga,7.19500000000005
6.212922620320385,3,100,5225,5,100,A2,Olga,7.19500000000005
3.14348490948916,3,100,5225,5,100,A3,Tracy,7.19500000000005
11.15562340610623,3,100,5225,5,100,core,Tracy_Olga,7.19500000000005
121.9801755919879,3,100,5945,5,100,A1,NTD,208.22000000000003
3.980198274444646,3,100,5945,5,100,A2,NTD,208.22000000000003
5942.542973623469,3,100,5945,5,100,A3,NTD,208.22000000000003
10.599594434247903,3,100,5945,5,100,core,NTD,208.22000000000003
44.631938661835164,3,100,5945,5,100,A1,Ours,6.937000000000012
0.6836670550359842,3,100,5945,5,100,A2,Ours,6.937000000000012
5.277441136872746,3,100,5945,5,100,A3,Ours,6.937000000000012
11.000004963638284,3,100,5945,5,100,core,Ours,6.937000000000012
44.631938661835164,3,100,5945,5,100,A1,HOSVD,2.1380000000000337
0.6836670550359842,3,100,5945,5,100,A2,HOSVD,2.1380000000000337
3.959661927822527,3,100,5945,5,100,A3,HOSVD,2.1380000000000337
11.347799767784432,3,100,5945,5,100,core,HOSVD,2.1380000000000337
86.31553475993736,3,100,5945,5,100,A1,Olga,3.102999999999952
6.419980625381068,3,100,5945,5,100,A2,Olga,3.102999999999952
4.988847375908067,3,100,5945,5,100,A3,Tracy,3.102999999999952
10.994597859736965,3,100,5945,5,100,core,Tracy_Olga,3.102999999999952
118.99324112791952,3,100,6687,5,100,A1,NTD,214.95399999999995
3.9798895125857694,3,100,6687,5,100,A2,NTD,214.95399999999995
6684.562261092013,3,100,6687,5,100,A3,NTD,214.95399999999995
10.57102485420099,3,100,6687,5,100,core,NTD,214.95399999999995
42.36810848351272,3,100,6687,5,100,A1,Ours,13.218000000000075
0.22086947708064955,3,100,6687,5,100,A2,Ours,13.218000000000075
5.293485616127791,3,100,6687,5,100,A3,Ours,13.218000000000075
12.447667309542217,3,100,6687,5,100,core,Ours,13.218000000000075
42.36810848351272,3,100,6687,5,100,A1,HOSVD,8.081000000000131
0.22086947708064955,3,100,6687,5,100,A2,HOSVD,8.081000000000131
3.993836973001807,3,100,6687,5,100,A3,HOSVD,8.081000000000131
10.515827504854425,3,100,6687,5,100,core,HOSVD,8.081000000000131
42.568612166681085,3,100,6687,5,100,A1,HOOI,22.123999999999796
0.18847256728499137,3,100,6687,5,100,A2,HOOI,22.123999999999796
4.851717247758972,3,100,6687,5,100,A3,HOOI,22.123999999999796
9.292622343653191,3,100,6687,5,100,core,HOOI,22.123999999999796
87.1815408434575,3,100,6687,5,100,A1,Olga,3.826999999999998
3.8344970768863544,3,100,6687,5,100,A2,Olga,3.826999999999998
3.1899731102794737,3,100,6687,5,100,A3,Tracy,3.826999999999998
10.540405703981737,3,100,6687,5,100,core,Tracy_Olga,3.826999999999998
126.05802908666497,3,100,7331,5,100,A1,NTD,234.36200000000008
3.99979300662148,3,100,7331,5,100,A2,NTD,234.36200000000008
7328.564878763978,3,100,7331,5,100,A3,NTD,234.36200000000008
10.87565600132218,3,100,7331,5,100,core,NTD,234.36200000000008
40.75954308482497,3,100,7331,5,100,A1,Ours,8.451000000000022
0.5287147885408346,3,100,7331,5,100,A2,Ours,8.451000000000022
5.151661290299515,3,100,7331,5,100,A3,Ours,8.451000000000022
10.67708618952425,3,100,7331,5,100,core,Ours,8.451000000000022
40.75954308482497,3,100,7331,5,100,A1,HOSVD,2.7609999999999673
0.5287147885408346,3,100,7331,5,100,A2,HOSVD,2.7609999999999673
3.9725921491027045,3,100,7331,5,100,A3,HOSVD,2.7609999999999673
9.54095643802071,3,100,7331,5,100,core,HOSVD,2.7609999999999673
31.267404376989404,3,100,7331,5,100,A1,HOOI,14.878000000000156
0.29540696900854785,3,100,7331,5,100,A2,HOOI,14.878000000000156
4.039388972706737,3,100,7331,5,100,A3,HOOI,14.878000000000156
9.836806288692967,3,100,7331,5,100,core,HOOI,14.878000000000156
80.4036627653913,3,100,7331,5,100,A1,Olga,4.788999999999987
6.004140092700226,3,100,7331,5,100,A2,Olga,4.788999999999987
4.356480832221544,3,100,7331,5,100,A3,Tracy,4.788999999999987
10.549572977530623,3,100,7331,5,100,core,Tracy_Olga,4.788999999999987
126.86655093939252,3,100,8016,5,100,A1,NTD,258.212
4.020551626752229,3,100,8016,5,100,A2,NTD,258.212
8013.658981890262,3,100,8016,5,100,A3,NTD,258.212
10.175560946570965,3,100,8016,5,100,core,NTD,258.212
42.100203898265775,3,100,8016,5,100,A1,Ours,17.666999999999916
0.3647723723746427,3,100,8016,5,100,A2,Ours,17.666999999999916
5.323861281450045,3,100,8016,5,100,A3,Ours,17.666999999999916
9.17845116663347,3,100,8016,5,100,core,Ours,17.666999999999916
42.100203898265775,3,100,8016,5,100,A1,HOSVD,11.664999999999964
0.3647723723746427,3,100,8016,5,100,A2,HOSVD,11.664999999999964
4.834813683930504,3,100,8016,5,100,A3,HOSVD,11.664999999999964
11.000575847328713,3,100,8016,5,100,core,HOSVD,11.664999999999964
41.239437786260815,3,100,8016,5,100,A1,HOOI,29.76800000000003
0.21171521337550195,3,100,8016,5,100,A2,HOOI,29.76800000000003
4.864238531961816,3,100,8016,5,100,A3,HOOI,29.76800000000003
11.70642252387394,3,100,8016,5,100,core,HOOI,29.76800000000003
81.88601526176348,3,100,8016,5,100,A1,Olga,20.510999999999967
6.135149235895754,3,100,8016,5,100,A2,Olga,20.510999999999967
4.971560954171944,3,100,8016,5,100,A3,Tracy,20.510999999999967
12.42901075759922,3,100,8016,5,100,core,Tracy_Olga,20.510999999999967
28.09905689995697,3,100,100,5,3000,A1,NTD,3.397000000000162
2.6251248003805983,3,100,100,5,3000,A2,NTD,3.397000000000162
97.38902396699683,3,100,100,5,3000,A3,NTD,3.397000000000162
11.140136434325631,3,100,100,5,3000,core,NTD,3.397000000000162
8.208235675884065,3,100,100,5,3000,A1,Ours,3.769999999999982
0.010905282739460719,3,100,100,5,3000,A2,Ours,3.769999999999982
0.06462798678070791,3,100,100,5,3000,A3,Ours,3.769999999999982
10.742765565326769,3,100,100,5,3000,core,Ours,3.769999999999982
8.208235675884065,3,100,100,5,3000,A1,HOSVD,4.875999999999976
0.010905282739460719,3,100,100,5,3000,A2,HOSVD,4.875999999999976
0.06464155111208487,3,100,100,5,3000,A3,HOSVD,4.875999999999976
10.742772322608468,3,100,100,5,3000,core,HOSVD,4.875999999999976
8.14249819225614,3,100,100,5,3000,A1,HOOI,5.115000000000009
0.011176181151596376,3,100,100,5,3000,A2,HOOI,5.115000000000009
0.06386652604493086,3,100,100,5,3000,A3,HOOI,5.115000000000009
10.743367114659424,3,100,100,5,3000,core,HOOI,5.115000000000009
6.003463951147809,3,100,100,5,3000,A1,Olga,6.535000000000082
0.006213917951491207,3,100,100,5,3000,A2,Olga,6.535000000000082
1.0300730857786102,3,100,100,5,3000,A3,Tracy,6.535000000000082
9.718654475486558,3,100,100,5,3000,core,Tracy_Olga,6.535000000000082
29.391347605729987,3,100,500,5,3000,A1,NTD,13.730000000000018
1.7411114974798794,3,100,500,5,3000,A2,NTD,13.730000000000018
497.00127825761945,3,100,500,5,3000,A3,NTD,13.730000000000018
11.254009615016333,3,100,500,5,3000,core,NTD,13.730000000000018
10.164451612511735,3,100,500,5,3000,A1,Ours,5.101999999999862
0.03966290894050726,3,100,500,5,3000,A2,Ours,5.101999999999862
0.9184264529672267,3,100,500,5,3000,A3,Ours,5.101999999999862
10.069947489371001,3,100,500,5,3000,core,Ours,5.101999999999862
10.164451612511735,3,100,500,5,3000,A1,HOSVD,4.850000000000136
0.03966290894050726,3,100,500,5,3000,A2,HOSVD,4.850000000000136
0.9191382673178023,3,100,500,5,3000,A3,HOSVD,4.850000000000136
10.069850966897503,3,100,500,5,3000,core,HOSVD,4.850000000000136
10.036460652820713,3,100,500,5,3000,A1,HOOI,5.598999999999933
0.03735187726595938,3,100,500,5,3000,A2,HOOI,5.598999999999933
0.8914964191986657,3,100,500,5,3000,A3,HOOI,5.598999999999933
10.06352790908582,3,100,500,5,3000,core,HOOI,5.598999999999933
6.832934728257341,3,100,500,5,3000,A1,Olga,3.9580000000000837
0.06485929380659393,3,100,500,5,3000,A2,Olga,3.9580000000000837
1.3577900003614178,3,100,500,5,3000,A3,Tracy,3.9580000000000837
9.66716434595357,3,100,500,5,3000,core,Tracy_Olga,3.9580000000000837
25.046443293414907,3,100,1000,5,3000,A1,NTD,34.86699999999996
0.8005577712373373,3,100,1000,5,3000,A2,NTD,34.86699999999996
997.025293075885,3,100,1000,5,3000,A3,NTD,34.86699999999996
9.375393919677744,3,100,1000,5,3000,core,NTD,34.86699999999996
9.014438624125415,3,100,1000,5,3000,A1,Ours,0.49700000000007094
0.01853283946756184,3,100,1000,5,3000,A2,Ours,0.49700000000007094
1.209897949036023,3,100,1000,5,3000,A3,Ours,0.49700000000007094
11.598758240336133,3,100,1000,5,3000,core,Ours,0.49700000000007094
9.014438624125415,3,100,1000,5,3000,A1,HOSVD,0.5599999999999454
0.01853283946756184,3,100,1000,5,3000,A2,HOSVD,0.5599999999999454
1.2092722155595685,3,100,1000,5,3000,A3,HOSVD,0.5599999999999454
11.59796770793727,3,100,1000,5,3000,core,HOSVD,0.5599999999999454
8.93254512151724,3,100,1000,5,3000,A1,HOOI,0.8119999999998981
0.014172193487153114,3,100,1000,5,3000,A2,HOOI,0.8119999999998981
0.793229014897672,3,100,1000,5,3000,A3,HOOI,0.8119999999998981
11.57558292963403,3,100,1000,5,3000,core,HOOI,0.8119999999998981
6.281840074981506,3,100,1000,5,3000,A1,Olga,0.46100000000001273
0.03086336579969387,3,100,1000,5,3000,A2,Olga,0.46100000000001273
1.539918454744572,3,100,1000,5,3000,A3,Tracy,0.46100000000001273
9.526003036061217,3,100,1000,5,3000,core,Tracy_Olga,0.46100000000001273
60.8620805861057,3,100,2497,5,3000,A1,NTD,87.60300000000007
1.4794720008793167,3,100,2497,5,3000,A2,NTD,87.60300000000007
2494.035751988675,3,100,2497,5,3000,A3,NTD,87.60300000000007
10.069741027627403,3,100,2497,5,3000,core,NTD,87.60300000000007
9.63104266296796,3,100,2497,5,3000,A1,Ours,2.2799999999999727
0.0628277666377549,3,100,2497,5,3000,A2,Ours,2.2799999999999727
2.6361570368504172,3,100,2497,5,3000,A3,Ours,2.2799999999999727
11.643686876727882,3,100,2497,5,3000,core,Ours,2.2799999999999727
9.63104266296796,3,100,2497,5,3000,A1,HOSVD,0.9080000000001291
0.0628277666377549,3,100,2497,5,3000,A2,HOSVD,0.9080000000001291
2.6323357349289362,3,100,2497,5,3000,A3,HOSVD,0.9080000000001291
11.642333821449936,3,100,2497,5,3000,core,HOSVD,0.9080000000001291
9.461076248602293,3,100,2497,5,3000,A1,HOOI,4.903999999999996
0.06563645160450039,3,100,2497,5,3000,A2,HOOI,4.903999999999996
2.567556709216128,3,100,2497,5,3000,A3,HOOI,4.903999999999996
11.594828569550167,3,100,2497,5,3000,core,HOOI,4.903999999999996
6.410974190079493,3,100,2497,5,3000,A1,Olga,2.1639999999999873
0.0323779985541874,3,100,2497,5,3000,A2,Olga,2.1639999999999873
2.8700490750084473,3,100,2497,5,3000,A3,Tracy,2.1639999999999873
9.474467652551953,3,100,2497,5,3000,core,Tracy_Olga,2.1639999999999873
59.90721696083158,3,100,4983,5,3000,A1,NTD,176.17100000000028
1.2130508344323105,3,100,4983,5,3000,A2,NTD,176.17100000000028
4980.067724969167,3,100,4983,5,3000,A3,NTD,176.17100000000028
12.14900105727945,3,100,4983,5,3000,core,NTD,176.17100000000028
10.1259357062804,3,100,4983,5,3000,A1,Ours,6.061000000000149
0.025879490438546912,3,100,4983,5,3000,A2,Ours,6.061000000000149
3.117369816598134,3,100,4983,5,3000,A3,Ours,6.061000000000149
11.76992498209366,3,100,4983,5,3000,core,Ours,6.061000000000149
10.1259357062804,3,100,4983,5,3000,A1,HOSVD,1.7970000000000255
0.025879490438546912,3,100,4983,5,3000,A2,HOSVD,1.7970000000000255
3.102770012179305,3,100,4983,5,3000,A3,HOSVD,1.7970000000000255
11.764959657823358,3,100,4983,5,3000,core,HOSVD,1.7970000000000255
9.960859376531046,3,100,4983,5,3000,A1,HOOI,6.101999999999862
0.016282218243164896,3,100,4983,5,3000,A2,HOOI,6.101999999999862
2.6219769337263585,3,100,4983,5,3000,A3,HOOI,6.101999999999862
11.718125949389314,3,100,4983,5,3000,core,HOOI,6.101999999999862
10.13520053550148,3,100,4983,5,3000,A1,Olga,5.028999999999996
0.07075645897371896,3,100,4983,5,3000,A2,Olga,5.028999999999996
2.874261029395808,3,100,4983,5,3000,A3,Tracy,5.028999999999996
9.959213597797072,3,100,4983,5,3000,core,Tracy_Olga,5.028999999999996
76.95450331496524,3,100,5978,5,3000,A1,NTD,199.11300000000028
3.980185507578014,3,100,5978,5,3000,A2,NTD,199.11300000000028
5975.0991955102445,3,100,5978,5,3000,A3,NTD,199.11300000000028
10.197870504582777,3,100,5978,5,3000,core,NTD,199.11300000000028
9.90993864134452,3,100,5978,5,3000,A1,Ours,7.057999999999993
0.032465606947772944,3,100,5978,5,3000,A2,Ours,7.057999999999993
3.372730980056621,3,100,5978,5,3000,A3,Ours,7.057999999999993
10.747459779054166,3,100,5978,5,3000,core,Ours,7.057999999999993
9.90993864134452,3,100,5978,5,3000,A1,HOSVD,3.68100000000004
0.032465606947772944,3,100,5978,5,3000,A2,HOSVD,3.68100000000004
2.635875412599402,3,100,5978,5,3000,A3,HOSVD,3.68100000000004
11.690414068918532,3,100,5978,5,3000,core,HOSVD,3.68100000000004
10.049454542575146,3,100,5978,5,3000,A1,HOOI,5.366999999999734
0.034172526812224865,3,100,5978,5,3000,A2,HOOI,5.366999999999734
2.6308362484054815,3,100,5978,5,3000,A3,HOOI,5.366999999999734
11.735017530696805,3,100,5978,5,3000,core,HOOI,5.366999999999734
9.417673371309979,3,100,5978,5,3000,A1,Olga,5.47400000000016
0.09491829453258026,3,100,5978,5,3000,A2,Olga,5.47400000000016
2.8821526962478057,3,100,5978,5,3000,A3,Tracy,5.47400000000016
9.984021198335942,3,100,5978,5,3000,core,Tracy_Olga,5.47400000000016
62.95338515608672,3,100,6960,5,3000,A1,NTD,219.46000000000004
3.236518782285948,3,100,6960,5,3000,A2,NTD,219.46000000000004
6957.027247523923,3,100,6960,5,3000,A3,NTD,219.46000000000004
10.361650341173368,3,100,6960,5,3000,core,NTD,219.46000000000004
9.905092759926587,3,100,6960,5,3000,A1,Ours,7.5359999999996035
0.0342906857723113,3,100,6960,5,3000,A2,Ours,7.5359999999996035
2.9316042416498,3,100,6960,5,3000,A3,Ours,7.5359999999996035
10.114678919951725,3,100,6960,5,3000,core,Ours,7.5359999999996035
9.905092759926587,3,100,6960,5,3000,A1,HOSVD,2.0989999999997053
0.0342906857723113,3,100,6960,5,3000,A2,HOSVD,2.0989999999997053
2.889729697401951,3,100,6960,5,3000,A3,HOSVD,2.0989999999997053
11.682915559133697,3,100,6960,5,3000,core,HOSVD,2.0989999999997053
9.75568733832395,3,100,6960,5,3000,A1,HOOI,5.708000000000084
0.025637515779700675,3,100,6960,5,3000,A2,HOOI,5.708000000000084
2.7068527636611335,3,100,6960,5,3000,A3,HOOI,5.708000000000084
11.695634077568956,3,100,6960,5,3000,core,HOOI,5.708000000000084
12.290587700703835,3,100,6960,5,3000,A1,Olga,3.431999999999789
0.20378732957975718,3,100,6960,5,3000,A2,Olga,3.431999999999789
2.8822743762351988,3,100,6960,5,3000,A3,Tracy,3.431999999999789
10.024393000008073,3,100,6960,5,3000,core,Tracy_Olga,3.431999999999789
29.53699087158304,3,100,7955,5,3000,A1,NTD,252.24199999999973
3.3522932015278943,3,100,7955,5,3000,A2,NTD,252.24199999999973
7952.047203661457,3,100,7955,5,3000,A3,NTD,252.24199999999973
9.420259789117097,3,100,7955,5,3000,core,NTD,252.24199999999973
11.071459371394456,3,100,7955,5,3000,A1,Ours,12.043999999999869
0.017201063647303005,3,100,7955,5,3000,A2,Ours,12.043999999999869
3.475519594474705,3,100,7955,5,3000,A3,Ours,12.043999999999869
10.337733526352283,3,100,7955,5,3000,core,Ours,12.043999999999869
11.071459371394456,3,100,7955,5,3000,A1,HOSVD,8.588999999999942
0.017201063647303005,3,100,7955,5,3000,A2,HOSVD,8.588999999999942
2.626112003594088,3,100,7955,5,3000,A3,HOSVD,8.588999999999942
10.761706037851207,3,100,7955,5,3000,core,HOSVD,8.588999999999942
10.596611486743551,3,100,7955,5,3000,A1,HOOI,8.988000000000284
0.01836625718436959,3,100,7955,5,3000,A2,HOOI,8.988000000000284
2.635438653211857,3,100,7955,5,3000,A3,HOOI,8.988000000000284
10.6637013840215,3,100,7955,5,3000,core,HOOI,8.988000000000284
12.936975042203766,3,100,7955,5,3000,A1,Olga,16.68399999999974
0.3040944503861333,3,100,7955,5,3000,A2,Olga,16.68399999999974
2.8804713587276614,3,100,7955,5,3000,A3,Tracy,16.68399999999974
10.03440137185303,3,100,7955,5,3000,core,Tracy_Olga,16.68399999999974
78.07301556223885,3,100,8937,5,3000,A1,NTD,280.96399999999994
4.0202933395803635,3,100,8937,5,3000,A2,NTD,280.96399999999994
8934.04863061869,3,100,8937,5,3000,A3,NTD,280.96399999999994
13.151490242763089,3,100,8937,5,3000,core,NTD,280.96399999999994
9.854503402127689,3,100,8937,5,3000,A1,Ours,11.820999999999913
0.030555763708240164,3,100,8937,5,3000,A2,Ours,11.820999999999913
2.92760799179734,3,100,8937,5,3000,A3,Ours,11.820999999999913
11.916729014329333,3,100,8937,5,3000,core,Ours,11.820999999999913
9.854503402127689,3,100,8937,5,3000,A1,HOSVD,2.675999999999931
0.030555763708240164,3,100,8937,5,3000,A2,HOSVD,2.675999999999931
2.6057908768924967,3,100,8937,5,3000,A3,HOSVD,2.675999999999931
11.690948653228059,3,100,8937,5,3000,core,HOSVD,2.675999999999931
9.632058583851823,3,100,8937,5,3000,A1,HOOI,9.1550000000002
0.03344826730434516,3,100,8937,5,3000,A2,HOOI,9.1550000000002
2.602723914502788,3,100,8937,5,3000,A3,HOOI,9.1550000000002
11.72014296165619,3,100,8937,5,3000,core,HOOI,9.1550000000002
12.686959227564378,3,100,8937,5,3000,A1,Olga,5.8159999999998035
0.172444454512635,3,100,8937,5,3000,A2,Olga,5.8159999999998035
2.8602385871409397,3,100,8937,5,3000,A3,Tracy,5.8159999999998035
9.884899629921332,3,100,8937,5,3000,core,Tracy_Olga,5.8159999999998035
39.512039990606716,3,100,9923,5,3000,A1,NTD,318.1400000000003
2.020813925060282,3,100,9923,5,3000,A2,NTD,318.1400000000003
9920.389611228433,3,100,9923,5,3000,A3,NTD,318.1400000000003
11.258641806366576,3,100,9923,5,3000,core,NTD,318.1400000000003
11.816283745492676,3,100,9923,5,3000,A1,Ours,30.054000000000087
0.021571364311986918,3,100,9923,5,3000,A2,Ours,30.054000000000087
2.92402021789785,3,100,9923,5,3000,A3,Ours,30.054000000000087
11.895456488772277,3,100,9923,5,3000,core,Ours,30.054000000000087
11.816283745492676,3,100,9923,5,3000,A1,HOSVD,19.182999999999993
0.021571364311986918,3,100,9923,5,3000,A2,HOSVD,19.182999999999993
2.5892434307426475,3,100,9923,5,3000,A3,HOSVD,19.182999999999993
11.752126638653644,3,100,9923,5,3000,core,HOSVD,19.182999999999993
11.724291202561602,3,100,9923,5,3000,A1,HOOI,25.885999999999967
0.022250536064347248,3,100,9923,5,3000,A2,HOOI,25.885999999999967
2.6064943580878026,3,100,9923,5,3000,A3,HOOI,25.885999999999967
11.754804633900653,3,100,9923,5,3000,core,HOOI,25.885999999999967
11.991318241049786,3,100,9923,5,3000,A1,Olga,25.507000000000062
0.3747552245433767,3,100,9923,5,3000,A2,Olga,25.507000000000062
2.8635246409041755,3,100,9923,5,3000,A3,Tracy,25.507000000000062
9.988427072604596,3,100,9923,5,3000,core,Tracy_Olga,25.507000000000062
25.182985808121025,3,100,100,5,10000,A1,NTD,3.6399999999998727
0.6264236850734213,3,100,100,5,10000,A2,NTD,3.6399999999998727
97.00519352481595,3,100,100,5,10000,A3,NTD,3.6399999999998727
11.883270186493025,3,100,100,5,10000,core,NTD,3.6399999999998727
4.835319507388483,3,100,100,5,10000,A1,Ours,6.812999999999647
0.00782904702508597,3,100,100,5,10000,A2,Ours,6.812999999999647
0.03758866124506344,3,100,100,5,10000,A3,Ours,6.812999999999647
10.73220224953777,3,100,100,5,10000,core,Ours,6.812999999999647
4.835319507388483,3,100,100,5,10000,A1,HOSVD,5.2159999999998945
0.00782904702508597,3,100,100,5,10000,A2,HOSVD,5.2159999999998945
0.037589625410575075,3,100,100,5,10000,A3,HOSVD,5.2159999999998945
10.732202802305203,3,100,100,5,10000,core,HOSVD,5.2159999999998945
4.8265063709921945,3,100,100,5,10000,A1,HOOI,4.925999999999931
0.004658929640290939,3,100,100,5,10000,A2,HOOI,4.925999999999931
0.03707190794825135,3,100,100,5,10000,A3,HOOI,4.925999999999931
10.732079400569859,3,100,100,5,10000,core,HOOI,4.925999999999931
3.361214467491427,3,100,100,5,10000,A1,Olga,5.455999999999676
0.008130642639066595,3,100,100,5,10000,A2,Olga,5.455999999999676
1.0251301982444216,3,100,100,5,10000,A3,Tracy,5.455999999999676
9.68145485072047,3,100,100,5,10000,core,Tracy_Olga,5.455999999999676
27.27595164104807,3,100,500,5,10000,A1,NTD,15.03399999999965
2.7888239768182643,3,100,500,5,10000,A2,NTD,15.03399999999965
497.0000262007836,3,100,500,5,10000,A3,NTD,15.03399999999965
9.81181330025936,3,100,500,5,10000,core,NTD,15.03399999999965
5.290760728616313,3,100,500,5,10000,A1,Ours,4.856999999999971
0.039125258572817644,3,100,500,5,10000,A2,Ours,4.856999999999971
0.08365537044994514,3,100,500,5,10000,A3,Ours,4.856999999999971
10.73854252157967,3,100,500,5,10000,core,Ours,4.856999999999971
5.290760728616313,3,100,500,5,10000,A1,HOSVD,4.66800000000012
0.039125258572817644,3,100,500,5,10000,A2,HOSVD,4.66800000000012
0.08362889770786212,3,100,500,5,10000,A3,HOSVD,4.66800000000012
10.738487714346753,3,100,500,5,10000,core,HOSVD,4.66800000000012
5.301666870411323,3,100,500,5,10000,A1,HOOI,2.963999999999942
0.04084718127754163,3,100,500,5,10000,A2,HOOI,2.963999999999942
0.08279074211950152,3,100,500,5,10000,A3,HOOI,2.963999999999942
10.737432551046997,3,100,500,5,10000,core,HOOI,2.963999999999942
3.8088035982312842,3,100,500,5,10000,A1,Olga,3.194999999999709
0.02263120163691524,3,100,500,5,10000,A2,Olga,3.194999999999709
1.3501284425228763,3,100,500,5,10000,A3,Tracy,3.194999999999709
9.666512395056237,3,100,500,5,10000,core,Tracy_Olga,3.194999999999709
35.423238787853784,3,100,1000,5,10000,A1,NTD,33.16600000000017
0.7437080863622554,3,100,1000,5,10000,A2,NTD,33.16600000000017
997.0091006358324,3,100,1000,5,10000,A3,NTD,33.16600000000017
10.521304894807976,3,100,1000,5,10000,core,NTD,33.16600000000017
7.466008968978338,3,100,1000,5,10000,A1,Ours,0.9619999999999891
0.010979228228159004,3,100,1000,5,10000,A2,Ours,0.9619999999999891
0.7831930823062564,3,100,1000,5,10000,A3,Ours,0.9619999999999891
9.972412745086306,3,100,1000,5,10000,core,Ours,0.9619999999999891
7.466008968978338,3,100,1000,5,10000,A1,HOSVD,0.4800000000000182
0.010979228228159004,3,100,1000,5,10000,A2,HOSVD,0.4800000000000182
0.7831681879897997,3,100,1000,5,10000,A3,HOSVD,0.4800000000000182
9.972395343388753,3,100,1000,5,10000,core,HOSVD,0.4800000000000182
7.448848817638925,3,100,1000,5,10000,A1,HOOI,0.8640000000000327
0.013028279448813315,3,100,1000,5,10000,A2,HOOI,0.8640000000000327
0.8126236899585917,3,100,1000,5,10000,A3,HOOI,0.8640000000000327
9.976479649457941,3,100,1000,5,10000,core,HOOI,0.8640000000000327
3.829754570380645,3,100,1000,5,10000,A1,Olga,0.5709999999999127
0.013646363214063458,3,100,1000,5,10000,A2,Olga,0.5709999999999127
1.4215945708953275,3,100,1000,5,10000,A3,Tracy,0.5709999999999127
9.639472698343825,3,100,1000,5,10000,core,Tracy_Olga,0.5709999999999127
31.566268794890515,3,100,2500,5,10000,A1,NTD,93.5630000000001
3.1548273893030716,3,100,2500,5,10000,A2,NTD,93.5630000000001
2497.0010368012804,3,100,2500,5,10000,A3,NTD,93.5630000000001
9.887623426092354,3,100,2500,5,10000,core,NTD,93.5630000000001
4.998825841553463,3,100,2500,5,10000,A1,Ours,2.5520000000001346
0.026477324892945246,3,100,2500,5,10000,A2,Ours,2.5520000000001346
0.7924118240647041,3,100,2500,5,10000,A3,Ours,2.5520000000001346
11.57340914611825,3,100,2500,5,10000,core,Ours,2.5520000000001346
4.998825841553463,3,100,2500,5,10000,A1,HOSVD,1.099999999999909
0.026477324892945246,3,100,2500,5,10000,A2,HOSVD,1.099999999999909
0.7913796750417494,3,100,2500,5,10000,A3,HOSVD,1.099999999999909
11.573327000872283,3,100,2500,5,10000,core,HOSVD,1.099999999999909
5.375223857426586,3,100,2500,5,10000,A1,HOOI,2.492999999999938
0.02385230671713486,3,100,2500,5,10000,A2,HOOI,2.492999999999938
0.7898720770643987,3,100,2500,5,10000,A3,HOOI,2.492999999999938
11.575428028548455,3,100,2500,5,10000,core,HOOI,2.492999999999938
3.3401084957024008,3,100,2500,5,10000,A1,Olga,2.0670000000000073
0.02157096664958177,3,100,2500,5,10000,A2,Olga,2.0670000000000073
1.6541009998040719,3,100,2500,5,10000,A3,Tracy,2.0670000000000073
9.297412522855026,3,100,2500,5,10000,core,Tracy_Olga,2.0670000000000073
77.01068570504832,3,100,4997,5,10000,A1,NTD,176.1959999999999
0.4205975358458527,3,100,4997,5,10000,A2,NTD,176.1959999999999
4994.102115122315,3,100,4997,5,10000,A3,NTD,176.1959999999999
10.570463096996708,3,100,4997,5,10000,core,NTD,176.1959999999999
5.27298762602462,3,100,4997,5,10000,A1,Ours,5.344000000000051
0.02638319657274323,3,100,4997,5,10000,A2,Ours,5.344000000000051
2.6336610762839316,3,100,4997,5,10000,A3,Ours,5.344000000000051
11.721525653718977,3,100,4997,5,10000,core,Ours,5.344000000000051
5.27298762602462,3,100,4997,5,10000,A1,HOSVD,1.6530000000002474
0.02638319657274323,3,100,4997,5,10000,A2,HOSVD,1.6530000000002474
2.6315792782127505,3,100,4997,5,10000,A3,HOSVD,1.6530000000002474
11.715405126334366,3,100,4997,5,10000,core,HOSVD,1.6530000000002474
5.291966704647561,3,100,4997,5,10000,A1,HOOI,4.068000000000211
0.025283162487482847,3,100,4997,5,10000,A2,HOOI,4.068000000000211
2.629053781760609,3,100,4997,5,10000,A3,HOOI,4.068000000000211
11.750178338442355,3,100,4997,5,10000,core,HOOI,4.068000000000211
4.336897896076861,3,100,4997,5,10000,A1,Olga,3.0670000000000073
0.025056303322136486,3,100,4997,5,10000,A2,Olga,3.0670000000000073
2.8649175645984464,3,100,4997,5,10000,A3,Tracy,3.0670000000000073
9.937625155301655,3,100,4997,5,10000,core,Tracy_Olga,3.0670000000000073
27.14045321203304,3,100,5996,5,10000,A1,NTD,194.44800000000032
4.067684736228306,3,100,5996,5,10000,A2,NTD,194.44800000000032
5993.017083760554,3,100,5996,5,10000,A3,NTD,194.44800000000032
11.8744744578603,3,100,5996,5,10000,core,NTD,194.44800000000032
5.52469796225806,3,100,5996,5,10000,A1,Ours,5.749000000000706
0.03129145324203102,3,100,5996,5,10000,A2,Ours,5.749000000000706
2.739355175466089,3,100,5996,5,10000,A3,Ours,5.749000000000706
11.516737176764114,3,100,5996,5,10000,core,Ours,5.749000000000706
5.52469796225806,3,100,5996,5,10000,A1,HOSVD,1.9299999999993815
0.03129145324203102,3,100,5996,5,10000,A2,HOSVD,1.9299999999993815
2.7359837539397427,3,100,5996,5,10000,A3,HOSVD,1.9299999999993815
11.512232666081994,3,100,5996,5,10000,core,HOSVD,1.9299999999993815
5.519807325551775,3,100,5996,5,10000,A1,HOOI,4.819000000000415
0.025894423283813434,3,100,5996,5,10000,A2,HOOI,4.819000000000415
2.729578245056292,3,100,5996,5,10000,A3,HOOI,4.819000000000415
11.497716317459254,3,100,5996,5,10000,core,HOOI,4.819000000000415
3.367785600660035,3,100,5996,5,10000,A1,Olga,3.030000000000655
0.0313760593668986,3,100,5996,5,10000,A2,Olga,3.030000000000655
2.895644303369393,3,100,5996,5,10000,A3,Tracy,3.030000000000655
9.607241591035066,3,100,5996,5,10000,core,Tracy_Olga,3.030000000000655
33.371448660193806,3,100,6993,5,10000,A1,NTD,224.70700000000033
3.933361661620128,3,100,6993,5,10000,A2,NTD,224.70700000000033
6990.001269310124,3,100,6993,5,10000,A3,NTD,224.70700000000033
10.511870120040747,3,100,6993,5,10000,core,NTD,224.70700000000033
7.098533179404523,3,100,6993,5,10000,A1,Ours,7.804000000000087
0.03550068238734544,3,100,6993,5,10000,A2,Ours,7.804000000000087
2.6271092654417374,3,100,6993,5,10000,A3,Ours,7.804000000000087
11.778812134316507,3,100,6993,5,10000,core,Ours,7.804000000000087
7.098533179404523,3,100,6993,5,10000,A1,HOSVD,1.988999999999578
0.03550068238734544,3,100,6993,5,10000,A2,HOSVD,1.988999999999578
2.622173760529868,3,100,6993,5,10000,A3,HOSVD,1.988999999999578
11.76628834838691,3,100,6993,5,10000,core,HOSVD,1.988999999999578
7.128233791536143,3,100,6993,5,10000,A1,HOOI,6.36200000000008
0.03880739243160792,3,100,6993,5,10000,A2,HOOI,6.36200000000008
2.6239540758699587,3,100,6993,5,10000,A3,HOOI,6.36200000000008
11.74876948469955,3,100,6993,5,10000,core,HOOI,6.36200000000008
4.5576660587315665,3,100,6993,5,10000,A1,Olga,5.027000000000044
0.024859990529586935,3,100,6993,5,10000,A2,Olga,5.027000000000044
2.872068715036163,3,100,6993,5,10000,A3,Tracy,5.027000000000044
9.957473455413048,3,100,6993,5,10000,core,Tracy_Olga,5.027000000000044
51.332774671740154,3,100,7989,5,10000,A1,NTD,255.13900000000012
3.9393724790839277,3,100,7989,5,10000,A2,NTD,255.13900000000012
7986.183526776024,3,100,7989,5,10000,A3,NTD,255.13900000000012
12.132788590977372,3,100,7989,5,10000,core,NTD,255.13900000000012
7.730755776161433,3,100,7989,5,10000,A1,Ours,9.971999999999753
0.03905472003089727,3,100,7989,5,10000,A2,Ours,9.971999999999753
2.615707118506354,3,100,7989,5,10000,A3,Ours,9.971999999999753
11.745821937934801,3,100,7989,5,10000,core,Ours,9.971999999999753
7.730755776161433,3,100,7989,5,10000,A1,HOSVD,2.2260000000005675
0.03905472003089727,3,100,7989,5,10000,A2,HOSVD,2.2260000000005675
2.609972376302096,3,100,7989,5,10000,A3,HOSVD,2.2260000000005675
11.729608829776708,3,100,7989,5,10000,core,HOSVD,2.2260000000005675
7.733699783926328,3,100,7989,5,10000,A1,HOOI,7.837999999999738
0.043661282839111235,3,100,7989,5,10000,A2,HOOI,7.837999999999738
2.610631143867117,3,100,7989,5,10000,A3,HOOI,7.837999999999738
11.776219389685366,3,100,7989,5,10000,core,HOOI,7.837999999999738
4.174671432498203,3,100,7989,5,10000,A1,Olga,4.916000000000167
0.06799308889783828,3,100,7989,5,10000,A2,Olga,4.916000000000167
2.856838716748216,3,100,7989,5,10000,A3,Tracy,4.916000000000167
9.918218621642843,3,100,7989,5,10000,core,Tracy_Olga,4.916000000000167
28.558568342224177,3,100,8980,5,10000,A1,NTD,283.1260000000002
2.4686068544653934,3,100,8980,5,10000,A2,NTD,283.1260000000002
8977.00480634549,3,100,8980,5,10000,A3,NTD,283.1260000000002
11.249494479436803,3,100,8980,5,10000,core,NTD,283.1260000000002
4.7793478359384425,3,100,8980,5,10000,A1,Ours,11.800999999999476
0.009746331795414955,3,100,8980,5,10000,A2,Ours,11.800999999999476
2.6018282078990005,3,100,8980,5,10000,A3,Ours,11.800999999999476
11.747227017201247,3,100,8980,5,10000,core,Ours,11.800999999999476
4.7793478359384425,3,100,8980,5,10000,A1,HOSVD,3.1229999999995925
0.009746331795414955,3,100,8980,5,10000,A2,HOSVD,3.1229999999995925
2.593554616527512,3,100,8980,5,10000,A3,HOSVD,3.1229999999995925
11.727103362062355,3,100,8980,5,10000,core,HOSVD,3.1229999999995925
5.786688984685628,3,100,8980,5,10000,A1,HOOI,8.240999999999985
0.0068320204002214275,3,100,8980,5,10000,A2,HOOI,8.240999999999985
2.593389823660907,3,100,8980,5,10000,A3,HOOI,8.240999999999985
11.753954470015742,3,100,8980,5,10000,core,HOOI,8.240999999999985
4.092024194487691,3,100,8980,5,10000,A1,Olga,5.917999999999665
0.03690225168703763,3,100,8980,5,10000,A2,Olga,5.917999999999665
2.857315297252681,3,100,8980,5,10000,A3,Tracy,5.917999999999665
9.986630876754123,3,100,8980,5,10000,core,Tracy_Olga,5.917999999999665
20.55377807715519,3,100,9977,5,10000,A1,NTD,317.72300000000087
1.0116428951350027,3,100,9977,5,10000,A2,NTD,317.72300000000087
9974.064679367004,3,100,9977,5,10000,A3,NTD,317.72300000000087
12.521033158839243,3,100,9977,5,10000,core,NTD,317.72300000000087
4.889349854437452,3,100,9977,5,10000,A1,Ours,13.587000000000444
0.01819235139856387,3,100,9977,5,10000,A2,Ours,13.587000000000444
2.613656848180078,3,100,9977,5,10000,A3,Ours,13.587000000000444
11.710281945713685,3,100,9977,5,10000,core,Ours,13.587000000000444
4.889349854437452,3,100,9977,5,10000,A1,HOSVD,3.363999999999578
0.01819235139856387,3,100,9977,5,10000,A2,HOSVD,3.363999999999578
2.60376595052804,3,100,9977,5,10000,A3,HOSVD,3.363999999999578
11.686848433284583,3,100,9977,5,10000,core,HOSVD,3.363999999999578
4.861245103056831,3,100,9977,5,10000,A1,HOOI,10.67199999999957
0.018987677902043285,3,100,9977,5,10000,A2,HOOI,10.67199999999957
2.6008199621875847,3,100,9977,5,10000,A3,HOOI,10.67199999999957
11.747412331444684,3,100,9977,5,10000,core,HOOI,10.67199999999957
4.789764359800242,3,100,9977,5,10000,A1,Olga,6.360999999999876
0.023091831538430783,3,100,9977,5,10000,A2,Olga,6.360999999999876
2.857214601381293,3,100,9977,5,10000,A3,Tracy,6.360999999999876
9.975521677293115,3,100,9977,5,10000,core,Tracy_Olga,6.360999999999876
