error,K,Q1,R,Q2,M,mode,method,time
55.5333534069462,3,100,982,5,100,A1,NTD,36.189
3.164104761540228,3,100,982,5,100,A2,NTD,36.189
979.3044906392292,3,100,982,5,100,A3,NTD,36.189
10.101352785349686,3,100,982,5,100,core,NTD,36.189
38.900716641771474,3,100,982,5,100,A1,Ours,4.6839999999999975
0.13923832726815213,3,100,982,5,100,A2,Ours,4.6839999999999975
3.2511659807057574,3,100,982,5,100,A3,Ours,4.6839999999999975
11.23985483992056,3,100,982,5,100,core,Ours,4.6839999999999975
38.900716641771474,3,100,982,5,100,A1,HOSVD,7.308
0.13923832726815213,3,100,982,5,100,A2,HOSVD,7.308
2.5418028489040094,3,100,982,5,100,A3,HOSVD,7.308
10.311851034879444,3,100,982,5,100,core,HOSVD,7.308
39.62560970507681,3,100,982,5,100,A1,HOOI,6.910999999999994
0.03353063462390401,3,100,982,5,100,A2,HOOI,6.910999999999994
2.5818257488169376,3,100,982,5,100,A3,HOOI,6.910999999999994
10.243436701952266,3,100,982,5,100,core,HOOI,6.910999999999994
52.825422628418686,3,100,982,5,100,A1,Olga,4.277000000000001
2.729222761682635,3,100,982,5,100,A2,Olga,4.277000000000001
2.8384725504835164,3,100,982,5,100,A3,Tracy,4.277000000000001
9.987827103629806,3,100,982,5,100,core,Tracy_Olga,4.277000000000001
121.05896062714753,3,100,4491,5,100,A1,NTD,159.019
3.6907707169560147,3,100,4491,5,100,A2,NTD,159.019
4488.619371003256,3,100,4491,5,100,A3,NTD,159.019
12.115660008620386,3,100,4491,5,100,core,NTD,159.019
46.007921809698615,3,100,4491,5,100,A1,Ours,9.715000000000003
0.18488344909189827,3,100,4491,5,100,A2,Ours,9.715000000000003
5.339592965276145,3,100,4491,5,100,A3,Ours,9.715000000000003
10.186540501537012,3,100,4491,5,100,core,Ours,9.715000000000003
46.007921809698615,3,100,4491,5,100,A1,HOSVD,9.320999999999998
0.18488344909189827,3,100,4491,5,100,A2,HOSVD,9.320999999999998
2.7419568804042944,3,100,4491,5,100,A3,HOSVD,9.320999999999998
9.326218339759409,3,100,4491,5,100,core,HOSVD,9.320999999999998
44.87719061393361,3,100,4491,5,100,A1,HOOI,19.86899999999997
0.1114972761912832,3,100,4491,5,100,A2,HOOI,19.86899999999997
3.641065606415423,3,100,4491,5,100,A3,HOOI,19.86899999999997
10.298186010351502,3,100,4491,5,100,core,HOOI,19.86899999999997
88.80196176349651,3,100,4491,5,100,A1,Olga,15.617000000000019
4.1114287176654365,3,100,4491,5,100,A2,Olga,15.617000000000019
4.006978983173929,3,100,4491,5,100,A3,Tracy,15.617000000000019
12.094813817616547,3,100,4491,5,100,core,Tracy_Olga,15.617000000000019
119.04743864010392,3,100,8164,5,100,A1,NTD,270.054
5.121450549707686,3,100,8164,5,100,A2,NTD,270.054
8161.61781365762,3,100,8164,5,100,A3,NTD,270.054
9.945623867285363,3,100,8164,5,100,core,NTD,270.054
46.80872503178289,3,100,8164,5,100,A1,Ours,11.83400000000006
0.14025722881394592,3,100,8164,5,100,A2,Ours,11.83400000000006
5.342933968204083,3,100,8164,5,100,A3,Ours,11.83400000000006
10.080447444753547,3,100,8164,5,100,core,Ours,11.83400000000006
46.80872503178289,3,100,8164,5,100,A1,HOSVD,12.649000000000001
0.14025722881394592,3,100,8164,5,100,A2,HOSVD,12.649000000000001
2.9367566223350066,3,100,8164,5,100,A3,HOSVD,12.649000000000001
9.179663536474589,3,100,8164,5,100,core,HOSVD,12.649000000000001
45.98601284968408,3,100,8164,5,100,A1,HOOI,31.00400000000002
0.09528122673513513,3,100,8164,5,100,A2,HOOI,31.00400000000002
4.02715123461195,3,100,8164,5,100,A3,HOOI,31.00400000000002
11.519889014410982,3,100,8164,5,100,core,HOOI,31.00400000000002
82.94757476287384,3,100,8164,5,100,A1,Olga,17.671999999999912
3.131269086909894,3,100,8164,5,100,A2,Olga,17.671999999999912
3.9954661148508137,3,100,8164,5,100,A3,Tracy,17.671999999999912
9.404422232550704,3,100,8164,5,100,core,Tracy_Olga,17.671999999999912
16.475567477964727,3,100,998,5,500,A1,NTD,27.841000000000008
2.4888082208096685,3,100,998,5,500,A2,NTD,27.841000000000008
995.1798847388842,3,100,998,5,500,A3,NTD,27.841000000000008
13.461113639581859,3,100,998,5,500,core,NTD,27.841000000000008
18.133485990005916,3,100,998,5,500,A1,Ours,1.3940000000000055
0.03315964372142205,3,100,998,5,500,A2,Ours,1.3940000000000055
2.777827587791838,3,100,998,5,500,A3,Ours,1.3940000000000055
10.335566749461178,3,100,998,5,500,core,Ours,1.3940000000000055
18.133485990005916,3,100,998,5,500,A1,HOSVD,0.46299999999996544
0.03315964372142205,3,100,998,5,500,A2,HOSVD,0.46299999999996544
2.757752670833274,3,100,998,5,500,A3,HOSVD,0.46299999999996544
10.335566749461178,3,100,998,5,500,core,HOSVD,0.46299999999996544
19.792431037978773,3,100,998,5,500,A1,HOOI,0.94399999999996
0.03998760914787545,3,100,998,5,500,A2,HOOI,0.94399999999996
2.8028950748798187,3,100,998,5,500,A3,HOOI,0.94399999999996
10.335566749461178,3,100,998,5,500,core,HOOI,0.94399999999996
19.453481381133972,3,100,998,5,500,A1,Olga,0.4559999999999036
0.1690195983303733,3,100,998,5,500,A2,Olga,0.4559999999999036
3.1814101235074363,3,100,998,5,500,A3,Tracy,0.4559999999999036
10.226921596540523,3,100,998,5,500,core,Tracy_Olga,0.4559999999999036
50.57190808681775,3,100,4890,5,500,A1,NTD,162.19000000000005
1.2090069868758606,3,100,4890,5,500,A2,NTD,162.19000000000005
4887.26871496888,3,100,4890,5,500,A3,NTD,162.19000000000005
9.878614023576013,3,100,4890,5,500,core,NTD,162.19000000000005
21.036058952569967,3,100,4890,5,500,A1,Ours,10.56899999999996
0.10707021941818916,3,100,4890,5,500,A2,Ours,10.56899999999996
3.375390280743325,3,100,4890,5,500,A3,Ours,10.56899999999996
11.210495577517134,3,100,4890,5,500,core,Ours,10.56899999999996
21.036058952569967,3,100,4890,5,500,A1,HOSVD,7.2719999999999345
0.10707021941818916,3,100,4890,5,500,A2,HOSVD,7.2719999999999345
2.585909259531378,3,100,4890,5,500,A3,HOSVD,7.2719999999999345
10.659759108619351,3,100,4890,5,500,core,HOSVD,7.2719999999999345
21.089747163876655,3,100,4890,5,500,A1,HOOI,9.567999999999984
0.09644605133051365,3,100,4890,5,500,A2,HOOI,9.567999999999984
4.83975262512597,3,100,4890,5,500,A3,HOOI,9.567999999999984
11.052233579517448,3,100,4890,5,500,core,HOOI,9.567999999999984
33.61891421086924,3,100,4890,5,500,A1,Olga,10.5
2.3698885109507297,3,100,4890,5,500,A2,Olga,10.5
2.9295981153160406,3,100,4890,5,500,A3,Tracy,10.5
9.333419455693157,3,100,4890,5,500,core,Tracy_Olga,10.5
85.92634674331374,3,100,9604,5,500,A1,NTD,369.34000000000003
3.163888008343956,3,100,9604,5,500,A2,NTD,369.34000000000003
9601.3609467929,3,100,9604,5,500,A3,NTD,369.34000000000003
10.072526417422484,3,100,9604,5,500,core,NTD,369.34000000000003
21.32561084453305,3,100,9604,5,500,A1,Ours,16.549999999999955
0.020353535145849488,3,100,9604,5,500,A2,Ours,16.549999999999955
5.438605058677538,3,100,9604,5,500,A3,Ours,16.549999999999955
10.028630149343908,3,100,9604,5,500,core,Ours,16.549999999999955
21.32561084453305,3,100,9604,5,500,A1,HOSVD,9.430000000000064
0.020353535145849488,3,100,9604,5,500,A2,HOSVD,9.430000000000064
2.632609729996692,3,100,9604,5,500,A3,HOSVD,9.430000000000064
10.294238376738198,3,100,9604,5,500,core,HOSVD,9.430000000000064
20.754917124984154,3,100,9604,5,500,A1,HOOI,17.010999999999967
0.033467902142225,3,100,9604,5,500,A2,HOOI,17.010999999999967
4.826256632974091,3,100,9604,5,500,A3,HOOI,17.010999999999967
8.063578464920868,3,100,9604,5,500,core,HOOI,17.010999999999967
72.99079650675309,3,100,9604,5,500,A1,Olga,13.356999999999971
3.5652079950226687,3,100,9604,5,500,A2,Olga,13.356999999999971
4.634276405069503,3,100,9604,5,500,A3,Tracy,13.356999999999971
12.920236547234905,3,100,9604,5,500,core,Tracy_Olga,13.356999999999971
32.1439150780035,3,100,1000,5,1000,A1,NTD,27.8900000000001
0.31708318031305194,3,100,1000,5,1000,A2,NTD,27.8900000000001
997.0062630940057,3,100,1000,5,1000,A3,NTD,27.8900000000001
12.343334853380204,3,100,1000,5,1000,core,NTD,27.8900000000001
18.402714643123726,3,100,1000,5,1000,A1,Ours,4.347999999999956
0.02534904510588777,3,100,1000,5,1000,A2,Ours,4.347999999999956
0.882637107645143,3,100,1000,5,1000,A3,Ours,4.347999999999956
10.231293914146185,3,100,1000,5,1000,core,Ours,4.347999999999956
18.402714643123726,3,100,1000,5,1000,A1,HOSVD,3.186000000000149
0.02534904510588777,3,100,1000,5,1000,A2,HOSVD,3.186000000000149
0.8785261503856828,3,100,1000,5,1000,A3,HOSVD,3.186000000000149
10.244234329881456,3,100,1000,5,1000,core,HOSVD,3.186000000000149
18.38009180824772,3,100,1000,5,1000,A1,HOOI,2.5670000000000073
0.02517941439899074,3,100,1000,5,1000,A2,HOOI,2.5670000000000073
0.9332478391768069,3,100,1000,5,1000,A3,HOOI,2.5670000000000073
10.24068397647354,3,100,1000,5,1000,core,HOOI,2.5670000000000073
11.391497780629116,3,100,1000,5,1000,A1,Olga,2.132999999999811
0.06336223057240442,3,100,1000,5,1000,A2,Olga,2.132999999999811
1.4899839092110936,3,100,1000,5,1000,A3,Tracy,2.132999999999811
10.337615328022997,3,100,1000,5,1000,core,Tracy_Olga,2.132999999999811
18.149044914575224,3,100,4945,5,1000,A1,NTD,160.04300000000012
5.163869074537348,3,100,4945,5,1000,A2,NTD,160.04300000000012
4942.142200367982,3,100,4945,5,1000,A3,NTD,160.04300000000012
11.829143055114756,3,100,4945,5,1000,core,NTD,160.04300000000012
14.935884356896313,3,100,4945,5,1000,A1,Ours,5.872000000000071
0.012562252751990447,3,100,4945,5,1000,A2,Ours,5.872000000000071
3.037969446179863,3,100,4945,5,1000,A3,Ours,5.872000000000071
11.197623742587881,3,100,4945,5,1000,core,Ours,5.872000000000071
14.935884356896313,3,100,4945,5,1000,A1,HOSVD,1.9379999999998745
0.012562252751990447,3,100,4945,5,1000,A2,HOSVD,1.9379999999998745
2.536356557332998,3,100,4945,5,1000,A3,HOSVD,1.9379999999998745
10.705222429774345,3,100,4945,5,1000,core,HOSVD,1.9379999999998745
14.953893999825576,3,100,4945,5,1000,A1,HOOI,4.448000000000093
0.010245750039915348,3,100,4945,5,1000,A2,HOOI,4.448000000000093
4.827866504026815,3,100,4945,5,1000,A3,HOOI,4.448000000000093
13.372498277949832,3,100,4945,5,1000,core,HOOI,4.448000000000093
21.050808800429934,3,100,4945,5,1000,A1,Olga,2.5109999999999673
0.7726927002229075,3,100,4945,5,1000,A2,Olga,2.5109999999999673
2.9008200345473294,3,100,4945,5,1000,A3,Tracy,2.5109999999999673
9.189908007697378,3,100,4945,5,1000,core,Tracy_Olga,2.5109999999999673
50.70905799280429,3,100,9797,5,1000,A1,NTD,327.02700000000004
3.166585363154414,3,100,9797,5,1000,A2,NTD,327.02700000000004
9794.224778921754,3,100,9797,5,1000,A3,NTD,327.02700000000004
12.434820556923736,3,100,9797,5,1000,core,NTD,327.02700000000004
13.288260115442219,3,100,9797,5,1000,A1,Ours,23.29099999999994
0.02629954228601635,3,100,9797,5,1000,A2,Ours,23.29099999999994
4.143776438969729,3,100,9797,5,1000,A3,Ours,23.29099999999994
11.790262191133847,3,100,9797,5,1000,core,Ours,23.29099999999994
13.288260115442219,3,100,9797,5,1000,A1,HOSVD,14.741999999999962
0.02629954228601635,3,100,9797,5,1000,A2,HOSVD,14.741999999999962
2.571700277290237,3,100,9797,5,1000,A3,HOSVD,14.741999999999962
10.330825332861153,3,100,9797,5,1000,core,HOSVD,14.741999999999962
13.480651457158684,3,100,9797,5,1000,A1,HOOI,23.713999999999942
0.02811349991490678,3,100,9797,5,1000,A2,HOOI,23.713999999999942
4.820460036888858,3,100,9797,5,1000,A3,HOOI,23.713999999999942
12.8522039498498,3,100,9797,5,1000,core,HOOI,23.713999999999942
26.433632489175128,3,100,9797,5,1000,A1,Olga,18.87700000000018
1.8736110187210813,3,100,9797,5,1000,A2,Olga,18.87700000000018
2.938648730108668,3,100,9797,5,1000,A3,Tracy,18.87700000000018
9.314212083383312,3,100,9797,5,1000,core,Tracy_Olga,18.87700000000018
33.666114848248256,3,100,1000,5,2500,A1,NTD,27.496999999999844
0.2948132369807528,3,100,1000,5,2500,A2,NTD,27.496999999999844
997.0003835736677,3,100,1000,5,2500,A3,NTD,27.496999999999844
8.214914631719008,3,100,1000,5,2500,core,NTD,27.496999999999844
8.847367016410065,3,100,1000,5,2500,A1,Ours,7.861999999999853
0.032457273988089536,3,100,1000,5,2500,A2,Ours,7.861999999999853
0.6184853215058634,3,100,1000,5,2500,A3,Ours,7.861999999999853
9.218632301349139,3,100,1000,5,2500,core,Ours,7.861999999999853
8.847367016410065,3,100,1000,5,2500,A1,HOSVD,4.912000000000035
0.032457273988089536,3,100,1000,5,2500,A2,HOSVD,4.912000000000035
0.6180508683564853,3,100,1000,5,2500,A3,HOSVD,4.912000000000035
9.218424008863657,3,100,1000,5,2500,core,HOSVD,4.912000000000035
8.802035414436844,3,100,1000,5,2500,A1,HOOI,5.708000000000084
0.007679270352152534,3,100,1000,5,2500,A2,HOOI,5.708000000000084
0.6265665960470128,3,100,1000,5,2500,A3,HOOI,5.708000000000084
9.216352433906378,3,100,1000,5,2500,core,HOOI,5.708000000000084
7.3718774446037765,3,100,1000,5,2500,A1,Olga,3.9479999999998654
0.048217499222950724,3,100,1000,5,2500,A2,Olga,3.9479999999998654
1.4073585644517044,3,100,1000,5,2500,A3,Tracy,3.9479999999998654
10.115482912006845,3,100,1000,5,2500,core,Tracy_Olga,3.9479999999998654
19.04690571721741,3,100,4975,5,2500,A1,NTD,160.77899999999977
1.1638503766069503,3,100,4975,5,2500,A2,NTD,160.77899999999977
4972.0722564304115,3,100,4975,5,2500,A3,NTD,160.77899999999977
10.084873607985823,3,100,4975,5,2500,core,NTD,160.77899999999977
8.811577585101956,3,100,4975,5,2500,A1,Ours,5.556999999999789
0.011702835558873765,3,100,4975,5,2500,A2,Ours,5.556999999999789
2.550685326160867,3,100,4975,5,2500,A3,Ours,5.556999999999789
10.323845379857689,3,100,4975,5,2500,core,Ours,5.556999999999789
8.811577585101956,3,100,4975,5,2500,A1,HOSVD,1.7800000000002
0.011702835558873765,3,100,4975,5,2500,A2,HOSVD,1.7800000000002
2.5191044292351634,3,100,4975,5,2500,A3,HOSVD,1.7800000000002
10.326860038850947,3,100,4975,5,2500,core,HOSVD,1.7800000000002
8.805885376124902,3,100,4975,5,2500,A1,HOOI,4.854000000000269
0.012011485330258418,3,100,4975,5,2500,A2,HOOI,4.854000000000269
2.5222101867451343,3,100,4975,5,2500,A3,HOOI,4.854000000000269
10.310325744426697,3,100,4975,5,2500,core,HOOI,4.854000000000269
11.335543906254534,3,100,4975,5,2500,A1,Olga,5.82300000000032
0.1784021456576397,3,100,4975,5,2500,A2,Olga,5.82300000000032
2.91043849963539,3,100,4975,5,2500,A3,Tracy,5.82300000000032
10.279982485894884,3,100,4975,5,2500,core,Tracy_Olga,5.82300000000032
29.131628141116224,3,100,9918,5,2500,A1,NTD,329.99299999999994
3.163868465553693,3,100,9918,5,2500,A2,NTD,329.99299999999994
9915.175341444017,3,100,9918,5,2500,A3,NTD,329.99299999999994
11.39275739786112,3,100,9918,5,2500,core,NTD,329.99299999999994
11.179253442741945,3,100,9918,5,2500,A1,Ours,15.5
0.004985938794702395,3,100,9918,5,2500,A2,Ours,15.5
3.004644369247672,3,100,9918,5,2500,A3,Ours,15.5
12.956196860108975,3,100,9918,5,2500,core,Ours,15.5
11.179253442741945,3,100,9918,5,2500,A1,HOSVD,3.4290000000000873
0.004985938794702395,3,100,9918,5,2500,A2,HOSVD,3.4290000000000873
2.5524331836115084,3,100,9918,5,2500,A3,HOSVD,3.4290000000000873
10.30601320729607,3,100,9918,5,2500,core,HOSVD,3.4290000000000873
11.165783586149033,3,100,9918,5,2500,A1,HOOI,11.981999999999971
0.0052070266637631755,3,100,9918,5,2500,A2,HOOI,11.981999999999971
2.5560082243104807,3,100,9918,5,2500,A3,HOOI,11.981999999999971
10.301785913691546,3,100,9918,5,2500,core,HOOI,11.981999999999971
11.784286518618261,3,100,9918,5,2500,A1,Olga,10.314000000000306
0.5744171926389736,3,100,9918,5,2500,A2,Olga,10.314000000000306
2.9234796782699823,3,100,9918,5,2500,A3,Tracy,10.314000000000306
10.200604193505214,3,100,9918,5,2500,core,Tracy_Olga,10.314000000000306
9.621517224142902,3,100,1000,5,5000,A1,NTD,28.36999999999989
0.37055446135969267,3,100,1000,5,5000,A2,NTD,28.36999999999989
997.4106396862885,3,100,1000,5,5000,A3,NTD,28.36999999999989
11.269209198126417,3,100,1000,5,5000,core,NTD,28.36999999999989
5.684743256037623,3,100,1000,5,5000,A1,Ours,1.7480000000000473
0.009319904593730546,3,100,1000,5,5000,A2,Ours,1.7480000000000473
0.4619298369148673,3,100,1000,5,5000,A3,Ours,1.7480000000000473
9.213545649628823,3,100,1000,5,5000,core,Ours,1.7480000000000473
5.684743256037623,3,100,1000,5,5000,A1,HOSVD,0.7049999999999272
0.009319904593730546,3,100,1000,5,5000,A2,HOSVD,0.7049999999999272
0.46181201763701946,3,100,1000,5,5000,A3,HOSVD,0.7049999999999272
9.213495370982939,3,100,1000,5,5000,core,HOSVD,0.7049999999999272
5.667555228163717,3,100,1000,5,5000,A1,HOOI,0.918999999999869
0.0072457971833772535,3,100,1000,5,5000,A2,HOOI,0.918999999999869
0.46277757605973424,3,100,1000,5,5000,A3,HOOI,0.918999999999869
9.213649864961836,3,100,1000,5,5000,core,HOOI,0.918999999999869
4.8404250589573605,3,100,1000,5,5000,A1,Olga,1.2729999999996835
0.014627592281233451,3,100,1000,5,5000,A2,Olga,1.2729999999996835
1.4427421334584596,3,100,1000,5,5000,A3,Tracy,1.2729999999996835
9.162815254307468,3,100,1000,5,5000,core,Tracy_Olga,1.2729999999996835
12.240882634511197,3,100,4991,5,5000,A1,NTD,158.029
1.2212283444231467,3,100,4991,5,5000,A2,NTD,158.029
4988.406218024302,3,100,4991,5,5000,A3,NTD,158.029
11.518613353010496,3,100,4991,5,5000,core,NTD,158.029
8.116475254786296,3,100,4991,5,5000,A1,Ours,5.407999999999902
0.027044603928119946,3,100,4991,5,5000,A2,Ours,5.407999999999902
2.51894647564615,3,100,4991,5,5000,A3,Ours,5.407999999999902
10.377286001844627,3,100,4991,5,5000,core,Ours,5.407999999999902
8.116475254786296,3,100,4991,5,5000,A1,HOSVD,1.7139999999999418
0.027044603928119946,3,100,4991,5,5000,A2,HOSVD,1.7139999999999418
2.5105646247184517,3,100,4991,5,5000,A3,HOSVD,1.7139999999999418
10.388226234475766,3,100,4991,5,5000,core,HOSVD,1.7139999999999418
8.160112884864073,3,100,4991,5,5000,A1,HOOI,4.326999999999771
0.027245155688282577,3,100,4991,5,5000,A2,HOOI,4.326999999999771
2.505739658481804,3,100,4991,5,5000,A3,HOOI,4.326999999999771
10.375236170279123,3,100,4991,5,5000,core,HOOI,4.326999999999771
4.546824959785414,3,100,4991,5,5000,A1,Olga,2.5670000000000073
0.10616778511411398,3,100,4991,5,5000,A2,Olga,2.5670000000000073
2.919631872697053,3,100,4991,5,5000,A3,Tracy,2.5670000000000073
9.254159131870638,3,100,4991,5,5000,core,Tracy_Olga,2.5670000000000073
8.750167172012269,3,100,9962,5,5000,A1,NTD,331.6310000000003
0.7844789173536093,3,100,9962,5,5000,A2,NTD,331.6310000000003
9959.070929507112,3,100,9962,5,5000,A3,NTD,331.6310000000003
9.21930304346875,3,100,9962,5,5000,core,NTD,331.6310000000003
6.122646465987111,3,100,9962,5,5000,A1,Ours,20.35699999999997
0.014424485787232811,3,100,9962,5,5000,A2,Ours,20.35699999999997
2.558254887377958,3,100,9962,5,5000,A3,Ours,20.35699999999997
9.21046568067205,3,100,9962,5,5000,core,Ours,20.35699999999997
6.122646465987111,3,100,9962,5,5000,A1,HOSVD,6.588999999999942
0.014424485787232811,3,100,9962,5,5000,A2,HOSVD,6.588999999999942
2.5277506286779223,3,100,9962,5,5000,A3,HOSVD,6.588999999999942
9.216460430424453,3,100,9962,5,5000,core,HOSVD,6.588999999999942
6.047570052829261,3,100,9962,5,5000,A1,HOOI,21.042999999999665
0.013565068767959097,3,100,9962,5,5000,A2,HOOI,21.042999999999665
2.5199967878495144,3,100,9962,5,5000,A3,HOOI,21.042999999999665
9.215642242347359,3,100,9962,5,5000,core,HOOI,21.042999999999665
6.962872914658366,3,100,9962,5,5000,A1,Olga,10.33199999999988
0.22745379003170965,3,100,9962,5,5000,A2,Olga,10.33199999999988
2.909961660258804,3,100,9962,5,5000,A3,Tracy,10.33199999999988
10.257402473336905,3,100,9962,5,5000,core,Tracy_Olga,10.33199999999988
15.058969449714281,3,100,1000,5,6000,A1,NTD,28.36700000000019
0.2135473039610552,3,100,1000,5,6000,A2,NTD,28.36700000000019
997.0040142972812,3,100,1000,5,6000,A3,NTD,28.36700000000019
10.684403718866708,3,100,1000,5,6000,core,NTD,28.36700000000019
7.404604167919076,3,100,1000,5,6000,A1,Ours,0.5579999999999927
0.010132855628917133,3,100,1000,5,6000,A2,Ours,0.5579999999999927
0.2126448073720457,3,100,1000,5,6000,A3,Ours,0.5579999999999927
10.139729519814791,3,100,1000,5,6000,core,Ours,0.5579999999999927
7.404604167919076,3,100,1000,5,6000,A1,HOSVD,0.5470000000000255
0.010132855628917133,3,100,1000,5,6000,A2,HOSVD,0.5470000000000255
0.21246807023143546,3,100,1000,5,6000,A3,HOSVD,0.5470000000000255
10.13966714600985,3,100,1000,5,6000,core,HOSVD,0.5470000000000255
7.344615298023201,3,100,1000,5,6000,A1,HOOI,0.8969999999999345
0.009904574091218506,3,100,1000,5,6000,A2,HOOI,0.8969999999999345
0.21505965729415152,3,100,1000,5,6000,A3,HOOI,0.8969999999999345
10.140458155031078,3,100,1000,5,6000,core,HOOI,0.8969999999999345
6.321651925923016,3,100,1000,5,6000,A1,Olga,0.5709999999999127
0.012903214454770924,3,100,1000,5,6000,A2,Olga,0.5709999999999127
1.3952271755184273,3,100,1000,5,6000,A3,Tracy,0.5709999999999127
9.14956654460722,3,100,1000,5,6000,core,Tracy_Olga,0.5709999999999127
13.317663876159013,3,100,4994,5,6000,A1,NTD,159.66100000000006
0.6320253500979756,3,100,4994,5,6000,A2,NTD,159.66100000000006
4991.030378855512,3,100,4994,5,6000,A3,NTD,159.66100000000006
13.298204873205373,3,100,4994,5,6000,core,NTD,159.66100000000006
9.299047040097902,3,100,4994,5,6000,A1,Ours,5.371000000000095
0.012795614411927569,3,100,4994,5,6000,A2,Ours,5.371000000000095
2.52489313206689,3,100,4994,5,6000,A3,Ours,5.371000000000095
10.375466277115105,3,100,4994,5,6000,core,Ours,5.371000000000095
9.299047040097902,3,100,4994,5,6000,A1,HOSVD,1.8849999999997635
0.012795614411927569,3,100,4994,5,6000,A2,HOSVD,1.8849999999997635
2.5190015466093096,3,100,4994,5,6000,A3,HOSVD,1.8849999999997635
10.375302346698104,3,100,4994,5,6000,core,HOSVD,1.8849999999997635
9.280560005519153,3,100,4994,5,6000,A1,HOOI,4.552999999999884
0.012971035382424025,3,100,4994,5,6000,A2,HOOI,4.552999999999884
2.5230243605345213,3,100,4994,5,6000,A3,HOOI,4.552999999999884
10.378811498248533,3,100,4994,5,6000,core,HOOI,4.552999999999884
4.922245670294183,3,100,4994,5,6000,A1,Olga,2.467999999999847
0.06796857593155113,3,100,4994,5,6000,A2,Olga,2.467999999999847
2.919079418599647,3,100,4994,5,6000,A3,Tracy,2.467999999999847
10.368716956468855,3,100,4994,5,6000,core,Tracy_Olga,2.467999999999847
17.48749255020083,3,100,9967,5,6000,A1,NTD,319.92300000000023
1.8019859188457967,3,100,9967,5,6000,A2,NTD,319.92300000000023
9964.06426175185,3,100,9967,5,6000,A3,NTD,319.92300000000023
11.33557423426021,3,100,9967,5,6000,core,NTD,319.92300000000023
6.719192683374012,3,100,9967,5,6000,A1,Ours,14.83600000000024
0.018339451617091298,3,100,9967,5,6000,A2,Ours,14.83600000000024
2.5521200348207733,3,100,9967,5,6000,A3,Ours,14.83600000000024
10.297187499457316,3,100,9967,5,6000,core,Ours,14.83600000000024
6.719192683374012,3,100,9967,5,6000,A1,HOSVD,3.5109999999999673
0.018339451617091298,3,100,9967,5,6000,A2,HOSVD,3.5109999999999673
2.5313580742215733,3,100,9967,5,6000,A3,HOSVD,3.5109999999999673
10.301421587099943,3,100,9967,5,6000,core,HOSVD,3.5109999999999673
6.70559129551626,3,100,9967,5,6000,A1,HOOI,11.812000000000353
0.018995783142601527,3,100,9967,5,6000,A2,HOOI,11.812000000000353
2.532015242183701,3,100,9967,5,6000,A3,HOOI,11.812000000000353
10.295725962733131,3,100,9967,5,6000,core,HOOI,11.812000000000353
5.414334682798911,3,100,9967,5,6000,A1,Olga,6.454999999999927
0.16269702632174426,3,100,9967,5,6000,A2,Olga,6.454999999999927
2.898485824430389,3,100,9967,5,6000,A3,Tracy,6.454999999999927
9.193247600931725,3,100,9967,5,6000,core,Tracy_Olga,6.454999999999927
8.432537173910683,3,100,1000,5,7000,A1,NTD,28.427999999999884
0.25277360898108375,3,100,1000,5,7000,A2,NTD,28.427999999999884
997.3832980820209,3,100,1000,5,7000,A3,NTD,28.427999999999884
8.821249127356444,3,100,1000,5,7000,core,NTD,28.427999999999884
5.292624880637791,3,100,1000,5,7000,A1,Ours,3.4290000000000873
0.013218093947106258,3,100,1000,5,7000,A2,Ours,3.4290000000000873
0.34164350632786483,3,100,1000,5,7000,A3,Ours,3.4290000000000873
10.205755038205067,3,100,1000,5,7000,core,Ours,3.4290000000000873
5.292624880637791,3,100,1000,5,7000,A1,HOSVD,2.3090000000001965
0.013218093947106258,3,100,1000,5,7000,A2,HOSVD,2.3090000000001965
0.3415081553033013,3,100,1000,5,7000,A3,HOSVD,2.3090000000001965
10.205711568741556,3,100,1000,5,7000,core,HOSVD,2.3090000000001965
5.217475496801934,3,100,1000,5,7000,A1,HOOI,2.6599999999998545
0.012914751044672435,3,100,1000,5,7000,A2,HOOI,2.6599999999998545
0.3460201455295804,3,100,1000,5,7000,A3,HOOI,2.6599999999998545
10.192394441648887,3,100,1000,5,7000,core,HOOI,2.6599999999998545
2.930413461022603,3,100,1000,5,7000,A1,Olga,0.781999999999698
0.010767673920946911,3,100,1000,5,7000,A2,Olga,0.781999999999698
1.458750136261514,3,100,1000,5,7000,A3,Tracy,0.781999999999698
9.108300306371218,3,100,1000,5,7000,core,Tracy_Olga,0.781999999999698
37.283307709545866,3,100,4996,5,7000,A1,NTD,149.81200000000035
2.016265437935087,3,100,4996,5,7000,A2,NTD,149.81200000000035
4993.016050989703,3,100,4996,5,7000,A3,NTD,149.81200000000035
12.905161998464566,3,100,4996,5,7000,core,NTD,149.81200000000035
6.808464863718506,3,100,4996,5,7000,A1,Ours,12.173999999999978
0.011701189300937213,3,100,4996,5,7000,A2,Ours,12.173999999999978
2.5263682752006935,3,100,4996,5,7000,A3,Ours,12.173999999999978
9.259518014538282,3,100,4996,5,7000,core,Ours,12.173999999999978
6.808464863718506,3,100,4996,5,7000,A1,HOSVD,7.914999999999964
0.011701189300937213,3,100,4996,5,7000,A2,HOSVD,7.914999999999964
2.5244662603783055,3,100,4996,5,7000,A3,HOSVD,7.914999999999964
9.259766011762379,3,100,4996,5,7000,core,HOSVD,7.914999999999964
6.787860149635207,3,100,4996,5,7000,A1,HOOI,10.760999999999967
0.012388635523006631,3,100,4996,5,7000,A2,HOOI,10.760999999999967
2.5119179359650134,3,100,4996,5,7000,A3,HOOI,10.760999999999967
9.256375339172797,3,100,4996,5,7000,core,HOOI,10.760999999999967
7.5284867850760815,3,100,4996,5,7000,A1,Olga,9.626999999999953
0.06502051662658404,3,100,4996,5,7000,A2,Olga,9.626999999999953
3.013244480956369,3,100,4996,5,7000,A3,Tracy,9.626999999999953
10.287504701800502,3,100,4996,5,7000,core,Tracy_Olga,9.626999999999953
26.29251263926691,3,100,9973,5,7000,A1,NTD,335.4119999999998
1.2814295715234512,3,100,9973,5,7000,A2,NTD,335.4119999999998
9970.057819404368,3,100,9973,5,7000,A3,NTD,335.4119999999998
11.44141116578946,3,100,9973,5,7000,core,NTD,335.4119999999998
7.086373228179064,3,100,9973,5,7000,A1,Ours,15.099999999999454
0.006218754154674348,3,100,9973,5,7000,A2,Ours,15.099999999999454
2.5113726904261653,3,100,9973,5,7000,A3,Ours,15.099999999999454
9.226176804457147,3,100,9973,5,7000,core,Ours,15.099999999999454
7.086373228179064,3,100,9973,5,7000,A1,HOSVD,3.524999999999636
0.006218754154674348,3,100,9973,5,7000,A2,HOSVD,3.524999999999636
2.494496349797835,3,100,9973,5,7000,A3,HOSVD,3.524999999999636
9.228291896622464,3,100,9973,5,7000,core,HOSVD,3.524999999999636
7.060725547673851,3,100,9973,5,7000,A1,HOOI,11.024000000000342
0.006656433646126192,3,100,9973,5,7000,A2,HOOI,11.024000000000342
2.4872203814394025,3,100,9973,5,7000,A3,HOOI,11.024000000000342
9.223595932848012,3,100,9973,5,7000,core,HOOI,11.024000000000342
5.945110101160273,3,100,9973,5,7000,A1,Olga,6.743000000000393
0.15666273091939587,3,100,9973,5,7000,A2,Olga,6.743000000000393
2.916976159686724,3,100,9973,5,7000,A3,Tracy,6.743000000000393
10.28728834932907,3,100,9973,5,7000,core,Tracy_Olga,6.743000000000393
50.06974141620784,3,100,1000,5,8000,A1,NTD,28.350999999999658
0.2024763728523147,3,100,1000,5,8000,A2,NTD,28.350999999999658
997.0000236598689,3,100,1000,5,8000,A3,NTD,28.350999999999658
12.29160528497071,3,100,1000,5,8000,core,NTD,28.350999999999658
6.082469889069147,3,100,1000,5,8000,A1,Ours,0.4850000000005821
0.015838013531991817,3,100,1000,5,8000,A2,Ours,0.4850000000005821
0.08358649032992753,3,100,1000,5,8000,A3,Ours,0.4850000000005821
10.243185519453895,3,100,1000,5,8000,core,Ours,0.4850000000005821
6.082469889069147,3,100,1000,5,8000,A1,HOSVD,0.4169999999994616
0.015838013531991817,3,100,1000,5,8000,A2,HOSVD,0.4169999999994616
0.08350721201913401,3,100,1000,5,8000,A3,HOSVD,0.4169999999994616
10.24320337820815,3,100,1000,5,8000,core,HOSVD,0.4169999999994616
6.0544819551245785,3,100,1000,5,8000,A1,HOOI,0.7219999999997526
0.016320764965686733,3,100,1000,5,8000,A2,HOOI,0.7219999999997526
0.08272615771463963,3,100,1000,5,8000,A3,HOOI,0.7219999999997526
10.243145785529496,3,100,1000,5,8000,core,HOOI,0.7219999999997526
4.2397353978251004,3,100,1000,5,8000,A1,Olga,0.4579999999996289
0.012298484151598694,3,100,1000,5,8000,A2,Olga,0.4579999999996289
1.3918949364706228,3,100,1000,5,8000,A3,Tracy,0.4579999999996289
9.139310384597769,3,100,1000,5,8000,core,Tracy_Olga,0.4579999999996289
11.312548540981183,3,100,4998,5,8000,A1,NTD,155.67799999999988
1.6547168137123853,3,100,4998,5,8000,A2,NTD,155.67799999999988
4995.096016780708,3,100,4998,5,8000,A3,NTD,155.67799999999988
10.79116076399,3,100,4998,5,8000,core,NTD,155.67799999999988
7.383724652658098,3,100,4998,5,8000,A1,Ours,5.203000000000429
0.012607632691403085,3,100,4998,5,8000,A2,Ours,5.203000000000429
2.4923284762826525,3,100,4998,5,8000,A3,Ours,5.203000000000429
10.336261207252125,3,100,4998,5,8000,core,Ours,5.203000000000429
7.383724652658098,3,100,4998,5,8000,A1,HOSVD,1.8510000000005675
0.012607632691403085,3,100,4998,5,8000,A2,HOSVD,1.8510000000005675
2.4890033475907667,3,100,4998,5,8000,A3,HOSVD,1.8510000000005675
10.33652007239564,3,100,4998,5,8000,core,HOSVD,1.8510000000005675
7.455991827068814,3,100,4998,5,8000,A1,HOOI,4.655000000000655
0.012486709088881214,3,100,4998,5,8000,A2,HOOI,4.655000000000655
2.4939363999347277,3,100,4998,5,8000,A3,HOOI,4.655000000000655
10.335556639487221,3,100,4998,5,8000,core,HOOI,4.655000000000655
4.715146783682725,3,100,4998,5,8000,A1,Olga,2.5850000000000364
0.052937553984679156,3,100,4998,5,8000,A2,Olga,2.5850000000000364
2.945426704115122,3,100,4998,5,8000,A3,Tracy,2.5850000000000364
9.219402507564677,3,100,4998,5,8000,core,Tracy_Olga,2.5850000000000364
10.55226524511157,3,100,9977,5,8000,A1,NTD,334.2510000000002
0.4397148059965482,3,100,9977,5,8000,A2,NTD,334.2510000000002
9974.066974201376,3,100,9977,5,8000,A3,NTD,334.2510000000002
12.617082433249001,3,100,9977,5,8000,core,NTD,334.2510000000002
6.907797433545921,3,100,9977,5,8000,A1,Ours,14.931000000000495
0.004339162075676077,3,100,9977,5,8000,A2,Ours,14.931000000000495
2.5384885658619862,3,100,9977,5,8000,A3,Ours,14.931000000000495
10.303489719991676,3,100,9977,5,8000,core,Ours,14.931000000000495
6.907797433545921,3,100,9977,5,8000,A1,HOSVD,3.475999999999658
0.004339162075676077,3,100,9977,5,8000,A2,HOSVD,3.475999999999658
2.526775186639641,3,100,9977,5,8000,A3,HOSVD,3.475999999999658
10.305658376120475,3,100,9977,5,8000,core,HOSVD,3.475999999999658
6.9199089470371655,3,100,9977,5,8000,A1,HOOI,11.555999999999585
0.0037300187075001486,3,100,9977,5,8000,A2,HOOI,11.555999999999585
2.526911410204257,3,100,9977,5,8000,A3,HOOI,11.555999999999585
10.304967390787434,3,100,9977,5,8000,core,HOOI,11.555999999999585
6.544396842372869,3,100,9977,5,8000,A1,Olga,6.876000000000204
0.125279025543647,3,100,9977,5,8000,A2,Olga,6.876000000000204
2.8911683214192205,3,100,9977,5,8000,A3,Tracy,6.876000000000204
9.187025736132457,3,100,9977,5,8000,core,Tracy_Olga,6.876000000000204
10.461684346722784,3,100,1000,5,9000,A1,NTD,28.673999999999978
0.550004574441619,3,100,1000,5,9000,A2,NTD,28.673999999999978
997.0000420127321,3,100,1000,5,9000,A3,NTD,28.673999999999978
12.799310462955933,3,100,1000,5,9000,core,NTD,28.673999999999978
5.105620131975778,3,100,1000,5,9000,A1,Ours,0.5200000000004366
0.021346906486769974,3,100,1000,5,9000,A2,Ours,0.5200000000004366
0.776776968359078,3,100,1000,5,9000,A3,Ours,0.5200000000004366
10.329001122860507,3,100,1000,5,9000,core,Ours,0.5200000000004366
5.105620131975778,3,100,1000,5,9000,A1,HOSVD,0.45900000000074215
0.021346906486769974,3,100,1000,5,9000,A2,HOSVD,0.45900000000074215
0.7767871249320414,3,100,1000,5,9000,A3,HOSVD,0.45900000000074215
10.328985603482264,3,100,1000,5,9000,core,HOSVD,0.45900000000074215
5.074048206192207,3,100,1000,5,9000,A1,HOOI,1.0320000000001528
0.021880944320986744,3,100,1000,5,9000,A2,HOOI,1.0320000000001528
0.7755136016199962,3,100,1000,5,9000,A3,HOOI,1.0320000000001528
10.328840505797478,3,100,1000,5,9000,core,HOOI,1.0320000000001528
3.1732878103236555,3,100,1000,5,9000,A1,Olga,0.5419999999994616
0.016421276590668107,3,100,1000,5,9000,A2,Olga,0.5419999999994616
1.410184046505512,3,100,1000,5,9000,A3,Tracy,0.5419999999994616
9.151003218626693,3,100,1000,5,9000,core,Tracy_Olga,0.5419999999994616
17.986727550001806,3,100,4999,5,9000,A1,NTD,155.42399999999998
0.1099703754173127,3,100,4999,5,9000,A2,NTD,155.42399999999998
4996.19504723748,3,100,4999,5,9000,A3,NTD,155.42399999999998
9.98332554872281,3,100,4999,5,9000,core,NTD,155.42399999999998
7.720631499848564,3,100,4999,5,9000,A1,Ours,4.925999999999476
0.00899964424010733,3,100,4999,5,9000,A2,Ours,4.925999999999476
2.5395638911363307,3,100,4999,5,9000,A3,Ours,4.925999999999476
10.380942135421115,3,100,4999,5,9000,core,Ours,4.925999999999476
7.720631499848564,3,100,4999,5,9000,A1,HOSVD,1.7700000000004366
0.00899964424010733,3,100,4999,5,9000,A2,HOSVD,1.7700000000004366
2.5372287829946667,3,100,4999,5,9000,A3,HOSVD,1.7700000000004366
10.380942135421115,3,100,4999,5,9000,core,HOSVD,1.7700000000004366
7.709560520183987,3,100,4999,5,9000,A1,HOOI,4.560999999999694
0.00896420959457676,3,100,4999,5,9000,A2,HOOI,4.560999999999694
2.5349329722359473,3,100,4999,5,9000,A3,HOOI,4.560999999999694
10.380942135421115,3,100,4999,5,9000,core,HOOI,4.560999999999694
4.167993105434616,3,100,4999,5,9000,A1,Olga,2.632999999999811
0.057894058829678824,3,100,4999,5,9000,A2,Olga,2.632999999999811
2.9121834726973037,3,100,4999,5,9000,A3,Tracy,2.632999999999811
10.069219266669398,3,100,4999,5,9000,core,Tracy_Olga,2.632999999999811
9.676115081802868,3,100,9978,5,9000,A1,NTD,331.78800000000047
0.437429055817131,3,100,9978,5,9000,A2,NTD,331.78800000000047
9975.058221850995,3,100,9978,5,9000,A3,NTD,331.78800000000047
9.824059192822762,3,100,9978,5,9000,core,NTD,331.78800000000047
5.261766585308927,3,100,9978,5,9000,A1,Ours,15.131999999999607
0.006161627094633913,3,100,9978,5,9000,A2,Ours,15.131999999999607
2.535446377800808,3,100,9978,5,9000,A3,Ours,15.131999999999607
10.319984740114943,3,100,9978,5,9000,core,Ours,15.131999999999607
5.261766585308927,3,100,9978,5,9000,A1,HOSVD,3.3659999999999854
0.006161627094633913,3,100,9978,5,9000,A2,HOSVD,3.3659999999999854
2.5258286091927706,3,100,9978,5,9000,A3,HOSVD,3.3659999999999854
10.321349219067232,3,100,9978,5,9000,core,HOSVD,3.3659999999999854
5.172539072291431,3,100,9978,5,9000,A1,HOOI,11.655999999999949
0.005808329470713274,3,100,9978,5,9000,A2,HOOI,11.655999999999949
2.5298639647821703,3,100,9978,5,9000,A3,HOOI,11.655999999999949
10.322262523266533,3,100,9978,5,9000,core,HOOI,11.655999999999949
4.4401031409728215,3,100,9978,5,9000,A1,Olga,6.770000000000437
0.12205121508243645,3,100,9978,5,9000,A2,Olga,6.770000000000437
2.9119359575371546,3,100,9978,5,9000,A3,Tracy,6.770000000000437
9.205837740519739,3,100,9978,5,9000,core,Tracy_Olga,6.770000000000437
37.606541662825336,3,100,1000,5,10000,A1,NTD,27.70799999999963
0.20788422478028779,3,100,1000,5,10000,A2,NTD,27.70799999999963
997.000090984892,3,100,1000,5,10000,A3,NTD,27.70799999999963
11.402865437890684,3,100,1000,5,10000,core,NTD,27.70799999999963
5.113349937236359,3,100,1000,5,10000,A1,Ours,0.5760000000000218
0.011523103605262956,3,100,1000,5,10000,A2,Ours,0.5760000000000218
0.0687238249977551,3,100,1000,5,10000,A3,Ours,0.5760000000000218
9.166685941828316,3,100,1000,5,10000,core,Ours,0.5760000000000218
5.113349937236359,3,100,1000,5,10000,A1,HOSVD,0.41299999999955617
0.011523103605262956,3,100,1000,5,10000,A2,HOSVD,0.41299999999955617
0.06872490970626517,3,100,1000,5,10000,A3,HOSVD,0.41299999999955617
9.166659495140701,3,100,1000,5,10000,core,HOSVD,0.41299999999955617
5.110568435869227,3,100,1000,5,10000,A1,HOOI,0.6920000000000073
0.011771843104183465,3,100,1000,5,10000,A2,HOOI,0.6920000000000073
0.06872389224534625,3,100,1000,5,10000,A3,HOOI,0.6920000000000073
9.167005350868038,3,100,1000,5,10000,core,HOOI,0.6920000000000073
3.5600969388355583,3,100,1000,5,10000,A1,Olga,0.5369999999993524
0.019361658548334368,3,100,1000,5,10000,A2,Olga,0.5369999999993524
1.3941435117752594,3,100,1000,5,10000,A3,Tracy,0.5369999999993524
10.216351148124227,3,100,1000,5,10000,core,Tracy_Olga,0.5369999999993524
38.99570050306378,3,100,4994,5,10000,A1,NTD,153.61200000000008
0.12416589226318551,3,100,4994,5,10000,A2,NTD,153.61200000000008
4991.442887163011,3,100,4994,5,10000,A3,NTD,153.61200000000008
10.77970662011847,3,100,4994,5,10000,core,NTD,153.61200000000008
7.046441424568709,3,100,4994,5,10000,A1,Ours,5.120999999999185
0.0071136212233685915,3,100,4994,5,10000,A2,Ours,5.120999999999185
2.517344196703183,3,100,4994,5,10000,A3,Ours,5.120999999999185
10.320265158033386,3,100,4994,5,10000,core,Ours,5.120999999999185
7.046441424568709,3,100,4994,5,10000,A1,HOSVD,1.9549999999999272
0.0071136212233685915,3,100,4994,5,10000,A2,HOSVD,1.9549999999999272
2.5152909249027537,3,100,4994,5,10000,A3,HOSVD,1.9549999999999272
10.32048283759325,3,100,4994,5,10000,core,HOSVD,1.9549999999999272
6.990252542400807,3,100,4994,5,10000,A1,HOOI,4.682999999999993
0.007300823273038641,3,100,4994,5,10000,A2,HOOI,4.682999999999993
2.512890450988449,3,100,4994,5,10000,A3,HOOI,4.682999999999993
10.324092145204393,3,100,4994,5,10000,core,HOOI,4.682999999999993
3.469443408049812,3,100,4994,5,10000,A1,Olga,2.563000000000102
0.049892460256365075,3,100,4994,5,10000,A2,Olga,2.563000000000102
2.9123607486059315,3,100,4994,5,10000,A3,Tracy,2.563000000000102
10.291505115312429,3,100,4994,5,10000,core,Tracy_Olga,2.563000000000102
9.588805580023736,3,100,9980,5,10000,A1,NTD,323.2539999999999
1.1927043819133212,3,100,9980,5,10000,A2,NTD,323.2539999999999
9977.043684524984,3,100,9980,5,10000,A3,NTD,323.2539999999999
10.302810892439949,3,100,9980,5,10000,core,NTD,323.2539999999999
6.187084826789688,3,100,9980,5,10000,A1,Ours,11.970000000000255
0.013877824975178116,3,100,9980,5,10000,A2,Ours,11.970000000000255
2.547767656958756,3,100,9980,5,10000,A3,Ours,11.970000000000255
10.312340016082661,3,100,9980,5,10000,core,Ours,11.970000000000255
6.187084826789688,3,100,9980,5,10000,A1,HOSVD,2.587999999999738
0.013877824975178116,3,100,9980,5,10000,A2,HOSVD,2.587999999999738
2.533497837635862,3,100,9980,5,10000,A3,HOSVD,2.587999999999738
10.300933504141035,3,100,9980,5,10000,core,HOSVD,2.587999999999738
6.19333412182399,3,100,9980,5,10000,A1,HOOI,9.059000000000196
0.014137076507588213,3,100,9980,5,10000,A2,HOOI,9.059000000000196
2.539509468882638,3,100,9980,5,10000,A3,HOOI,9.059000000000196
10.315829031018483,3,100,9980,5,10000,core,HOOI,9.059000000000196
3.950508113966107,3,100,9980,5,10000,A1,Olga,5.260000000000218
0.10169857154050081,3,100,9980,5,10000,A2,Olga,5.260000000000218
2.911389850820558,3,100,9980,5,10000,A3,Tracy,5.260000000000218
9.186468665952841,3,100,9980,5,10000,core,Tracy_Olga,5.260000000000218
