error,K,Q1,R,Q2,M,mode,method,time
5.189896807255902,3,100,100,5,100,A1,NTD,4.220000000000001
1.1706561835242317,3,100,100,5,100,A2,NTD,4.220000000000001
97.5929891639585,3,100,100,5,100,A3,NTD,4.220000000000001
11.184369146035447,3,100,100,5,100,core,NTD,4.220000000000001
13.721368343073932,3,100,100,5,100,A1,Ours,3.334999999999999
0.0732349262078493,3,100,100,5,100,A2,Ours,3.334999999999999
0.23805599326173962,3,100,100,5,100,A3,Ours,3.334999999999999
11.799009830106062,3,100,100,5,100,core,Ours,3.334999999999999
13.721368343073932,3,100,100,5,100,A1,HOSVD,2.1340000000000003
0.0732349262078493,3,100,100,5,100,A2,HOSVD,2.1340000000000003
0.24152943588108663,3,100,100,5,100,A3,HOSVD,2.1340000000000003
11.802094206421135,3,100,100,5,100,core,HOSVD,2.1340000000000003
13.62653488485822,3,100,100,5,100,A1,HOOI,2.382999999999999
0.03568923470569984,3,100,100,5,100,A2,HOOI,2.382999999999999
0.22953307403615428,3,100,100,5,100,A3,HOOI,2.382999999999999
11.804310953743677,3,100,100,5,100,core,HOOI,2.382999999999999
13.104291317169945,3,100,100,5,100,A1,Olga,1.171000000000003
0.10023298129127738,3,100,100,5,100,A2,Olga,1.171000000000003
0.9746440175822051,3,100,100,5,100,A3,Tracy,1.171000000000003
11.820366719765202,3,100,100,5,100,core,Tracy_Olga,1.171000000000003
5.4503015773419845,3,100,499,5,100,A1,NTD,21.487999999999996
0.4708060258634791,3,100,499,5,100,A2,NTD,21.487999999999996
496.1917518196279,3,100,499,5,100,A3,NTD,21.487999999999996
12.546062364487153,3,100,499,5,100,core,NTD,21.487999999999996
13.134667983815833,3,100,499,5,100,A1,Ours,3.549999999999997
0.10721752270885251,3,100,499,5,100,A2,Ours,3.549999999999997
3.0474432632325152,3,100,499,5,100,A3,Ours,3.549999999999997
11.402547292491843,3,100,499,5,100,core,Ours,3.549999999999997
13.134667983815833,3,100,499,5,100,A1,HOSVD,4.800000000000004
0.10721752270885251,3,100,499,5,100,A2,HOSVD,4.800000000000004
2.5878771523652864,3,100,499,5,100,A3,HOSVD,4.800000000000004
11.782000562810936,3,100,499,5,100,core,HOSVD,4.800000000000004
12.818295489118574,3,100,499,5,100,A1,HOOI,4.500999999999998
0.05641537641727669,3,100,499,5,100,A2,HOOI,4.500999999999998
2.6567932887906864,3,100,499,5,100,A3,HOOI,4.500999999999998
11.559729484642176,3,100,499,5,100,core,HOOI,4.500999999999998
17.412427753407215,3,100,499,5,100,A1,Olga,2.5870000000000033
2.9110616065838024,3,100,499,5,100,A2,Olga,2.5870000000000033
2.8726776432234296,3,100,499,5,100,A3,Tracy,2.5870000000000033
12.02362558491121,3,100,499,5,100,core,Tracy_Olga,2.5870000000000033
25.762679666430007,3,100,989,5,100,A1,NTD,37.229
2.047726916035307,3,100,989,5,100,A2,NTD,37.229
986.2970913514384,3,100,989,5,100,A3,NTD,37.229
10.211093709808878,3,100,989,5,100,core,NTD,37.229
20.68340396162838,3,100,989,5,100,A1,Ours,9.182999999999993
0.13075895306483046,3,100,989,5,100,A2,Ours,9.182999999999993
3.3372834925412094,3,100,989,5,100,A3,Ours,9.182999999999993
10.86381333527912,3,100,989,5,100,core,Ours,9.182999999999993
20.68340396162838,3,100,989,5,100,A1,HOSVD,7.825999999999993
0.13075895306483046,3,100,989,5,100,A2,HOSVD,7.825999999999993
2.5363789133883134,3,100,989,5,100,A3,HOSVD,7.825999999999993
8.081838278800666,3,100,989,5,100,core,HOSVD,7.825999999999993
20.350979877116007,3,100,989,5,100,A1,HOOI,10.75500000000001
0.1278375583934426,3,100,989,5,100,A2,HOOI,10.75500000000001
2.569054244173909,3,100,989,5,100,A3,HOOI,10.75500000000001
8.08107045727443,3,100,989,5,100,core,HOOI,10.75500000000001
21.559350353807794,3,100,989,5,100,A1,Olga,10.319999999999993
4.407213769138721,3,100,989,5,100,A2,Olga,10.319999999999993
2.8922341112853682,3,100,989,5,100,A3,Tracy,10.319999999999993
11.495338375327316,3,100,989,5,100,core,Tracy_Olga,10.319999999999993
62.17940626052251,3,100,2365,5,100,A1,NTD,83.36500000000001
3.6429281384662064,3,100,2365,5,100,A2,NTD,83.36500000000001
2362.3047350992438,3,100,2365,5,100,A3,NTD,83.36500000000001
9.863349292033256,3,100,2365,5,100,core,NTD,83.36500000000001
21.86490205978842,3,100,2365,5,100,A1,Ours,2.386000000000024
0.07330642529060089,3,100,2365,5,100,A2,Ours,2.386000000000024
5.384867771678711,3,100,2365,5,100,A3,Ours,2.386000000000024
12.03503578038814,3,100,2365,5,100,core,Ours,2.386000000000024
21.86490205978842,3,100,2365,5,100,A1,HOSVD,1.1449999999999818
0.07330642529060089,3,100,2365,5,100,A2,HOSVD,1.1449999999999818
2.5737517749535,3,100,2365,5,100,A3,HOSVD,1.1449999999999818
11.852402873949353,3,100,2365,5,100,core,HOSVD,1.1449999999999818
22.324465806980022,3,100,2365,5,100,A1,HOOI,4.263999999999982
0.12969809793030335,3,100,2365,5,100,A2,HOOI,4.263999999999982
2.6080348116886167,3,100,2365,5,100,A3,HOOI,4.263999999999982
11.852566849962207,3,100,2365,5,100,core,HOOI,4.263999999999982
34.06383516966103,3,100,2365,5,100,A1,Olga,5.572000000000003
3.6935766634942837,3,100,2365,5,100,A2,Olga,5.572000000000003
2.9448385800772945,3,100,2365,5,100,A3,Tracy,5.572000000000003
12.285823611989402,3,100,2365,5,100,core,Tracy_Olga,5.572000000000003
107.46266333654158,3,100,4497,5,100,A1,NTD,159.499
2.305810080405528,3,100,4497,5,100,A2,NTD,159.499
4494.773906148583,3,100,4497,5,100,A3,NTD,159.499
9.905652937218921,3,100,4497,5,100,core,NTD,159.499
15.412080933072916,3,100,4497,5,100,A1,Ours,5.100999999999999
0.07932977783376198,3,100,4497,5,100,A2,Ours,5.100999999999999
5.220509070839509,3,100,4497,5,100,A3,Ours,5.100999999999999
11.297870059668975,3,100,4497,5,100,core,Ours,5.100999999999999
15.412080933072916,3,100,4497,5,100,A1,HOSVD,1.97199999999998
0.07932977783376198,3,100,4497,5,100,A2,HOSVD,1.97199999999998
2.6565252061522315,3,100,4497,5,100,A3,HOSVD,1.97199999999998
8.01106316388868,3,100,4497,5,100,core,HOSVD,1.97199999999998
15.41666471673987,3,100,4497,5,100,A1,HOOI,7.192999999999984
0.07576566307906242,3,100,4497,5,100,A2,HOOI,7.192999999999984
3.8017667354955313,3,100,4497,5,100,A3,HOOI,7.192999999999984
8.991856217372542,3,100,4497,5,100,core,HOOI,7.192999999999984
43.09265490925001,3,100,4497,5,100,A1,Olga,7.7269999999999754
3.8165491926205326,3,100,4497,5,100,A2,Olga,7.7269999999999754
3.093690180974227,3,100,4497,5,100,A3,Tracy,7.7269999999999754
12.490214262358615,3,100,4497,5,100,core,Tracy_Olga,7.7269999999999754
116.2695011032747,3,100,5302,5,100,A1,NTD,177.926
4.051295207035727,3,100,5302,5,100,A2,NTD,177.926
5299.499811379474,3,100,5302,5,100,A3,NTD,177.926
10.725424042856435,3,100,5302,5,100,core,NTD,177.926
12.45975509602638,3,100,5302,5,100,A1,Ours,5.761000000000081
0.05576031725366469,3,100,5302,5,100,A2,Ours,5.761000000000081
5.2030696559496095,3,100,5302,5,100,A3,Ours,5.761000000000081
12.673368548387904,3,100,5302,5,100,core,Ours,5.761000000000081
12.45975509602638,3,100,5302,5,100,A1,HOSVD,1.731999999999971
0.05576031725366469,3,100,5302,5,100,A2,HOSVD,1.731999999999971
2.7354403515482395,3,100,5302,5,100,A3,HOSVD,1.731999999999971
11.852402873949353,3,100,5302,5,100,core,HOSVD,1.731999999999971
16.990850974298212,3,100,5302,5,100,A1,HOOI,6.5470000000000255
0.06227468447890606,3,100,5302,5,100,A2,HOOI,6.5470000000000255
3.681715947461523,3,100,5302,5,100,A3,HOOI,6.5470000000000255
9.544806829207051,3,100,5302,5,100,core,HOOI,6.5470000000000255
124.3578140915041,3,100,6080,5,100,A1,NTD,203.70600000000002
4.470660837958036,3,100,6080,5,100,A2,NTD,203.70600000000002
6077.551828101384,3,100,6080,5,100,A3,NTD,203.70600000000002
10.391385783872117,3,100,6080,5,100,core,NTD,203.70600000000002
16.77968365064569,3,100,6080,5,100,A1,Ours,6.572000000000003
0.024215704789864845,3,100,6080,5,100,A2,Ours,6.572000000000003
5.273715307460876,3,100,6080,5,100,A3,Ours,6.572000000000003
11.44506574569149,3,100,6080,5,100,core,Ours,6.572000000000003
16.77968365064569,3,100,6080,5,100,A1,HOSVD,1.8629999999999427
0.024215704789864845,3,100,6080,5,100,A2,HOSVD,1.8629999999999427
2.727494200588185,3,100,6080,5,100,A3,HOSVD,1.8629999999999427
11.506019876822336,3,100,6080,5,100,core,HOSVD,1.8629999999999427
16.31096454920063,3,100,6080,5,100,A1,HOOI,6.500999999999976
0.03648467524874533,3,100,6080,5,100,A2,HOOI,6.500999999999976
3.807875507988936,3,100,6080,5,100,A3,HOOI,6.500999999999976
8.947516653225724,3,100,6080,5,100,core,HOOI,6.500999999999976
103.1341672520045,3,100,6800,5,100,A1,NTD,214.82100000000003
4.470658338694195,3,100,6800,5,100,A2,NTD,214.82100000000003
6797.8655805814415,3,100,6800,5,100,A3,NTD,214.82100000000003
11.303954856414977,3,100,6800,5,100,core,NTD,214.82100000000003
14.783686716259373,3,100,6800,5,100,A1,Ours,8.095000000000027
0.1896665213633494,3,100,6800,5,100,A2,Ours,8.095000000000027
5.288161844620439,3,100,6800,5,100,A3,Ours,8.095000000000027
10.962668320396109,3,100,6800,5,100,core,Ours,8.095000000000027
14.783686716259373,3,100,6800,5,100,A1,HOSVD,3.796000000000049
0.1896665213633494,3,100,6800,5,100,A2,HOSVD,3.796000000000049
4.00712471215569,3,100,6800,5,100,A3,HOSVD,3.796000000000049
8.506002815238817,3,100,6800,5,100,core,HOSVD,3.796000000000049
14.784319359652331,3,100,6800,5,100,A1,HOOI,10.057999999999993
0.1678675020369646,3,100,6800,5,100,A2,HOOI,10.057999999999993
4.819588561588847,3,100,6800,5,100,A3,HOOI,10.057999999999993
9.6885370997387,3,100,6800,5,100,core,HOOI,10.057999999999993
61.84741244437871,3,100,6800,5,100,A1,Olga,8.764999999999873
4.052142577551756,3,100,6800,5,100,A2,Olga,8.764999999999873
3.8253634876178446,3,100,6800,5,100,A3,Tracy,8.764999999999873
9.150275615038794,3,100,6800,5,100,core,Tracy_Olga,8.764999999999873
126.7477273272602,3,100,7553,5,100,A1,NTD,235.58899999999994
3.64291167802929,3,100,7553,5,100,A2,NTD,235.58899999999994
7550.568837795769,3,100,7553,5,100,A3,NTD,235.58899999999994
10.643767726427457,3,100,7553,5,100,core,NTD,235.58899999999994
19.452789264795115,3,100,7553,5,100,A1,Ours,9.379999999999882
0.07667359319548263,3,100,7553,5,100,A2,Ours,9.379999999999882
5.3783288833778435,3,100,7553,5,100,A3,Ours,9.379999999999882
10.962668317037368,3,100,7553,5,100,core,Ours,9.379999999999882
19.452789264795115,3,100,7553,5,100,A1,HOSVD,2.661000000000058
0.07667359319548263,3,100,7553,5,100,A2,HOSVD,2.661000000000058
3.55125358192563,3,100,7553,5,100,A3,HOSVD,2.661000000000058
8.376003772441733,3,100,7553,5,100,core,HOSVD,2.661000000000058
19.815654842567806,3,100,7553,5,100,A1,HOOI,10.667000000000144
0.09237599042044527,3,100,7553,5,100,A2,HOOI,10.667000000000144
4.058914521369308,3,100,7553,5,100,A3,HOOI,10.667000000000144
11.046074187128454,3,100,7553,5,100,core,HOOI,10.667000000000144
123.34543267987668,3,100,8180,5,100,A1,NTD,248.72800000000007
0.4706733922017266,3,100,8180,5,100,A2,NTD,248.72800000000007
8177.954524588637,3,100,8180,5,100,A3,NTD,248.72800000000007
10.810199571359222,3,100,8180,5,100,core,NTD,248.72800000000007
18.184246848049924,3,100,8180,5,100,A1,Ours,10.326999999999998
0.14206176837968865,3,100,8180,5,100,A2,Ours,10.326999999999998
5.410027061275556,3,100,8180,5,100,A3,Ours,10.326999999999998
12.638332871563955,3,100,8180,5,100,core,Ours,10.326999999999998
23.370119820761815,3,100,8180,5,100,A1,HOOI,9.2960000000000491
0.11730239271583501,3,100,8180,5,100,A2,HOOI,9.2960000000000491
3.9267220106956686,3,100,8180,5,100,A3,HOOI,9.2960000000000491
11.837126565671749,3,100,8180,5,100,core,HOOI,9.2960000000000491
76.25867052830178,3,100,8180,5,100,A1,Olga,5.056999999999789
3.427028573153944,3,100,8180,5,100,A2,Olga,5.056999999999789
4.91316702885091,3,100,8180,5,100,A3,Tracy,5.056999999999789
10.92122612505741,3,100,8180,5,100,core,Tracy_Olga,5.056999999999789
2.824990707757025,3,100,100,5,3000,A1,NTD,3.3890000000001237
0.2485430135342964,3,100,100,5,3000,A2,NTD,3.3890000000001237
97,3,100,100,5,3000,A3,NTD,3.3890000000001237
10.61938570235585,3,100,100,5,3000,core,NTD,3.3890000000001237
3.4316508552081304,3,100,100,5,3000,A1,Ours,0.6959999999999127
0.024821474864240346,3,100,100,5,3000,A2,Ours,0.6959999999999127
0.03717183803749835,3,100,100,5,3000,A3,Ours,0.6959999999999127
11.838846281599759,3,100,100,5,3000,core,Ours,0.6959999999999127
3.4316508552081304,3,100,100,5,3000,A1,HOSVD,0.48299999999994725
0.024821474864240346,3,100,100,5,3000,A2,HOSVD,0.48299999999994725
0.03716941490499247,3,100,100,5,3000,A3,HOSVD,0.48299999999994725
11.838847908612236,3,100,100,5,3000,core,HOSVD,0.48299999999994725
3.4330472845553746,3,100,100,5,3000,A1,HOOI,0.6050000000000182
0.023044494231731053,3,100,100,5,3000,A2,HOOI,0.6050000000000182
0.03720178007231787,3,100,100,5,3000,A3,HOOI,0.6050000000000182
11.838150485044997,3,100,100,5,3000,core,HOOI,0.6050000000000182
3.740947216855147,3,100,100,5,3000,A1,Olga,0.08500000000003638
0.016296140729513242,3,100,100,5,3000,A2,Olga,0.08500000000003638
0.9283588925477888,3,100,100,5,3000,A3,Tracy,0.08500000000003638
11.834432080620948,3,100,100,5,3000,core,Tracy_Olga,0.08500000000003638
3.6878585819785346,3,100,500,5,3000,A1,NTD,14.396999999999935
0.18022354768884633,3,100,500,5,3000,A2,NTD,14.396999999999935
497.0001378348457,3,100,500,5,3000,A3,NTD,14.396999999999935
9.861467616260668,3,100,500,5,3000,core,NTD,14.396999999999935
4.205543280389107,3,100,500,5,3000,A1,Ours,0.49099999999998545
0.020759330326155286,3,100,500,5,3000,A2,Ours,0.49099999999998545
0.08401074136509966,3,100,500,5,3000,A3,Ours,0.49099999999998545
11.842239289131605,3,100,500,5,3000,core,Ours,0.49099999999998545
4.205543280389107,3,100,500,5,3000,A1,HOSVD,0.3869999999999436
0.020759330326155286,3,100,500,5,3000,A2,HOSVD,0.3869999999999436
0.08396320762550102,3,100,500,5,3000,A3,HOSVD,0.3869999999999436
11.842214353650599,3,100,500,5,3000,core,HOSVD,0.3869999999999436
4.2084299180475435,3,100,500,5,3000,A1,HOOI,0.9890000000000327
0.020735230855291442,3,100,500,5,3000,A2,HOOI,0.9890000000000327
0.08430355929820153,3,100,500,5,3000,A3,HOOI,0.9890000000000327
11.841655390302192,3,100,500,5,3000,core,HOOI,0.9890000000000327
3.336554815454514,3,100,500,5,3000,A1,Olga,0.33799999999996544
0.01947158622512696,3,100,500,5,3000,A2,Olga,0.33799999999996544
1.288364719065972,3,100,500,5,3000,A3,Tracy,0.33799999999996544
11.838414720084023,3,100,500,5,3000,core,Tracy_Olga,0.33799999999996544
3.448495105418988,3,100,1000,5,3000,A1,NTD,34.778999999999996
0.16458696491439814,3,100,1000,5,3000,A2,NTD,34.778999999999996
997.009321882944,3,100,1000,5,3000,A3,NTD,34.778999999999996
13.94785452832899,3,100,1000,5,3000,core,NTD,34.778999999999996
2.9752354337130145,3,100,1000,5,3000,A1,Ours,3.9930000000001655
0.027583896838938415,3,100,1000,5,3000,A2,Ours,3.9930000000001655
0.25042963834849846,3,100,1000,5,3000,A3,Ours,3.9930000000001655
11.697555815069213,3,100,1000,5,3000,core,Ours,3.9930000000001655
2.9752354337130145,3,100,1000,5,3000,A1,HOSVD,2.3200000000001637
0.027583896838938415,3,100,1000,5,3000,A2,HOSVD,2.3200000000001637
0.25028347861368583,3,100,1000,5,3000,A3,HOSVD,2.3200000000001637
11.69692704623735,3,100,1000,5,3000,core,HOSVD,2.3200000000001637
2.97271755956576,3,100,1000,5,3000,A1,HOOI,5.0069999999998345
0.028072556092321097,3,100,1000,5,3000,A2,HOOI,5.0069999999998345
0.2596315755955462,3,100,1000,5,3000,A3,HOOI,5.0069999999998345
11.680606254555526,3,100,1000,5,3000,core,HOOI,5.0069999999998345
2.7477765703814527,3,100,1000,5,3000,A1,Olga,4.048999999999978
0.053048363085900364,3,100,1000,5,3000,A2,Olga,4.048999999999978
1.3783403137264605,3,100,1000,5,3000,A3,Tracy,4.048999999999978
11.710677922794433,3,100,1000,5,3000,core,Tracy_Olga,4.048999999999978
2.757453407507528,3,100,2499,5,3000,A1,NTD,85.55600000000004
0.24990374128270834,3,100,2499,5,3000,A2,NTD,85.55600000000004
2496.032886277946,3,100,2499,5,3000,A3,NTD,85.55600000000004
7.428044840221581,3,100,2499,5,3000,core,NTD,85.55600000000004
3.702067297190537,3,100,2499,5,3000,A1,Ours,11.591000000000122
0.01613227577435625,3,100,2499,5,3000,A2,Ours,11.591000000000122
2.654700053222395,3,100,2499,5,3000,A3,Ours,11.591000000000122
12.382207579227911,3,100,2499,5,3000,core,Ours,11.591000000000122
3.702067297190537,3,100,2499,5,3000,A1,HOSVD,9.2960000000000491
0.01613227577435625,3,100,2499,5,3000,A2,HOSVD,9.2960000000000491
2.651537693341907,3,100,2499,5,3000,A3,HOSVD,9.2960000000000491
12.381316469205814,3,100,2499,5,3000,core,HOSVD,9.2960000000000491
3.684813419997102,3,100,2499,5,3000,A1,HOOI,9.913000000000011
0.016107853536421354,3,100,2499,5,3000,A2,HOOI,9.913000000000011
2.6644871657714853,3,100,2499,5,3000,A3,HOOI,9.913000000000011
12.417082708612128,3,100,2499,5,3000,core,HOOI,9.913000000000011
2.864894870660989,3,100,2499,5,3000,A1,Olga,7.94399999999996
0.04881593293092945,3,100,2499,5,3000,A2,Olga,7.94399999999996
3.003783377573981,3,100,2499,5,3000,A3,Tracy,7.94399999999996
11.821882083800434,3,100,2499,5,3000,core,Tracy_Olga,7.94399999999996
1.865062206674008,3,100,4991,5,3000,A1,NTD,169.85199999999986
4.051291394767238,3,100,4991,5,3000,A2,NTD,169.85199999999986
4988.057337539451,3,100,4991,5,3000,A3,NTD,169.85199999999986
11.605378878331203,3,100,4991,5,3000,core,NTD,169.85199999999986
3.8130270156296793,3,100,4991,5,3000,A1,Ours,5.013000000000147
0.00973928187562258,3,100,4991,5,3000,A2,Ours,5.013000000000147
2.4893600271228555,3,100,4991,5,3000,A3,Ours,5.013000000000147
11.851618138444442,3,100,4991,5,3000,core,Ours,5.013000000000147
3.8130270156296793,3,100,4991,5,3000,A1,HOSVD,1.6669999999999163
0.00973928187562258,3,100,4991,5,3000,A2,HOSVD,1.6669999999999163
2.4678533167355243,3,100,4991,5,3000,A3,HOSVD,1.6669999999999163
11.851618138444442,3,100,4991,5,3000,core,HOSVD,1.6669999999999163
3.1349605225061303,3,100,4991,5,3000,A1,HOOI,4.623000000000047
0.010697473774099131,3,100,4991,5,3000,A2,HOOI,4.623000000000047
2.4617993037160746,3,100,4991,5,3000,A3,HOOI,4.623000000000047
11.852402873949353,3,100,4991,5,3000,core,HOOI,4.623000000000047
3.4325598085650997,3,100,4991,5,3000,A1,Olga,2.5270000000000437
0.1323632765789288,3,100,4991,5,3000,A2,Olga,2.5270000000000437
2.8658390782991767,3,100,4991,5,3000,A3,Tracy,2.5270000000000437
11.851618138444442,3,100,4991,5,3000,core,Tracy_Olga,2.5270000000000437
2.297627983781925,3,100,5984,5,3000,A1,NTD,191.6579999999999
1.0372627675029915,3,100,5984,5,3000,A2,NTD,191.6579999999999
5981.053169678544,3,100,5984,5,3000,A3,NTD,191.6579999999999
9.256955264415806,3,100,5984,5,3000,core,NTD,191.6579999999999
4.5689262403051725,3,100,5984,5,3000,A1,Ours,5.894999999999982
0.016073192305763373,3,100,5984,5,3000,A2,Ours,5.894999999999982
2.5315849264448382,3,100,5984,5,3000,A3,Ours,5.894999999999982
11.852402873949353,3,100,5984,5,3000,core,Ours,5.894999999999982
4.5689262403051725,3,100,5984,5,3000,A1,HOSVD,2.2669999999998254
0.016073192305763373,3,100,5984,5,3000,A2,HOSVD,2.2669999999998254
2.501212630923609,3,100,5984,5,3000,A3,HOSVD,2.2669999999998254
11.852402873949353,3,100,5984,5,3000,core,HOSVD,2.2669999999998254
4.567201512673271,3,100,5984,5,3000,A1,HOOI,4.80600000000004
0.016714358629906338,3,100,5984,5,3000,A2,HOOI,4.80600000000004
2.5037808804999013,3,100,5984,5,3000,A3,HOOI,4.80600000000004
11.852402873949353,3,100,5984,5,3000,core,HOOI,4.80600000000004
3.2225750759049734,3,100,5984,5,3000,A1,Olga,2.8640000000000327
0.1803762969201261,3,100,5984,5,3000,A2,Olga,2.8640000000000327
2.879728968857267,3,100,5984,5,3000,A3,Tracy,2.8640000000000327
11.852402873949353,3,100,5984,5,3000,core,Tracy_Olga,2.8640000000000327
2.178899811542268,3,100,6977,5,3000,A1,NTD,218.11799999999994
3.041627009915845,3,100,6977,5,3000,A2,NTD,218.11799999999994
6974.0594261716715,3,100,6977,5,3000,A3,NTD,218.11799999999994
11.890305512063396,3,100,6977,5,3000,core,NTD,218.11799999999994
4.25239870599897,3,100,6977,5,3000,A1,Ours,7.532999999999902
0.0235812849735479,3,100,6977,5,3000,A2,Ours,7.532999999999902
2.67505862132672,3,100,6977,5,3000,A3,Ours,7.532999999999902
12.394814506972047,3,100,6977,5,3000,core,Ours,7.532999999999902
4.25239870599897,3,100,6977,5,3000,A1,HOSVD,2.319999999999709
0.0235812849735479,3,100,6977,5,3000,A2,HOSVD,2.319999999999709
2.655883144223556,3,100,6977,5,3000,A3,HOSVD,2.319999999999709
12.407630475379207,3,100,6977,5,3000,core,HOSVD,2.319999999999709
4.261411694789169,3,100,6977,5,3000,A1,HOOI,6.492999999999938
0.02597392268384547,3,100,6977,5,3000,A2,HOOI,6.492999999999938
2.66849409009409,3,100,6977,5,3000,A3,HOOI,6.492999999999938
12.44114487413978,3,100,6977,5,3000,core,HOOI,6.492999999999938
3.288539474085651,3,100,6977,5,3000,A1,Olga,4.001999999999953
0.19272037942049813,3,100,6977,5,3000,A2,Olga,4.001999999999953
2.883865659216852,3,100,6977,5,3000,A3,Tracy,4.001999999999953
11.852402873949353,3,100,6977,5,3000,core,Tracy_Olga,4.001999999999953
1.4831997560106425,3,100,7965,5,3000,A1,NTD,248.3449999999998
0.47067797585846377,3,100,7965,5,3000,A2,NTD,248.3449999999998
7962.068500260721,3,100,7965,5,3000,A3,NTD,248.3449999999998
11.105232693035779,3,100,7965,5,3000,core,NTD,248.3449999999998
2.815843189480289,3,100,7965,5,3000,A1,Ours,9.688000000000102
0.00864193750941159,3,100,7965,5,3000,A2,Ours,9.688000000000102
2.5337890051122818,3,100,7965,5,3000,A3,Ours,9.688000000000102
11.852402873949353,3,100,7965,5,3000,core,Ours,9.688000000000102
2.815843189480289,3,100,7965,5,3000,A1,HOSVD,2.5729999999998654
0.00864193750941159,3,100,7965,5,3000,A2,HOSVD,2.5729999999998654
2.477480059534415,3,100,7965,5,3000,A3,HOSVD,2.5729999999998654
11.852402873949353,3,100,7965,5,3000,core,HOSVD,2.5729999999998654
2.8254355558332303,3,100,7965,5,3000,A1,HOOI,7.549000000000433
0.0086063978313013,3,100,7965,5,3000,A2,HOOI,7.549000000000433
2.4781790097234206,3,100,7965,5,3000,A3,HOOI,7.549000000000433
11.852402873949353,3,100,7965,5,3000,core,HOOI,7.549000000000433
3.648320637975954,3,100,7965,5,3000,A1,Olga,4.652000000000044
0.2869272402843035,3,100,7965,5,3000,A2,Olga,4.652000000000044
2.891483058274269,3,100,7965,5,3000,A3,Tracy,4.652000000000044
11.852402873949353,3,100,7965,5,3000,core,Tracy_Olga,4.652000000000044
2.6618725759471324,3,100,8958,5,3000,A1,NTD,270.47000000000025
4.051293064727704,3,100,8958,5,3000,A2,NTD,270.47000000000025
8955.14393715354,3,100,8958,5,3000,A3,NTD,270.47000000000025
10.278458170923663,3,100,8958,5,3000,core,NTD,270.47000000000025
4.438153334276042,3,100,8958,5,3000,A1,Ours,11.715000000000146
0.009264783926509184,3,100,8958,5,3000,A2,Ours,11.715000000000146
2.574641420464087,3,100,8958,5,3000,A3,Ours,11.715000000000146
11.852402873949353,3,100,8958,5,3000,core,Ours,11.715000000000146
4.438153334276042,3,100,8958,5,3000,A1,HOSVD,2.9459999999999127
0.009264783926509184,3,100,8958,5,3000,A2,HOSVD,2.9459999999999127
2.505399632679086,3,100,8958,5,3000,A3,HOSVD,2.9459999999999127
11.852402873949353,3,100,8958,5,3000,core,HOSVD,2.9459999999999127
4.429982332069895,3,100,8958,5,3000,A1,HOOI,8.835000000000036
0.008378616086132521,3,100,8958,5,3000,A2,HOOI,8.835000000000036
2.50847964762269,3,100,8958,5,3000,A3,HOOI,8.835000000000036
11.852402873949353,3,100,8958,5,3000,core,HOOI,8.835000000000036
3.8213310674091057,3,100,8958,5,3000,A1,Olga,5.665999999999713
0.39629710307042193,3,100,8958,5,3000,A2,Olga,5.665999999999713
2.9098927020523653,3,100,8958,5,3000,A3,Tracy,5.665999999999713
11.852402873949353,3,100,8958,5,3000,core,Tracy_Olga,5.665999999999713
4.761431267880555,3,100,9938,5,3000,A1,NTD,299.18200000000024
2.4706796710810006,3,100,9938,5,3000,A2,NTD,299.18200000000024
9935.079433525132,3,100,9938,5,3000,A3,NTD,299.18200000000024
10.449249369518007,3,100,9938,5,3000,core,NTD,299.18200000000024
3.899791709001739,3,100,9938,5,3000,A1,Ours,13.001999999999953
0.016469861321744963,3,100,9938,5,3000,A2,Ours,13.001999999999953
2.590193922813137,3,100,9938,5,3000,A3,Ours,13.001999999999953
11.852402873949353,3,100,9938,5,3000,core,Ours,13.001999999999953
3.899791709001739,3,100,9938,5,3000,A1,HOSVD,3.6589999999996508
0.016469861321744963,3,100,9938,5,3000,A2,HOSVD,3.6589999999996508
2.5051154496057637,3,100,9938,5,3000,A3,HOSVD,3.6589999999996508
11.852402873949353,3,100,9938,5,3000,core,HOSVD,3.6589999999996508
3.8680285233892295,3,100,9938,5,3000,A1,HOOI,11.592999999999847
0.016800931547305515,3,100,9938,5,3000,A2,HOOI,11.592999999999847
2.504567099688289,3,100,9938,5,3000,A3,HOOI,11.592999999999847
11.852402873949353,3,100,9938,5,3000,core,HOOI,11.592999999999847
3.7073624737020054,3,100,9938,5,3000,A1,Olga,7.1599999999998545
0.5320018796882351,3,100,9938,5,3000,A2,Olga,7.1599999999998545
2.898119459408063,3,100,9938,5,3000,A3,Tracy,7.1599999999998545
11.852402873949353,3,100,9938,5,3000,core,Tracy_Olga,7.1599999999998545
2.4734985767311004,3,100,100,5,10000,A1,NTD,3.5709999999999127
0.3673979719853684,3,100,100,5,10000,A2,NTD,3.5709999999999127
97,3,100,100,5,10000,A3,NTD,3.5709999999999127
11.193675282420159,3,100,100,5,10000,core,NTD,3.5709999999999127
1.8543763799266304,3,100,100,5,10000,A1,Ours,0.5459999999998217
0.013246536463303997,3,100,100,5,10000,A2,Ours,0.5459999999998217
0.02296263582694084,3,100,100,5,10000,A3,Ours,0.5459999999998217
11.812009866729687,3,100,100,5,10000,core,Ours,0.5459999999998217
1.8543763799266304,3,100,100,5,10000,A1,HOSVD,0.612999999999829
0.013246536463303997,3,100,100,5,10000,A2,HOSVD,0.612999999999829
0.022962951367870126,3,100,100,5,10000,A3,HOSVD,0.612999999999829
11.812009654568673,3,100,100,5,10000,core,HOSVD,0.612999999999829
1.8572075441809053,3,100,100,5,10000,A1,HOOI,0.24000000000023647
0.013570095929150811,3,100,100,5,10000,A2,HOOI,0.24000000000023647
0.02287101185262524,3,100,100,5,10000,A3,HOOI,0.24000000000023647
11.81210278614351,3,100,100,5,10000,core,HOOI,0.24000000000023647
1.4789165667129143,3,100,100,5,10000,A1,Olga,0.22400000000016007
0.009937625948771907,3,100,100,5,10000,A2,Olga,0.22400000000016007
0.9266175770831828,3,100,100,5,10000,A3,Tracy,0.22400000000016007
11.826154464150832,3,100,100,5,10000,core,Tracy_Olga,0.22400000000016007
5.391120084839125,3,100,500,5,10000,A1,NTD,14.297000000000025
0.15719831040615465,3,100,500,5,10000,A2,NTD,14.297000000000025
497.0001456188637,3,100,500,5,10000,A3,NTD,14.297000000000025
13.377546914576271,3,100,500,5,10000,core,NTD,14.297000000000025
1.6855389514949377,3,100,500,5,10000,A1,Ours,0.47299999999995634
0.007249077188894933,3,100,500,5,10000,A2,Ours,0.47299999999995634
0.04518472718945189,3,100,500,5,10000,A3,Ours,0.47299999999995634
11.826688430660221,3,100,500,5,10000,core,Ours,0.47299999999995634
1.6855389514949377,3,100,500,5,10000,A1,HOSVD,0.24499999999989086
0.007249077188894933,3,100,500,5,10000,A2,HOSVD,0.24499999999989086
0.045184732909477214,3,100,500,5,10000,A3,HOSVD,0.24499999999989086
11.826684137055096,3,100,500,5,10000,core,HOSVD,0.24499999999989086
1.6842931850624083,3,100,500,5,10000,A1,HOOI,0.36799999999993815
0.007193135678643535,3,100,500,5,10000,A2,HOOI,0.36799999999993815
0.04518076065806853,3,100,500,5,10000,A3,HOOI,0.36799999999993815
11.826667849493381,3,100,500,5,10000,core,HOOI,0.36799999999993815
1.869612446605533,3,100,500,5,10000,A1,Olga,0.35399999999981446
0.006584358948852417,3,100,500,5,10000,A2,Olga,0.35399999999981446
1.2893034180165825,3,100,500,5,10000,A3,Tracy,0.35399999999981446
11.82998305590386,3,100,500,5,10000,core,Tracy_Olga,0.35399999999981446
2.3340767633201835,3,100,1000,5,10000,A1,NTD,30.240999999999985
0.21724042921169792,3,100,1000,5,10000,A2,NTD,30.240999999999985
997.0000440514222,3,100,1000,5,10000,A3,NTD,30.240999999999985
13.37854609022262,3,100,1000,5,10000,core,NTD,30.240999999999985
1.9523538292349492,3,100,1000,5,10000,A1,Ours,0.4699999999997999
0.004974902956643242,3,100,1000,5,10000,A2,Ours,0.4699999999997999
0.12769721911055823,3,100,1000,5,10000,A3,Ours,0.4699999999997999
11.797361907505707,3,100,1000,5,10000,core,Ours,0.4699999999997999
1.9523538292349492,3,100,1000,5,10000,A1,HOSVD,0.3809999999998581
0.004974902956643242,3,100,1000,5,10000,A2,HOSVD,0.3809999999998581
0.1276859948851293,3,100,1000,5,10000,A3,HOSVD,0.3809999999998581
11.797283727639886,3,100,1000,5,10000,core,HOSVD,0.3809999999998581
1.9496105558937444,3,100,1000,5,10000,A1,HOOI,0.7179999999998472
0.004979273580729844,3,100,1000,5,10000,A2,HOOI,0.7179999999998472
0.12814628103674536,3,100,1000,5,10000,A3,HOOI,0.7179999999998472
11.795511421871076,3,100,1000,5,10000,core,HOOI,0.7179999999998472
1.8137972633313777,3,100,1000,5,10000,A1,Olga,0.5820000000003347
0.009587077952054332,3,100,1000,5,10000,A2,Olga,0.5820000000003347
1.3524040388595933,3,100,1000,5,10000,A3,Tracy,0.5820000000003347
11.81388998047162,3,100,1000,5,10000,core,Tracy_Olga,0.5820000000003347
2.710074327282931,3,100,2500,5,10000,A1,NTD,87.83200000000033
0.12617399220647396,3,100,2500,5,10000,A2,NTD,87.83200000000033
2497.000110692716,3,100,2500,5,10000,A3,NTD,87.83200000000033
13.262871289480811,3,100,2500,5,10000,core,NTD,87.83200000000033
1.6797075746143892,3,100,2500,5,10000,A1,Ours,1.9510000000000218
0.009873973987170909,3,100,2500,5,10000,A2,Ours,1.9510000000000218
0.16041519594338252,3,100,2500,5,10000,A3,Ours,1.9510000000000218
11.849317711920994,3,100,2500,5,10000,core,Ours,1.9510000000000218
1.6797075746143892,3,100,2500,5,10000,A1,HOSVD,0.8109999999996944
0.009873973987170909,3,100,2500,5,10000,A2,HOSVD,0.8109999999996944
0.15999620004443363,3,100,2500,5,10000,A3,HOSVD,0.8109999999996944
11.8490332508827,3,100,2500,5,10000,core,HOSVD,0.8109999999996944
1.6850696885132261,3,100,2500,5,10000,A1,HOOI,2.6109999999998763
0.009886826508635692,3,100,2500,5,10000,A2,HOOI,2.6109999999998763
0.15908445804176824,3,100,2500,5,10000,A3,HOOI,2.6109999999998763
11.849448099207716,3,100,2500,5,10000,core,HOOI,2.6109999999998763
1.48464475322426,3,100,2500,5,10000,A1,Olga,1.5419999999999163
0.019117555420692857,3,100,2500,5,10000,A2,Olga,1.5419999999999163
1.3926136473516622,3,100,2500,5,10000,A3,Tracy,1.5419999999999163
11.83600729863912,3,100,2500,5,10000,core,Tracy_Olga,1.5419999999999163
2.0720631267027536,3,100,4999,5,10000,A1,NTD,172.3209999999999
0.14317592853270106,3,100,4999,5,10000,A2,NTD,172.3209999999999
4996.016913477787,3,100,4999,5,10000,A3,NTD,172.3209999999999
9.919574215905328,3,100,4999,5,10000,core,NTD,172.3209999999999
1.6314902774611588,3,100,4999,5,10000,A1,Ours,15.851000000000113
0.01215566899800539,3,100,4999,5,10000,A2,Ours,15.851000000000113
2.6478328051731737,3,100,4999,5,10000,A3,Ours,15.851000000000113
12.335355957194619,3,100,4999,5,10000,core,Ours,15.851000000000113
1.6314902774611588,3,100,4999,5,10000,A1,HOSVD,11.440000000000055
0.01215566899800539,3,100,4999,5,10000,A2,HOSVD,11.440000000000055
2.647028473386947,3,100,4999,5,10000,A3,HOSVD,11.440000000000055
12.335497155473849,3,100,4999,5,10000,core,HOSVD,11.440000000000055
1.6269160035911971,3,100,4999,5,10000,A1,HOOI,11.69399999999996
0.01176201399335888,3,100,4999,5,10000,A2,HOOI,11.69399999999996
2.65451812598919,3,100,4999,5,10000,A3,HOOI,11.69399999999996
12.369666832927368,3,100,4999,5,10000,core,HOOI,11.69399999999996
1.7280530806284338,3,100,4999,5,10000,A1,Olga,8.920000000000073
0.03628952881723015,3,100,4999,5,10000,A2,Olga,8.920000000000073
2.90415732401844,3,100,4999,5,10000,A3,Tracy,8.920000000000073
11.815576293167034,3,100,4999,5,10000,core,Tracy_Olga,8.920000000000073
2.085938824273264,3,100,5998,5,10000,A1,NTD,191.25
0.16949849406920034,3,100,5998,5,10000,A2,NTD,191.25
5995.02312392384,3,100,5998,5,10000,A3,NTD,191.25
14.526790279149457,3,100,5998,5,10000,core,NTD,191.25
2.4459776111395732,3,100,5998,5,10000,A1,Ours,5.69399999999996
0.005995129503326192,3,100,5998,5,10000,A2,Ours,5.69399999999996
2.650250525244631,3,100,5998,5,10000,A3,Ours,5.69399999999996
12.35359448393359,3,100,5998,5,10000,core,Ours,5.69399999999996
2.4459776111395732,3,100,5998,5,10000,A1,HOSVD,1.7710000000001855
0.005995129503326192,3,100,5998,5,10000,A2,HOSVD,1.7710000000001855
2.649056880907651,3,100,5998,5,10000,A3,HOSVD,1.7710000000001855
12.354418401039647,3,100,5998,5,10000,core,HOSVD,1.7710000000001855
2.444657550814844,3,100,5998,5,10000,A1,HOOI,5.289999999999964
0.005851418263896677,3,100,5998,5,10000,A2,HOOI,5.289999999999964
2.6480259865041784,3,100,5998,5,10000,A3,HOOI,5.289999999999964
12.35060457840066,3,100,5998,5,10000,core,HOOI,5.289999999999964
1.760024326753725,3,100,5998,5,10000,A1,Olga,2.8770000000004075
0.03731706203490068,3,100,5998,5,10000,A2,Olga,2.8770000000004075
2.903677751169685,3,100,5998,5,10000,A3,Tracy,2.8770000000004075
11.851618138444442,3,100,5998,5,10000,core,Tracy_Olga,2.8770000000004075
2.988376105539801,3,100,6997,5,10000,A1,NTD,218.02100000000019
0.4083715808236181,3,100,6997,5,10000,A2,NTD,218.02100000000019
6994.021066765409,3,100,6997,5,10000,A3,NTD,218.02100000000019
11.032308159016162,3,100,6997,5,10000,core,NTD,218.02100000000019
1.3917589880342447,3,100,6997,5,10000,A1,Ours,7.423000000000684
0.01424402186782936,3,100,6997,5,10000,A2,Ours,7.423000000000684
2.4662302195387276,3,100,6997,5,10000,A3,Ours,7.423000000000684
11.746168138660748,3,100,6997,5,10000,core,Ours,7.423000000000684
1.3917589880342447,3,100,6997,5,10000,A1,HOSVD,2.1109999999998763
0.01424402186782936,3,100,6997,5,10000,A2,HOSVD,2.1109999999998763
2.4622781630845694,3,100,6997,5,10000,A3,HOSVD,2.1109999999998763
11.744101743513705,3,100,6997,5,10000,core,HOSVD,2.1109999999998763
1.3946750914140618,3,100,6997,5,10000,A1,HOOI,6.668000000000575
0.014243308861868951,3,100,6997,5,10000,A2,HOOI,6.668000000000575
2.4664218618878335,3,100,6997,5,10000,A3,HOOI,6.668000000000575
11.743612842631018,3,100,6997,5,10000,core,HOOI,6.668000000000575
1.6840156155350574,3,100,6997,5,10000,A1,Olga,4.632000000000517
0.043228585078813296,3,100,6997,5,10000,A2,Olga,4.632000000000517
2.9555684360112946,3,100,6997,5,10000,A3,Tracy,4.632000000000517
13.098546127441717,3,100,6997,5,10000,core,Tracy_Olga,4.632000000000517
9.641161084020343,3,100,7998,5,10000,A1,NTD,242.75
0.45824367850705366,3,100,7998,5,10000,A2,NTD,242.75
7995.029584878666,3,100,7998,5,10000,A3,NTD,242.75
13.094894051912092,3,100,7998,5,10000,core,NTD,242.75
2.179267765221671,3,100,7998,5,10000,A1,Ours,9.418999999999869
0.009420376868533743,3,100,7998,5,10000,A2,Ours,9.418999999999869
2.4967336204266433,3,100,7998,5,10000,A3,Ours,9.418999999999869
11.852402873949353,3,100,7998,5,10000,core,Ours,9.418999999999869
2.179267765221671,3,100,7998,5,10000,A1,HOSVD,2.7380000000002838
0.009420376868533743,3,100,7998,5,10000,A2,HOSVD,2.7380000000002838
2.491761576319336,3,100,7998,5,10000,A3,HOSVD,2.7380000000002838
11.852402873949353,3,100,7998,5,10000,core,HOSVD,2.7380000000002838
2.1796059084310824,3,100,7998,5,10000,A1,HOOI,7.46100000000024
0.009485699190856465,3,100,7998,5,10000,A2,HOOI,7.46100000000024
2.4933757140524384,3,100,7998,5,10000,A3,HOOI,7.46100000000024
11.852402873949353,3,100,7998,5,10000,core,HOOI,7.46100000000024
1.6794735426829792,3,100,7998,5,10000,A1,Olga,5.424999999999272
0.05195563280773583,3,100,7998,5,10000,A2,Olga,5.424999999999272
2.8884389388627234,3,100,7998,5,10000,A3,Tracy,5.424999999999272
11.852402873949353,3,100,7998,5,10000,core,Tracy_Olga,5.424999999999272
2.3689114800165454,3,100,8992,5,10000,A1,NTD,270.77000000000044
0.4663751626415528,3,100,8992,5,10000,A2,NTD,270.77000000000044
8989.036908151871,3,100,8992,5,10000,A3,NTD,270.77000000000044
9.880182784171494,3,100,8992,5,10000,core,NTD,270.77000000000044
1.2878141537376442,3,100,8992,5,10000,A1,Ours,11.021999999999935
0.019206952222838237,3,100,8992,5,10000,A2,Ours,11.021999999999935
2.4952085013127947,3,100,8992,5,10000,A3,Ours,11.021999999999935
11.850464957034609,3,100,8992,5,10000,core,Ours,11.021999999999935
1.2878141537376442,3,100,8992,5,10000,A1,HOSVD,3.4929999999994834
0.019206952222838237,3,100,8992,5,10000,A2,HOSVD,3.4929999999994834
2.4883756464594304,3,100,8992,5,10000,A3,HOSVD,3.4929999999994834
11.850464957034609,3,100,8992,5,10000,core,HOSVD,3.4929999999994834
1.2888250381963917,3,100,8992,5,10000,A1,HOOI,8.780999999999949
0.019496647225686354,3,100,8992,5,10000,A2,HOOI,8.780999999999949
2.4881598014479267,3,100,8992,5,10000,A3,HOOI,8.780999999999949
11.850464957034609,3,100,8992,5,10000,core,HOOI,8.780999999999949
1.6078978384435532,3,100,8992,5,10000,A1,Olga,5.552999999999884
0.057010063104758674,3,100,8992,5,10000,A2,Olga,5.552999999999884
3.011459934349185,3,100,8992,5,10000,A3,Tracy,5.552999999999884
11.850464957034609,3,100,8992,5,10000,core,Tracy_Olga,5.552999999999884
2.2494962084917827,3,100,9991,5,10000,A1,NTD,305.5079999999998
1.3599039928331744,3,100,9991,5,10000,A2,NTD,305.5079999999998
9988.033704389101,3,100,9991,5,10000,A3,NTD,305.5079999999998
14.573191309313154,3,100,9991,5,10000,core,NTD,305.5079999999998
2.0865192232975804,3,100,9991,5,10000,A1,Ours,13.03900000000067
0.007501367363117838,3,100,9991,5,10000,A2,Ours,13.03900000000067
2.492161652186961,3,100,9991,5,10000,A3,Ours,13.03900000000067
11.82112048584449,3,100,9991,5,10000,core,Ours,13.03900000000067
2.0865192232975804,3,100,9991,5,10000,A1,HOSVD,3.1920000000000073
0.007501367363117838,3,100,9991,5,10000,A2,HOSVD,3.1920000000000073
2.4842161397426974,3,100,9991,5,10000,A3,HOSVD,3.1920000000000073
11.815141876175236,3,100,9991,5,10000,core,HOSVD,3.1920000000000073
2.0896058861991533,3,100,9991,5,10000,A1,HOOI,11.53399999999965
0.007581535947591594,3,100,9991,5,10000,A2,HOOI,11.53399999999965
2.4838888606052243,3,100,9991,5,10000,A3,HOOI,11.53399999999965
11.820042288810377,3,100,9991,5,10000,core,HOOI,11.53399999999965
2.0521074131556682,3,100,9991,5,10000,A1,Olga,6.016000000000531
0.07363670322671724,3,100,9991,5,10000,A2,Olga,6.016000000000531
2.9230281711129447,3,100,9991,5,10000,A3,Tracy,6.016000000000531
11.830861160906208,3,100,9991,5,10000,core,Tracy_Olga,6.016000000000531
