error,K,Q1,R,Q2,M,mode,method,time
11.082946671524516,3,100,100,5,100,A1,NTD,4.47
3.002739366153263,3,100,100,5,100,A2,NTD,4.47
97.00140931273134,3,100,100,5,100,A3,NTD,4.47
10.45960364695374,3,100,100,5,100,core,NTD,4.47
13.659537439484295,3,100,100,5,100,A1,Ours,2.5410000000000004
2.8143120852759522,3,100,100,5,100,A2,Ours,2.5410000000000004
0.22267935351465357,3,100,100,5,100,A3,Ours,2.5410000000000004
11.98455989136524,3,100,100,5,100,core,Ours,2.5410000000000004
13.659537439484295,3,100,100,5,100,A1,HOSVD,2.679000000000002
2.8143120852759522,3,100,100,5,100,A2,HOSVD,2.679000000000002
0.2253606249471349,3,100,100,5,100,A3,HOSVD,2.679000000000002
11.988500220046971,3,100,100,5,100,core,HOSVD,2.679000000000002
14.111270052848846,3,100,100,5,100,A1,HOOI,2.7029999999999994
0.4689541539106086,3,100,100,5,100,A2,HOOI,2.7029999999999994
0.21781756515076295,3,100,100,5,100,A3,HOOI,2.7029999999999994
12.019832121035547,3,100,100,5,100,core,HOOI,2.7029999999999994
12.128896703651977,3,100,100,5,100,A1,Olga,1.6479999999999997
3.9438258001937974,3,100,100,5,100,A2,Olga,1.6479999999999997
0.95795019418131655,3,100,100,5,100,A3,Tracy,1.6479999999999997
12.699779055000198,3,100,100,5,100,core,Tracy_Olga,1.6479999999999997
7.549210922481307,3,100,495,5,100,A1,NTD,20.387
2.5837144016862834,3,100,495,5,100,A2,NTD,20.387
492.1540522906932,3,100,495,5,100,A3,NTD,20.387
10.692765819774289,3,100,495,5,100,core,NTD,20.387
12.458313898756542,3,100,495,5,100,A1,Ours,3.528000000000006
0.7683044330888404,3,100,495,5,100,A2,Ours,3.528000000000006
2.8340961913926437,3,100,495,5,100,A3,Ours,3.528000000000006
10.76983922381132,3,100,495,5,100,core,Ours,3.528000000000006
12.458313898756542,3,100,495,5,100,A1,HOSVD,3.635000000000005
0.7683044330888404,3,100,495,5,100,A2,HOSVD,3.635000000000005
2.449033871044321,3,100,495,5,100,A3,HOSVD,3.635000000000005
11.718255702538718,3,100,495,5,100,core,HOSVD,3.635000000000005
12.537633321242282,3,100,495,5,100,A1,HOOI,3.475999999999999
0.7418601850474846,3,100,495,5,100,A2,HOOI,3.475999999999999
2.44339843612673,3,100,495,5,100,A3,HOOI,3.475999999999999
11.616358603033516,3,100,495,5,100,core,HOOI,3.475999999999999
20.393266374135152,3,100,495,5,100,A1,Olga,2.9810000000000016
4.908354559011079,3,100,495,5,100,A2,Olga,2.9810000000000016
2.8202041750998514,3,100,495,5,100,A3,Tracy,2.9810000000000016
10.522853736162958,3,100,495,5,100,core,Tracy_Olga,2.9810000000000016
21.66423939768017,3,100,987,5,100,A1,NTD,39.626
4.583747884845508,3,100,987,5,100,A2,NTD,39.626
984.185221919558,3,100,987,5,100,A3,NTD,39.626
10.228736213805481,3,100,987,5,100,core,NTD,39.626
11.830745459505334,3,100,987,5,100,A1,Ours,9.01100000000001
4.094726858746013,3,100,987,5,100,A2,Ours,9.01100000000001
4.910274248901783,3,100,987,5,100,A3,Ours,9.01100000000001
11.804312576035965,3,100,987,5,100,core,Ours,9.01100000000001
11.830745459505334,3,100,987,5,100,A1,HOSVD,9.319000000000003
4.094726858746013,3,100,987,5,100,A2,HOSVD,9.319000000000003
2.5278989776428946,3,100,987,5,100,A3,HOSVD,9.319000000000003
12.146293437082988,3,100,987,5,100,core,HOSVD,9.319000000000003
11.734868380247347,3,100,987,5,100,A1,HOOI,14.419999999999987
0.18433551098182627,3,100,987,5,100,A2,HOOI,14.419999999999987
2.5532776990073147,3,100,987,5,100,A3,HOOI,14.419999999999987
13.403485017950445,3,100,987,5,100,core,HOOI,14.419999999999987
15.166590832291496,3,100,987,5,100,A1,Olga,7.766999999999996
5.018420167177115,3,100,987,5,100,A2,Olga,7.766999999999996
2.8892695812524964,3,100,987,5,100,A3,Tracy,7.766999999999996
12.992896524906373,3,100,987,5,100,core,Tracy_Olga,7.766999999999996
63.19730036538912,3,100,2385,5,100,A1,NTD,88.924
4.48683466453004,3,100,2385,5,100,A2,NTD,88.924
2382.3803036412537,3,100,2385,5,100,A3,NTD,88.924
11.206824268482945,3,100,2385,5,100,core,NTD,88.924
9.673857224498246,3,100,2385,5,100,A1,Ours,8.198000000000008
1.996377562933801,3,100,2385,5,100,A2,Ours,8.198000000000008
5.195537911983498,3,100,2385,5,100,A3,Ours,8.198000000000008
11.999992441069594,3,100,2385,5,100,core,Ours,8.198000000000008
9.673857224498246,3,100,2385,5,100,A1,HOSVD,5.088000000000022
1.996377562933801,3,100,2385,5,100,A2,HOSVD,5.088000000000022
2.62383875858494,3,100,2385,5,100,A3,HOSVD,5.088000000000022
10.03800395580378,3,100,2385,5,100,core,HOSVD,5.088000000000022
10.546274473650058,3,100,2385,5,100,A1,HOOI,5.346000000000004
0.2460410683036809,3,100,2385,5,100,A2,HOOI,5.346000000000004
2.658466491427569,3,100,2385,5,100,A3,HOOI,5.346000000000004
13.596346031628352,3,100,2385,5,100,core,HOOI,5.346000000000004
25.13215705764186,3,100,2385,5,100,A1,Olga,2.829999999999984
5.42706679254754,3,100,2385,5,100,A2,Olga,2.829999999999984
2.9652554024173883,3,100,2385,5,100,A3,Tracy,2.829999999999984
12.676327136836944,3,100,2385,5,100,core,Tracy_Olga,2.829999999999984
121.19259787254626,3,100,4546,5,100,A1,NTD,162.50599999999997
4.094741741171538,3,100,4546,5,100,A2,NTD,162.50599999999997
4543.45790435604,3,100,4546,5,100,A3,NTD,162.50599999999997
10.726556352799271,3,100,4546,5,100,core,NTD,162.50599999999997
12.290785087032198,3,100,4546,5,100,A1,Ours,17.25
3.3328665942866316,3,100,4546,5,100,A2,Ours,17.25
5.305099766194898,3,100,4546,5,100,A3,Ours,17.25
9.172475642539542,3,100,4546,5,100,core,Ours,17.25
12.290785087032198,3,100,4546,5,100,A1,HOSVD,16.060000000000002
3.3328665942866316,3,100,4546,5,100,A2,HOSVD,16.060000000000002
2.7033688978997956,3,100,4546,5,100,A3,HOSVD,16.060000000000002
12.264484793100369,3,100,4546,5,100,core,HOSVD,16.060000000000002
13.03182292216967,3,100,4546,5,100,A1,HOOI,19.33699999999999
0.5746099322740411,3,100,4546,5,100,A2,HOOI,19.33699999999999
3.7781473719874805,3,100,4546,5,100,A3,HOOI,19.33699999999999
10.16007726127165,3,100,4546,5,100,core,HOOI,19.33699999999999
37.50090281601947,3,100,4546,5,100,A1,Olga,9.74799999999999
5.926876878855745,3,100,4546,5,100,A2,Olga,9.74799999999999
3.072515530569616,3,100,4546,5,100,A3,Tracy,9.74799999999999
11.55537631890453,3,100,4546,5,100,core,Tracy_Olga,9.74799999999999
121.69745041694433,3,100,5331,5,100,A1,NTD,190.346
2.583879463226094,3,100,5331,5,100,A2,NTD,190.346
5328.476211879732,3,100,5331,5,100,A3,NTD,190.346
11.387602953825718,3,100,5331,5,100,core,NTD,190.346
8.97301834483163,3,100,5331,5,100,A1,Ours,14.279999999999973
4.197891795427276,3,100,5331,5,100,A2,Ours,14.279999999999973
5.398611566958204,3,100,5331,5,100,A3,Ours,14.279999999999973
12.018022286917134,3,100,5331,5,100,core,Ours,14.279999999999973
8.97301834483163,3,100,5331,5,100,A1,HOSVD,9.01299999999992
4.197891795427276,3,100,5331,5,100,A2,HOSVD,9.01299999999992
3.994863591683283,3,100,5331,5,100,A3,HOSVD,9.01299999999992
11.988024899624637,3,100,5331,5,100,core,HOSVD,9.01299999999992
8.77338293489049,3,100,5331,5,100,A1,HOOI,12.049000000000092
3.6002877861187854,3,100,5331,5,100,A2,HOOI,12.049000000000092
4.008172326724907,3,100,5331,5,100,A3,HOOI,12.049000000000092
9.87561128683583,3,100,5331,5,100,core,HOOI,12.049000000000092
74.71421496293908,3,100,5331,5,100,A1,Olga,12.074999999999932
5.807859592501983,3,100,5331,5,100,A2,Olga,12.074999999999932
3.1248446792244793,3,100,5331,5,100,A3,Tracy,12.074999999999932
10.2693791508784,3,100,5331,5,100,core,Tracy_Olga,12.074999999999932
121.49287998651675,3,100,6076,5,100,A1,NTD,213.71900000000005
2.3899087105614645,3,100,6076,5,100,A2,NTD,213.71900000000005
6073.516499971712,3,100,6076,5,100,A3,NTD,213.71900000000005
11.031903538776962,3,100,6076,5,100,core,NTD,213.71900000000005
9.694935742578652,3,100,6076,5,100,A1,Ours,6.972000000000094
4.541716733481216,3,100,6076,5,100,A2,Ours,6.972000000000094
5.2408313876931025,3,100,6076,5,100,A3,Ours,6.972000000000094
10.620115387075447,3,100,6076,5,100,core,Ours,6.972000000000094
9.694935742578652,3,100,6076,5,100,A1,HOSVD,2.449999999999932
4.541716733481216,3,100,6076,5,100,A2,HOSVD,2.449999999999932
4.043781916433993,3,100,6076,5,100,A3,HOSVD,2.449999999999932
8.7010842645895,3,100,6076,5,100,core,HOSVD,2.449999999999932
7.8118107893475885,3,100,6076,5,100,A1,HOOI,8.346000000000004
0.7243113113806967,3,100,6076,5,100,A2,HOOI,8.346000000000004
4.850812257259619,3,100,6076,5,100,A3,HOOI,8.346000000000004
11.998038233315473,3,100,6076,5,100,core,HOOI,8.346000000000004
88.87909303834661,3,100,6076,5,100,A1,Olga,3.465000000000032
6.076933409972811,3,100,6076,5,100,A2,Olga,3.465000000000032
4.733225625514272,3,100,6076,5,100,A3,Tracy,3.465000000000032
11.985214394584297,3,100,6076,5,100,core,Tracy_Olga,3.465000000000032
122.21457776236068,3,100,6819,5,100,A1,NTD,217.32499999999993
3.6123525244826404,3,100,6819,5,100,A2,NTD,217.32499999999993
6816.52818375808,3,100,6819,5,100,A3,NTD,217.32499999999993
10.969905125138862,3,100,6819,5,100,core,NTD,217.32499999999993
9.30415340705496,3,100,6819,5,100,A1,Ours,9.375
0.7256717522551482,3,100,6819,5,100,A2,Ours,9.375
5.356611170560988,3,100,6819,5,100,A3,Ours,9.375
11.795734508230227,3,100,6819,5,100,core,Ours,9.375
8.248100784308448,3,100,6819,5,100,A1,HOOI,12.018000000000029
2.7531170181020226,3,100,6819,5,100,A2,HOOI,12.018000000000029
3.967572828372451,3,100,6819,5,100,A3,HOOI,12.018000000000029
9.654562861840732,3,100,6819,5,100,core,HOOI,12.018000000000029
87.13439600007102,3,100,6819,5,100,A1,Olga,4.701999999999998
6.0221135961618835,3,100,6819,5,100,A2,Olga,4.701999999999998
4.024548980091741,3,100,6819,5,100,A3,Tracy,4.701999999999998
11.95071920898857,3,100,6819,5,100,core,Tracy_Olga,4.701999999999998
114.85257871140891,3,100,7520,5,100,A1,NTD,240.02800000000002
2.486839317446791,3,100,7520,5,100,A2,NTD,240.02800000000002
7517.59262429345,3,100,7520,5,100,A3,NTD,240.02800000000002
12.163847245210695,3,100,7520,5,100,core,NTD,240.02800000000002
12.403259026772806,3,100,7520,5,100,A1,Ours,10.711000000000013
4.077450247239275,3,100,7520,5,100,A2,Ours,10.711000000000013
5.28920528817768,3,100,7520,5,100,A3,Ours,10.711000000000013
11.795745917942721,3,100,7520,5,100,core,Ours,10.711000000000013
12.403259026772806,3,100,7520,5,100,A1,HOSVD,3.5399999999999636
4.077450247239275,3,100,7520,5,100,A2,HOSVD,3.5399999999999636
2.831544760138818,3,100,7520,5,100,A3,HOSVD,3.5399999999999636
11.979579463652865,3,100,7520,5,100,core,HOSVD,3.5399999999999636
12.200018645432227,3,100,7520,5,100,A1,HOOI,9.777000000000044
0.44266727351826074,3,100,7520,5,100,A2,HOOI,9.777000000000044
3.750437049337676,3,100,7520,5,100,A3,HOOI,9.777000000000044
10.903627206901037,3,100,7520,5,100,core,HOOI,9.777000000000044
92.56491791234164,3,100,7520,5,100,A1,Olga,4.977999999999838
5.851728468791065,3,100,7520,5,100,A2,Olga,4.977999999999838
3.9764328093221093,3,100,7520,5,100,A3,Tracy,4.977999999999838
11.43985818658898,3,100,7520,5,100,core,Tracy_Olga,4.977999999999838
124.36419091290898,3,100,8209,5,100,A1,NTD,263.259
2.583896876569137,3,100,8209,5,100,A2,NTD,263.259
8206.610385739943,3,100,8209,5,100,A3,NTD,263.259
11.923046167165264,3,100,8209,5,100,core,NTD,263.259
11.039016032050041,3,100,8209,5,100,A1,Ours,25.401000000000067
3.163814005768526,3,100,8209,5,100,A2,Ours,25.401000000000067
5.406253713798244,3,100,8209,5,100,A3,Ours,25.401000000000067
8.149773206505788,3,100,8209,5,100,core,Ours,25.401000000000067
13.70220564152333,3,100,8209,5,100,A1,HOOI,24.658999999999878
1.7598004371525144,3,100,8209,5,100,A2,HOOI,24.658999999999878
4.03225466054053,3,100,8209,5,100,A3,HOOI,24.658999999999878
9.397954314271349,3,100,8209,5,100,core,HOOI,24.658999999999878
94.95246885428405,3,100,8209,5,100,A1,Olga,19.29000000000019
5.915816888575224,3,100,8209,5,100,A2,Olga,19.29000000000019
4.291076116534403,3,100,8209,5,100,A3,Tracy,19.29000000000019
9.61855380701406,3,100,8209,5,100,core,Tracy_Olga,19.29000000000019
10.881097497291364,3,100,100,5,3000,A1,NTD,3.201999999999998
4.28918772502284,3,100,100,5,3000,A2,NTD,3.201999999999998
97,3,100,100,5,3000,A3,NTD,3.201999999999998
12.622650796598984,3,100,100,5,3000,core,NTD,3.201999999999998
2.6960611778220787,3,100,100,5,3000,A1,Ours,5.8969999999999345
0.0999585045981791,3,100,100,5,3000,A2,Ours,5.8969999999999345
0.04067628307312917,3,100,100,5,3000,A3,Ours,5.8969999999999345
10.169858465601054,3,100,100,5,3000,core,Ours,5.8969999999999345
2.6960611778220787,3,100,100,5,3000,A1,HOSVD,4.403999999999996
0.0999585045981791,3,100,100,5,3000,A2,HOSVD,4.403999999999996
0.04068011915868472,3,100,100,5,3000,A3,HOSVD,4.403999999999996
10.169860421576946,3,100,100,5,3000,core,HOSVD,4.403999999999996
2.673067065336654,3,100,100,5,3000,A1,HOOI,4.283999999999878
0.10274025276631431,3,100,100,5,3000,A2,HOOI,4.283999999999878
0.04049099529337705,3,100,100,5,3000,A3,HOOI,4.283999999999878
10.169666284889,3,100,100,5,3000,core,HOOI,4.283999999999878
2.3940620340116694,3,100,100,5,3000,A1,Olga,4.314000000000078
0.6867398784570511,3,100,100,5,3000,A2,Olga,4.314000000000078
0.9266647180111667,3,100,100,5,3000,A3,Tracy,4.314000000000078
10.445452913355393,3,100,100,5,3000,core,Tracy_Olga,4.314000000000078
5.376879715811186,3,100,500,5,3000,A1,NTD,14.289999999999964
3.7482458096108644,3,100,500,5,3000,A2,NTD,14.289999999999964
497.00002423842744,3,100,500,5,3000,A3,NTD,14.289999999999964
13.296656962011639,3,100,500,5,3000,core,NTD,14.289999999999964
3.7111085409091675,3,100,500,5,3000,A1,Ours,0.3710000000000946
0.10773346435715003,3,100,500,5,3000,A2,Ours,0.3710000000000946
0.08623841020642416,3,100,500,5,3000,A3,Ours,0.3710000000000946
10.148919338672815,3,100,500,5,3000,core,Ours,0.3710000000000946
3.7111085409091675,3,100,500,5,3000,A1,HOSVD,0.3630000000000564
0.10773346435715003,3,100,500,5,3000,A2,HOSVD,0.3630000000000564
0.08621339114873372,3,100,500,5,3000,A3,HOSVD,0.3630000000000564
10.148947934216869,3,100,500,5,3000,core,HOSVD,0.3630000000000564
3.709100419086727,3,100,500,5,3000,A1,HOOI,0.5589999999999691
0.05401404000957072,3,100,500,5,3000,A2,HOOI,0.5589999999999691
0.08608390187803831,3,100,500,5,3000,A3,HOOI,0.5589999999999691
10.146501595749129,3,100,500,5,3000,core,HOOI,0.5589999999999691
2.173600277816639,3,100,500,5,3000,A1,Olga,0.26299999999991996
4.385771088790024,3,100,500,5,3000,A2,Olga,0.26299999999991996
1.2396165467883808,3,100,500,5,3000,A3,Tracy,0.26299999999991996
10.39897052686778,3,100,500,5,3000,core,Tracy_Olga,0.26299999999991996
10.0840603809487,3,100,1000,5,3000,A1,NTD,33.113000000000056
3.71126638393248,3,100,1000,5,3000,A2,NTD,33.113000000000056
997.0001089697264,3,100,1000,5,3000,A3,NTD,33.113000000000056
12.903834887487864,3,100,1000,5,3000,core,NTD,33.113000000000056
2.371053493261606,3,100,1000,5,3000,A1,Ours,0.5299999999999727
0.30675313004514676,3,100,1000,5,3000,A2,Ours,0.5299999999999727
0.13393751649915836,3,100,1000,5,3000,A3,Ours,0.5299999999999727
11.9496776038057,3,100,1000,5,3000,core,Ours,0.5299999999999727
2.371053493261606,3,100,1000,5,3000,A1,HOSVD,0.46400000000016917
0.30675313004514676,3,100,1000,5,3000,A2,HOSVD,0.46400000000016917
0.1336811162664587,3,100,1000,5,3000,A3,HOSVD,0.46400000000016917
11.949708443373076,3,100,1000,5,3000,core,HOSVD,0.46400000000016917
2.3668333111356743,3,100,1000,5,3000,A1,HOOI,0.8410000000001219
0.09631078843679677,3,100,1000,5,3000,A2,HOOI,0.8410000000001219
0.14953686900794955,3,100,1000,5,3000,A3,HOOI,0.8410000000001219
11.89543946459659,3,100,1000,5,3000,core,HOOI,0.8410000000001219
3.826574363775409,3,100,1000,5,3000,A1,Olga,0.4960000000000946
3.874473715658856,3,100,1000,5,3000,A2,Olga,0.4960000000000946
1.3543772713473945,3,100,1000,5,3000,A3,Tracy,0.4960000000000946
12.935778389321127,3,100,1000,5,3000,core,Tracy_Olga,0.4960000000000946
10.785710138687124,3,100,2500,5,3000,A1,NTD,83.62800000000016
0.919583746065709,3,100,2500,5,3000,A2,NTD,83.62800000000016
2497.000588055296,3,100,2500,5,3000,A3,NTD,83.62800000000016
10.967130383657901,3,100,2500,5,3000,core,NTD,83.62800000000016
2.0239908764396395,3,100,2500,5,3000,A1,Ours,3.2630000000001473
0.41319990964109454,3,100,2500,5,3000,A2,Ours,3.2630000000001473
0.6728701246106611,3,100,2500,5,3000,A3,Ours,3.2630000000001473
10.002398939456517,3,100,2500,5,3000,core,Ours,3.2630000000001473
2.0239908764396395,3,100,2500,5,3000,A1,HOSVD,1.9600000000000364
0.41319990964109454,3,100,2500,5,3000,A2,HOSVD,1.9600000000000364
0.6679979589296113,3,100,2500,5,3000,A3,HOSVD,1.9600000000000364
10.005159212064703,3,100,2500,5,3000,core,HOSVD,1.9600000000000364
2.0325520460504336,3,100,2500,5,3000,A1,HOOI,3.339999999999918
0.10459114888274298,3,100,2500,5,3000,A2,HOOI,3.339999999999918
0.6780655670224386,3,100,2500,5,3000,A3,HOOI,3.339999999999918
10.076419181397156,3,100,2500,5,3000,core,HOOI,3.339999999999918
2.9513740002635713,3,100,2500,5,3000,A1,Olga,1.4450000000001637
4.3076481054039535,3,100,2500,5,3000,A2,Olga,1.4450000000001637
1.5631269847358225,3,100,2500,5,3000,A3,Tracy,1.4450000000001637
10.044910738260137,3,100,2500,5,3000,core,Tracy_Olga,1.4450000000001637
6.7415171869082915,3,100,4989,5,3000,A1,NTD,167.75300000000016
3.2953929499755343,3,100,4989,5,3000,A2,NTD,167.75300000000016
4986.053670790186,3,100,4989,5,3000,A3,NTD,167.75300000000016
11.970524009341583,3,100,4989,5,3000,core,NTD,167.75300000000016
3.296294971182154,3,100,4989,5,3000,A1,Ours,5.230000000000018
0.14711193113255072,3,100,4989,5,3000,A2,Ours,5.230000000000018
2.524787664071496,3,100,4989,5,3000,A3,Ours,5.230000000000018
10.076419181397156,3,100,4989,5,3000,core,Ours,5.230000000000018
3.296294971182154,3,100,4989,5,3000,A1,HOSVD,2.2600000000002183
0.14711193113255072,3,100,4989,5,3000,A2,HOSVD,2.2600000000002183
2.5026305731917553,3,100,4989,5,3000,A3,HOSVD,2.2600000000002183
10.076419181397156,3,100,4989,5,3000,core,HOSVD,2.2600000000002183
3.290420838382611,3,100,4989,5,3000,A1,HOOI,5.072000000000116
0.1282535955158382,3,100,4989,5,3000,A2,HOOI,5.072000000000116
2.503039583933037,3,100,4989,5,3000,A3,HOOI,5.072000000000116
10.076419181397156,3,100,4989,5,3000,core,HOOI,5.072000000000116
2.4607334988271727,3,100,4989,5,3000,A1,Olga,3.2519999999999527
4.865366040747354,3,100,4989,5,3000,A2,Olga,3.2519999999999527
2.8872006572901054,3,100,4989,5,3000,A3,Tracy,3.2519999999999527
10.12950161731812,3,100,4989,5,3000,core,Tracy_Olga,3.2519999999999527
9.710823641605524,3,100,5983,5,3000,A1,NTD,194.38899999999967
3.6123546327811145,3,100,5983,5,3000,A2,NTD,194.38899999999967
5980.030905473684,3,100,5983,5,3000,A3,NTD,194.38899999999967
10.403488706874809,3,100,5983,5,3000,core,NTD,194.38899999999967
2.3734185437873276,3,100,5983,5,3000,A1,Ours,6.1039999999998145
0.037332675201176134,3,100,5983,5,3000,A2,Ours,6.1039999999998145
2.5541968816770266,3,100,5983,5,3000,A3,Ours,6.1039999999998145
11.925508864172924,3,100,5983,5,3000,core,Ours,6.1039999999998145
2.3734185437873276,3,100,5983,5,3000,A1,HOSVD,2.0419999999999163
0.037332675201176134,3,100,5983,5,3000,A2,HOSVD,2.0419999999999163
2.522971245344327,3,100,5983,5,3000,A3,HOSVD,2.0419999999999163
11.938546543801767,3,100,5983,5,3000,core,HOSVD,2.0419999999999163
2.365011318446212,3,100,5983,5,3000,A1,HOOI,6.972000000000207
0.12482059379774836,3,100,5983,5,3000,A2,HOOI,6.972000000000207
2.5244196914185713,3,100,5983,5,3000,A3,HOOI,6.972000000000207
11.951306669824755,3,100,5983,5,3000,core,HOOI,6.972000000000207
3.332068135827182,3,100,5983,5,3000,A1,Olga,4.333000000000084
4.193714641894834,3,100,5983,5,3000,A2,Olga,4.333000000000084
2.88152246559948,3,100,5983,5,3000,A3,Tracy,4.333000000000084
10.137948979012275,3,100,5983,5,3000,core,Tracy_Olga,4.333000000000084
7.487895807157196,3,100,6977,5,3000,A1,NTD,226.7750000000001
1.6123602521306555,3,100,6977,5,3000,A2,NTD,226.7750000000001
6974.042687004242,3,100,6977,5,3000,A3,NTD,226.7750000000001
11.5171833908255,3,100,6977,5,3000,core,NTD,226.7750000000001
2.0078736298615145,3,100,6977,5,3000,A1,Ours,7.862999999999829
0.07086052416726052,3,100,6977,5,3000,A2,Ours,7.862999999999829
2.564116219301972,3,100,6977,5,3000,A3,Ours,7.862999999999829
11.997333998637377,3,100,6977,5,3000,core,Ours,7.862999999999829
2.0078736298615145,3,100,6977,5,3000,A1,HOSVD,2.3409999999998945
0.07086052416726052,3,100,6977,5,3000,A2,HOSVD,2.3409999999998945
2.5203774688296305,3,100,6977,5,3000,A3,HOSVD,2.3409999999998945
12.01513737652041,3,100,6977,5,3000,core,HOSVD,2.3409999999998945
2.003484325893352,3,100,6977,5,3000,A1,HOOI,6.644999999999982
0.12053928150323694,3,100,6977,5,3000,A2,HOOI,6.644999999999982
2.522781454847711,3,100,6977,5,3000,A3,HOOI,6.644999999999982
12.004262372064392,3,100,6977,5,3000,core,HOOI,6.644999999999982
3.4538249295281704,3,100,6977,5,3000,A1,Olga,4.04300000000012
4.470103938678824,3,100,6977,5,3000,A2,Olga,4.04300000000012
2.889472949203809,3,100,6977,5,3000,A3,Tracy,4.04300000000012
13.806231713721454,3,100,6977,5,3000,core,Tracy_Olga,4.04300000000012
4.37856464130495,3,100,7957,5,3000,A1,NTD,254.09400000000005
3.451047210695476,3,100,7957,5,3000,A2,NTD,254.09400000000005
7954.065665442558,3,100,7957,5,3000,A3,NTD,254.09400000000005
10.738128781699942,3,100,7957,5,3000,core,NTD,254.09400000000005
2.3961488637414337,3,100,7957,5,3000,A1,Ours,11.501999999999953
0.08765827666971672,3,100,7957,5,3000,A2,Ours,11.501999999999953
2.5804218487556727,3,100,7957,5,3000,A3,Ours,11.501999999999953
10.083174350939139,3,100,7957,5,3000,core,Ours,11.501999999999953
2.3961488637414337,3,100,7957,5,3000,A1,HOSVD,8.239000000000033
0.08765827666971672,3,100,7957,5,3000,A2,HOSVD,8.239000000000033
2.5238253272434332,3,100,7957,5,3000,A3,HOSVD,8.239000000000033
10.076419181397156,3,100,7957,5,3000,core,HOSVD,8.239000000000033
2.396790036630839,3,100,7957,5,3000,A1,HOOI,9.956000000000131
0.0981073880107568,3,100,7957,5,3000,A2,HOOI,9.956000000000131
2.526497087368954,3,100,7957,5,3000,A3,HOOI,9.956000000000131
10.076419181397156,3,100,7957,5,3000,core,HOOI,9.956000000000131
2.7038093394540734,3,100,7957,5,3000,A1,Olga,14.389999999999873
4.701341846305211,3,100,7957,5,3000,A2,Olga,14.389999999999873
2.8956091284153707,3,100,7957,5,3000,A3,Tracy,14.389999999999873
13.71607185908159,3,100,7957,5,3000,core,Tracy_Olga,14.389999999999873
14.650315081297531,3,100,8945,5,3000,A1,NTD,294.89800000000014
2.0947786212054864,3,100,8945,5,3000,A2,NTD,294.89800000000014
8942.072235187017,3,100,8945,5,3000,A3,NTD,294.89800000000014
12.553702615505966,3,100,8945,5,3000,core,NTD,294.89800000000014
2.814092635157567,3,100,8945,5,3000,A1,Ours,11.877000000000407
0.12580096961481688,3,100,8945,5,3000,A2,Ours,11.877000000000407
2.588825685940882,3,100,8945,5,3000,A3,Ours,11.877000000000407
10.08809630204944,3,100,8945,5,3000,core,Ours,11.877000000000407
2.814092635157567,3,100,8945,5,3000,A1,HOSVD,3.0969999999997526
0.12580096961481688,3,100,8945,5,3000,A2,HOSVD,3.0969999999997526
2.5160545710911264,3,100,8945,5,3000,A3,HOSVD,3.0969999999997526
10.076419181397156,3,100,8945,5,3000,core,HOSVD,3.0969999999997526
3.770389452405763,3,100,8945,5,3000,A1,HOOI,9.934999999999945
0.10957063140230243,3,100,8945,5,3000,A2,HOOI,9.934999999999945
2.5192949098861144,3,100,8945,5,3000,A3,HOOI,9.934999999999945
10.076419181397156,3,100,8945,5,3000,core,HOOI,9.934999999999945
3.0536551709966897,3,100,8945,5,3000,A1,Olga,5.860999999999876
4.655167478457443,3,100,8945,5,3000,A2,Olga,5.860999999999876
2.9032033818057004,3,100,8945,5,3000,A3,Tracy,5.860999999999876
13.763943783097822,3,100,8945,5,3000,core,Tracy_Olga,5.860999999999876
4.1148981465495345,3,100,9930,5,3000,A1,NTD,313.924
2.3899267343935553,3,100,9930,5,3000,A2,NTD,313.924
9927.06401052505,3,100,9930,5,3000,A3,NTD,313.924
11.191418950774564,3,100,9930,5,3000,core,NTD,313.924
1.6091858442060973,3,100,9930,5,3000,A1,Ours,36.53600000000006
0.19323432912926247,3,100,9930,5,3000,A2,Ours,36.53600000000006
2.5838749099342286,3,100,9930,5,3000,A3,Ours,36.53600000000006
10.08809630204944,3,100,9930,5,3000,core,Ours,36.53600000000006
1.6091858442060973,3,100,9930,5,3000,A1,HOSVD,24.906999999999698
0.19323432912926247,3,100,9930,5,3000,A2,HOSVD,24.906999999999698
2.4951311807557808,3,100,9930,5,3000,A3,HOSVD,24.906999999999698
10.076419181397156,3,100,9930,5,3000,core,HOSVD,24.906999999999698
1.5964834189217176,3,100,9930,5,3000,A1,HOOI,27.799999999999727
0.06088244800286452,3,100,9930,5,3000,A2,HOOI,27.799999999999727
2.497304895347145,3,100,9930,5,3000,A3,HOOI,27.799999999999727
10.076419181397156,3,100,9930,5,3000,core,HOOI,27.799999999999727
2.8242331759731454,3,100,9930,5,3000,A1,Olga,27.02500000000009
4.256985075777001,3,100,9930,5,3000,A2,Olga,27.02500000000009
2.8685846933939745,3,100,9930,5,3000,A3,Tracy,27.02500000000009
10.242944053678638,3,100,9930,5,3000,core,Tracy_Olga,27.02500000000009
12.76589954425648,3,100,100,5,10000,A1,NTD,3.5390000000002146
4.528011918495838,3,100,100,5,10000,A2,NTD,3.5390000000002146
97.00070459946605,3,100,100,5,10000,A3,NTD,3.5390000000002146
14.004230339203785,3,100,100,5,10000,core,NTD,3.5390000000002146
1.003216655612056,3,100,100,5,10000,A1,Ours,4.010000000000218
0.12266054233816368,3,100,100,5,10000,A2,Ours,4.010000000000218
0.021581311049349107,3,100,100,5,10000,A3,Ours,4.010000000000218
10.144667930251893,3,100,100,5,10000,core,Ours,4.010000000000218
1.003216655612056,3,100,100,5,10000,A1,HOSVD,4.231000000000222
0.12266054233816368,3,100,100,5,10000,A2,HOSVD,4.231000000000222
0.021581453305049816,3,100,100,5,10000,A3,HOSVD,4.231000000000222
10.144668078233298,3,100,100,5,10000,core,HOSVD,4.231000000000222
1.0054976364388932,3,100,100,5,10000,A1,HOOI,3.668999999999869
0.02780613191589629,3,100,100,5,10000,A2,HOOI,3.668999999999869
0.021542099708268703,3,100,100,5,10000,A3,HOOI,3.668999999999869
10.144470775443226,3,100,100,5,10000,core,HOOI,3.668999999999869
0.9587634078401512,3,100,100,5,10000,A1,Olga,2.8760000000002037
0.08557628295802125,3,100,100,5,10000,A2,Olga,2.8760000000002037
0.9229288119846654,3,100,100,5,10000,A3,Tracy,2.8760000000002037
10.401111858400265,3,100,100,5,10000,core,Tracy_Olga,2.8760000000002037
9.722562849415205,3,100,500,5,10000,A1,NTD,15.157999999999902
4.112439105795004,3,100,500,5,10000,A2,NTD,15.157999999999902
497.00000053407376,3,100,500,5,10000,A3,NTD,15.157999999999902
11.917149216936707,3,100,500,5,10000,core,NTD,15.157999999999902
1.2099823407670662,3,100,500,5,10000,A1,Ours,3.400000000000091
0.043568317845637895,3,100,500,5,10000,A2,Ours,3.400000000000091
0.046645981235111635,3,100,500,5,10000,A3,Ours,3.400000000000091
10.150561507729414,3,100,500,5,10000,core,Ours,3.400000000000091
1.2099823407670662,3,100,500,5,10000,A1,HOSVD,3.0720000000001164
0.043568317845637895,3,100,500,5,10000,A2,HOSVD,3.0720000000001164
0.04664883897312496,3,100,500,5,10000,A3,HOSVD,3.0720000000001164
10.150562515003452,3,100,500,5,10000,core,HOSVD,3.0720000000001164
1.2115580639672185,3,100,500,5,10000,A1,HOOI,3.4890000000000327
0.098396686210664,3,100,500,5,10000,A2,HOOI,3.4890000000000327
0.046608812037351635,3,100,500,5,10000,A3,HOOI,3.4890000000000327
10.145967133502097,3,100,500,5,10000,core,HOOI,3.4890000000000327
1.5161906363667823,3,100,500,5,10000,A1,Olga,4.322999999999865
0.571536033232939,3,100,500,5,10000,A2,Olga,4.322999999999865
1.237597400917161,3,100,500,5,10000,A3,Tracy,4.322999999999865
10.369582195937177,3,100,500,5,10000,core,Tracy_Olga,4.322999999999865
10.699605108143995,3,100,1000,5,10000,A1,NTD,32.13999999999987
4.616792114052218,3,100,1000,5,10000,A2,NTD,32.13999999999987
997.0001439131632,3,100,1000,5,10000,A3,NTD,32.13999999999987
9.883752266864185,3,100,1000,5,10000,core,NTD,32.13999999999987
1.3354773262675823,3,100,1000,5,10000,A1,Ours,1.3029999999998836
0.022071144460927998,3,100,1000,5,10000,A2,Ours,1.3029999999998836
0.2963749877478018,3,100,1000,5,10000,A3,Ours,1.3029999999998836
10.276008836391746,3,100,1000,5,10000,core,Ours,1.3029999999998836
1.3354773262675823,3,100,1000,5,10000,A1,HOSVD,0.7039999999997235
0.022071144460927998,3,100,1000,5,10000,A2,HOSVD,0.7039999999997235
0.29633644134433657,3,100,1000,5,10000,A3,HOSVD,0.7039999999997235
10.275963755290434,3,100,1000,5,10000,core,HOSVD,0.7039999999997235
1.3371560201289612,3,100,1000,5,10000,A1,HOOI,1.2649999999998727
0.02225852835925155,3,100,1000,5,10000,A2,HOOI,1.2649999999998727
0.2898369337910767,3,100,1000,5,10000,A3,HOOI,1.2649999999998727
10.271979619395962,3,100,1000,5,10000,core,HOOI,1.2649999999998727
1.150691225814086,3,100,1000,5,10000,A1,Olga,0.8569999999999709
2.71109625054404,3,100,1000,5,10000,A2,Olga,0.8569999999999709
1.3869187942442909,3,100,1000,5,10000,A3,Tracy,0.8569999999999709
10.660139722682107,3,100,1000,5,10000,core,Tracy_Olga,0.8569999999999709
6.8800653661742155,3,100,2500,5,10000,A1,NTD,95.35500000000002
4.2584055208769565,3,100,2500,5,10000,A2,NTD,95.35500000000002
2497.0001967079984,3,100,2500,5,10000,A3,NTD,95.35500000000002
12.26572123582954,3,100,2500,5,10000,core,NTD,95.35500000000002
1.1872559690995523,3,100,2500,5,10000,A1,Ours,2.149000000000342
0.09683760368460222,3,100,2500,5,10000,A2,Ours,2.149000000000342
0.7246332385547543,3,100,2500,5,10000,A3,Ours,2.149000000000342
11.827539763626747,3,100,2500,5,10000,core,Ours,2.149000000000342
1.1872559690995523,3,100,2500,5,10000,A1,HOSVD,1.9939999999996871
0.09683760368460222,3,100,2500,5,10000,A2,HOSVD,1.9939999999996871
0.7244005226022621,3,100,2500,5,10000,A3,HOSVD,1.9939999999996871
11.827792295497025,3,100,2500,5,10000,core,HOSVD,1.9939999999996871
1.1906837468551628,3,100,2500,5,10000,A1,HOOI,2.581000000000131
0.07428456122551624,3,100,2500,5,10000,A2,HOOI,2.581000000000131
0.7220433172958801,3,100,2500,5,10000,A3,HOOI,2.581000000000131
11.828693909148347,3,100,2500,5,10000,core,HOOI,2.581000000000131
1.3068647388079357,3,100,2500,5,10000,A1,Olga,1.4370000000003529
4.446332487539385,3,100,2500,5,10000,A2,Olga,1.4370000000003529
1.4447651111931574,3,100,2500,5,10000,A3,Tracy,1.4370000000003529
10.406659611507436,3,100,2500,5,10000,core,Tracy_Olga,1.4370000000003529
10.200994810124225,3,100,5000,5,10000,A1,NTD,182.837
2.8857779810658584,3,100,5000,5,10000,A2,NTD,182.837
4997.000526105281,3,100,5000,5,10000,A3,NTD,182.837
10.712042738200974,3,100,5000,5,10000,core,NTD,182.837
1.5835713277816035,3,100,5000,5,10000,A1,Ours,5.158999999999651
0.12744419568890855,3,100,5000,5,10000,A2,Ours,5.158999999999651
0.8690927113822075,3,100,5000,5,10000,A3,Ours,5.158999999999651
10.07641918139656,3,100,5000,5,10000,core,Ours,5.158999999999651
1.5835713277816035,3,100,5000,5,10000,A1,HOSVD,3.2160000000003492
0.12744419568890855,3,100,5000,5,10000,A2,HOSVD,3.2160000000003492
0.8676854807118076,3,100,5000,5,10000,A3,HOSVD,3.2160000000003492
10.07641918139656,3,100,5000,5,10000,core,HOSVD,3.2160000000003492
1.5859655913641133,3,100,5000,5,10000,A1,HOOI,5.650000000000546
0.08542538896757573,3,100,5000,5,10000,A2,HOOI,5.650000000000546
0.8682708223433289,3,100,5000,5,10000,A3,HOOI,5.650000000000546
10.030656134755013,3,100,5000,5,10000,core,HOOI,5.650000000000546
1.3402596918169347,3,100,5000,5,10000,A1,Olga,3.7719999999999345
4.587131103476148,3,100,5000,5,10000,A2,Olga,3.7719999999999345
1.6398049154763796,3,100,5000,5,10000,A3,Tracy,3.7719999999999345
13.846851673264176,3,100,5000,5,10000,core,Tracy_Olga,3.7719999999999345
9.957499626735302,3,100,5998,5,10000,A1,NTD,208.57999999999993
3.763639654499252,3,100,5998,5,10000,A2,NTD,208.57999999999993
5995.02016528804,3,100,5998,5,10000,A3,NTD,208.57999999999993
9.94275612653203,3,100,5998,5,10000,core,NTD,208.57999999999993
0.7602732961003528,3,100,5998,5,10000,A1,Ours,7.319999999999709
0.15642034007469344,3,100,5998,5,10000,A2,Ours,7.319999999999709
2.502281419333714,3,100,5998,5,10000,A3,Ours,7.319999999999709
10.076419181397156,3,100,5998,5,10000,core,Ours,7.319999999999709
0.7602732961003528,3,100,5998,5,10000,A1,HOSVD,3.3640000000004875
0.15642034007469344,3,100,5998,5,10000,A2,HOSVD,3.3640000000004875
2.499312004892743,3,100,5998,5,10000,A3,HOSVD,3.3640000000004875
10.076419181397156,3,100,5998,5,10000,core,HOSVD,3.3640000000004875
0.7557294732340589,3,100,5998,5,10000,A1,HOOI,5.536999999999352
0.14435031734729198,3,100,5998,5,10000,A2,HOOI,5.536999999999352
2.499525914620803,3,100,5998,5,10000,A3,HOOI,5.536999999999352
10.076419181397156,3,100,5998,5,10000,core,HOOI,5.536999999999352
1.2093565043883778,3,100,5998,5,10000,A1,Olga,3.4420000000000073
4.513601399475562,3,100,5998,5,10000,A2,Olga,3.4420000000000073
2.887764613256816,3,100,5998,5,10000,A3,Tracy,3.4420000000000073
13.926546270212842,3,100,5998,5,10000,core,Tracy_Olga,3.4420000000000073
4.605402134213089,3,100,6996,5,10000,A1,NTD,226.35800000000017
1.391522590260975,3,100,6996,5,10000,A2,NTD,226.35800000000017
6993.025695773092,3,100,6996,5,10000,A3,NTD,226.35800000000017
11.397557150827874,3,100,6996,5,10000,core,NTD,226.35800000000017
1.2420095848455537,3,100,6996,5,10000,A1,Ours,8.01299999999992
0.09082544671119007,3,100,6996,5,10000,A2,Ours,8.01299999999992
2.519733342131696,3,100,6996,5,10000,A3,Ours,8.01299999999992
10.076419181397156,3,100,6996,5,10000,core,Ours,8.01299999999992
1.2420095848455537,3,100,6996,5,10000,A1,HOSVD,2.787000000000262
0.09082544671119007,3,100,6996,5,10000,A2,HOSVD,2.787000000000262
2.515864013902953,3,100,6996,5,10000,A3,HOSVD,2.787000000000262
10.076419181397156,3,100,6996,5,10000,core,HOSVD,2.787000000000262
1.2416425772997592,3,100,6996,5,10000,A1,HOOI,6.6599999999998545
0.09688888319758707,3,100,6996,5,10000,A2,HOOI,6.6599999999998545
2.5143475511548496,3,100,6996,5,10000,A3,HOOI,6.6599999999998545
10.076419181397156,3,100,6996,5,10000,core,HOOI,6.6599999999998545
1.1518034724216322,3,100,6996,5,10000,A1,Olga,4.5590000000001965
4.3353356228303115,3,100,6996,5,10000,A2,Olga,4.5590000000001965
2.8958979722938176,3,100,6996,5,10000,A3,Tracy,4.5590000000001965
13.872581794981006,3,100,6996,5,10000,core,Tracy_Olga,4.5590000000001965
10.31200813086462,3,100,7986,5,10000,A1,NTD,255.98300000000017
1.37911374145699,3,100,7986,5,10000,A2,NTD,255.98300000000017
7983.0317640397225,3,100,7986,5,10000,A3,NTD,255.98300000000017
11.503784242893511,3,100,7986,5,10000,core,NTD,255.98300000000017
1.321485130505769,3,100,7986,5,10000,A1,Ours,10.144999999999527
0.035737564487501754,3,100,7986,5,10000,A2,Ours,10.144999999999527
2.509261698633582,3,100,7986,5,10000,A3,Ours,10.144999999999527
10.076419181397156,3,100,7986,5,10000,core,Ours,10.144999999999527
1.321485130505769,3,100,7986,5,10000,A1,HOSVD,3.673999999999978
0.035737564487501754,3,100,7986,5,10000,A2,HOSVD,3.673999999999978
2.50413884926407,3,100,7986,5,10000,A3,HOSVD,3.673999999999978
10.076419181397156,3,100,7986,5,10000,core,HOSVD,3.673999999999978
1.3140471707519032,3,100,7986,5,10000,A1,HOOI,8.925000000000182
0.05214270359191383,3,100,7986,5,10000,A2,HOOI,8.925000000000182
2.506274780763753,3,100,7986,5,10000,A3,HOOI,8.925000000000182
10.076419181397156,3,100,7986,5,10000,core,HOOI,8.925000000000182
1.1906219985529334,3,100,7986,5,10000,A1,Olga,5.423999999999978
4.4242113453287235,3,100,7986,5,10000,A2,Olga,5.423999999999978
2.888348967777369,3,100,7986,5,10000,A3,Tracy,5.423999999999978
13.872045421907215,3,100,7986,5,10000,core,Tracy_Olga,5.423999999999978
6.2598569155262,3,100,8991,5,10000,A1,NTD,292.0749999999998
1.2794228196694333,3,100,8991,5,10000,A2,NTD,292.0749999999998
8988.019663263975,3,100,8991,5,10000,A3,NTD,292.0749999999998
9.91610670922226,3,100,8991,5,10000,core,NTD,292.0749999999998
1.4958775063660978,3,100,8991,5,10000,A1,Ours,14.760000000000218
0.031360836795264,3,100,8991,5,10000,A2,Ours,14.760000000000218
2.48222031984151,3,100,8991,5,10000,A3,Ours,14.760000000000218
11.963973962070904,3,100,8991,5,10000,core,Ours,14.760000000000218
1.4958775063660978,3,100,8991,5,10000,A1,HOSVD,3.811999999999898
0.031360836795264,3,100,8991,5,10000,A2,HOSVD,3.811999999999898
2.4756896534073376,3,100,8991,5,10000,A3,HOSVD,3.811999999999898
11.966366019252025,3,100,8991,5,10000,core,HOSVD,3.811999999999898
1.4958542121590024,3,100,8991,5,10000,A1,HOOI,10.252999999999702
0.08883872484801947,3,100,8991,5,10000,A2,HOOI,10.252999999999702
2.476097002100992,3,100,8991,5,10000,A3,HOOI,10.252999999999702
11.95719113292414,3,100,8991,5,10000,core,HOOI,10.252999999999702
1.299400597392602,3,100,8991,5,10000,A1,Olga,6.3530000000000655
4.549715499363441,3,100,8991,5,10000,A2,Olga,6.3530000000000655
2.8644437153054447,3,100,8991,5,10000,A3,Tracy,6.3530000000000655
13.863032754432295,3,100,8991,5,10000,core,Tracy_Olga,6.3530000000000655
5.865258417062202,3,100,9983,5,10000,A1,NTD,309.4900000000007
1.142702476182789,3,100,9983,5,10000,A2,NTD,309.4900000000007
9980.022024539954,3,100,9983,5,10000,A3,NTD,309.4900000000007
10.469470198744744,3,100,9983,5,10000,core,NTD,309.4900000000007
1.4095016565323821,3,100,9983,5,10000,A1,Ours,12.433999999999287
0.019644385221350532,3,100,9983,5,10000,A2,Ours,12.433999999999287
2.5215533832184587,3,100,9983,5,10000,A3,Ours,12.433999999999287
10.076419181397156,3,100,9983,5,10000,core,Ours,12.433999999999287
1.4095016565323821,3,100,9983,5,10000,A1,HOSVD,3.094000000000051
0.019644385221350532,3,100,9983,5,10000,A2,HOSVD,3.094000000000051
2.5135319989709393,3,100,9983,5,10000,A3,HOSVD,3.094000000000051
10.076419181397156,3,100,9983,5,10000,core,HOSVD,3.094000000000051
1.4141394965529603,3,100,9983,5,10000,A1,HOOI,9.689000000000306
0.045248727331713964,3,100,9983,5,10000,A2,HOOI,9.689000000000306
2.515112672800394,3,100,9983,5,10000,A3,HOOI,9.689000000000306
10.076419181397156,3,100,9983,5,10000,core,HOOI,9.689000000000306
1.4428601803897803,3,100,9983,5,10000,A1,Olga,5.652000000000044
4.425013896637532,3,100,9983,5,10000,A2,Olga,5.652000000000044
2.8938899900414192,3,100,9983,5,10000,A3,Tracy,5.652000000000044
13.867708878190088,3,100,9983,5,10000,core,Tracy_Olga,5.652000000000044
