error,K,Q1,R,Q2,M,mode,method,time
36.89048340000233,3,100,981,5,100,A1,NTD,36.257999999999996
4.906394888043268,3,100,981,5,100,A2,NTD,36.257999999999996
978.2513842127554,3,100,981,5,100,A3,NTD,36.257999999999996
8.132388310461426,3,100,981,5,100,core,NTD,36.257999999999996
23.29043218141994,3,100,981,5,100,A1,Ours,3.003999999999998
0.18166237758147286,3,100,981,5,100,A2,Ours,3.003999999999998
4.695121212742531,3,100,981,5,100,A3,Ours,3.003999999999998
12.556074999053736,3,100,981,5,100,core,Ours,3.003999999999998
23.29043218141994,3,100,981,5,100,A1,HOSVD,6.5760000000000005
0.18166237758147286,3,100,981,5,100,A2,HOSVD,6.5760000000000005
2.4750565478701163,3,100,981,5,100,A3,HOSVD,6.5760000000000005
11.810457704296477,3,100,981,5,100,core,HOSVD,6.5760000000000005
22.907854161989242,3,100,981,5,100,A1,HOOI,4.716999999999999
0.14606436408748905,3,100,981,5,100,A2,HOOI,4.716999999999999
2.4659619509551423,3,100,981,5,100,A3,HOOI,4.716999999999999
11.925224647768298,3,100,981,5,100,core,HOOI,4.716999999999999
20.998599201664767,3,100,981,5,100,A1,Olga,5.911999999999999
0.2914959632979433,3,100,981,5,100,A2,Olga,5.911999999999999
2.914227620351003,3,100,981,5,100,A3,Tracy,5.911999999999999
12.199024351100801,3,100,981,5,100,core,Tracy_Olga,5.911999999999999
125.94314036347433,3,100,4576,5,100,A1,NTD,161.15000000000003
3.3231729269305896,3,100,4576,5,100,A2,NTD,161.15000000000003
4573.476834962696,3,100,4576,5,100,A3,NTD,161.15000000000003
10.455182949154603,3,100,4576,5,100,core,NTD,161.15000000000003
20.568115457537612,3,100,4576,5,100,A1,Ours,7.080999999999989
0.022467319751452518,3,100,4576,5,100,A2,Ours,7.080999999999989
5.139290394247345,3,100,4576,5,100,A3,Ours,7.080999999999989
13.723152064465777,3,100,4576,5,100,core,Ours,7.080999999999989
20.568115457537612,3,100,4576,5,100,A1,HOSVD,8.073000000000008
0.022467319751452518,3,100,4576,5,100,A2,HOSVD,8.073000000000008
2.6380756115992527,3,100,4576,5,100,A3,HOSVD,8.073000000000008
13.74789108125639,3,100,4576,5,100,core,HOSVD,8.073000000000008
20.738028443615615,3,100,4576,5,100,A1,HOOI,17.585999999999984
0.021041625552264197,3,100,4576,5,100,A2,HOOI,17.585999999999984
3.6183308483071945,3,100,4576,5,100,A3,HOOI,17.585999999999984
12.911982473078188,3,100,4576,5,100,core,HOOI,17.585999999999984
67.09163149670725,3,100,4576,5,100,A1,Olga,17.00999999999999
0.7513666196853778,3,100,4576,5,100,A2,Olga,17.00999999999999
3.03401907339569,3,100,4576,5,100,A3,Tracy,17.00999999999999
13.171972580943834,3,100,4576,5,100,core,Tracy_Olga,17.00999999999999
106.60372486036495,3,100,8245,5,100,A1,NTD,288.986
4.174296368609865,3,100,8245,5,100,A2,NTD,288.986
8242.572854002343,3,100,8245,5,100,A3,NTD,288.986
10.461039071680569,3,100,8245,5,100,core,NTD,288.986
20.746937702536194,3,100,8245,5,100,A1,Ours,29.371999999999957
0.0741220864691252,3,100,8245,5,100,A2,Ours,29.371999999999957
5.299414042751071,3,100,8245,5,100,A3,Ours,29.371999999999957
11.93229011765217,3,100,8245,5,100,core,Ours,29.371999999999957
20.746937702536194,3,100,8245,5,100,A1,HOSVD,20.74599999999998
0.0741220864691252,3,100,8245,5,100,A2,HOSVD,20.74599999999998
2.850789748026302,3,100,8245,5,100,A3,HOSVD,20.74599999999998
10.194501861121447,3,100,8245,5,100,core,HOSVD,20.74599999999998
20.906062891376944,3,100,8245,5,100,A1,HOOI,16.180000000000064
0.07144921935317314,3,100,8245,5,100,A2,HOOI,16.180000000000064
3.886111195890476,3,100,8245,5,100,A3,HOOI,16.180000000000064
12.937035305293263,3,100,8245,5,100,core,HOOI,16.180000000000064
68.29853023723003,3,100,8245,5,100,A1,Olga,11.759999999999991
0.9728763260170135,3,100,8245,5,100,A2,Olga,11.759999999999991
3.2027666379455026,3,100,8245,5,100,A3,Tracy,11.759999999999991
12.959034633349994,3,100,8245,5,100,core,Tracy_Olga,11.759999999999991
3.3057249845129877,3,100,998,5,500,A1,NTD,28.11500000000001
2.370382818234314,3,100,998,5,500,A2,NTD,28.11500000000001
995.0535867177421,3,100,998,5,500,A3,NTD,28.11500000000001
14.45301130785585,3,100,998,5,500,core,NTD,28.11500000000001
7.823618700950597,3,100,998,5,500,A1,Ours,0.5080000000000382
0.0864527688008367,3,100,998,5,500,A2,Ours,0.5080000000000382
2.4909145425626154,3,100,998,5,500,A3,Ours,0.5080000000000382
12.289853458833521,3,100,998,5,500,core,Ours,0.5080000000000382
7.823618700950597,3,100,998,5,500,A1,HOSVD,0.51400000000001
0.0864527688008367,3,100,998,5,500,A2,HOSVD,0.51400000000001
2.4621069508883497,3,100,998,5,500,A3,HOSVD,0.51400000000001
12.261770163621337,3,100,998,5,500,core,HOSVD,0.51400000000001
7.7955152707965825,3,100,998,5,500,A1,HOOI,1.2039999999999509
0.07996055942743037,3,100,998,5,500,A2,HOOI,1.2039999999999509
2.4696591509172747,3,100,998,5,500,A3,HOOI,1.2039999999999509
12.226726869378446,3,100,998,5,500,core,HOOI,1.2039999999999509
8.250906862387586,3,100,998,5,500,A1,Olga,0.83400000000006
0.06807405379506397,3,100,998,5,500,A2,Olga,0.83400000000006
2.8381614622705307,3,100,998,5,500,A3,Tracy,0.83400000000006
12.259014313776982,3,100,998,5,500,core,Tracy_Olga,0.83400000000006
23.201862249481483,3,100,4924,5,500,A1,NTD,162.442
4.174319096408482,3,100,4924,5,500,A2,NTD,162.442
4921.147423476231,3,100,4924,5,500,A3,NTD,162.442
10.335366883090225,3,100,4924,5,500,core,NTD,162.442
14.090236159451997,3,100,4924,5,500,A1,Ours,8.811000000000035
0.09175624653791717,3,100,4924,5,500,A2,Ours,8.811000000000035
5.196645945029835,3,100,4924,5,500,A3,Ours,8.811000000000035
7.699721403071062,3,100,4924,5,500,core,Ours,8.811000000000035
14.090236159451997,3,100,4924,5,500,A1,HOSVD,7.669999999999959
0.09175624653791717,3,100,4924,5,500,A2,HOSVD,7.669999999999959
2.555535863010347,3,100,4924,5,500,A3,HOSVD,7.669999999999959
13.66080061994427,3,100,4924,5,500,core,HOSVD,7.669999999999959
12.917345832665513,3,100,4924,5,500,A1,Olga,6.47300000000007
0.11072090336169454,3,100,4924,5,500,A2,Olga,6.47300000000007
2.940740609606469,3,100,4924,5,500,A3,Tracy,6.47300000000007
13.3424922645609,3,100,4924,5,500,core,Tracy_Olga,6.47300000000007
72.45825401124216,3,100,9620,5,500,A1,NTD,317.1959999999999
2.7597104908482715,3,100,9620,5,500,A2,NTD,317.1959999999999
9617.218110133808,3,100,9620,5,500,A3,NTD,317.1959999999999
11.48874964656271,3,100,9620,5,500,core,NTD,317.1959999999999
9.224691134358503,3,100,9620,5,500,A1,Ours,15.089999999999918
0.05202366696872652,3,100,9620,5,500,A2,Ours,15.089999999999918
5.1943828747539795,3,100,9620,5,500,A3,Ours,15.089999999999918
11.313244164705976,3,100,9620,5,500,core,Ours,15.089999999999918
9.224691134358503,3,100,9620,5,500,A1,HOSVD,4.72400000000016
0.05202366696872652,3,100,9620,5,500,A2,HOSVD,4.72400000000016
2.5810008832074964,3,100,9620,5,500,A3,HOSVD,4.72400000000016
13.668680944941592,3,100,9620,5,500,core,HOSVD,4.72400000000016
9.149521386796465,3,100,9620,5,500,A1,HOOI,12.728999999999814
0.049757623853573976,3,100,9620,5,500,A2,HOOI,12.728999999999814
2.595697861157199,3,100,9620,5,500,A3,HOOI,12.728999999999814
13.714105636946343,3,100,9620,5,500,core,HOOI,12.728999999999814
17.998454309272034,3,100,9620,5,500,A1,Olga,8.875
0.5033797684749761,3,100,9620,5,500,A2,Olga,8.875
2.9844048186775134,3,100,9620,5,500,A3,Tracy,8.875
13.3424922645609,3,100,9620,5,500,core,Tracy_Olga,8.875
3.2443118438361886,3,100,998,5,1000,A1,NTD,28.011999999999944
0.4273089508843937,3,100,998,5,1000,A2,NTD,28.011999999999944
995.0530172412791,3,100,998,5,1000,A3,NTD,28.011999999999944
14.817341823938154,3,100,998,5,1000,core,NTD,28.011999999999944
5.129437161032697,3,100,998,5,1000,A1,Ours,1.4610000000000127
0.020658195962356383,3,100,998,5,1000,A2,Ours,1.4610000000000127
2.4722372980529843,3,100,998,5,1000,A3,Ours,1.4610000000000127
12.142174355200428,3,100,998,5,1000,core,Ours,1.4610000000000127
5.129437161032697,3,100,998,5,1000,A1,HOSVD,1.3289999999999509
0.020658195962356383,3,100,998,5,1000,A2,HOSVD,1.3289999999999509
2.4681259408223464,3,100,998,5,1000,A3,HOSVD,1.3289999999999509
12.144361043344379,3,100,998,5,1000,core,HOSVD,1.3289999999999509
5.0730018311148894,3,100,998,5,1000,A1,HOOI,3.326000000000022
0.0202089931339544,3,100,998,5,1000,A2,HOOI,3.326000000000022
2.477166345087737,3,100,998,5,1000,A3,HOOI,3.326000000000022
12.130752240764522,3,100,998,5,1000,core,HOOI,3.326000000000022
7.505309671460779,3,100,998,5,1000,A1,Olga,3.769999999999982
0.05254845698526939,3,100,998,5,1000,A2,Olga,3.769999999999982
2.901153395423204,3,100,998,5,1000,A3,Tracy,3.769999999999982
12.274474044995946,3,100,998,5,1000,core,Tracy_Olga,3.769999999999982
3.575840041725316,3,100,4959,5,1000,A1,NTD,157.086
2.759705017210907,3,100,4959,5,1000,A2,NTD,157.086
4956.0843508738235,3,100,4959,5,1000,A3,NTD,157.086
13.933775284264488,3,100,4959,5,1000,core,NTD,157.086
7.429951043456827,3,100,4959,5,1000,A1,Ours,5.121999999999844
0.01999433904415026,3,100,4959,5,1000,A2,Ours,5.121999999999844
2.86215870049127,3,100,4959,5,1000,A3,Ours,5.121999999999844
13.280701790973808,3,100,4959,5,1000,core,Ours,5.121999999999844
7.429951043456827,3,100,4959,5,1000,A1,HOSVD,1.683999999999969
0.01999433904415026,3,100,4959,5,1000,A2,HOSVD,1.683999999999969
2.5057494551732646,3,100,4959,5,1000,A3,HOSVD,1.683999999999969
13.628046445544026,3,100,4959,5,1000,core,HOSVD,1.683999999999969
7.419568525024417,3,100,4959,5,1000,A1,HOOI,4.4939999999999145
0.023090115744335043,3,100,4959,5,1000,A2,HOOI,4.4939999999999145
2.5029196386525348,3,100,4959,5,1000,A3,HOOI,4.4939999999999145
13.682178423040074,3,100,4959,5,1000,core,HOOI,4.4939999999999145
6.333338142559505,3,100,4959,5,1000,A1,Olga,2.634999999999991
0.1017311280141504,3,100,4959,5,1000,A2,Olga,2.634999999999991
2.8894015799186463,3,100,4959,5,1000,A3,Tracy,2.634999999999991
13.3424922645609,3,100,4959,5,1000,core,Tracy_Olga,2.634999999999991
6.806115560356397,3,100,9822,5,1000,A1,NTD,330.7339999999999
3.7575809393045896,3,100,9822,5,1000,A2,NTD,330.7339999999999
9819.257633409004,3,100,9822,5,1000,A3,NTD,330.7339999999999
11.148140727976628,3,100,9822,5,1000,core,NTD,330.7339999999999
5.112291857260864,3,100,9822,5,1000,A1,Ours,13.846000000000004
0.02548203272180766,3,100,9822,5,1000,A2,Ours,13.846000000000004
5.294606036006166,3,100,9822,5,1000,A3,Ours,13.846000000000004
13.208980553602158,3,100,9822,5,1000,core,Ours,13.846000000000004
5.112291857260864,3,100,9822,5,1000,A1,HOSVD,4.5629999999998745
0.02548203272180766,3,100,9822,5,1000,A2,HOSVD,4.5629999999998745
2.532575089565469,3,100,9822,5,1000,A3,HOSVD,4.5629999999998745
13.649490988661583,3,100,9822,5,1000,core,HOSVD,4.5629999999998745
5.113381803992834,3,100,9822,5,1000,A1,HOOI,9.981999999999971
0.02814781424189396,3,100,9822,5,1000,A2,HOOI,9.981999999999971
2.5356897622016206,3,100,9822,5,1000,A3,HOOI,9.981999999999971
13.678862273021956,3,100,9822,5,1000,core,HOOI,9.981999999999971
10.233693907865502,3,100,9822,5,1000,A1,Olga,7.564000000000078
0.3430586857352621,3,100,9822,5,1000,A2,Olga,7.564000000000078
2.940092594291751,3,100,9822,5,1000,A3,Tracy,7.564000000000078
13.3424922645609,3,100,9822,5,1000,core,Tracy_Olga,7.564000000000078
3.5056837389368543,3,100,1000,5,2500,A1,NTD,27.895999999999958
0.7259249570022306,3,100,1000,5,2500,A2,NTD,27.895999999999958
997.0002990987044,3,100,1000,5,2500,A3,NTD,27.895999999999958
10.367691983966738,3,100,1000,5,2500,core,NTD,27.895999999999958
3.9151471671615212,3,100,1000,5,2500,A1,Ours,4.001999999999953
0.018157097962862998,3,100,1000,5,2500,A2,Ours,4.001999999999953
0.4541451136322598,3,100,1000,5,2500,A3,Ours,4.001999999999953
13.342681788353202,3,100,1000,5,2500,core,Ours,4.001999999999953
3.9151471671615212,3,100,1000,5,2500,A1,HOSVD,3.477999999999838
0.018157097962862998,3,100,1000,5,2500,A2,HOSVD,3.477999999999838
0.4541548333535398,3,100,1000,5,2500,A3,HOSVD,3.477999999999838
13.342436289763288,3,100,1000,5,2500,core,HOSVD,3.477999999999838
3.947001595897251,3,100,1000,5,2500,A1,HOOI,3.4939999999999145
0.017195485681265107,3,100,1000,5,2500,A2,HOOI,3.4939999999999145
0.4573078069476373,3,100,1000,5,2500,A3,HOOI,3.4939999999999145
13.33981043142323,3,100,1000,5,2500,core,HOOI,3.4939999999999145
3.9202537004904863,3,100,1000,5,2500,A1,Olga,4.856999999999971
0.038464732658116015,3,100,1000,5,2500,A2,Olga,4.856999999999971
1.4173237811971011,3,100,1000,5,2500,A3,Tracy,4.856999999999971
13.247177076678224,3,100,1000,5,2500,core,Tracy_Olga,4.856999999999971
3.0763335001798917,3,100,4989,5,2500,A1,NTD,156.85199999999986
1.3231451478015177,3,100,4989,5,2500,A2,NTD,156.85199999999986
4986.042209165344,3,100,4989,5,2500,A3,NTD,156.85199999999986
10.480339558539931,3,100,4989,5,2500,core,NTD,156.85199999999986
7.312196213353606,3,100,4989,5,2500,A1,Ours,6.766999999999825
0.025234358192572248,3,100,4989,5,2500,A2,Ours,6.766999999999825
2.5414727380696958,3,100,4989,5,2500,A3,Ours,6.766999999999825
13.626858149892874,3,100,4989,5,2500,core,Ours,6.766999999999825
7.312196213353606,3,100,4989,5,2500,A1,HOSVD,4.153999999999996
0.025234358192572248,3,100,4989,5,2500,A2,HOSVD,4.153999999999996
2.5102867122811343,3,100,4989,5,2500,A3,HOSVD,4.153999999999996
13.618651623379103,3,100,4989,5,2500,core,HOSVD,4.153999999999996
7.259160171649654,3,100,4989,5,2500,A1,HOOI,4.701000000000022
0.025700026712752774,3,100,4989,5,2500,A2,HOOI,4.701000000000022
4.846500558707623,3,100,4989,5,2500,A3,HOOI,4.701000000000022
11.003031463836018,3,100,4989,5,2500,core,HOOI,4.701000000000022
3.873653261739387,3,100,4989,5,2500,A1,Olga,3.2239999999997053
0.06381793642932214,3,100,4989,5,2500,A2,Olga,3.2239999999997053
2.900816437810685,3,100,4989,5,2500,A3,Tracy,3.2239999999997053
13.3424922645609,3,100,4989,5,2500,core,Tracy_Olga,3.2239999999997053
2.989341452066897,3,100,9933,5,2500,A1,NTD,335.7199999999998
3.1764470495279253,3,100,9933,5,2500,A2,NTD,335.7199999999998
9930.08678948799,3,100,9933,5,2500,A3,NTD,335.7199999999998
9.912074386660198,3,100,9933,5,2500,core,NTD,335.7199999999998
3.672489124428351,3,100,9933,5,2500,A1,Ours,13.884000000000015
0.016376215606414415,3,100,9933,5,2500,A2,Ours,13.884000000000015
2.6279340427756366,3,100,9933,5,2500,A3,Ours,13.884000000000015
13.684662318977317,3,100,9933,5,2500,core,Ours,13.884000000000015
3.672489124428351,3,100,9933,5,2500,A1,HOSVD,3.9850000000001273
0.016376215606414415,3,100,9933,5,2500,A2,HOSVD,3.9850000000001273
2.5047909838594293,3,100,9933,5,2500,A3,HOSVD,3.9850000000001273
13.649542706601899,3,100,9933,5,2500,core,HOSVD,3.9850000000001273
3.6495958164172992,3,100,9933,5,2500,A1,HOOI,11.192000000000007
0.017658207225591346,3,100,9933,5,2500,A2,HOOI,11.192000000000007
2.507797367391889,3,100,9933,5,2500,A3,HOOI,11.192000000000007
13.646159744442846,3,100,9933,5,2500,core,HOOI,11.192000000000007
3.4347304498193485,3,100,9933,5,2500,A1,Olga,6.44399999999996
0.12967416117446026,3,100,9933,5,2500,A2,Olga,6.44399999999996
2.896615856870591,3,100,9933,5,2500,A3,Tracy,6.44399999999996
13.3424922645609,3,100,9933,5,2500,core,Tracy_Olga,6.44399999999996
7.999913642035396,3,100,1000,5,5000,A1,NTD,28.18899999999985
0.18714938133130254,3,100,1000,5,5000,A2,NTD,28.18899999999985
997.0001097733381,3,100,1000,5,5000,A3,NTD,28.18899999999985
15.136323058520473,3,100,1000,5,5000,core,NTD,28.18899999999985
3.2655038299520904,3,100,1000,5,5000,A1,Ours,0.5470000000000255
0.010624290684945924,3,100,1000,5,5000,A2,Ours,0.5470000000000255
0.08548364368936166,3,100,1000,5,5000,A3,Ours,0.5470000000000255
13.404192668840357,3,100,1000,5,5000,core,Ours,0.5470000000000255
3.2655038299520904,3,100,1000,5,5000,A1,HOSVD,0.3949999999999818
0.010624290684945924,3,100,1000,5,5000,A2,HOSVD,0.3949999999999818
0.0851940991270901,3,100,1000,5,5000,A3,HOSVD,0.3949999999999818
13.393478544730842,3,100,1000,5,5000,core,HOSVD,0.3949999999999818
3.270967638347772,3,100,1000,5,5000,A1,HOOI,0.7100000000000364
0.010774252144810887,3,100,1000,5,5000,A2,HOOI,0.7100000000000364
0.08551767169626286,3,100,1000,5,5000,A3,HOOI,0.7100000000000364
13.403067562179853,3,100,1000,5,5000,core,HOOI,0.7100000000000364
2.081228814762313,3,100,1000,5,5000,A1,Olga,0.4470000000001164
0.012294051799250584,3,100,1000,5,5000,A2,Olga,0.4470000000001164
1.34011330172449,3,100,1000,5,5000,A3,Tracy,0.4470000000001164
13.376782689586458,3,100,1000,5,5000,core,Tracy_Olga,0.4470000000001164
3.243978244574874,3,100,4992,5,5000,A1,NTD,149.3529999999996
0.2759379052213576,3,100,4992,5,5000,A2,NTD,149.3529999999996
4989.034557623077,3,100,4992,5,5000,A3,NTD,149.3529999999996
13.235867006092263,3,100,4992,5,5000,core,NTD,149.3529999999996
3.40576083603476,3,100,4992,5,5000,A1,Ours,4.762000000000171
0.012952913546661261,3,100,4992,5,5000,A2,Ours,4.762000000000171
2.4860017486745445,3,100,4992,5,5000,A3,Ours,4.762000000000171
13.34249226344786,3,100,4992,5,5000,core,Ours,4.762000000000171
3.40576083603476,3,100,4992,5,5000,A1,HOSVD,1.7909999999997126
0.012952913546661261,3,100,4992,5,5000,A2,HOSVD,1.7909999999997126
2.477527553894896,3,100,4992,5,5000,A3,HOSVD,1.7909999999997126
13.34249226344786,3,100,4992,5,5000,core,HOSVD,1.7909999999997126
3.419172792187119,3,100,4992,5,5000,A1,HOOI,4.358000000000175
0.012411811753614124,3,100,4992,5,5000,A2,HOOI,4.358000000000175
2.47896005831254,3,100,4992,5,5000,A3,HOOI,4.358000000000175
13.34249226344786,3,100,4992,5,5000,core,HOOI,4.358000000000175
2.685966440069588,3,100,4992,5,5000,A1,Olga,2.7390000000000327
0.037118751429924775,3,100,4992,5,5000,A2,Olga,2.7390000000000327
2.9171798008842136,3,100,4992,5,5000,A3,Tracy,2.7390000000000327
13.341278013574813,3,100,4992,5,5000,core,Tracy_Olga,2.7390000000000327
2.6418677581600956,3,100,9967,5,5000,A1,NTD,334.78899999999976
3.3231561864542463,3,100,9967,5,5000,A2,NTD,334.78899999999976
9964.043042419778,3,100,9967,5,5000,A3,NTD,334.78899999999976
12.355728638114238,3,100,9967,5,5000,core,NTD,334.78899999999976
2.984589438348671,3,100,9967,5,5000,A1,Ours,14.039999999999964
0.016133813317013513,3,100,9967,5,5000,A2,Ours,14.039999999999964
2.5122868716892004,3,100,9967,5,5000,A3,Ours,14.039999999999964
13.3424922645609,3,100,9967,5,5000,core,Ours,14.039999999999964
2.984589438348671,3,100,9967,5,5000,A1,HOSVD,3.313000000000102
0.016133813317013513,3,100,9967,5,5000,A2,HOSVD,3.313000000000102
2.4817806830884153,3,100,9967,5,5000,A3,HOSVD,3.313000000000102
13.3424922645609,3,100,9967,5,5000,core,HOSVD,3.313000000000102
2.98257732568504,3,100,9967,5,5000,A1,HOOI,10.706000000000131
0.016603693405831156,3,100,9967,5,5000,A2,HOOI,10.706000000000131
2.4831686304257743,3,100,9967,5,5000,A3,HOOI,10.706000000000131
13.3424922645609,3,100,9967,5,5000,core,HOOI,10.706000000000131
2.5564462127907635,3,100,9967,5,5000,A1,Olga,6.814000000000306
0.05869299080976815,3,100,9967,5,5000,A2,Olga,6.814000000000306
2.8855666723522373,3,100,9967,5,5000,A3,Tracy,6.814000000000306
13.636663030131851,3,100,9967,5,5000,core,Tracy_Olga,6.814000000000306
3.025949068295478,3,100,1000,5,6000,A1,NTD,27.963999999999942
0.2610568083533262,3,100,1000,5,6000,A2,NTD,27.963999999999942
997.0000202274535,3,100,1000,5,6000,A3,NTD,27.963999999999942
11.113251178646525,3,100,1000,5,6000,core,NTD,27.963999999999942
2.94140629779583,3,100,1000,5,6000,A1,Ours,0.5180000000000291
0.014577772295145714,3,100,1000,5,6000,A2,Ours,0.5180000000000291
0.13345264238486695,3,100,1000,5,6000,A3,Ours,0.5180000000000291
13.135895975671215,3,100,1000,5,6000,core,Ours,0.5180000000000291
2.94140629779583,3,100,1000,5,6000,A1,HOSVD,0.5579999999999927
0.014577772295145714,3,100,1000,5,6000,A2,HOSVD,0.5579999999999927
0.13340227730473692,3,100,1000,5,6000,A3,HOSVD,0.5579999999999927
13.135662249703689,3,100,1000,5,6000,core,HOSVD,0.5579999999999927
2.91349031357691,3,100,1000,5,6000,A1,HOOI,0.7059999999996762
0.01446760291591383,3,100,1000,5,6000,A2,HOOI,0.7059999999996762
0.13379859765702476,3,100,1000,5,6000,A3,HOOI,0.7059999999996762
13.134313322040336,3,100,1000,5,6000,core,HOOI,0.7059999999996762
1.9096229765576966,3,100,1000,5,6000,A1,Olga,0.44299999999975626
0.003706060631157347,3,100,1000,5,6000,A2,Olga,0.44299999999975626
1.3480131402354465,3,100,1000,5,6000,A3,Tracy,0.44299999999975626
13.13456366331079,3,100,1000,5,6000,core,Tracy_Olga,0.44299999999975626
2.998523399790519,3,100,4992,5,6000,A1,NTD,152.89800000000014
0.513762371444403,3,100,4992,5,6000,A2,NTD,152.89800000000014
4989.034906930591,3,100,4992,5,6000,A3,NTD,152.89800000000014
9.762691593089032,3,100,4992,5,6000,core,NTD,152.89800000000014
2.0946527720434815,3,100,4992,5,6000,A1,Ours,5.085999999999785
0.007249761412582197,3,100,4992,5,6000,A2,Ours,5.085999999999785
2.4762024403889984,3,100,4992,5,6000,A3,Ours,5.085999999999785
13.82010487575578,3,100,4992,5,6000,core,Ours,5.085999999999785
2.0946527720434815,3,100,4992,5,6000,A1,HOSVD,1.7210000000000036
0.007249761412582197,3,100,4992,5,6000,A2,HOSVD,1.7210000000000036
2.4705289203862852,3,100,4992,5,6000,A3,HOSVD,1.7210000000000036
13.814217327914632,3,100,4992,5,6000,core,HOSVD,1.7210000000000036
2.089421489354887,3,100,4992,5,6000,A1,HOOI,3.944999999999709
0.006429836084833304,3,100,4992,5,6000,A2,HOOI,3.944999999999709
2.4759760394174664,3,100,4992,5,6000,A3,HOOI,3.944999999999709
13.801755165365089,3,100,4992,5,6000,core,HOOI,3.944999999999709
2.3233052007674577,3,100,4992,5,6000,A1,Olga,2.5920000000000982
0.026358590457577567,3,100,4992,5,6000,A2,Olga,2.5920000000000982
2.9247761217982746,3,100,4992,5,6000,A3,Tracy,2.5920000000000982
13.806983897372877,3,100,4992,5,6000,core,Tracy_Olga,2.5920000000000982
6.057413611723309,3,100,9976,5,6000,A1,NTD,330.53600000000006
0.6370259794589288,3,100,9976,5,6000,A2,NTD,330.53600000000006
9973.038516886008,3,100,9976,5,6000,A3,NTD,330.53600000000006
11.333550393264732,3,100,9976,5,6000,core,NTD,330.53600000000006
2.6832058099360445,3,100,9976,5,6000,A1,Ours,14.239999999999782
0.002578126932823035,3,100,9976,5,6000,A2,Ours,14.239999999999782
2.5158772118705244,3,100,9976,5,6000,A3,Ours,14.239999999999782
13.668785266453112,3,100,9976,5,6000,core,Ours,14.239999999999782
2.6832058099360445,3,100,9976,5,6000,A1,HOSVD,4.8400000000001455
0.002578126932823035,3,100,9976,5,6000,A2,HOSVD,4.8400000000001455
2.49464571119717,3,100,9976,5,6000,A3,HOSVD,4.8400000000001455
13.66323585182766,3,100,9976,5,6000,core,HOSVD,4.8400000000001455
2.3489428753937553,3,100,9976,5,6000,A1,HOOI,10.03899999999976
0.0015997131830519315,3,100,9976,5,6000,A2,HOOI,10.03899999999976
2.49366243979097,3,100,9976,5,6000,A3,HOOI,10.03899999999976
13.671346753395431,3,100,9976,5,6000,core,HOOI,10.03899999999976
2.1290778566825113,3,100,9976,5,6000,A1,Olga,6.753999999999905
0.045756150081688034,3,100,9976,5,6000,A2,Olga,6.753999999999905
2.8989030026884364,3,100,9976,5,6000,A3,Tracy,6.753999999999905
13.634718767931176,3,100,9976,5,6000,core,Tracy_Olga,6.753999999999905
7.3226945405823445,3,100,1000,5,7000,A1,NTD,27.817999999999756
0.35784005898144433,3,100,1000,5,7000,A2,NTD,27.817999999999756
997.0000485148336,3,100,1000,5,7000,A3,NTD,27.817999999999756
11.729923586360758,3,100,1000,5,7000,core,NTD,27.817999999999756
2.179811324470922,3,100,1000,5,7000,A1,Ours,0.5509999999999309
0.016211697554328372,3,100,1000,5,7000,A2,Ours,0.5509999999999309
0.07122886530913822,3,100,1000,5,7000,A3,Ours,0.5509999999999309
13.392958021049314,3,100,1000,5,7000,core,Ours,0.5509999999999309
2.179811324470922,3,100,1000,5,7000,A1,HOSVD,0.4359999999996944
0.016211697554328372,3,100,1000,5,7000,A2,HOSVD,0.4359999999996944
0.07119104894602052,3,100,1000,5,7000,A3,HOSVD,0.4359999999996944
13.392896700971795,3,100,1000,5,7000,core,HOSVD,0.4359999999996944
2.187125645060372,3,100,1000,5,7000,A1,HOOI,0.7829999999999018
0.01634306117053098,3,100,1000,5,7000,A2,HOOI,0.7829999999999018
0.07124570695012389,3,100,1000,5,7000,A3,HOOI,0.7829999999999018
13.393735590988829,3,100,1000,5,7000,core,HOOI,0.7829999999999018
1.8855743581487556,3,100,1000,5,7000,A1,Olga,0.4600000000000364
0.006347058267379674,3,100,1000,5,7000,A2,Olga,0.4600000000000364
1.3382119888107433,3,100,1000,5,7000,A3,Tracy,0.4600000000000364
13.384245654338802,3,100,1000,5,7000,core,Tracy_Olga,0.4600000000000364
3.577712974998007,3,100,4996,5,7000,A1,NTD,149.13800000000037
4.451871526460055,3,100,4996,5,7000,A2,NTD,149.13800000000037
4993.023384211163,3,100,4996,5,7000,A3,NTD,149.13800000000037
11.712518183368385,3,100,4996,5,7000,core,NTD,149.13800000000037
2.5298331307870647,3,100,4996,5,7000,A1,Ours,15.219000000000051
0.013711076675648966,3,100,4996,5,7000,A2,Ours,15.219000000000051
2.482130662646536,3,100,4996,5,7000,A3,Ours,15.219000000000051
12.12410744921193,3,100,4996,5,7000,core,Ours,15.219000000000051
2.5298331307870647,3,100,4996,5,7000,A1,HOSVD,17.99900000000025
0.013711076675648966,3,100,4996,5,7000,A2,HOSVD,17.99900000000025
2.478004832963654,3,100,4996,5,7000,A3,HOSVD,17.99900000000025
12.124860785340433,3,100,4996,5,7000,core,HOSVD,17.99900000000025
2.5358384055134566,3,100,4996,5,7000,A1,HOOI,18.384000000000015
0.013483744663648054,3,100,4996,5,7000,A2,HOOI,18.384000000000015
2.477075646243693,3,100,4996,5,7000,A3,HOOI,18.384000000000015
12.156502683652295,3,100,4996,5,7000,core,HOOI,18.384000000000015
1.8929358755823258,3,100,4996,5,7000,A1,Olga,16.966999999999643
0.026098926540934837,3,100,4996,5,7000,A2,Olga,16.966999999999643
2.924661966814863,3,100,4996,5,7000,A3,Tracy,16.966999999999643
12.185852999599863,3,100,4996,5,7000,core,Tracy_Olga,16.966999999999643
3.030989806177554,3,100,9976,5,7000,A1,NTD,327.82599999999957
0.5621844284885452,3,100,9976,5,7000,A2,NTD,327.82599999999957
9973.024060522011,3,100,9976,5,7000,A3,NTD,327.82599999999957
10.079771571631577,3,100,9976,5,7000,core,NTD,327.82599999999957
1.8966106767492006,3,100,9976,5,7000,A1,Ours,13.53899999999976
0.008358638855424462,3,100,9976,5,7000,A2,Ours,13.53899999999976
2.499043043222303,3,100,9976,5,7000,A3,Ours,13.53899999999976
13.657582165184456,3,100,9976,5,7000,core,Ours,13.53899999999976
1.8966106767492006,3,100,9976,5,7000,A1,HOSVD,3.5850000000000364
0.008358638855424462,3,100,9976,5,7000,A2,HOSVD,3.5850000000000364
2.482627391837889,3,100,9976,5,7000,A3,HOSVD,3.5850000000000364
13.653307781556848,3,100,9976,5,7000,core,HOSVD,3.5850000000000364
1.8936318190042705,3,100,9976,5,7000,A1,HOOI,11.090000000000146
0.00814209792283075,3,100,9976,5,7000,A2,HOOI,11.090000000000146
2.4822798405249045,3,100,9976,5,7000,A3,HOOI,11.090000000000146
13.660984204556396,3,100,9976,5,7000,core,HOOI,11.090000000000146
2.294823434778975,3,100,9976,5,7000,A1,Olga,7.068000000000211
0.03901370586657617,3,100,9976,5,7000,A2,Olga,7.068000000000211
2.9133456841751095,3,100,9976,5,7000,A3,Tracy,7.068000000000211
13.3424922645609,3,100,9976,5,7000,core,Tracy_Olga,7.068000000000211
3.503530121895387,3,100,1000,5,8000,A1,NTD,28.268999999999323
0.30705177660514144,3,100,1000,5,8000,A2,NTD,28.268999999999323
997.0001841256781,3,100,1000,5,8000,A3,NTD,28.268999999999323
10.000347494108713,3,100,1000,5,8000,core,NTD,28.268999999999323
2.078058719099855,3,100,1000,5,8000,A1,Ours,0.4899999999997817
0.01200053779780835,3,100,1000,5,8000,A2,Ours,0.4899999999997817
0.06528470625321811,3,100,1000,5,8000,A3,Ours,0.4899999999997817
13.371080086635649,3,100,1000,5,8000,core,Ours,0.4899999999997817
2.078058719099855,3,100,1000,5,8000,A1,HOSVD,0.5749999999998181
0.01200053779780835,3,100,1000,5,8000,A2,HOSVD,0.5749999999998181
0.06529679923300484,3,100,1000,5,8000,A3,HOSVD,0.5749999999998181
13.371036264381118,3,100,1000,5,8000,core,HOSVD,0.5749999999998181
2.0951780618345315,3,100,1000,5,8000,A1,HOOI,0.7020000000002256
0.011606086535599086,3,100,1000,5,8000,A2,HOOI,0.7020000000002256
0.06527678028088434,3,100,1000,5,8000,A3,HOOI,0.7020000000002256
13.371485623335053,3,100,1000,5,8000,core,HOOI,0.7020000000002256
1.8083892797345968,3,100,1000,5,8000,A1,Olga,0.6890000000003056
0.0071733457533586205,3,100,1000,5,8000,A2,Olga,0.6890000000003056
1.3356441900529628,3,100,1000,5,8000,A3,Tracy,0.6890000000003056
13.37283570782151,3,100,1000,5,8000,core,Tracy_Olga,0.6890000000003056
3.2680433004209233,3,100,4995,5,8000,A1,NTD,160.34100000000035
0.48208771372688786,3,100,4995,5,8000,A2,NTD,160.34100000000035
4992.021097622192,3,100,4995,5,8000,A3,NTD,160.34100000000035
11.886505317476441,3,100,4995,5,8000,core,NTD,160.34100000000035
1.9437119994551781,3,100,4995,5,8000,A1,Ours,4.777000000000044
0.010347300486778505,3,100,4995,5,8000,A2,Ours,4.777000000000044
2.4833644473089067,3,100,4995,5,8000,A3,Ours,4.777000000000044
12.326862927640219,3,100,4995,5,8000,core,Ours,4.777000000000044
1.9437119994551781,3,100,4995,5,8000,A1,HOSVD,2.212999999999738
0.010347300486778505,3,100,4995,5,8000,A2,HOSVD,2.212999999999738
2.480119421688615,3,100,4995,5,8000,A3,HOSVD,2.212999999999738
12.327592415785153,3,100,4995,5,8000,core,HOSVD,2.212999999999738
1.950778584758993,3,100,4995,5,8000,A1,HOOI,4.543000000000575
0.010649346315378441,3,100,4995,5,8000,A2,HOOI,4.543000000000575
2.4810909486277017,3,100,4995,5,8000,A3,HOOI,4.543000000000575
12.326620758972169,3,100,4995,5,8000,core,HOOI,4.543000000000575
1.8177495320833732,3,100,4995,5,8000,A1,Olga,2.4769999999998618
0.01455976193668671,3,100,4995,5,8000,A2,Olga,2.4769999999998618
2.8993951875254975,3,100,4995,5,8000,A3,Tracy,2.4769999999998618
12.345772509193473,3,100,4995,5,8000,core,Tracy_Olga,2.4769999999998618
2.5697289750387675,3,100,9982,5,8000,A1,NTD,315.8269999999993
0.524941367404567,3,100,9982,5,8000,A2,NTD,315.8269999999993
9979.033199144156,3,100,9982,5,8000,A3,NTD,315.8269999999993
14.883633761279786,3,100,9982,5,8000,core,NTD,315.8269999999993
2.0307364382333795,3,100,9982,5,8000,A1,Ours,13.019000000000233
0.00555631000202128,3,100,9982,5,8000,A2,Ours,13.019000000000233
2.493503479851998,3,100,9982,5,8000,A3,Ours,13.019000000000233
12.322235551782422,3,100,9982,5,8000,core,Ours,13.019000000000233
2.0307364382333795,3,100,9982,5,8000,A1,HOSVD,3.949999999999818
0.00555631000202128,3,100,9982,5,8000,A2,HOSVD,3.949999999999818
2.480668296249512,3,100,9982,5,8000,A3,HOSVD,3.949999999999818
12.325228787448856,3,100,9982,5,8000,core,HOSVD,3.949999999999818
2.03262150541664,3,100,9982,5,8000,A1,HOOI,12.429000000000087
0.005589146690060729,3,100,9982,5,8000,A2,HOOI,12.429000000000087
2.480974309185166,3,100,9982,5,8000,A3,HOOI,12.429000000000087
12.318447183884233,3,100,9982,5,8000,core,HOOI,12.429000000000087
1.8767898484784649,3,100,9982,5,8000,A1,Olga,7.109999999999673
0.02824072073937093,3,100,9982,5,8000,A2,Olga,7.109999999999673
2.9180181507967085,3,100,9982,5,8000,A3,Tracy,7.109999999999673
13.899441155593523,3,100,9982,5,8000,core,Tracy_Olga,7.109999999999673
3.814008296510426,3,100,1000,5,9000,A1,NTD,27.96600000000035
2.002097826575285,3,100,1000,5,9000,A2,NTD,27.96600000000035
997.0013044695561,3,100,1000,5,9000,A3,NTD,27.96600000000035
13.530928563873792,3,100,1000,5,9000,core,NTD,27.96600000000035
2.052043848662956,3,100,1000,5,9000,A1,Ours,0.6680000000005748
0.012226132826623244,3,100,1000,5,9000,A2,Ours,0.6680000000005748
0.06230200402715639,3,100,1000,5,9000,A3,Ours,0.6680000000005748
13.408635087562722,3,100,1000,5,9000,core,Ours,0.6680000000005748
2.052043848662956,3,100,1000,5,9000,A1,HOSVD,0.6100000000005821
0.012226132826623244,3,100,1000,5,9000,A2,HOSVD,0.6100000000005821
0.062300532769829275,3,100,1000,5,9000,A3,HOSVD,0.6100000000005821
13.408608916513884,3,100,1000,5,9000,core,HOSVD,0.6100000000005821
2.0575550405329532,3,100,1000,5,9000,A1,HOOI,0.8550000000004729
0.012465416053162528,3,100,1000,5,9000,A2,HOOI,0.8550000000004729
0.062277727595533,3,100,1000,5,9000,A3,HOOI,0.8550000000004729
13.409211227873541,3,100,1000,5,9000,core,HOOI,0.8550000000004729
1.6844624680516123,3,100,1000,5,9000,A1,Olga,0.4650000000001455
0.008126266453214319,3,100,1000,5,9000,A2,Olga,0.4650000000001455
1.337382675193707,3,100,1000,5,9000,A3,Tracy,0.4650000000001455
13.379662392597885,3,100,1000,5,9000,core,Tracy_Olga,0.4650000000001455
3.5337767982080677,3,100,4996,5,9000,A1,NTD,152.76299999999992
0.29208734732048136,3,100,4996,5,9000,A2,NTD,152.76299999999992
4993.018164069407,3,100,4996,5,9000,A3,NTD,152.76299999999992
10.501902839640765,3,100,4996,5,9000,core,NTD,152.76299999999992
1.6913021486268531,3,100,4996,5,9000,A1,Ours,4.381999999999607
0.011684531657954194,3,100,4996,5,9000,A2,Ours,4.381999999999607
2.4718156544094163,3,100,4996,5,9000,A3,Ours,4.381999999999607
13.925672408847563,3,100,4996,5,9000,core,Ours,4.381999999999607
1.6913021486268531,3,100,4996,5,9000,A1,HOSVD,1.7950000000000728
0.011684531657954194,3,100,4996,5,9000,A2,HOSVD,1.7950000000000728
2.4691169360001677,3,100,4996,5,9000,A3,HOSVD,1.7950000000000728
13.924563011491477,3,100,4996,5,9000,core,HOSVD,1.7950000000000728
1.6906344228232777,3,100,4996,5,9000,A1,HOOI,4.264000000000124
0.012003033662009678,3,100,4996,5,9000,A2,HOOI,4.264000000000124
2.47096778270273,3,100,4996,5,9000,A3,HOOI,4.264000000000124
13.922577631866778,3,100,4996,5,9000,core,HOOI,4.264000000000124
1.6841537612526267,3,100,4996,5,9000,A1,Olga,2.576000000000022
0.014424343459831608,3,100,4996,5,9000,A2,Olga,2.576000000000022
2.9243612958534566,3,100,4996,5,9000,A3,Tracy,2.576000000000022
12.391797118584785,3,100,4996,5,9000,core,Tracy_Olga,2.576000000000022
2.6218616429456367,3,100,9983,5,9000,A1,NTD,329.09599999999955
0.4161934129445305,3,100,9983,5,9000,A2,NTD,329.09599999999955
9980.037542165566,3,100,9983,5,9000,A3,NTD,329.09599999999955
9.599873681311728,3,100,9983,5,9000,core,NTD,329.09599999999955
2.4582874380689623,3,100,9983,5,9000,A1,Ours,14.811999999999898
0.013173198577346884,3,100,9983,5,9000,A2,Ours,14.811999999999898
2.494366498899483,3,100,9983,5,9000,A3,Ours,14.811999999999898
13.641039742224653,3,100,9983,5,9000,core,Ours,14.811999999999898
2.4582874380689623,3,100,9983,5,9000,A1,HOSVD,3.4700000000002547
0.013173198577346884,3,100,9983,5,9000,A2,HOSVD,3.4700000000002547
2.4850063652106256,3,100,9983,5,9000,A3,HOSVD,3.4700000000002547
13.63873878493909,3,100,9983,5,9000,core,HOSVD,3.4700000000002547
2.440095702538529,3,100,9983,5,9000,A1,HOOI,11.76299999999992
0.013365550349019017,3,100,9983,5,9000,A2,HOOI,11.76299999999992
3.6347473998081496,3,100,9983,5,9000,A3,HOOI,11.76299999999992
9.201497641437,3,100,9983,5,9000,core,HOOI,11.76299999999992
1.7409579343879071,3,100,9983,5,9000,A1,Olga,6.658999999999651
0.038899246498448614,3,100,9983,5,9000,A2,Olga,6.658999999999651
2.888867312189151,3,100,9983,5,9000,A3,Tracy,6.658999999999651
13.634398827152495,3,100,9983,5,9000,core,Tracy_Olga,6.658999999999651
3.0702804698201023,3,100,1000,5,10000,A1,NTD,27.85199999999986
0.4221777015442799,3,100,1000,5,10000,A2,NTD,27.85199999999986
997.000024351129,3,100,1000,5,10000,A3,NTD,27.85199999999986
10.10301575539667,3,100,1000,5,10000,core,NTD,27.85199999999986
2.462857141777859,3,100,1000,5,10000,A1,Ours,0.6000000000003638
0.009181278040518591,3,100,1000,5,10000,A2,Ours,0.6000000000003638
0.05998501326112756,3,100,1000,5,10000,A3,Ours,0.6000000000003638
13.194384341727112,3,100,1000,5,10000,core,Ours,0.6000000000003638
2.462857141777859,3,100,1000,5,10000,A1,HOSVD,0.6220000000002983
0.009181278040518591,3,100,1000,5,10000,A2,HOSVD,0.6220000000002983
0.059974526490194816,3,100,1000,5,10000,A3,HOSVD,0.6220000000002983
13.194371351020187,3,100,1000,5,10000,core,HOSVD,0.6220000000002983
2.4664166436158603,3,100,1000,5,10000,A1,HOOI,0.9629999999997381
0.009063175539011597,3,100,1000,5,10000,A2,HOOI,0.9629999999997381
0.060049222124528345,3,100,1000,5,10000,A3,HOOI,0.9629999999997381
13.19457296082344,3,100,1000,5,10000,core,HOOI,0.9629999999997381
1.8682579404744795,3,100,1000,5,10000,A1,Olga,0.4749999999994543
0.0018985175665204473,3,100,1000,5,10000,A2,Olga,0.4749999999994543
1.3364388213586995,3,100,1000,5,10000,A3,Tracy,0.4749999999994543
13.167397869545818,3,100,1000,5,10000,core,Tracy_Olga,0.4749999999994543
3.45163005412021,3,100,4997,5,10000,A1,NTD,161.02899999999954
0.17613082308065556,3,100,4997,5,10000,A2,NTD,161.02899999999954
4994.020560475281,3,100,4997,5,10000,A3,NTD,161.02899999999954
14.79280996026379,3,100,4997,5,10000,core,NTD,161.02899999999954
1.6291138899341162,3,100,4997,5,10000,A1,Ours,4.890999999999622
0.013093549249860417,3,100,4997,5,10000,A2,Ours,4.890999999999622
2.4440342823228893,3,100,4997,5,10000,A3,Ours,4.890999999999622
13.3424922645609,3,100,4997,5,10000,core,Ours,4.890999999999622
1.6291138899341162,3,100,4997,5,10000,A1,HOSVD,1.8630000000002838
0.013093549249860417,3,100,4997,5,10000,A2,HOSVD,1.8630000000002838
2.441716968300051,3,100,4997,5,10000,A3,HOSVD,1.8630000000002838
13.3424922645609,3,100,4997,5,10000,core,HOSVD,1.8630000000002838
1.636227789855518,3,100,4997,5,10000,A1,HOOI,4.643999999999323
0.012927699284701954,3,100,4997,5,10000,A2,HOOI,4.643999999999323
2.441007666150566,3,100,4997,5,10000,A3,HOOI,4.643999999999323
13.3424922645609,3,100,4997,5,10000,core,HOOI,4.643999999999323
1.9489393055197652,3,100,4997,5,10000,A1,Olga,2.680000000000291
0.014786456173459054,3,100,4997,5,10000,A2,Olga,2.680000000000291
2.924793862083894,3,100,4997,5,10000,A3,Tracy,2.680000000000291
13.3424922645609,3,100,4997,5,10000,core,Tracy_Olga,2.680000000000291
2.9508384017795555,3,100,9985,5,10000,A1,NTD,331.64300000000003
0.5214974022283325,3,100,9985,5,10000,A2,NTD,331.64300000000003
9982.022227429485,3,100,9985,5,10000,A3,NTD,331.64300000000003
13.601867473824392,3,100,9985,5,10000,core,NTD,331.64300000000003
2.266615788317362,3,100,9985,5,10000,A1,Ours,13.118999999999687
0.008943316004788133,3,100,9985,5,10000,A2,Ours,13.118999999999687
2.4921093001168004,3,100,9985,5,10000,A3,Ours,13.118999999999687
13.3424922645609,3,100,9985,5,10000,core,Ours,13.118999999999687
2.266615788317362,3,100,9985,5,10000,A1,HOSVD,3.056999999999789
0.008943316004788133,3,100,9985,5,10000,A2,HOSVD,3.056999999999789
2.4845717870790707,3,100,9985,5,10000,A3,HOSVD,3.056999999999789
13.3424922645609,3,100,9985,5,10000,core,HOSVD,3.056999999999789
2.2600797711583094,3,100,9985,5,10000,A1,HOOI,10.021999999999935
0.008532215807226316,3,100,9985,5,10000,A2,HOOI,10.021999999999935
2.4838065525381796,3,100,9985,5,10000,A3,HOOI,10.021999999999935
13.3424922645609,3,100,9985,5,10000,core,HOOI,10.021999999999935
1.9155474894271471,3,100,9985,5,10000,A1,Olga,5.3179999999993015
0.039748432597694054,3,100,9985,5,10000,A2,Olga,5.3179999999993015
2.88079000353036,3,100,9985,5,10000,A3,Tracy,5.3179999999993015
13.3424922645609,3,100,9985,5,10000,core,Tracy_Olga,5.3179999999993015
