error,K,Q1,R,Q2,M,mode,method,time
8.067465812914723,3,100,100,5,100,A1,NTD,4.168000000000001
0.025147881210014367,3,100,100,5,100,A2,NTD,4.168000000000001
97.005988829651,3,100,100,5,100,A3,NTD,4.168000000000001
11.47299185471143,3,100,100,5,100,core,NTD,4.168000000000001
15.69643601174322,3,100,100,5,100,A1,Ours,3.2479999999999993
0.017405940256956062,3,100,100,5,100,A2,Ours,3.2479999999999993
0.2656511792961976,3,100,100,5,100,A3,Ours,3.2479999999999993
11.787772150455748,3,100,100,5,100,core,Ours,3.2479999999999993
15.69643601174322,3,100,100,5,100,A1,HOSVD,1.3310000000000013
0.017405940256956062,3,100,100,5,100,A2,HOSVD,1.3310000000000013
0.26761514929847713,3,100,100,5,100,A3,HOSVD,1.3310000000000013
11.794426513895386,3,100,100,5,100,core,HOSVD,1.3310000000000013
16.147099681259537,3,100,100,5,100,A1,HOOI,1.8840000000000003
0.07844175912944,3,100,100,5,100,A2,HOOI,1.8840000000000003
0.2634225282901296,3,100,100,5,100,A3,HOOI,1.8840000000000003
11.75191684872692,3,100,100,5,100,core,HOOI,1.8840000000000003
13.685952751095831,3,100,100,5,100,A1,Olga,1.9700000000000024
0.09919937654852864,3,100,100,5,100,A2,Olga,1.9700000000000024
1.066224065444355,3,100,100,5,100,A3,Tracy,1.9700000000000024
11.715455359438785,3,100,100,5,100,core,Tracy_Olga,1.9700000000000024
10.161404105974606,3,100,496,5,100,A1,NTD,21.5
1.0806471358550949,3,100,496,5,100,A2,NTD,21.5
493.16510330468304,3,100,496,5,100,A3,NTD,21.5
14.40721944058404,3,100,496,5,100,core,NTD,21.5
22.032956058269967,3,100,496,5,100,A1,Ours,3.6439999999999984
0.21973250819650667,3,100,496,5,100,A2,Ours,3.6439999999999984
2.8388710907241848,3,100,496,5,100,A3,Ours,3.6439999999999984
9.122480523791506,3,100,496,5,100,core,Ours,3.6439999999999984
22.032956058269967,3,100,496,5,100,A1,HOSVD,4.457999999999998
0.21973250819650667,3,100,496,5,100,A2,HOSVD,4.457999999999998
2.4114659206710294,3,100,496,5,100,A3,HOSVD,4.457999999999998
11.840125236153307,3,100,496,5,100,core,HOSVD,4.457999999999998
21.48746835830322,3,100,496,5,100,A1,HOOI,4.211999999999996
0.15927084204831005,3,100,496,5,100,A2,HOOI,4.211999999999996
2.445244290061924,3,100,496,5,100,A3,HOOI,4.211999999999996
11.800074217503761,3,100,496,5,100,core,HOOI,4.211999999999996
19.923639242584834,3,100,496,5,100,A1,Olga,3.078000000000003
2.0904759008744875,3,100,496,5,100,A2,Olga,3.078000000000003
2.7555439553472065,3,100,496,5,100,A3,Tracy,3.078000000000003
10.749863326872855,3,100,496,5,100,core,Tracy_Olga,3.078000000000003
58.454081175122795,3,100,988,5,100,A1,NTD,39.074
1.0808418454406692,3,100,988,5,100,A2,NTD,39.074
985.2700028582643,3,100,988,5,100,A3,NTD,39.074
12.341410198468047,3,100,988,5,100,core,NTD,39.074
22.26602902367189,3,100,988,5,100,A1,Ours,11.045000000000002
0.08420100941792645,3,100,988,5,100,A2,Ours,11.045000000000002
3.28350622825461,3,100,988,5,100,A3,Ours,11.045000000000002
10.496443092162368,3,100,988,5,100,core,Ours,11.045000000000002
22.26602902367189,3,100,988,5,100,A1,HOSVD,8.936000000000007
0.08420100941792645,3,100,988,5,100,A2,HOSVD,8.936000000000007
2.5451450273540295,3,100,988,5,100,A3,HOSVD,8.936000000000007
12.044347158555214,3,100,988,5,100,core,HOSVD,8.936000000000007
18.98708962365367,3,100,988,5,100,A1,HOOI,12.12299999999999
0.09715511449328111,3,100,988,5,100,A2,HOOI,12.12299999999999
2.5664641906995835,3,100,988,5,100,A3,HOOI,12.12299999999999
12.107450224437633,3,100,988,5,100,core,HOOI,12.12299999999999
20.05249095098055,3,100,988,5,100,A1,Olga,6.277999999999992
1.5946215028605144,3,100,988,5,100,A2,Olga,6.277999999999992
2.8403818434473656,3,100,988,5,100,A3,Tracy,6.277999999999992
10.777966633679897,3,100,988,5,100,core,Tracy_Olga,6.277999999999992
57.0132847062787,3,100,2386,5,100,A1,NTD,89.465
3.7914381776292316,3,100,2386,5,100,A2,NTD,89.465
2383.377853919696,3,100,2386,5,100,A3,NTD,89.465
10.180476341202782,3,100,2386,5,100,core,NTD,89.465
21.80093976690423,3,100,2386,5,100,A1,Ours,6.512999999999977
0.12287007985020477,3,100,2386,5,100,A2,Ours,6.512999999999977
4.767565600645742,3,100,2386,5,100,A3,Ours,6.512999999999977
9.964106166301782,3,100,2386,5,100,core,Ours,6.512999999999977
21.80093976690423,3,100,2386,5,100,A1,HOSVD,4.2479999999999905
0.12287007985020477,3,100,2386,5,100,A2,HOSVD,4.2479999999999905
2.6356029528587595,3,100,2386,5,100,A3,HOSVD,4.2479999999999905
11.968035910633281,3,100,2386,5,100,core,HOSVD,4.2479999999999905
21.365501761141537,3,100,2386,5,100,A1,HOOI,5.344999999999999
0.17814083945564516,3,100,2386,5,100,A2,HOOI,5.344999999999999
2.674854255776266,3,100,2386,5,100,A3,HOOI,5.344999999999999
11.98428548584924,3,100,2386,5,100,core,HOOI,5.344999999999999
27.278183274052836,3,100,2386,5,100,A1,Olga,3.460000000000008
2.702929226832479,3,100,2386,5,100,A2,Olga,3.460000000000008
2.899212872662295,3,100,2386,5,100,A3,Tracy,3.460000000000008
10.771053514147273,3,100,2386,5,100,core,Tracy_Olga,3.460000000000008
113.48738249543237,3,100,4513,5,100,A1,NTD,163.731
5.080743695677209,3,100,4513,5,100,A2,NTD,163.731
4510.523015010853,3,100,4513,5,100,A3,NTD,163.731
10.83831470524889,3,100,4513,5,100,core,NTD,163.731
14.869656915831818,3,100,4513,5,100,A1,Ours,12.839999999999975
0.1363081074388327,3,100,4513,5,100,A2,Ours,12.839999999999975
5.40113043114279,3,100,4513,5,100,A3,Ours,12.839999999999975
9.462310577770701,3,100,4513,5,100,core,Ours,12.839999999999975
14.869656915831818,3,100,4513,5,100,A1,HOSVD,12.810000000000002
0.1363081074388327,3,100,4513,5,100,A2,HOSVD,12.810000000000002
2.7171056072721265,3,100,4513,5,100,A3,HOSVD,12.810000000000002
12.097730174783418,3,100,4513,5,100,core,HOSVD,12.810000000000002
14.886475736151436,3,100,4513,5,100,A1,HOOI,16.204999999999984
0.11990948289263205,3,100,4513,5,100,A2,HOOI,16.204999999999984
3.827205283060408,3,100,4513,5,100,A3,HOOI,16.204999999999984
13.843619995084483,3,100,4513,5,100,core,HOOI,16.204999999999984
47.65016940603404,3,100,4513,5,100,A1,Olga,14.954999999999984
2.6405764416599875,3,100,4513,5,100,A2,Olga,14.954999999999984
3.038663701128064,3,100,4513,5,100,A3,Tracy,14.954999999999984
10.961562246790981,3,100,4513,5,100,core,Tracy_Olga,14.954999999999984
122.78336064895102,3,100,5327,5,100,A1,NTD,187.17500000000007
4.644619592908205,3,100,5327,5,100,A2,NTD,187.17500000000007
5324.5701672324085,3,100,5327,5,100,A3,NTD,187.17500000000007
10.129196866946268,3,100,5327,5,100,core,NTD,187.17500000000007
19.87777290249678,3,100,5327,5,100,A1,Ours,7.055000000000064
0.06505550506011243,3,100,5327,5,100,A2,Ours,7.055000000000064
5.252136477008184,3,100,5327,5,100,A3,Ours,7.055000000000064
11.999847130529746,3,100,5327,5,100,core,Ours,7.055000000000064
19.87777290249678,3,100,5327,5,100,A1,HOSVD,2.87600000000009
0.06505550506011243,3,100,5327,5,100,A2,HOSVD,2.87600000000009
2.738016015330625,3,100,5327,5,100,A3,HOSVD,2.87600000000009
11.717265186235215,3,100,5327,5,100,core,HOSVD,2.87600000000009
19.840567177617153,3,100,5327,5,100,A1,HOOI,12.976999999999975
0.09310047283791033,3,100,5327,5,100,A2,HOOI,12.976999999999975
2.7816613972251916,3,100,5327,5,100,A3,HOOI,12.976999999999975
11.818429853330613,3,100,5327,5,100,core,HOOI,12.976999999999975
40.6318590424212,3,100,5327,5,100,A1,Olga,9.326999999999998
2.473171607355834,3,100,5327,5,100,A2,Olga,9.326999999999998
4.618786918482291,3,100,5327,5,100,A3,Tracy,9.326999999999998
14.67647776209132,3,100,5327,5,100,core,Tracy_Olga,9.326999999999998
117.54949105140089,3,100,6072,5,100,A1,NTD,196.538
1.7914275726545215,3,100,6072,5,100,A2,NTD,196.538
6069.557502091144,3,100,6072,5,100,A3,NTD,196.538
11.28706966748744,3,100,6072,5,100,core,NTD,196.538
19.757820152929952,3,100,6072,5,100,A1,Ours,6.5779999999999745
0.15602329765775008,3,100,6072,5,100,A2,Ours,6.5779999999999745
5.38346717571582,3,100,6072,5,100,A3,Ours,6.5779999999999745
10.454258499690281,3,100,6072,5,100,core,Ours,6.5779999999999745
19.757820152929952,3,100,6072,5,100,A1,HOSVD,2.0109999999999673
0.15602329765775008,3,100,6072,5,100,A2,HOSVD,2.0109999999999673
2.799661403934509,3,100,6072,5,100,A3,HOSVD,2.0109999999999673
16.0381957689213,3,100,6072,5,100,core,HOSVD,2.0109999999999673
16.480405225685175,3,100,6072,5,100,A1,HOOI,7.461000000000013
0.08795374647654994,3,100,6072,5,100,A2,HOOI,7.461000000000013
4.321261245313787,3,100,6072,5,100,A3,HOOI,7.461000000000013
11.804278191128008,3,100,6072,5,100,core,HOOI,7.461000000000013
112.59502064933787,3,100,6806,5,100,A1,NTD,226.0050000000001
1.791428134266079,3,100,6806,5,100,A2,NTD,226.0050000000001
6803.522718979496,3,100,6806,5,100,A3,NTD,226.0050000000001
9.354354675287977,3,100,6806,5,100,core,NTD,226.0050000000001
19.829610429350346,3,100,6806,5,100,A1,Ours,8.807999999999993
0.09820440903919017,3,100,6806,5,100,A2,Ours,8.807999999999993
5.267766006972238,3,100,6806,5,100,A3,Ours,8.807999999999993
8.360449280281575,3,100,6806,5,100,core,Ours,8.807999999999993
19.191769884676816,3,100,6806,5,100,A1,HOOI,16.312000000000126
0.0798906485588809,3,100,6806,5,100,A2,HOOI,16.312000000000126
4.054535501633555,3,100,6806,5,100,A3,HOOI,16.312000000000126
9.309522451664801,3,100,6806,5,100,core,HOOI,16.312000000000126
80.65267281809864,3,100,6806,5,100,A1,Olga,8.052000000000135
2.5543663897152586,3,100,6806,5,100,A2,Olga,8.052000000000135
4.127696162349526,3,100,6806,5,100,A3,Tracy,8.052000000000135
10.157218388929085,3,100,6806,5,100,core,Tracy_Olga,8.052000000000135
118.62741532308515,3,100,7524,5,100,A1,NTD,242.32999999999993
4.919352233035012,3,100,7524,5,100,A2,NTD,242.32999999999993
7521.580403236446,3,100,7524,5,100,A3,NTD,242.32999999999993
10.61590672727147,3,100,7524,5,100,core,NTD,242.32999999999993
18.65419703264946,3,100,7524,5,100,A1,Ours,9.566000000000031
0.12057331801677411,3,100,7524,5,100,A2,Ours,9.566000000000031
5.3755562744439365,3,100,7524,5,100,A3,Ours,9.566000000000031
13.999840534729165,3,100,7524,5,100,core,Ours,9.566000000000031
18.65419703264946,3,100,7524,5,100,A1,HOSVD,2.4449999999999363
0.12057331801677411,3,100,7524,5,100,A2,HOSVD,2.4449999999999363
4.010162171397543,3,100,7524,5,100,A3,HOSVD,2.4449999999999363
9.58041035289233,3,100,7524,5,100,core,HOSVD,2.4449999999999363
18.518288633672256,3,100,7524,5,100,A1,HOOI,10.385999999999967
0.08960795769949162,3,100,7524,5,100,A2,HOOI,10.385999999999967
4.175299319339887,3,100,7524,5,100,A3,HOOI,10.385999999999967
11.579187205024825,3,100,7524,5,100,core,HOOI,10.385999999999967
78.81502585231362,3,100,7524,5,100,A1,Olga,5.038999999999987
2.566610452540255,3,100,7524,5,100,A2,Olga,5.038999999999987
3.1567525320827925,3,100,7524,5,100,A3,Tracy,5.038999999999987
8.612937535608637,3,100,7524,5,100,core,Tracy_Olga,5.038999999999987
120.15247097427161,3,100,8213,5,100,A1,NTD,256.461
3.5639080017419595,3,100,8213,5,100,A2,NTD,256.461
8210.598847350435,3,100,8213,5,100,A3,NTD,256.461
11.028119780151,3,100,8213,5,100,core,NTD,256.461
18.57402554541705,3,100,8213,5,100,A1,Ours,20.144999999999982
0.09295608701622321,3,100,8213,5,100,A2,Ours,20.144999999999982
5.417040851232677,3,100,8213,5,100,A3,Ours,20.144999999999982
12.166185943162896,3,100,8213,5,100,core,Ours,20.144999999999982
18.57402554541705,3,100,8213,5,100,A1,HOSVD,12.132000000000062
0.09295608701622321,3,100,8213,5,100,A2,HOSVD,12.132000000000062
4.892598395466461,3,100,8213,5,100,A3,HOSVD,12.132000000000062
9.789684699199274,3,100,8213,5,100,core,HOSVD,12.132000000000062
18.41945203732911,3,100,8213,5,100,A1,HOOI,27.83400000000006
0.06159857741018347,3,100,8213,5,100,A2,HOOI,27.83400000000006
3.9362943299200652,3,100,8213,5,100,A3,HOOI,27.83400000000006
12.504589920533164,3,100,8213,5,100,core,HOOI,27.83400000000006
78.61496078887605,3,100,8213,5,100,A1,Olga,16.15599999999995
2.434068701644901,3,100,8213,5,100,A2,Olga,16.15599999999995
3.910532788603472,3,100,8213,5,100,A3,Tracy,16.15599999999995
9.046766720196379,3,100,8213,5,100,core,Tracy_Olga,16.15599999999995
8.770689081541379,3,100,100,5,3000,A1,NTD,3.4420000000000073
0.2719384469133536,3,100,100,5,3000,A2,NTD,3.4420000000000073
97.0001497453205,3,100,100,5,3000,A3,NTD,3.4420000000000073
13.790069858241253,3,100,100,5,3000,core,NTD,3.4420000000000073
3.3249874383475135,3,100,100,5,3000,A1,Ours,6.911000000000058
0.01884144482750786,3,100,100,5,3000,A2,Ours,6.911000000000058
0.039827495386583735,3,100,100,5,3000,A3,Ours,6.911000000000058
11.758385379888303,3,100,100,5,3000,core,Ours,6.911000000000058
3.3249874383475135,3,100,100,5,3000,A1,HOSVD,8.59199999999987
0.01884144482750786,3,100,100,5,3000,A2,HOSVD,8.59199999999987
0.03982782835711569,3,100,100,5,3000,A3,HOSVD,8.59199999999987
11.758383277332335,3,100,100,5,3000,core,HOSVD,8.59199999999987
3.3039647125159135,3,100,100,5,3000,A1,HOOI,4.877999999999929
0.017448621788010283,3,100,100,5,3000,A2,HOOI,4.877999999999929
0.03973020409488143,3,100,100,5,3000,A3,HOOI,4.877999999999929
11.75778152678036,3,100,100,5,3000,core,HOOI,4.877999999999929
3.723204722678541,3,100,100,5,3000,A1,Olga,5.000999999999976
0.012224388310924468,3,100,100,5,3000,A2,Olga,5.000999999999976
0.992765609523697,3,100,100,5,3000,A3,Tracy,5.000999999999976
11.765899840733308,3,100,100,5,3000,core,Tracy_Olga,5.000999999999976
2.3711224694628634,3,100,500,5,3000,A1,NTD,13.490000000000009
0.1784828988836944,3,100,500,5,3000,A2,NTD,13.490000000000009
497.0005429003783,3,100,500,5,3000,A3,NTD,13.490000000000009
11.49026135491045,3,100,500,5,3000,core,NTD,13.490000000000009
2.681653852126035,3,100,500,5,3000,A1,Ours,4.591000000000122
0.009877238116998104,3,100,500,5,3000,A2,Ours,4.591000000000122
0.21489910830893144,3,100,500,5,3000,A3,Ours,4.591000000000122
11.73149928579918,3,100,500,5,3000,core,Ours,4.591000000000122
2.681653852126035,3,100,500,5,3000,A1,HOSVD,5.267999999999802
0.009877238116998104,3,100,500,5,3000,A2,HOSVD,5.267999999999802
0.21481146613177518,3,100,500,5,3000,A3,HOSVD,5.267999999999802
11.731207496212253,3,100,500,5,3000,core,HOSVD,5.267999999999802
2.6989804212797694,3,100,500,5,3000,A1,HOOI,5.022999999999911
0.009175047752161434,3,100,500,5,3000,A2,HOOI,5.022999999999911
0.20270107176500346,3,100,500,5,3000,A3,HOOI,5.022999999999911
11.744599857556448,3,100,500,5,3000,core,HOOI,5.022999999999911
3.098781479149002,3,100,500,5,3000,A1,Olga,5.4809999999999945
0.009027835614842576,3,100,500,5,3000,A2,Olga,5.4809999999999945
1.3047303943095818,3,100,500,5,3000,A3,Tracy,5.4809999999999945
11.75070997340561,3,100,500,5,3000,core,Tracy_Olga,5.4809999999999945
3.4968169114263006,3,100,1000,5,3000,A1,NTD,33.999000000000024
0.1049317662960217,3,100,1000,5,3000,A2,NTD,33.999000000000024
997.000549232133,3,100,1000,5,3000,A3,NTD,33.999000000000024
9.839973813139418,3,100,1000,5,3000,core,NTD,33.999000000000024
3.176827391756572,3,100,1000,5,3000,A1,Ours,1.0429999999998927
0.004257553495605674,3,100,1000,5,3000,A2,Ours,1.0429999999998927
0.5093239280892476,3,100,1000,5,3000,A3,Ours,1.0429999999998927
11.797537581024052,3,100,1000,5,3000,core,Ours,1.0429999999998927
3.176827391756572,3,100,1000,5,3000,A1,HOSVD,0.8940000000000055
0.004257553495605674,3,100,1000,5,3000,A2,HOSVD,0.8940000000000055
0.5088894955524158,3,100,1000,5,3000,A3,HOSVD,0.8940000000000055
11.797036976346332,3,100,1000,5,3000,core,HOSVD,0.8940000000000055
3.157815889897457,3,100,1000,5,3000,A1,HOOI,0.8940000000000055
0.0043321342063726495,3,100,1000,5,3000,A2,HOOI,0.8940000000000055
0.5084561994809764,3,100,1000,5,3000,A3,HOOI,0.8940000000000055
11.793269134295338,3,100,1000,5,3000,core,HOOI,0.8940000000000055
2.563388068976542,3,100,1000,5,3000,A1,Olga,0.4570000000001073
0.026089292157709287,3,100,1000,5,3000,A2,Olga,0.4570000000001073
1.4511682228609777,3,100,1000,5,3000,A3,Tracy,0.4570000000001073
11.721973241169092,3,100,1000,5,3000,core,Tracy_Olga,0.4570000000001073
2.2682785576419815,3,100,2499,5,3000,A1,NTD,84.29399999999987
0.12568412650376648,3,100,2499,5,3000,A2,NTD,84.29399999999987
2496.060429760817,3,100,2499,5,3000,A3,NTD,84.29399999999987
10.031422034066086,3,100,2499,5,3000,core,NTD,84.29399999999987
3.93802646917179,3,100,2499,5,3000,A1,Ours,2.34699999999998
0.008988144383232357,3,100,2499,5,3000,A2,Ours,2.34699999999998
2.4441168296199485,3,100,2499,5,3000,A3,Ours,2.34699999999998
11.96821809303488,3,100,2499,5,3000,core,Ours,2.34699999999998
3.93802646917179,3,100,2499,5,3000,A1,HOSVD,1.0799999999999272
0.008988144383232357,3,100,2499,5,3000,A2,HOSVD,1.0799999999999272
2.436362051840418,3,100,2499,5,3000,A3,HOSVD,1.0799999999999272
11.965235480993186,3,100,2499,5,3000,core,HOSVD,1.0799999999999272
3.9365975898508307,3,100,2499,5,3000,A1,HOOI,2.3409999999998945
0.010478922175712653,3,100,2499,5,3000,A2,HOOI,2.3409999999998945
2.437827507684307,3,100,2499,5,3000,A3,HOOI,2.3409999999998945
11.974443149272293,3,100,2499,5,3000,core,HOOI,2.3409999999998945
3.5441973350315763,3,100,2499,5,3000,A1,Olga,1.2860000000000582
0.030659538612260208,3,100,2499,5,3000,A2,Olga,1.2860000000000582
2.901102036128497,3,100,2499,5,3000,A3,Tracy,1.2860000000000582
11.979435642474256,3,100,2499,5,3000,core,Tracy_Olga,1.2860000000000582
2.1197954465926423,3,100,4989,5,3000,A1,NTD,172.35300000000007
0.9299806655376348,3,100,4989,5,3000,A2,NTD,172.35300000000007
4986.085403073956,3,100,4989,5,3000,A3,NTD,172.35300000000007
10.598092091544645,3,100,4989,5,3000,core,NTD,172.35300000000007
3.7473757368689657,3,100,4989,5,3000,A1,Ours,6.501000000000204
0.02327675922220543,3,100,4989,5,3000,A2,Ours,6.501000000000204
2.5415941169552605,3,100,4989,5,3000,A3,Ours,6.501000000000204
11.809704615012311,3,100,4989,5,3000,core,Ours,6.501000000000204
3.7473757368689657,3,100,4989,5,3000,A1,HOSVD,1.7260000000001128
0.02327675922220543,3,100,4989,5,3000,A2,HOSVD,1.7260000000001128
2.517167447855266,3,100,4989,5,3000,A3,HOSVD,1.7260000000001128
11.76663227350678,3,100,4989,5,3000,core,HOSVD,1.7260000000001128
3.736822917347917,3,100,4989,5,3000,A1,HOOI,4.957000000000335
0.02398093022553041,3,100,4989,5,3000,A2,HOOI,4.957000000000335
2.511774473552461,3,100,4989,5,3000,A3,HOOI,4.957000000000335
11.825303691808555,3,100,4989,5,3000,core,HOOI,4.957000000000335
3.054122797022938,3,100,4989,5,3000,A1,Olga,2.5820000000003347
0.06767702845294396,3,100,4989,5,3000,A2,Olga,2.5820000000003347
2.8334000216987008,3,100,4989,5,3000,A3,Tracy,2.5820000000003347
12.004256277686387,3,100,4989,5,3000,core,Tracy_Olga,2.5820000000003347
2.087148249491888,3,100,5976,5,3000,A1,NTD,191.29199999999992
1.080727741541447,3,100,5976,5,3000,A2,NTD,191.29199999999992
5973.078208285567,3,100,5976,5,3000,A3,NTD,191.29199999999992
9.919430162636019,3,100,5976,5,3000,core,NTD,191.29199999999992
2.9588829814715965,3,100,5976,5,3000,A1,Ours,8.302000000000135
0.019499327432703717,3,100,5976,5,3000,A2,Ours,8.302000000000135
2.56627146750221,3,100,5976,5,3000,A3,Ours,8.302000000000135
12.046417327219315,3,100,5976,5,3000,core,Ours,8.302000000000135
2.9588829814715965,3,100,5976,5,3000,A1,HOSVD,2.124000000000251
0.019499327432703717,3,100,5976,5,3000,A2,HOSVD,2.124000000000251
2.534889138501815,3,100,5976,5,3000,A3,HOSVD,2.124000000000251
12.020384107346104,3,100,5976,5,3000,core,HOSVD,2.124000000000251
2.930193945106087,3,100,5976,5,3000,A1,HOOI,5.655999999999949
0.018925138097995592,3,100,5976,5,3000,A2,HOOI,5.655999999999949
2.5407083280164056,3,100,5976,5,3000,A3,HOOI,5.655999999999949
12.012264532595989,3,100,5976,5,3000,core,HOOI,5.655999999999949
3.03978006635638,3,100,5976,5,3000,A1,Olga,3.2020000000002256
0.06844212490892168,3,100,5976,5,3000,A2,Olga,3.2020000000002256
2.8442942118509356,3,100,5976,5,3000,A3,Tracy,3.2020000000002256
11.96382704600296,3,100,5976,5,3000,core,Tracy_Olga,3.2020000000002256
2.8500723995766344,3,100,6975,5,3000,A1,NTD,225.20100000000002
3.0806793582112926,3,100,6975,5,3000,A2,NTD,225.20100000000002
6972.097788174451,3,100,6975,5,3000,A3,NTD,225.20100000000002
10.269426998431454,3,100,6975,5,3000,core,NTD,225.20100000000002
2.5143895491218444,3,100,6975,5,3000,A1,Ours,8.991999999999734
0.014708020568483726,3,100,6975,5,3000,A2,Ours,8.991999999999734
2.6060872501577865,3,100,6975,5,3000,A3,Ours,8.991999999999734
12.091248875097767,3,100,6975,5,3000,core,Ours,8.991999999999734
2.5143895491218444,3,100,6975,5,3000,A1,HOSVD,2.3910000000000764
0.014708020568483726,3,100,6975,5,3000,A2,HOSVD,2.3910000000000764
2.5651537760238634,3,100,6975,5,3000,A3,HOSVD,2.3910000000000764
12.06209574117541,3,100,6975,5,3000,core,HOSVD,2.3910000000000764
2.5045208309119764,3,100,6975,5,3000,A1,HOOI,6.996000000000095
0.014759955505703392,3,100,6975,5,3000,A2,HOOI,6.996000000000095
2.5673728752066785,3,100,6975,5,3000,A3,HOOI,6.996000000000095
12.06046606161926,3,100,6975,5,3000,core,HOOI,6.996000000000095
3.412046833838166,3,100,6975,5,3000,A1,Olga,3.844000000000051
0.10873575904069684,3,100,6975,5,3000,A2,Olga,3.844000000000051
2.850302957157128,3,100,6975,5,3000,A3,Tracy,3.844000000000051
12.08309005891353,3,100,6975,5,3000,core,Tracy_Olga,3.844000000000051
2.148695000462208,3,100,7955,5,3000,A1,NTD,254.28600000000006
2.1837986233275557,3,100,7955,5,3000,A2,NTD,254.28600000000006
7952.099494478481,3,100,7955,5,3000,A3,NTD,254.28600000000006
12.126749290326494,3,100,7955,5,3000,core,NTD,254.28600000000006
3.760497334178346,3,100,7955,5,3000,A1,Ours,10.166999999999916
0.01582380237683848,3,100,7955,5,3000,A2,Ours,10.166999999999916
2.5900457107589863,3,100,7955,5,3000,A3,Ours,10.166999999999916
12.155870389119439,3,100,7955,5,3000,core,Ours,10.166999999999916
3.760497334178346,3,100,7955,5,3000,A1,HOSVD,2.923999999999978
0.01582380237683848,3,100,7955,5,3000,A2,HOSVD,2.923999999999978
2.5359374513202666,3,100,7955,5,3000,A3,HOSVD,2.923999999999978
12.115203077346465,3,100,7955,5,3000,core,HOSVD,2.923999999999978
3.7277571070483964,3,100,7955,5,3000,A1,HOOI,10.617999999999938
0.016042755287303673,3,100,7955,5,3000,A2,HOOI,10.617999999999938
2.539835258460437,3,100,7955,5,3000,A3,HOOI,10.617999999999938
12.105061044136649,3,100,7955,5,3000,core,HOOI,10.617999999999938
3.580727615180024,3,100,7955,5,3000,A1,Olga,8.469000000000051
0.1098728054275323,3,100,7955,5,3000,A2,Olga,8.469000000000051
2.839708307382893,3,100,7955,5,3000,A3,Tracy,8.469000000000051
12.034449544963264,3,100,7955,5,3000,core,Tracy_Olga,8.469000000000051
4.167760836006101,3,100,8963,5,3000,A1,NTD,282.0999999999999
1.6454122295804225,3,100,8963,5,3000,A2,NTD,282.0999999999999
8960.115191111458,3,100,8963,5,3000,A3,NTD,282.0999999999999
11.656040327060644,3,100,8963,5,3000,core,NTD,282.0999999999999
3.6869378643323545,3,100,8963,5,3000,A1,Ours,12.644999999999982
0.015091545939991617,3,100,8963,5,3000,A2,Ours,12.644999999999982
2.617074195806512,3,100,8963,5,3000,A3,Ours,12.644999999999982
12.190781136247585,3,100,8963,5,3000,core,Ours,12.644999999999982
3.6869378643323545,3,100,8963,5,3000,A1,HOSVD,3.855000000000018
0.015091545939991617,3,100,8963,5,3000,A2,HOSVD,3.855000000000018
2.534086994497956,3,100,8963,5,3000,A3,HOSVD,3.855000000000018
12.112908777393487,3,100,8963,5,3000,core,HOSVD,3.855000000000018
3.686947858371932,3,100,8963,5,3000,A1,HOOI,9.808999999999742
0.014047665050678086,3,100,8963,5,3000,A2,HOOI,9.808999999999742
3.8665023025012015,3,100,8963,5,3000,A3,HOOI,9.808999999999742
10.320438095405798,3,100,8963,5,3000,core,HOOI,9.808999999999742
2.5175569790724404,3,100,8963,5,3000,A1,Olga,6.380000000000109
0.16481769457015724,3,100,8963,5,3000,A2,Olga,6.380000000000109
2.8497896512699294,3,100,8963,5,3000,A3,Tracy,6.380000000000109
11.989780076895135,3,100,8963,5,3000,core,Tracy_Olga,6.380000000000109
2.3222303021436796,3,100,9945,5,3000,A1,NTD,313.453
1.5807612053912334,3,100,9945,5,3000,A2,NTD,313.453
9942.12503824571,3,100,9945,5,3000,A3,NTD,313.453
9.76687986035249,3,100,9945,5,3000,core,NTD,313.453
4.0649290156822415,3,100,9945,5,3000,A1,Ours,21.37099999999964
0.015003118524579636,3,100,9945,5,3000,A2,Ours,21.37099999999964
2.6618386181559943,3,100,9945,5,3000,A3,Ours,21.37099999999964
12.16266169131368,3,100,9945,5,3000,core,Ours,21.37099999999964
4.0649290156822415,3,100,9945,5,3000,A1,HOSVD,9.197999999999865
0.015003118524579636,3,100,9945,5,3000,A2,HOSVD,9.197999999999865
2.5773098027561985,3,100,9945,5,3000,A3,HOSVD,9.197999999999865
12.074189048612034,3,100,9945,5,3000,core,HOSVD,9.197999999999865
4.04822835296119,3,100,9945,5,3000,A1,HOOI,33.08100000000013
0.014800859471622995,3,100,9945,5,3000,A2,HOOI,33.08100000000013
2.58030847943503,3,100,9945,5,3000,A3,HOOI,33.08100000000013
12.070422735955056,3,100,9945,5,3000,core,HOOI,33.08100000000013
3.832093471373202,3,100,9945,5,3000,A1,Olga,22.9350000000004
0.1510180865934738,3,100,9945,5,3000,A2,Olga,22.9350000000004
2.855129730796646,3,100,9945,5,3000,A3,Tracy,22.9350000000004
12.046213711574351,3,100,9945,5,3000,core,Tracy_Olga,22.9350000000004
4.03320694350982,3,100,100,5,10000,A1,NTD,3.493999999999687
0.5375641757332974,3,100,100,5,10000,A2,NTD,3.493999999999687
97.00005517601566,3,100,100,5,10000,A3,NTD,3.493999999999687
10.94795570934548,3,100,100,5,10000,core,NTD,3.493999999999687
1.9023152369673035,3,100,100,5,10000,A1,Ours,7.096000000000004
0.004250915330879604,3,100,100,5,10000,A2,Ours,7.096000000000004
0.023408284200818988,3,100,100,5,10000,A3,Ours,7.096000000000004
11.732590060267931,3,100,100,5,10000,core,Ours,7.096000000000004
1.9023152369673035,3,100,100,5,10000,A1,HOSVD,4.7849999999998545
0.004250915330879604,3,100,100,5,10000,A2,HOSVD,4.7849999999998545
0.023408083258769852,3,100,100,5,10000,A3,HOSVD,4.7849999999998545
11.73258973679565,3,100,100,5,10000,core,HOSVD,4.7849999999998545
1.8914568714646411,3,100,100,5,10000,A1,HOOI,4.876999999999953
0.004458024758967067,3,100,100,5,10000,A2,HOOI,4.876999999999953
0.02344821861836231,3,100,100,5,10000,A3,HOOI,4.876999999999953
11.732883805354884,3,100,100,5,10000,core,HOOI,4.876999999999953
1.8180832556275388,3,100,100,5,10000,A1,Olga,4.666999999999916
0.006733521507100093,3,100,100,5,10000,A2,Olga,4.666999999999916
0.9900788924234484,3,100,100,5,10000,A3,Tracy,4.666999999999916
11.751368541902824,3,100,100,5,10000,core,Tracy_Olga,4.666999999999916
3.408411611823786,3,100,500,5,10000,A1,NTD,14.788000000000011
0.22077686138909472,3,100,500,5,10000,A2,NTD,14.788000000000011
497.00005361856364,3,100,500,5,10000,A3,NTD,14.788000000000011
14.321668777186,3,100,500,5,10000,core,NTD,14.788000000000011
2.1535680603907936,3,100,500,5,10000,A1,Ours,7.44399999999996
0.006944087985592485,3,100,500,5,10000,A2,Ours,7.44399999999996
0.0629277861302636,3,100,500,5,10000,A3,Ours,7.44399999999996
11.700771757842121,3,100,500,5,10000,core,Ours,7.44399999999996
2.1535680603907936,3,100,500,5,10000,A1,HOSVD,5.273999999999887
0.006944087985592485,3,100,500,5,10000,A2,HOSVD,5.273999999999887
0.06292598209627334,3,100,500,5,10000,A3,HOSVD,5.273999999999887
11.700739209920444,3,100,500,5,10000,core,HOSVD,5.273999999999887
2.16256251993522,3,100,500,5,10000,A1,HOOI,8.404999999999745
0.006693505518270341,3,100,500,5,10000,A2,HOOI,8.404999999999745
0.0631931139102255,3,100,500,5,10000,A3,HOOI,8.404999999999745
11.700904297792551,3,100,500,5,10000,core,HOOI,8.404999999999745
1.263476658114772,3,100,500,5,10000,A1,Olga,6.730000000000018
0.007589373724119296,3,100,500,5,10000,A2,Olga,6.730000000000018
1.2575902556913778,3,100,500,5,10000,A3,Tracy,6.730000000000018
11.726648702027857,3,100,500,5,10000,core,Tracy_Olga,6.730000000000018
2.7199882819634587,3,100,1000,5,10000,A1,NTD,31.39800000000014
0.49426158114335184,3,100,1000,5,10000,A2,NTD,31.39800000000014
997.0001431440077,3,100,1000,5,10000,A3,NTD,31.39800000000014
7.588604426977202,3,100,1000,5,10000,core,NTD,31.39800000000014
2.1132672116180227,3,100,1000,5,10000,A1,Ours,2.7519999999999527
0.005361243339464611,3,100,1000,5,10000,A2,Ours,2.7519999999999527
0.08041645439243068,3,100,1000,5,10000,A3,Ours,2.7519999999999527
11.703098385088733,3,100,1000,5,10000,core,Ours,2.7519999999999527
2.1132672116180227,3,100,1000,5,10000,A1,HOSVD,3.125999999999749
0.005361243339464611,3,100,1000,5,10000,A2,HOSVD,3.125999999999749
0.08037371428424701,3,100,1000,5,10000,A3,HOSVD,3.125999999999749
11.70300372601402,3,100,1000,5,10000,core,HOSVD,3.125999999999749
2.1024890878775433,3,100,1000,5,10000,A1,HOOI,3.8449999999998
0.00497981287642996,3,100,1000,5,10000,A2,HOOI,3.8449999999998
0.0806712991213598,3,100,1000,5,10000,A3,HOOI,3.8449999999998
11.70737808695896,3,100,1000,5,10000,core,HOOI,3.8449999999998
2.1909699893526557,3,100,1000,5,10000,A1,Olga,3.974999999999909
0.002757279191854395,3,100,1000,5,10000,A2,Olga,3.974999999999909
1.376955423828139,3,100,1000,5,10000,A3,Tracy,3.974999999999909
11.476391724959718,3,100,1000,5,10000,core,Tracy_Olga,3.974999999999909
2.5869706666417436,3,100,2500,5,10000,A1,NTD,91.10500000000002
0.7001349857980279,3,100,2500,5,10000,A2,NTD,91.10500000000002
2497.0003790567926,3,100,2500,5,10000,A3,NTD,91.10500000000002
14.50628117900532,3,100,2500,5,10000,core,NTD,91.10500000000002
1.889015537999175,3,100,2500,5,10000,A1,Ours,1.9039999999999964
0.003757113406662295,3,100,2500,5,10000,A2,Ours,1.9039999999999964
0.7171437399041889,3,100,2500,5,10000,A3,Ours,1.9039999999999964
12.036260557945464,3,100,2500,5,10000,core,Ours,1.9039999999999964
1.889015537999175,3,100,2500,5,10000,A1,HOSVD,0.9580000000000837
0.003757113406662295,3,100,2500,5,10000,A2,HOSVD,0.9580000000000837
0.7168324733322418,3,100,2500,5,10000,A3,HOSVD,0.9580000000000837
12.035849421256525,3,100,2500,5,10000,core,HOSVD,0.9580000000000837
1.8808894187017637,3,100,2500,5,10000,A1,HOOI,2.387000000000171
0.0038028583617458643,3,100,2500,5,10000,A2,HOOI,2.387000000000171
0.7202222212936783,3,100,2500,5,10000,A3,HOOI,2.387000000000171
12.03351156539766,3,100,2500,5,10000,core,HOOI,2.387000000000171
2.046490383260557,3,100,2500,5,10000,A1,Olga,1.0750000000002728
0.012043536794748016,3,100,2500,5,10000,A2,Olga,1.0750000000002728
1.5445526581867088,3,100,2500,5,10000,A3,Tracy,1.0750000000002728
8.538315532562608,3,100,2500,5,10000,core,Tracy_Olga,1.0750000000002728
2.4274383792155763,3,100,4995,5,10000,A1,NTD,186.25700000000006
0.12793573288146876,3,100,4995,5,10000,A2,NTD,186.25700000000006
4992.036777147651,3,100,4995,5,10000,A3,NTD,186.25700000000006
13.106052879661073,3,100,4995,5,10000,core,NTD,186.25700000000006
2.483268554064026,3,100,4995,5,10000,A1,Ours,5.24599999999964
0.010280626639596849,3,100,4995,5,10000,A2,Ours,5.24599999999964
2.5111059201512886,3,100,4995,5,10000,A3,Ours,5.24599999999964
12.165457138071599,3,100,4995,5,10000,core,Ours,5.24599999999964
2.483268554064026,3,100,4995,5,10000,A1,HOSVD,1.66399999999976
0.010280626639596849,3,100,4995,5,10000,A2,HOSVD,1.66399999999976
2.5089099403797945,3,100,4995,5,10000,A3,HOSVD,1.66399999999976
12.16369086622721,3,100,4995,5,10000,core,HOSVD,1.66399999999976
2.4247531635739628,3,100,4995,5,10000,A1,HOOI,4.793999999999869
0.010141773609813883,3,100,4995,5,10000,A2,HOOI,4.793999999999869
2.5083574745823967,3,100,4995,5,10000,A3,HOOI,4.793999999999869
12.16675490265089,3,100,4995,5,10000,core,HOOI,4.793999999999869
1.7868162566038654,3,100,4995,5,10000,A1,Olga,2.6550000000002
0.024096350621371783,3,100,4995,5,10000,A2,Olga,2.6550000000002
2.854930739363297,3,100,4995,5,10000,A3,Tracy,2.6550000000002
12.080512680683107,3,100,4995,5,10000,core,Tracy_Olga,2.6550000000002
2.169296664630536,3,100,5994,5,10000,A1,NTD,200.81200000000035
0.3267022427848318,3,100,5994,5,10000,A2,NTD,200.81200000000035
5991.037624346082,3,100,5994,5,10000,A3,NTD,200.81200000000035
9.986625759331423,3,100,5994,5,10000,core,NTD,200.81200000000035
1.6434768377320021,3,100,5994,5,10000,A1,Ours,5.782000000000153
0.005887580333252136,3,100,5994,5,10000,A2,Ours,5.782000000000153
2.5467367875017386,3,100,5994,5,10000,A3,Ours,5.782000000000153
12.181670820864172,3,100,5994,5,10000,core,Ours,5.782000000000153
1.6434768377320021,3,100,5994,5,10000,A1,HOSVD,1.8829999999998108
0.005887580333252136,3,100,5994,5,10000,A2,HOSVD,1.8829999999998108
2.5438574453529186,3,100,5994,5,10000,A3,HOSVD,1.8829999999998108
12.177609756326436,3,100,5994,5,10000,core,HOSVD,1.8829999999998108
1.6420305716838417,3,100,5994,5,10000,A1,HOOI,5.6580000000003565
0.006034374475693236,3,100,5994,5,10000,A2,HOOI,5.6580000000003565
2.5348403723136035,3,100,5994,5,10000,A3,HOOI,5.6580000000003565
12.15222527272361,3,100,5994,5,10000,core,HOOI,5.6580000000003565
1.2182356956246378,3,100,5994,5,10000,A1,Olga,3.6350000000002183
0.021183616812867057,3,100,5994,5,10000,A2,Olga,3.6350000000002183
2.8672200897640368,3,100,5994,5,10000,A3,Tracy,3.6350000000002183
8.411497496054064,3,100,5994,5,10000,core,Tracy_Olga,3.6350000000002183
2.25951400879577,3,100,6990,5,10000,A1,NTD,227.16799999999967
0.1461740331025507,3,100,6990,5,10000,A2,NTD,227.16799999999967
6987.053440535818,3,100,6990,5,10000,A3,NTD,227.16799999999967
10.134060051659546,3,100,6990,5,10000,core,NTD,227.16799999999967
1.49269097547634,3,100,6990,5,10000,A1,Ours,7.838999999999942
0.0056458964507980726,3,100,6990,5,10000,A2,Ours,7.838999999999942
2.509148687581898,3,100,6990,5,10000,A3,Ours,7.838999999999942
11.696021552653388,3,100,6990,5,10000,core,Ours,7.838999999999942
1.49269097547634,3,100,6990,5,10000,A1,HOSVD,2.4039999999995416
0.0056458964507980726,3,100,6990,5,10000,A2,HOSVD,2.4039999999995416
2.504192828497141,3,100,6990,5,10000,A3,HOSVD,2.4039999999995416
11.692806371317548,3,100,6990,5,10000,core,HOSVD,2.4039999999995416
1.4914539189941727,3,100,6990,5,10000,A1,HOOI,6.499000000000706
0.005625559659733862,3,100,6990,5,10000,A2,HOOI,6.499000000000706
2.5036064572609376,3,100,6990,5,10000,A3,HOOI,6.499000000000706
11.681937113579513,3,100,6990,5,10000,core,HOOI,6.499000000000706
1.8053778780044933,3,100,6990,5,10000,A1,Olga,4.036000000000058
0.033197030132479224,3,100,6990,5,10000,A2,Olga,4.036000000000058
2.8770242909168267,3,100,6990,5,10000,A3,Tracy,4.036000000000058
12.08792033965822,3,100,6990,5,10000,core,Tracy_Olga,4.036000000000058
2.0519672762114087,3,100,7986,5,10000,A1,NTD,248.53600000000006
4.056483846010207,3,100,7986,5,10000,A2,NTD,248.53600000000006
7983.047573862242,3,100,7986,5,10000,A3,NTD,248.53600000000006
11.983431229059335,3,100,7986,5,10000,core,NTD,248.53600000000006
2.127200954996987,3,100,7986,5,10000,A1,Ours,9.59900000000016
0.01547846842647905,3,100,7986,5,10000,A2,Ours,9.59900000000016
2.517237102528761,3,100,7986,5,10000,A3,Ours,9.59900000000016
12.120316833621432,3,100,7986,5,10000,core,Ours,9.59900000000016
2.127200954996987,3,100,7986,5,10000,A1,HOSVD,4.0679999999993015
0.01547846842647905,3,100,7986,5,10000,A2,HOSVD,4.0679999999993015
2.511773835657705,3,100,7986,5,10000,A3,HOSVD,4.0679999999993015
12.115992213707424,3,100,7986,5,10000,core,HOSVD,4.0679999999993015
2.1263519685590926,3,100,7986,5,10000,A1,HOOI,7.917000000000371
0.015374603089031992,3,100,7986,5,10000,A2,HOOI,7.917000000000371
2.5145828097060976,3,100,7986,5,10000,A3,HOOI,7.917000000000371
12.114476210304446,3,100,7986,5,10000,core,HOOI,7.917000000000371
1.4337361562049957,3,100,7986,5,10000,A1,Olga,5.130999999999403
0.032660567360405394,3,100,7986,5,10000,A2,Olga,5.130999999999403
2.895792406458737,3,100,7986,5,10000,A3,Tracy,5.130999999999403
12.146401588430745,3,100,7986,5,10000,core,Tracy_Olga,5.130999999999403
4.598763074853955,3,100,8986,5,10000,A1,NTD,278.9369999999999
0.1147525557199963,3,100,8986,5,10000,A2,NTD,278.9369999999999
8983.066829049767,3,100,8986,5,10000,A3,NTD,278.9369999999999
5.183767523622483,3,100,8986,5,10000,core,NTD,278.9369999999999
1.796909892051025,3,100,8986,5,10000,A1,Ours,11.740999999999985
0.0053823043841372,3,100,8986,5,10000,A2,Ours,11.740999999999985
2.5155484453741126,3,100,8986,5,10000,A3,Ours,11.740999999999985
12.197278957867333,3,100,8986,5,10000,core,Ours,11.740999999999985
1.796909892051025,3,100,8986,5,10000,A1,HOSVD,3.506999999999607
0.0053823043841372,3,100,8986,5,10000,A2,HOSVD,3.506999999999607
2.5072520041758017,3,100,8986,5,10000,A3,HOSVD,3.506999999999607
12.19200963823645,3,100,8986,5,10000,core,HOSVD,3.506999999999607
1.7939309554114398,3,100,8986,5,10000,A1,HOOI,9.583000000000538
0.005406954143973324,3,100,8986,5,10000,A2,HOOI,9.583000000000538
2.503575361357592,3,100,8986,5,10000,A3,HOOI,9.583000000000538
12.195354270583904,3,100,8986,5,10000,core,HOOI,9.583000000000538
1.3786791936076364,3,100,8986,5,10000,A1,Olga,5.481999999999971
0.040891225168770355,3,100,8986,5,10000,A2,Olga,5.481999999999971
2.9738950701088407,3,100,8986,5,10000,A3,Tracy,5.481999999999971
12.140380474723099,3,100,8986,5,10000,core,Tracy_Olga,5.481999999999971
2.0883760334428967,3,100,9983,5,10000,A1,NTD,322.1390000000001
1.8076970896228228,3,100,9983,5,10000,A2,NTD,322.1390000000001
9980.048776803584,3,100,9983,5,10000,A3,NTD,322.1390000000001
11.304229088933395,3,100,9983,5,10000,core,NTD,322.1390000000001
1.7243424185936282,3,100,9983,5,10000,A1,Ours,13.765999999999622
0.010613331246489175,3,100,9983,5,10000,A2,Ours,13.765999999999622
2.535913369928059,3,100,9983,5,10000,A3,Ours,13.765999999999622
12.0347971362654,3,100,9983,5,10000,core,Ours,13.765999999999622
1.7243424185936282,3,100,9983,5,10000,A1,HOSVD,3.1619999999993524
0.010613331246489175,3,100,9983,5,10000,A2,HOSVD,3.1619999999993524
2.5279620311115196,3,100,9983,5,10000,A3,HOSVD,3.1619999999993524
12.022794545061743,3,100,9983,5,10000,core,HOSVD,3.1619999999993524
1.7289849156780435,3,100,9983,5,10000,A1,HOOI,11.707999999999629
0.010799348082010243,3,100,9983,5,10000,A2,HOOI,11.707999999999629
2.5258930876396195,3,100,9983,5,10000,A3,HOOI,11.707999999999629
12.033052155588074,3,100,9983,5,10000,core,HOOI,11.707999999999629
1.6301296456701462,3,100,9983,5,10000,A1,Olga,6.9399999999996
0.04564783502242944,3,100,9983,5,10000,A2,Olga,6.9399999999996
2.83786338721042,3,100,9983,5,10000,A3,Tracy,6.9399999999996
12.0004385512086,3,100,9983,5,10000,core,Tracy_Olga,6.9399999999996
