error,K,Q1,R,Q2,M,mode,method,time
17.439855216355028,3,100,984,5,100,A1,NTD,37.086000000000006
4.707107429893849,3,100,984,5,100,A2,NTD,37.086000000000006
981.2694731984161,3,100,984,5,100,A3,NTD,37.086000000000006
11.429070888139947,3,100,984,5,100,core,NTD,37.086000000000006
21.752220187599466,3,100,984,5,100,A1,Ours,5.175000000000004
0.48912723642669703,3,100,984,5,100,A2,Ours,5.175000000000004
3.163291243208139,3,100,984,5,100,A3,Ours,5.175000000000004
11.954080391311718,3,100,984,5,100,core,Ours,5.175000000000004
21.752220187599466,3,100,984,5,100,A1,HOSVD,5.117000000000004
0.48912723642669703,3,100,984,5,100,A2,HOSVD,5.117000000000004
2.594289272228633,3,100,984,5,100,A3,HOSVD,5.117000000000004
12.148880093629602,3,100,984,5,100,core,HOSVD,5.117000000000004
22.57669415701062,3,100,984,5,100,A1,HOOI,6.4339999999999975
0.255172658881116,3,100,984,5,100,A2,HOOI,6.4339999999999975
2.6280676845241913,3,100,984,5,100,A3,HOOI,6.4339999999999975
12.216436437111378,3,100,984,5,100,core,HOOI,6.4339999999999975
29.200011988156298,3,100,984,5,100,A1,Olga,5.962999999999994
3.4346711474213563,3,100,984,5,100,A2,Olga,5.962999999999994
2.880003519840441,3,100,984,5,100,A3,Tracy,5.962999999999994
13.737839258929123,3,100,984,5,100,core,Tracy_Olga,5.962999999999994
112.64012350509196,3,100,4522,5,100,A1,NTD,160.68400000000003
3.008218662047789,3,100,4522,5,100,A2,NTD,160.68400000000003
4519.509876390083,3,100,4522,5,100,A3,NTD,160.68400000000003
11.186288110944195,3,100,4522,5,100,core,NTD,160.68400000000003
17.377833142962473,3,100,4522,5,100,A1,Ours,9.770999999999987
0.5591639805754941,3,100,4522,5,100,A2,Ours,9.770999999999987
5.327807661998825,3,100,4522,5,100,A3,Ours,9.770999999999987
9.968276034705237,3,100,4522,5,100,core,Ours,9.770999999999987
17.377833142962473,3,100,4522,5,100,A1,HOSVD,10.501000000000005
0.5591639805754941,3,100,4522,5,100,A2,HOSVD,10.501000000000005
2.699357865757567,3,100,4522,5,100,A3,HOSVD,10.501000000000005
12.226511309601774,3,100,4522,5,100,core,HOSVD,10.501000000000005
17.717773075865402,3,100,4522,5,100,A1,HOOI,23.057999999999993
0.2025008843163308,3,100,4522,5,100,A2,HOOI,23.057999999999993
2.739578267508595,3,100,4522,5,100,A3,HOOI,23.057999999999993
12.448792586382549,3,100,4522,5,100,core,HOOI,23.057999999999993
61.01973508951227,3,100,4522,5,100,A1,Olga,13.416999999999973
3.080812826366692,3,100,4522,5,100,A2,Olga,13.416999999999973
3.103015509081562,3,100,4522,5,100,A3,Tracy,13.416999999999973
14.279806227220087,3,100,4522,5,100,core,Tracy_Olga,13.416999999999973
83.89179205687144,3,100,8173,5,100,A1,NTD,288.14599999999996
4.707138061542466,3,100,8173,5,100,A2,NTD,288.14599999999996
8170.588135049725,3,100,8173,5,100,A3,NTD,288.14599999999996
9.648268787446879,3,100,8173,5,100,core,NTD,288.14599999999996
21.743928468133443,3,100,8173,5,100,A1,Ours,28.05499999999995
0.23162670322772166,3,100,8173,5,100,A2,Ours,28.05499999999995
5.28749040661649,3,100,8173,5,100,A3,Ours,28.05499999999995
12.013345015314371,3,100,8173,5,100,core,Ours,28.05499999999995
21.743928468133443,3,100,8173,5,100,A1,HOSVD,17.962999999999965
0.23162670322772166,3,100,8173,5,100,A2,HOSVD,17.962999999999965
4.8652684767155465,3,100,8173,5,100,A3,HOSVD,17.962999999999965
9.994884176143184,3,100,8173,5,100,core,HOSVD,17.962999999999965
21.47267023029942,3,100,8173,5,100,A1,HOOI,16.087000000000103
0.2334534349967359,3,100,8173,5,100,A2,HOOI,16.087000000000103
3.8769000935905957,3,100,8173,5,100,A3,HOOI,16.087000000000103
10.978904784994864,3,100,8173,5,100,core,HOOI,16.087000000000103
85.78122349652595,3,100,8173,5,100,A1,Olga,12.221000000000004
3.0553309857311333,3,100,8173,5,100,A2,Olga,12.221000000000004
4.3541287677576275,3,100,8173,5,100,A3,Tracy,12.221000000000004
10.451074304734584,3,100,8173,5,100,core,Tracy_Olga,12.221000000000004
4.192053750838615,3,100,998,5,500,A1,NTD,28.505999999999972
3.3986860068204026,3,100,998,5,500,A2,NTD,28.505999999999972
995.0815870245631,3,100,998,5,500,A3,NTD,28.505999999999972
12.796498492361932,3,100,998,5,500,core,NTD,28.505999999999972
10.291405588414232,3,100,998,5,500,A1,Ours,1.7350000000000136
0.13142318314590146,3,100,998,5,500,A2,Ours,1.7350000000000136
2.5498864626500115,3,100,998,5,500,A3,Ours,1.7350000000000136
11.40913121393142,3,100,998,5,500,core,Ours,1.7350000000000136
10.291405588414232,3,100,998,5,500,A1,HOSVD,2.324999999999932
0.13142318314590146,3,100,998,5,500,A2,HOSVD,2.324999999999932
2.5209590028575004,3,100,998,5,500,A3,HOSVD,2.324999999999932
11.414515929504912,3,100,998,5,500,core,HOSVD,2.324999999999932
10.179834028269296,3,100,998,5,500,A1,HOOI,1.6580000000000155
0.09685620302778739,3,100,998,5,500,A2,HOOI,1.6580000000000155
2.5107462090881474,3,100,998,5,500,A3,HOOI,1.6580000000000155
11.441480125099712,3,100,998,5,500,core,HOOI,1.6580000000000155
7.109332009729246,3,100,998,5,500,A1,Olga,2.6049999999999045
0.2095878296940803,3,100,998,5,500,A2,Olga,2.6049999999999045
2.9358268187480885,3,100,998,5,500,A3,Tracy,2.6049999999999045
11.418306084996944,3,100,998,5,500,core,Tracy_Olga,2.6049999999999045
11.406530496550264,3,100,4909,5,500,A1,NTD,167.356
5.008220440719585,3,100,4909,5,500,A2,NTD,167.356
4906.212539843866,3,100,4909,5,500,A3,NTD,167.356
10.867803371853055,3,100,4909,5,500,core,NTD,167.356
8.322324485496637,3,100,4909,5,500,A1,Ours,16.412999999999897
0.0882049035150024,3,100,4909,5,500,A2,Ours,16.412999999999897
4.979960326608319,3,100,4909,5,500,A3,Ours,16.412999999999897
13.279892980851578,3,100,4909,5,500,core,Ours,16.412999999999897
8.322324485496637,3,100,4909,5,500,A1,HOSVD,6.371999999999957
0.0882049035150024,3,100,4909,5,500,A2,HOSVD,6.371999999999957
2.555997013181542,3,100,4909,5,500,A3,HOSVD,6.371999999999957
11.669476102966957,3,100,4909,5,500,core,HOSVD,6.371999999999957
8.181106034701076,3,100,4909,5,500,A1,HOOI,6.576999999999998
0.08978402654502275,3,100,4909,5,500,A2,HOOI,6.576999999999998
2.570819273206667,3,100,4909,5,500,A3,HOOI,6.576999999999998
11.662069549330491,3,100,4909,5,500,core,HOOI,6.576999999999998
14.264150346508966,3,100,4909,5,500,A1,Olga,4.456999999999994
2.8582754159551484,3,100,4909,5,500,A2,Olga,4.456999999999994
2.948182733806208,3,100,4909,5,500,A3,Tracy,4.456999999999994
12.411328891553223,3,100,4909,5,500,core,Tracy_Olga,4.456999999999994
31.523882723950507,3,100,9601,5,500,A1,NTD,318.845
3.0082324134922076,3,100,9601,5,500,A2,NTD,318.845
9598.312182322994,3,100,9601,5,500,A3,NTD,318.845
11.4100228289178,3,100,9601,5,500,core,NTD,318.845
10.67940562519965,3,100,9601,5,500,A1,Ours,17.034000000000106
0.07576353617756218,3,100,9601,5,500,A2,Ours,17.034000000000106
5.436615245495082,3,100,9601,5,500,A3,Ours,17.034000000000106
13.057966115460633,3,100,9601,5,500,core,Ours,17.034000000000106
10.67940562519965,3,100,9601,5,500,A1,HOSVD,8.741999999999962
0.07576353617756218,3,100,9601,5,500,A2,HOSVD,8.741999999999962
4.858344328028788,3,100,9601,5,500,A3,HOSVD,8.741999999999962
9.376079568174278,3,100,9601,5,500,core,HOSVD,8.741999999999962
19.63722322312054,3,100,9601,5,500,A1,Olga,12.238000000000056
3.1630617016566176,3,100,9601,5,500,A2,Olga,12.238000000000056
2.9999920793527104,3,100,9601,5,500,A3,Tracy,12.238000000000056
11.267443456129866,3,100,9601,5,500,core,Tracy_Olga,12.238000000000056
11.268497993536393,3,100,999,5,1000,A1,NTD,28.352999999999838
1.6770470775535684,3,100,999,5,1000,A2,NTD,28.352999999999838
996.0547640070313,3,100,999,5,1000,A3,NTD,28.352999999999838
9.585571051567307,3,100,999,5,1000,core,NTD,28.352999999999838
7.398391938508448,3,100,999,5,1000,A1,Ours,2.5729999999998654
0.046044695151008765,3,100,999,5,1000,A2,Ours,2.5729999999998654
2.7217861558058196,3,100,999,5,1000,A3,Ours,2.5729999999998654
11.704412136014813,3,100,999,5,1000,core,Ours,2.5729999999998654
7.398391938508448,3,100,999,5,1000,A1,HOSVD,2.606999999999971
0.046044695151008765,3,100,999,5,1000,A2,HOSVD,2.606999999999971
2.7172611542270233,3,100,999,5,1000,A3,HOSVD,2.606999999999971
11.704069294572864,3,100,999,5,1000,core,HOSVD,2.606999999999971
7.437567790626119,3,100,999,5,1000,A1,HOOI,3.9529999999999745
0.023620558803380903,3,100,999,5,1000,A2,HOOI,3.9529999999999745
2.7102296593920414,3,100,999,5,1000,A3,HOOI,3.9529999999999745
11.704797503400876,3,100,999,5,1000,core,HOOI,3.9529999999999745
5.72747860008453,3,100,999,5,1000,A1,Olga,3.536999999999807
0.2611631251335622,3,100,999,5,1000,A2,Olga,3.536999999999807
3.015586201358268,3,100,999,5,1000,A3,Tracy,3.536999999999807
11.543037975080022,3,100,999,5,1000,core,Tracy_Olga,3.536999999999807
21.371662098022703,3,100,4948,5,1000,A1,NTD,161.769
3.4340133291857904,3,100,4948,5,1000,A2,NTD,161.769
4945.135738408653,3,100,4948,5,1000,A3,NTD,161.769
7.720174971093008,3,100,4948,5,1000,core,NTD,161.769
9.788995125652704,3,100,4948,5,1000,A1,Ours,5.4249999999999545
0.09135853051124096,3,100,4948,5,1000,A2,Ours,5.4249999999999545
2.8635797116243595,3,100,4948,5,1000,A3,Ours,5.4249999999999545
11.536710287334225,3,100,4948,5,1000,core,Ours,5.4249999999999545
9.788995125652704,3,100,4948,5,1000,A1,HOSVD,1.8889999999998963
0.09135853051124096,3,100,4948,5,1000,A2,HOSVD,1.8889999999998963
2.513252727504838,3,100,4948,5,1000,A3,HOSVD,1.8889999999998963
11.658124078156515,3,100,4948,5,1000,core,HOSVD,1.8889999999998963
9.607526584067294,3,100,4948,5,1000,A1,HOOI,5.050999999999931
0.07846702428111535,3,100,4948,5,1000,A2,HOOI,5.050999999999931
4.820269784396033,3,100,4948,5,1000,A3,HOOI,5.050999999999931
8.326472495677992,3,100,4948,5,1000,core,HOOI,5.050999999999931
8.838580432523589,3,100,4948,5,1000,A1,Olga,2.5700000000001637
1.1643905693382115,3,100,4948,5,1000,A2,Olga,2.5700000000001637
2.8873122646791134,3,100,4948,5,1000,A3,Tracy,2.5700000000001637
11.69980957774353,3,100,4948,5,1000,core,Tracy_Olga,2.5700000000001637
10.960694778059283,3,100,9802,5,1000,A1,NTD,319.201
1.0082306571420498,3,100,9802,5,1000,A2,NTD,319.201
9799.20712465556,3,100,9802,5,1000,A3,NTD,319.201
11.298605753385988,3,100,9802,5,1000,core,NTD,319.201
6.3085740424032135,3,100,9802,5,1000,A1,Ours,17.787000000000035
0.15029693324938317,3,100,9802,5,1000,A2,Ours,17.787000000000035
5.022015846019683,3,100,9802,5,1000,A3,Ours,17.787000000000035
10.925358695206864,3,100,9802,5,1000,core,Ours,17.787000000000035
6.3085740424032135,3,100,9802,5,1000,A1,HOSVD,8.115000000000009
0.15029693324938317,3,100,9802,5,1000,A2,HOSVD,8.115000000000009
2.5646538132184094,3,100,9802,5,1000,A3,HOSVD,8.115000000000009
11.649489895328795,3,100,9802,5,1000,core,HOSVD,8.115000000000009
6.154959037896884,3,100,9802,5,1000,A1,HOOI,23.375
0.132666062230113,3,100,9802,5,1000,A2,HOOI,23.375
3.6613077126895046,3,100,9802,5,1000,A3,HOOI,23.375
8.67120424240534,3,100,9802,5,1000,core,HOOI,23.375
12.174570549108184,3,100,9802,5,1000,A1,Olga,16.14799999999991
3.4534239428139872,3,100,9802,5,1000,A2,Olga,16.14799999999991
2.9606981771504652,3,100,9802,5,1000,A3,Tracy,16.14799999999991
11.395095336662727,3,100,9802,5,1000,core,Tracy_Olga,16.14799999999991
7.43733201278198,3,100,1000,5,2500,A1,NTD,28.38799999999992
1.5368561202480504,3,100,1000,5,2500,A2,NTD,28.38799999999992
997.0005994666515,3,100,1000,5,2500,A3,NTD,28.38799999999992
9.388789777988237,3,100,1000,5,2500,core,NTD,28.38799999999992
3.652024929939595,3,100,1000,5,2500,A1,Ours,6.820999999999913
0.05575524818742861,3,100,1000,5,2500,A2,Ours,6.820999999999913
0.43520288276279784,3,100,1000,5,2500,A3,Ours,6.820999999999913
11.395277161969636,3,100,1000,5,2500,core,Ours,6.820999999999913
3.652024929939595,3,100,1000,5,2500,A1,HOSVD,6.117999999999938
0.05575524818742861,3,100,1000,5,2500,A2,HOSVD,6.117999999999938
0.43415310046348654,3,100,1000,5,2500,A3,HOSVD,6.117999999999938
11.394038473425779,3,100,1000,5,2500,core,HOSVD,6.117999999999938
3.6481708444566805,3,100,1000,5,2500,A1,HOOI,7.587999999999965
0.060428838966801415,3,100,1000,5,2500,A2,HOOI,7.587999999999965
0.42785463113874467,3,100,1000,5,2500,A3,HOOI,7.587999999999965
11.393531820408109,3,100,1000,5,2500,core,HOOI,7.587999999999965
3.622335340389346,3,100,1000,5,2500,A1,Olga,5.3659999999999854
0.10179234867721439,3,100,1000,5,2500,A2,Olga,5.3659999999999854
1.4076352496985485,3,100,1000,5,2500,A3,Tracy,5.3659999999999854
11.447407304854677,3,100,1000,5,2500,core,Tracy_Olga,5.3659999999999854
13.357339018134677,3,100,4986,5,2500,A1,NTD,160.11800000000017
3.935427705646853,3,100,4986,5,2500,A2,NTD,160.11800000000017
4983.081891449884,3,100,4986,5,2500,A3,NTD,160.11800000000017
10.384164828784929,3,100,4986,5,2500,core,NTD,160.11800000000017
6.315670068588029,3,100,4986,5,2500,A1,Ours,5.126999999999953
0.05561390326116746,3,100,4986,5,2500,A2,Ours,5.126999999999953
2.5125373257004853,3,100,4986,5,2500,A3,Ours,5.126999999999953
11.660474317242825,3,100,4986,5,2500,core,Ours,5.126999999999953
6.315670068588029,3,100,4986,5,2500,A1,HOSVD,1.7400000000002365
0.05561390326116746,3,100,4986,5,2500,A2,HOSVD,1.7400000000002365
2.4831692152714306,3,100,4986,5,2500,A3,HOSVD,1.7400000000002365
11.651460027811385,3,100,4986,5,2500,core,HOSVD,1.7400000000002365
6.3273120777996485,3,100,4986,5,2500,A1,HOOI,4.4229999999997744
0.04658464975540541,3,100,4986,5,2500,A2,HOOI,4.4229999999997744
2.483295925752581,3,100,4986,5,2500,A3,HOOI,4.4229999999997744
11.650831782010275,3,100,4986,5,2500,core,HOOI,4.4229999999997744
4.5140978486980865,3,100,4986,5,2500,A1,Olga,2.731999999999971
0.5065580455076287,3,100,4986,5,2500,A2,Olga,2.731999999999971
2.8609595548073705,3,100,4986,5,2500,A3,Tracy,2.731999999999971
11.690542858394117,3,100,4986,5,2500,core,Tracy_Olga,2.731999999999971
5.544636054892015,3,100,9926,5,2500,A1,NTD,333.74299999999994
3.020323149352468,3,100,9926,5,2500,A2,NTD,333.74299999999994
9923.110829640504,3,100,9926,5,2500,A3,NTD,333.74299999999994
9.614755113568002,3,100,9926,5,2500,core,NTD,333.74299999999994
3.605034328710724,3,100,9926,5,2500,A1,Ours,14.63000000000011
0.007025683119102999,3,100,9926,5,2500,A2,Ours,14.63000000000011
2.8811031959642177,3,100,9926,5,2500,A3,Ours,14.63000000000011
11.400338654592485,3,100,9926,5,2500,core,Ours,14.63000000000011
3.605034328710724,3,100,9926,5,2500,A1,HOSVD,3.4470000000001164
0.007025683119102999,3,100,9926,5,2500,A2,HOSVD,3.4470000000001164
2.534864522987032,3,100,9926,5,2500,A3,HOSVD,3.4470000000001164
11.689700743748086,3,100,9926,5,2500,core,HOSVD,3.4470000000001164
3.594464379951462,3,100,9926,5,2500,A1,HOOI,13.262000000000171
0.016300590460893494,3,100,9926,5,2500,A2,HOOI,13.262000000000171
2.5403040715961094,3,100,9926,5,2500,A3,HOOI,13.262000000000171
11.694312538871685,3,100,9926,5,2500,core,HOOI,13.262000000000171
4.483451921528801,3,100,9926,5,2500,A1,Olga,7.680000000000291
1.3595413173001534,3,100,9926,5,2500,A2,Olga,7.680000000000291
2.925827685860078,3,100,9926,5,2500,A3,Tracy,7.680000000000291
12.60025140612755,3,100,9926,5,2500,core,Tracy_Olga,7.680000000000291
11.63341028164022,3,100,1000,5,5000,A1,NTD,28.51200000000017
1.114872825899583,3,100,1000,5,5000,A2,NTD,28.51200000000017
997.0002973779652,3,100,1000,5,5000,A3,NTD,28.51200000000017
11.183821748262718,3,100,1000,5,5000,core,NTD,28.51200000000017
3.989815781193599,3,100,1000,5,5000,A1,Ours,0.7309999999997672
0.013677007193051038,3,100,1000,5,5000,A2,Ours,0.7309999999997672
0.3120869746174218,3,100,1000,5,5000,A3,Ours,0.7309999999997672
11.38879945763094,3,100,1000,5,5000,core,Ours,0.7309999999997672
3.989815781193599,3,100,1000,5,5000,A1,HOSVD,1.7820000000001528
0.013677007193051038,3,100,1000,5,5000,A2,HOSVD,1.7820000000001528
0.31191176381690483,3,100,1000,5,5000,A3,HOSVD,1.7820000000001528
11.388870308241554,3,100,1000,5,5000,core,HOSVD,1.7820000000001528
4.004476059036559,3,100,1000,5,5000,A1,HOOI,2.237999999999829
0.00542192797122932,3,100,1000,5,5000,A2,HOOI,2.237999999999829
0.3226578496044411,3,100,1000,5,5000,A3,HOOI,2.237999999999829
11.390226685943452,3,100,1000,5,5000,core,HOOI,2.237999999999829
3.069841789325268,3,100,1000,5,5000,A1,Olga,2.099999999999909
0.09358528615090096,3,100,1000,5,5000,A2,Olga,2.099999999999909
1.3918789097642128,3,100,1000,5,5000,A3,Tracy,2.099999999999909
11.36298753647148,3,100,1000,5,5000,core,Tracy_Olga,2.099999999999909
9.137213070893242,3,100,4995,5,5000,A1,NTD,163.26999999999998
1.4032185075541153,3,100,4995,5,5000,A2,NTD,163.26999999999998
4992.132128921739,3,100,4995,5,5000,A3,NTD,163.26999999999998
9.575824199065403,3,100,4995,5,5000,core,NTD,163.26999999999998
2.511779056702133,3,100,4995,5,5000,A1,Ours,5.378000000000156
0.042468025151993126,3,100,4995,5,5000,A2,Ours,5.378000000000156
2.5119116379886397,3,100,4995,5,5000,A3,Ours,5.378000000000156
11.577436128155341,3,100,4995,5,5000,core,Ours,5.378000000000156
2.511779056702133,3,100,4995,5,5000,A1,HOSVD,1.9920000000001892
0.042468025151993126,3,100,4995,5,5000,A2,HOSVD,1.9920000000001892
2.504148356911288,3,100,4995,5,5000,A3,HOSVD,1.9920000000001892
11.575930326526096,3,100,4995,5,5000,core,HOSVD,1.9920000000001892
2.4949247091805575,3,100,4995,5,5000,A1,HOOI,4.436999999999898
0.03417364705154814,3,100,4995,5,5000,A2,HOOI,4.436999999999898
2.5101312488884195,3,100,4995,5,5000,A3,HOOI,4.436999999999898
11.590817511994956,3,100,4995,5,5000,core,HOOI,4.436999999999898
2.9238997919592458,3,100,4995,5,5000,A1,Olga,2.563000000000102
0.254789624796128,3,100,4995,5,5000,A2,Olga,2.563000000000102
2.8975536105788198,3,100,4995,5,5000,A3,Tracy,2.563000000000102
11.607739301465665,3,100,4995,5,5000,core,Tracy_Olga,2.563000000000102
6.188714109677883,3,100,9971,5,5000,A1,NTD,325.59900000000016
0.6864553223606316,3,100,9971,5,5000,A2,NTD,325.59900000000016
9968.066578227383,3,100,9971,5,5000,A3,NTD,325.59900000000016
11.31704779545039,3,100,9971,5,5000,core,NTD,325.59900000000016
3.284232764229534,3,100,9971,5,5000,A1,Ours,14.735999999999876
0.04329276638995081,3,100,9971,5,5000,A2,Ours,14.735999999999876
2.5578657072646958,3,100,9971,5,5000,A3,Ours,14.735999999999876
11.662075564859384,3,100,9971,5,5000,core,Ours,14.735999999999876
3.284232764229534,3,100,9971,5,5000,A1,HOSVD,3.8220000000001164
0.04329276638995081,3,100,9971,5,5000,A2,HOSVD,3.8220000000001164
2.528106128930604,3,100,9971,5,5000,A3,HOSVD,3.8220000000001164
11.653660658570905,3,100,9971,5,5000,core,HOSVD,3.8220000000001164
3.282187833609647,3,100,9971,5,5000,A1,HOOI,11.369000000000142
0.03428605294047119,3,100,9971,5,5000,A2,HOOI,11.369000000000142
2.5296748209894893,3,100,9971,5,5000,A3,HOOI,11.369000000000142
11.653794474123409,3,100,9971,5,5000,core,HOOI,11.369000000000142
3.6547732585578854,3,100,9971,5,5000,A1,Olga,8.610999999999876
0.3901276053656274,3,100,9971,5,5000,A2,Olga,8.610999999999876
2.9151810263297606,3,100,9971,5,5000,A3,Tracy,8.610999999999876
11.681933216083618,3,100,9971,5,5000,core,Tracy_Olga,8.610999999999876
7.611981258950943,3,100,1000,5,6000,A1,NTD,29.490000000000236
0.9503079279073045,3,100,1000,5,6000,A2,NTD,29.490000000000236
997.0001058882596,3,100,1000,5,6000,A3,NTD,29.490000000000236
9.961975310917737,3,100,1000,5,6000,core,NTD,29.490000000000236
2.730718987223739,3,100,1000,5,6000,A1,Ours,3.4919999999997344
0.01885341766112195,3,100,1000,5,6000,A2,Ours,3.4919999999997344
0.12280903618454671,3,100,1000,5,6000,A3,Ours,3.4919999999997344
11.484505367895103,3,100,1000,5,6000,core,Ours,3.4919999999997344
2.730718987223739,3,100,1000,5,6000,A1,HOSVD,4.869999999999891
0.01885341766112195,3,100,1000,5,6000,A2,HOSVD,4.869999999999891
0.1227311401905438,3,100,1000,5,6000,A3,HOSVD,4.869999999999891
11.484079246175389,3,100,1000,5,6000,core,HOSVD,4.869999999999891
2.742002438909868,3,100,1000,5,6000,A1,HOOI,4.792999999999665
0.020338337139559556,3,100,1000,5,6000,A2,HOOI,4.792999999999665
0.12286218311337624,3,100,1000,5,6000,A3,HOOI,4.792999999999665
11.484907750435015,3,100,1000,5,6000,core,HOOI,4.792999999999665
2.9168527242678586,3,100,1000,5,6000,A1,Olga,2.9299999999998363
0.053957084708689894,3,100,1000,5,6000,A2,Olga,2.9299999999998363
1.3589907319669128,3,100,1000,5,6000,A3,Tracy,2.9299999999998363
11.456040664199893,3,100,1000,5,6000,core,Tracy_Olga,2.9299999999998363
8.634014318644548,3,100,4993,5,6000,A1,NTD,168.4659999999999
1.128032882817982,3,100,4993,5,6000,A2,NTD,168.4659999999999
4990.028233850313,3,100,4993,5,6000,A3,NTD,168.4659999999999
12.58106871940832,3,100,4993,5,6000,core,NTD,168.4659999999999
3.2726305690737156,3,100,4993,5,6000,A1,Ours,5.333000000000084
0.03244382277409079,3,100,4993,5,6000,A2,Ours,5.333000000000084
2.493728504466463,3,100,4993,5,6000,A3,Ours,5.333000000000084
11.547625469618627,3,100,4993,5,6000,core,Ours,5.333000000000084
3.2726305690737156,3,100,4993,5,6000,A1,HOSVD,1.8730000000000473
0.03244382277409079,3,100,4993,5,6000,A2,HOSVD,1.8730000000000473
2.488256997204092,3,100,4993,5,6000,A3,HOSVD,1.8730000000000473
11.546473019804,3,100,4993,5,6000,core,HOSVD,1.8730000000000473
3.275489328184484,3,100,4993,5,6000,A1,HOOI,4.858999999999924
0.029448883481569498,3,100,4993,5,6000,A2,HOOI,4.858999999999924
2.4908871179340495,3,100,4993,5,6000,A3,HOOI,4.858999999999924
11.549042232676435,3,100,4993,5,6000,core,HOOI,4.858999999999924
3.11058653581578,3,100,4993,5,6000,A1,Olga,2.9459999999999127
0.22909507225764103,3,100,4993,5,6000,A2,Olga,2.9459999999999127
2.892165194065807,3,100,4993,5,6000,A3,Tracy,2.9459999999999127
11.5499402460371,3,100,4993,5,6000,core,Tracy_Olga,2.9459999999999127
6.179492449492161,3,100,9970,5,6000,A1,NTD,334.4380000000001
2.8687613320137375,3,100,9970,5,6000,A2,NTD,334.4380000000001
9967.060994207193,3,100,9970,5,6000,A3,NTD,334.4380000000001
9.290360409782052,3,100,9970,5,6000,core,NTD,334.4380000000001
3.2703431469566318,3,100,9970,5,6000,A1,Ours,15.300000000000182
0.01862920789106949,3,100,9970,5,6000,A2,Ours,15.300000000000182
2.548443466599184,3,100,9970,5,6000,A3,Ours,15.300000000000182
11.664484546810293,3,100,9970,5,6000,core,Ours,15.300000000000182
3.2703431469566318,3,100,9970,5,6000,A1,HOSVD,4.596000000000004
0.01862920789106949,3,100,9970,5,6000,A2,HOSVD,4.596000000000004
2.52783051501528,3,100,9970,5,6000,A3,HOSVD,4.596000000000004
11.658895086208979,3,100,9970,5,6000,core,HOSVD,4.596000000000004
3.2664878072692027,3,100,9970,5,6000,A1,HOOI,12.510999999999967
0.023045267952928473,3,100,9970,5,6000,A2,HOOI,12.510999999999967
2.5250043147857655,3,100,9970,5,6000,A3,HOOI,12.510999999999967
11.648505027885763,3,100,9970,5,6000,core,HOOI,12.510999999999967
3.7824913315156534,3,100,9970,5,6000,A1,Olga,6.736999999999625
0.3819869678045935,3,100,9970,5,6000,A2,Olga,6.736999999999625
2.9229856182426817,3,100,9970,5,6000,A3,Tracy,6.736999999999625
11.663889788970696,3,100,9970,5,6000,core,Tracy_Olga,6.736999999999625
3.214850461346602,3,100,1000,5,7000,A1,NTD,28.840999999999894
0.3284748603380934,3,100,1000,5,7000,A2,NTD,28.840999999999894
997.0000302851769,3,100,1000,5,7000,A3,NTD,28.840999999999894
13.826803946119368,3,100,1000,5,7000,core,NTD,28.840999999999894
3.1125263972134287,3,100,1000,5,7000,A1,Ours,2.2169999999996435
0.01323839854143217,3,100,1000,5,7000,A2,Ours,2.2169999999996435
0.07463364376781192,3,100,1000,5,7000,A3,Ours,2.2169999999996435
11.46738333207971,3,100,1000,5,7000,core,Ours,2.2169999999996435
3.1125263972134287,3,100,1000,5,7000,A1,HOSVD,2.3789999999999054
0.01323839854143217,3,100,1000,5,7000,A2,HOSVD,2.3789999999999054
0.07465662921931256,3,100,1000,5,7000,A3,HOSVD,2.3789999999999054
11.467330294522519,3,100,1000,5,7000,core,HOSVD,2.3789999999999054
3.1052650514988627,3,100,1000,5,7000,A1,HOOI,1.6130000000002838
0.015130897709429622,3,100,1000,5,7000,A2,HOOI,1.6130000000002838
0.07469537434353929,3,100,1000,5,7000,A3,HOOI,1.6130000000002838
11.467855659045789,3,100,1000,5,7000,core,HOOI,1.6130000000002838
2.2056271039365916,3,100,1000,5,7000,A1,Olga,1.7339999999999236
0.03241056561085594,3,100,1000,5,7000,A2,Olga,1.7339999999999236
1.3435235672220087,3,100,1000,5,7000,A3,Tracy,1.7339999999999236
11.455416553824918,3,100,1000,5,7000,core,Tracy_Olga,1.7339999999999236
4.2760307196545035,3,100,4996,5,7000,A1,NTD,159.96500000000015
0.8065673598330376,3,100,4996,5,7000,A2,NTD,159.96500000000015
4993.0470695291715,3,100,4996,5,7000,A3,NTD,159.96500000000015
12.053377658039832,3,100,4996,5,7000,core,NTD,159.96500000000015
3.260534327432655,3,100,4996,5,7000,A1,Ours,10.835000000000036
0.02124315995808941,3,100,4996,5,7000,A2,Ours,10.835000000000036
2.472080848345827,3,100,4996,5,7000,A3,Ours,10.835000000000036
11.687484125271217,3,100,4996,5,7000,core,Ours,10.835000000000036
3.260534327432655,3,100,4996,5,7000,A1,HOSVD,9.080999999999676
0.02124315995808941,3,100,4996,5,7000,A2,HOSVD,9.080999999999676
2.4681816354432895,3,100,4996,5,7000,A3,HOSVD,9.080999999999676
11.68639485306068,3,100,4996,5,7000,core,HOSVD,9.080999999999676
3.2426834723686446,3,100,4996,5,7000,A1,HOOI,9.44399999999996
0.019585721592583868,3,100,4996,5,7000,A2,HOOI,9.44399999999996
2.467794755448985,3,100,4996,5,7000,A3,HOOI,9.44399999999996
11.689155444474446,3,100,4996,5,7000,core,HOOI,9.44399999999996
2.444544029069732,3,100,4996,5,7000,A1,Olga,7.927000000000135
0.09540079523417483,3,100,4996,5,7000,A2,Olga,7.927000000000135
2.879998740385865,3,100,4996,5,7000,A3,Tracy,7.927000000000135
11.653847742396648,3,100,4996,5,7000,core,Tracy_Olga,7.927000000000135
5.903238682924077,3,100,9976,5,7000,A1,NTD,326.0519999999997
1.0157869001558617,3,100,9976,5,7000,A2,NTD,326.0519999999997
9973.051788586567,3,100,9976,5,7000,A3,NTD,326.0519999999997
12.4502930177619,3,100,9976,5,7000,core,NTD,326.0519999999997
3.196887138984185,3,100,9976,5,7000,A1,Ours,16.670000000000073
0.017388410357476035,3,100,9976,5,7000,A2,Ours,16.670000000000073
2.530347504914465,3,100,9976,5,7000,A3,Ours,16.670000000000073
11.661627343301223,3,100,9976,5,7000,core,Ours,16.670000000000073
3.196887138984185,3,100,9976,5,7000,A1,HOSVD,4.8659999999999854
0.017388410357476035,3,100,9976,5,7000,A2,HOSVD,4.8659999999999854
2.5151295060803673,3,100,9976,5,7000,A3,HOSVD,4.8659999999999854
11.657574943469601,3,100,9976,5,7000,core,HOSVD,4.8659999999999854
3.1729121350835903,3,100,9976,5,7000,A1,HOOI,13.831000000000131
0.017446051686878267,3,100,9976,5,7000,A2,HOOI,13.831000000000131
2.518486706707466,3,100,9976,5,7000,A3,HOOI,13.831000000000131
11.66408915393007,3,100,9976,5,7000,core,HOOI,13.831000000000131
3.1853072865626637,3,100,9976,5,7000,A1,Olga,6.66399999999976
0.34367973188581297,3,100,9976,5,7000,A2,Olga,6.66399999999976
2.9003711952290856,3,100,9976,5,7000,A3,Tracy,6.66399999999976
11.649262672776517,3,100,9976,5,7000,core,Tracy_Olga,6.66399999999976
12.03074700327292,3,100,1000,5,8000,A1,NTD,28.591999999999643
1.395279939163488,3,100,1000,5,8000,A2,NTD,28.591999999999643
997.0000985364513,3,100,1000,5,8000,A3,NTD,28.591999999999643
10.537848647062201,3,100,1000,5,8000,core,NTD,28.591999999999643
1.5885452782294778,3,100,1000,5,8000,A1,Ours,0.48799999999937427
0.01351302241482215,3,100,1000,5,8000,A2,Ours,0.48799999999937427
0.07001607938568591,3,100,1000,5,8000,A3,Ours,0.48799999999937427
11.503357077909088,3,100,1000,5,8000,core,Ours,0.48799999999937427
1.5885452782294778,3,100,1000,5,8000,A1,HOSVD,0.40500000000065484
0.01351302241482215,3,100,1000,5,8000,A2,HOSVD,0.40500000000065484
0.07001835943366895,3,100,1000,5,8000,A3,HOSVD,0.40500000000065484
11.503317802179245,3,100,1000,5,8000,core,HOSVD,0.40500000000065484
1.5971290288020075,3,100,1000,5,8000,A1,HOOI,0.7950000000000728
0.015371726870905758,3,100,1000,5,8000,A2,HOOI,0.7950000000000728
0.06997584042573608,3,100,1000,5,8000,A3,HOOI,0.7950000000000728
11.503234211452122,3,100,1000,5,8000,core,HOOI,0.7950000000000728
2.4100543876163445,3,100,1000,5,8000,A1,Olga,0.5850000000000364
0.051617764701018046,3,100,1000,5,8000,A2,Olga,0.5850000000000364
1.3404983621500919,3,100,1000,5,8000,A3,Tracy,0.5850000000000364
11.468874553381996,3,100,1000,5,8000,core,Tracy_Olga,0.5850000000000364
8.838167157101674,3,100,4997,5,8000,A1,NTD,162.04799999999977
0.19930134494347113,3,100,4997,5,8000,A2,NTD,162.04799999999977
4994.027040700214,3,100,4997,5,8000,A3,NTD,162.04799999999977
11.445670755876915,3,100,4997,5,8000,core,NTD,162.04799999999977
2.9637336703577946,3,100,4997,5,8000,A1,Ours,5.838999999999942
0.024014493022648874,3,100,4997,5,8000,A2,Ours,5.838999999999942
2.4560838867572325,3,100,4997,5,8000,A3,Ours,5.838999999999942
14.324726520280532,3,100,4997,5,8000,core,Ours,5.838999999999942
2.9637336703577946,3,100,4997,5,8000,A1,HOSVD,2.811000000000604
0.024014493022648874,3,100,4997,5,8000,A2,HOSVD,2.811000000000604
2.452604684410484,3,100,4997,5,8000,A3,HOSVD,2.811000000000604
14.320129264055923,3,100,4997,5,8000,core,HOSVD,2.811000000000604
2.9629431190291635,3,100,4997,5,8000,A1,HOOI,4.941000000000713
0.022788828499288986,3,100,4997,5,8000,A2,HOOI,4.941000000000713
2.4535821294853917,3,100,4997,5,8000,A3,HOOI,4.941000000000713
14.319805813653232,3,100,4997,5,8000,core,HOOI,4.941000000000713
1.7925734857293314,3,100,4997,5,8000,A1,Olga,3.050999999999476
0.12222807048525879,3,100,4997,5,8000,A2,Olga,3.050999999999476
2.965808315688357,3,100,4997,5,8000,A3,Tracy,3.050999999999476
11.435385358248299,3,100,4997,5,8000,core,Tracy_Olga,3.050999999999476
10.724252509677267,3,100,9979,5,8000,A1,NTD,347.451
2.120747715489206,3,100,9979,5,8000,A2,NTD,347.451
9976.056057323864,3,100,9979,5,8000,A3,NTD,347.451
12.810489197804312,3,100,9979,5,8000,core,NTD,347.451
3.733220178201621,3,100,9979,5,8000,A1,Ours,16.269999999999527
0.01730010563908714,3,100,9979,5,8000,A2,Ours,16.269999999999527
2.525282661608127,3,100,9979,5,8000,A3,Ours,16.269999999999527
11.67014968289253,3,100,9979,5,8000,core,Ours,16.269999999999527
3.733220178201621,3,100,9979,5,8000,A1,HOSVD,3.354000000000269
0.01730010563908714,3,100,9979,5,8000,A2,HOSVD,3.354000000000269
2.5137260568814312,3,100,9979,5,8000,A3,HOSVD,3.354000000000269
11.667031696950852,3,100,9979,5,8000,core,HOSVD,3.354000000000269
3.742633158779907,3,100,9979,5,8000,A1,HOOI,13.905999999999949
0.022367051942576398,3,100,9979,5,8000,A2,HOOI,13.905999999999949
2.518956064437854,3,100,9979,5,8000,A3,HOOI,13.905999999999949
11.673197694385761,3,100,9979,5,8000,core,HOOI,13.905999999999949
1.8256521159275025,3,100,9979,5,8000,A1,Olga,7.139999999999418
0.2509295016294309,3,100,9979,5,8000,A2,Olga,7.139999999999418
2.8998162340871376,3,100,9979,5,8000,A3,Tracy,7.139999999999418
11.674397358477881,3,100,9979,5,8000,core,Tracy_Olga,7.139999999999418
7.3530383491226985,3,100,1000,5,9000,A1,NTD,29.069000000000415
2.0670991793477675,3,100,1000,5,9000,A2,NTD,29.069000000000415
997.0001610866976,3,100,1000,5,9000,A3,NTD,29.069000000000415
9.32348301297129,3,100,1000,5,9000,core,NTD,29.069000000000415
3.3688525381741194,3,100,1000,5,9000,A1,Ours,0.47299999999995634
0.00915962993875176,3,100,1000,5,9000,A2,Ours,0.47299999999995634
0.06456663810208267,3,100,1000,5,9000,A3,Ours,0.47299999999995634
11.492360425710675,3,100,1000,5,9000,core,Ours,0.47299999999995634
3.3688525381741194,3,100,1000,5,9000,A1,HOSVD,0.3819999999996071
0.00915962993875176,3,100,1000,5,9000,A2,HOSVD,0.3819999999996071
0.06457421607385903,3,100,1000,5,9000,A3,HOSVD,0.3819999999996071
11.492333959635413,3,100,1000,5,9000,core,HOSVD,0.3819999999996071
3.370346043112337,3,100,1000,5,9000,A1,HOOI,0.6720000000004802
0.00995184320012391,3,100,1000,5,9000,A2,HOOI,0.6720000000004802
0.06450071374425452,3,100,1000,5,9000,A3,HOOI,0.6720000000004802
11.492464182009883,3,100,1000,5,9000,core,HOOI,0.6720000000004802
2.1868272188500053,3,100,1000,5,9000,A1,Olga,0.5290000000004511
0.028168582481640787,3,100,1000,5,9000,A2,Olga,0.5290000000004511
1.3415654359324003,3,100,1000,5,9000,A3,Tracy,0.5290000000004511
11.477248540312148,3,100,1000,5,9000,core,Tracy_Olga,0.5290000000004511
14.714962176991774,3,100,4998,5,9000,A1,NTD,155.74099999999999
1.1989769980982268,3,100,4998,5,9000,A2,NTD,155.74099999999999
4995.028615635403,3,100,4998,5,9000,A3,NTD,155.74099999999999
9.06864684579579,3,100,4998,5,9000,core,NTD,155.74099999999999
2.6338544800351644,3,100,4998,5,9000,A1,Ours,4.880000000000109
0.021312842561894103,3,100,4998,5,9000,A2,Ours,4.880000000000109
2.4584843799512006,3,100,4998,5,9000,A3,Ours,4.880000000000109
11.566394923035931,3,100,4998,5,9000,core,Ours,4.880000000000109
2.6338544800351644,3,100,4998,5,9000,A1,HOSVD,1.7479999999995925
0.021312842561894103,3,100,4998,5,9000,A2,HOSVD,1.7479999999995925
2.456077968689122,3,100,4998,5,9000,A3,HOSVD,1.7479999999995925
11.566687375218423,3,100,4998,5,9000,core,HOSVD,1.7479999999995925
2.645759006407107,3,100,4998,5,9000,A1,HOOI,4.677999999999884
0.0213369287418469,3,100,4998,5,9000,A2,HOOI,4.677999999999884
2.4582426833567252,3,100,4998,5,9000,A3,HOOI,4.677999999999884
11.571515580389388,3,100,4998,5,9000,core,HOOI,4.677999999999884
1.8487189524594256,3,100,4998,5,9000,A1,Olga,2.6210000000000946
0.1090080443226897,3,100,4998,5,9000,A2,Olga,2.6210000000000946
2.904341367103872,3,100,4998,5,9000,A3,Tracy,2.6210000000000946
11.552081031288774,3,100,4998,5,9000,core,Tracy_Olga,2.6210000000000946
12.89259921589299,3,100,9982,5,9000,A1,NTD,339.96000000000004
2.0062980459363584,3,100,9982,5,9000,A2,NTD,339.96000000000004
9979.049083069343,3,100,9982,5,9000,A3,NTD,339.96000000000004
11.797476999357015,3,100,9982,5,9000,core,NTD,339.96000000000004
1.937201978427833,3,100,9982,5,9000,A1,Ours,15.425000000000182
0.03924932445858473,3,100,9982,5,9000,A2,Ours,15.425000000000182
2.5196070679271023,3,100,9982,5,9000,A3,Ours,15.425000000000182
11.677760152642076,3,100,9982,5,9000,core,Ours,15.425000000000182
1.937201978427833,3,100,9982,5,9000,A1,HOSVD,3.3450000000002547
0.03924932445858473,3,100,9982,5,9000,A2,HOSVD,3.3450000000002547
2.5103694195979465,3,100,9982,5,9000,A3,HOSVD,3.3450000000002547
11.67526518135153,3,100,9982,5,9000,core,HOSVD,3.3450000000002547
1.9603905803899828,3,100,9982,5,9000,A1,HOOI,12.778999999999542
0.038782690025909936,3,100,9982,5,9000,A2,HOOI,12.778999999999542
2.5094428436322187,3,100,9982,5,9000,A3,HOOI,12.778999999999542
11.671414338755124,3,100,9982,5,9000,core,HOOI,12.778999999999542
2.352878230982467,3,100,9982,5,9000,A1,Olga,6.5659999999998035
0.3157479765903919,3,100,9982,5,9000,A2,Olga,6.5659999999998035
2.9030879417230375,3,100,9982,5,9000,A3,Tracy,6.5659999999998035
11.6517055792251,3,100,9982,5,9000,core,Tracy_Olga,6.5659999999998035
10.066748576799652,3,100,1000,5,10000,A1,NTD,28.412000000000262
1.6086814500955553,3,100,1000,5,10000,A2,NTD,28.412000000000262
997.0000845617635,3,100,1000,5,10000,A3,NTD,28.412000000000262
6.972970706144566,3,100,1000,5,10000,core,NTD,28.412000000000262
2.3045599197121858,3,100,1000,5,10000,A1,Ours,0.625
0.018139057079685342,3,100,1000,5,10000,A2,Ours,0.625
0.0630929471302241,3,100,1000,5,10000,A3,Ours,0.625
11.493949562539733,3,100,1000,5,10000,core,Ours,0.625
2.3045599197121858,3,100,1000,5,10000,A1,HOSVD,0.555000000000291
0.018139057079685342,3,100,1000,5,10000,A2,HOSVD,0.555000000000291
0.06305575487891102,3,100,1000,5,10000,A3,HOSVD,0.555000000000291
11.493924319830478,3,100,1000,5,10000,core,HOSVD,0.555000000000291
2.322324701750366,3,100,1000,5,10000,A1,HOOI,0.7190000000000509
0.021176592381251608,3,100,1000,5,10000,A2,HOOI,0.7190000000000509
0.06315248908964749,3,100,1000,5,10000,A3,HOOI,0.7190000000000509
11.493840795264397,3,100,1000,5,10000,core,HOOI,0.7190000000000509
2.0316417321046383,3,100,1000,5,10000,A1,Olga,0.524000000000342
0.02282510841648934,3,100,1000,5,10000,A2,Olga,0.524000000000342
1.3414339688511001,3,100,1000,5,10000,A3,Tracy,0.524000000000342
11.486028397328838,3,100,1000,5,10000,core,Tracy_Olga,0.524000000000342
7.748256625355337,3,100,4999,5,10000,A1,NTD,164.46799999999985
2.3109380077930815,3,100,4999,5,10000,A2,NTD,164.46799999999985
4996.035465042375,3,100,4999,5,10000,A3,NTD,164.46799999999985
9.056180576579475,3,100,4999,5,10000,core,NTD,164.46799999999985
2.658263803293007,3,100,4999,5,10000,A1,Ours,5.265999999999622
0.02479967015076805,3,100,4999,5,10000,A2,Ours,5.265999999999622
2.4801749355614007,3,100,4999,5,10000,A3,Ours,5.265999999999622
11.499797077534073,3,100,4999,5,10000,core,Ours,5.265999999999622
2.658263803293007,3,100,4999,5,10000,A1,HOSVD,2.1859999999996944
0.02479967015076805,3,100,4999,5,10000,A2,HOSVD,2.1859999999996944
2.478163186101965,3,100,4999,5,10000,A3,HOSVD,2.1859999999996944
11.500189269908908,3,100,4999,5,10000,core,HOSVD,2.1859999999996944
2.6510881488768514,3,100,4999,5,10000,A1,HOOI,4.774000000000342
0.024177772257556664,3,100,4999,5,10000,A2,HOOI,4.774000000000342
2.479025671573302,3,100,4999,5,10000,A3,HOOI,4.774000000000342
11.500317848358819,3,100,4999,5,10000,core,HOOI,4.774000000000342
2.0122076924199455,3,100,4999,5,10000,A1,Olga,2.5850000000000364
0.093520018312429,3,100,4999,5,10000,A2,Olga,2.5850000000000364
2.9243762013799683,3,100,4999,5,10000,A3,Tracy,2.5850000000000364
11.484012248721157,3,100,4999,5,10000,core,Tracy_Olga,2.5850000000000364
3.3746153944389765,3,100,9981,5,10000,A1,NTD,332.5159999999996
1.5246698550773081,3,100,9981,5,10000,A2,NTD,332.5159999999996
9978.034631844776,3,100,9981,5,10000,A3,NTD,332.5159999999996
11.19703516589099,3,100,9981,5,10000,core,NTD,332.5159999999996
2.5592475532569527,3,100,9981,5,10000,A1,Ours,12.342999999999847
0.034555975148745116,3,100,9981,5,10000,A2,Ours,12.342999999999847
2.516196796454732,3,100,9981,5,10000,A3,Ours,12.342999999999847
11.65773662434661,3,100,9981,5,10000,core,Ours,12.342999999999847
2.5592475532569527,3,100,9981,5,10000,A1,HOSVD,2.88799999999992
0.034555975148745116,3,100,9981,5,10000,A2,HOSVD,2.88799999999992
2.5087512796222717,3,100,9981,5,10000,A3,HOSVD,2.88799999999992
11.655854473822533,3,100,9981,5,10000,core,HOSVD,2.88799999999992
2.560098790477255,3,100,9981,5,10000,A1,HOOI,9.793999999999869
0.034254573867889354,3,100,9981,5,10000,A2,HOOI,9.793999999999869
2.509295760857455,3,100,9981,5,10000,A3,HOOI,9.793999999999869
11.659547775801963,3,100,9981,5,10000,core,HOOI,9.793999999999869
2.1135870053538697,3,100,9981,5,10000,A1,Olga,5.248000000000502
0.21841068080454967,3,100,9981,5,10000,A2,Olga,5.248000000000502
2.9024111053717094,3,100,9981,5,10000,A3,Tracy,5.248000000000502
11.645174235871295,3,100,9981,5,10000,core,Tracy_Olga,5.248000000000502
