error,K,Q1,R,Q2,M,mode,method,time
58.24609852634275,3,100,981,5,100,A1,NTD,36.374
3.6519558567123194,3,100,981,5,100,A2,NTD,36.374
978.1687005553966,3,100,981,5,100,A3,NTD,36.374
11.674298643969014,3,100,981,5,100,core,NTD,36.374
13.103799253377822,3,100,981,5,100,A1,Ours,2.9150000000000063
0.0740291349170463,3,100,981,5,100,A2,Ours,2.9150000000000063
5.022601514219273,3,100,981,5,100,A3,Ours,2.9150000000000063
10.064329754270972,3,100,981,5,100,core,Ours,2.9150000000000063
13.103799253377822,3,100,981,5,100,A1,HOSVD,4.741
0.0740291349170463,3,100,981,5,100,A2,HOSVD,4.741
2.5666763508449124,3,100,981,5,100,A3,HOSVD,4.741
6.319180651366302,3,100,981,5,100,core,HOSVD,4.741
14.66136578154103,3,100,981,5,100,A1,HOOI,7.908000000000001
0.0487759411004926,3,100,981,5,100,A2,HOOI,7.908000000000001
2.5872373983279116,3,100,981,5,100,A3,HOOI,7.908000000000001
6.319180651366302,3,100,981,5,100,core,HOOI,7.908000000000001
19.287458371053233,3,100,981,5,100,A1,Olga,6.382000000000005
0.4867090884676751,3,100,981,5,100,A2,Olga,6.382000000000005
2.8828410359279792,3,100,981,5,100,A3,Tracy,6.382000000000005
9.90973529548539,3,100,981,5,100,core,Tracy_Olga,6.382000000000005
102.10717116172,3,100,4553,5,100,A1,NTD,163.262
4.481221746236457,3,100,4553,5,100,A2,NTD,163.262
4550.449014263146,3,100,4553,5,100,A3,NTD,163.262
10.789799055448116,3,100,4553,5,100,core,NTD,163.262
15.662514900673022,3,100,4553,5,100,A1,Ours,10.177000000000021
0.04827633137891689,3,100,4553,5,100,A2,Ours,10.177000000000021
4.700259001489276,3,100,4553,5,100,A3,Ours,10.177000000000021
13.705875520926678,3,100,4553,5,100,core,Ours,10.177000000000021
15.662514900673022,3,100,4553,5,100,A1,HOSVD,11.181000000000012
0.04827633137891689,3,100,4553,5,100,A2,HOSVD,11.181000000000012
2.631993648777112,3,100,4553,5,100,A3,HOSVD,11.181000000000012
6.319180651366302,3,100,4553,5,100,core,HOSVD,11.181000000000012
40.46058155461833,3,100,4553,5,100,A1,Olga,15.225999999999999
4.136808365892681,3,100,4553,5,100,A2,Olga,15.225999999999999
3.0315510525232052,3,100,4553,5,100,A3,Tracy,15.225999999999999
9.728319548147175,3,100,4553,5,100,core,Tracy_Olga,15.225999999999999
121.05845536172056,3,100,8244,5,100,A1,NTD,286.369
2.4811994141205878,3,100,8244,5,100,A2,NTD,286.369
8241.578169560944,3,100,8244,5,100,A3,NTD,286.369
12.108393096906322,3,100,8244,5,100,core,NTD,286.369
11.784500038070496,3,100,8244,5,100,A1,Ours,33.06299999999999
0.05109686316797721,3,100,8244,5,100,A2,Ours,33.06299999999999
5.249970930145324,3,100,8244,5,100,A3,Ours,33.06299999999999
10.272097288690546,3,100,8244,5,100,core,Ours,33.06299999999999
58.34655793985381,3,100,8244,5,100,A1,Olga,7.418999999999983
4.727183988736266,3,100,8244,5,100,A2,Olga,7.418999999999983
3.8523720478043457,3,100,8244,5,100,A3,Tracy,7.418999999999983
11.445555668977324,3,100,8244,5,100,core,Tracy_Olga,7.418999999999983
3.249971258010355,3,100,996,5,500,A1,NTD,28.37399999999991
3.577127619455042,3,100,996,5,500,A2,NTD,28.37399999999991
993.0433488246972,3,100,996,5,500,A3,NTD,28.37399999999991
9.253425882813133,3,100,996,5,500,core,NTD,28.37399999999991
5.209373227274792,3,100,996,5,500,A1,Ours,1.600999999999999
0.03189432275869326,3,100,996,5,500,A2,Ours,1.600999999999999
2.476897256945453,3,100,996,5,500,A3,Ours,1.600999999999999
6.332158512413455,3,100,996,5,500,core,Ours,1.600999999999999
5.209373227274792,3,100,996,5,500,A1,HOSVD,0.6589999999999918
0.03189432275869326,3,100,996,5,500,A2,HOSVD,0.6589999999999918
2.433468512720633,3,100,996,5,500,A3,HOSVD,0.6589999999999918
6.315681728004381,3,100,996,5,500,core,HOSVD,0.6589999999999918
5.110479915340827,3,100,996,5,500,A1,HOOI,0.9560000000000173
0.027945696714632172,3,100,996,5,500,A2,HOOI,0.9560000000000173
2.426765330201483,3,100,996,5,500,A3,HOOI,0.9560000000000173
6.303160502648803,3,100,996,5,500,core,HOOI,0.9560000000000173
6.531727407008832,3,100,996,5,500,A1,Olga,0.9909999999999854
0.14582466241467432,3,100,996,5,500,A2,Olga,0.9909999999999854
2.8321667660346197,3,100,996,5,500,A3,Tracy,0.9909999999999854
9.855714715625512,3,100,996,5,500,core,Tracy_Olga,0.9909999999999854
3.8256410752862404,3,100,4912,5,500,A1,NTD,164.69899999999996
3.3104588394222296,3,100,4912,5,500,A2,NTD,164.69899999999996
4909.1922111950125,3,100,4912,5,500,A3,NTD,164.69899999999996
12.627674320450819,3,100,4912,5,500,core,NTD,164.69899999999996
5.929576033590619,3,100,4912,5,500,A1,Ours,14.870000000000005
0.04456732557208459,3,100,4912,5,500,A2,Ours,14.870000000000005
4.99911300228722,3,100,4912,5,500,A3,Ours,14.870000000000005
8.00037363234944,3,100,4912,5,500,core,Ours,14.870000000000005
5.929576033590619,3,100,4912,5,500,A1,HOSVD,7.491999999999962
0.04456732557208459,3,100,4912,5,500,A2,HOSVD,7.491999999999962
2.533708512580677,3,100,4912,5,500,A3,HOSVD,7.491999999999962
6.319180651366302,3,100,4912,5,500,core,HOSVD,7.491999999999962
6.238540334663408,3,100,4912,5,500,A1,HOOI,6.519999999999982
0.05232109999328974,3,100,4912,5,500,A2,HOOI,6.519999999999982
3.3047218798238456,3,100,4912,5,500,A3,HOOI,6.519999999999982
12.737282175685706,3,100,4912,5,500,core,HOOI,6.519999999999982
8.6329067450654,3,100,4912,5,500,A1,Olga,4.456000000000017
0.6415243529954503,3,100,4912,5,500,A2,Olga,4.456000000000017
2.90145447759352,3,100,4912,5,500,A3,Tracy,4.456000000000017
9.90973529548539,3,100,4912,5,500,core,Tracy_Olga,4.456000000000017
14.721104267560323,3,100,9606,5,500,A1,NTD,350.231
4.481186212631036,3,100,9606,5,500,A2,NTD,350.231
9603.280735410935,3,100,9606,5,500,A3,NTD,350.231
11.142478515253726,3,100,9606,5,500,core,NTD,350.231
7.490111094932817,3,100,9606,5,500,A1,Ours,18.19600000000014
0.010196259643950859,3,100,9606,5,500,A2,Ours,18.19600000000014
4.310724947732736,3,100,9606,5,500,A3,Ours,18.19600000000014
11.461128432410106,3,100,9606,5,500,core,Ours,18.19600000000014
7.490111094932817,3,100,9606,5,500,A1,HOSVD,8.346000000000004
0.010196259643950859,3,100,9606,5,500,A2,HOSVD,8.346000000000004
2.570703032366181,3,100,9606,5,500,A3,HOSVD,8.346000000000004
12.035968312819477,3,100,9606,5,500,core,HOSVD,8.346000000000004
7.459142683674044,3,100,9606,5,500,A1,HOOI,20.69100000000003
0.018815897121207594,3,100,9606,5,500,A2,HOOI,20.69100000000003
2.579496434486202,3,100,9606,5,500,A3,HOOI,20.69100000000003
12.035968312819477,3,100,9606,5,500,core,HOOI,20.69100000000003
8.801902371114736,3,100,9606,5,500,A1,Olga,7.798999999999978
4.540669633988933,3,100,9606,5,500,A2,Olga,7.798999999999978
3.8965803353034434,3,100,9606,5,500,A3,Tracy,7.798999999999978
13.983088954205252,3,100,9606,5,500,core,Tracy_Olga,7.798999999999978
3.8216035012550775,3,100,1000,5,1000,A1,NTD,27.917999999999893
4.003474368481553,3,100,1000,5,1000,A2,NTD,27.917999999999893
997.0006871117149,3,100,1000,5,1000,A3,NTD,27.917999999999893
11.924351156542444,3,100,1000,5,1000,core,NTD,27.917999999999893
4.204083643643674,3,100,1000,5,1000,A1,Ours,2.191000000000031
0.04309741652316812,3,100,1000,5,1000,A2,Ours,2.191000000000031
0.5377256843849291,3,100,1000,5,1000,A3,Ours,2.191000000000031
6.269254801038018,3,100,1000,5,1000,core,Ours,2.191000000000031
4.204083643643674,3,100,1000,5,1000,A1,HOSVD,2.2829999999999018
0.04309741652316812,3,100,1000,5,1000,A2,HOSVD,2.2829999999999018
0.5303195406988435,3,100,1000,5,1000,A3,HOSVD,2.2829999999999018
6.2624978765426755,3,100,1000,5,1000,core,HOSVD,2.2829999999999018
4.2312155469568085,3,100,1000,5,1000,A1,HOOI,1.740000000000009
0.04317170901671216,3,100,1000,5,1000,A2,HOOI,1.740000000000009
0.5431262329485151,3,100,1000,5,1000,A3,HOOI,1.740000000000009
6.252224925417992,3,100,1000,5,1000,core,HOOI,1.740000000000009
5.75670618995453,3,100,1000,5,1000,A1,Olga,2.6380000000001473
0.052000861261041996,3,100,1000,5,1000,A2,Olga,2.6380000000001473
1.48246349644489,3,100,1000,5,1000,A3,Tracy,2.6380000000001473
6.251497926613796,3,100,1000,5,1000,core,Tracy_Olga,2.6380000000001473
2.962023953500792,3,100,4962,5,1000,A1,NTD,159.99099999999999
3.3111685691507575,3,100,4962,5,1000,A2,NTD,159.99099999999999
4959.111662848493,3,100,4962,5,1000,A3,NTD,159.99099999999999
10.32668831441621,3,100,4962,5,1000,core,NTD,159.99099999999999
3.432085790165387,3,100,4962,5,1000,A1,Ours,5.489000000000033
0.013812506487618139,3,100,4962,5,1000,A2,Ours,5.489000000000033
2.8744700500787244,3,100,4962,5,1000,A3,Ours,5.489000000000033
11.50657734267672,3,100,4962,5,1000,core,Ours,5.489000000000033
3.432085790165387,3,100,4962,5,1000,A1,HOSVD,1.7719999999999345
0.013812506487618139,3,100,4962,5,1000,A2,HOSVD,1.7719999999999345
2.4988936732557057,3,100,4962,5,1000,A3,HOSVD,1.7719999999999345
6.319180651366302,3,100,4962,5,1000,core,HOSVD,1.7719999999999345
3.6652203758222286,3,100,4962,5,1000,A1,HOOI,4.614000000000033
0.0173980013456997,3,100,4962,5,1000,A2,HOOI,4.614000000000033
2.5070839027025773,3,100,4962,5,1000,A3,HOOI,4.614000000000033
6.319180651366302,3,100,4962,5,1000,core,HOOI,4.614000000000033
4.953703554718715,3,100,4962,5,1000,A1,Olga,2.408000000000129
0.2663251416202193,3,100,4962,5,1000,A2,Olga,2.408000000000129
2.8656454068150636,3,100,4962,5,1000,A3,Tracy,2.408000000000129
15.966581002665588,3,100,4962,5,1000,core,Tracy_Olga,2.408000000000129
3.691401154530386,3,100,9814,5,1000,A1,NTD,322.31500000000005
3.651906308100781,3,100,9814,5,1000,A2,NTD,322.31500000000005
9811.190163074913,3,100,9814,5,1000,A3,NTD,322.31500000000005
13.206164542459923,3,100,9814,5,1000,core,NTD,322.31500000000005
5.42348211384007,3,100,9814,5,1000,A1,Ours,21.826999999999998
0.02436828367578395,3,100,9814,5,1000,A2,Ours,21.826999999999998
5.229382406925493,3,100,9814,5,1000,A3,Ours,21.826999999999998
8.952251459080728,3,100,9814,5,1000,core,Ours,21.826999999999998
5.42348211384007,3,100,9814,5,1000,A1,HOSVD,14.323999999999842
0.02436828367578395,3,100,9814,5,1000,A2,HOSVD,14.323999999999842
2.5417070367078662,3,100,9814,5,1000,A3,HOSVD,14.323999999999842
6.319180651366302,3,100,9814,5,1000,core,HOSVD,14.323999999999842
5.434444615776719,3,100,9814,5,1000,A1,HOOI,23.105999999999995
0.030087276744498577,3,100,9814,5,1000,A2,HOOI,23.105999999999995
2.5509568750492844,3,100,9814,5,1000,A3,HOOI,23.105999999999995
6.319180651366302,3,100,9814,5,1000,core,HOOI,23.105999999999995
6.908240703589958,3,100,9814,5,1000,A1,Olga,22.351000000000113
1.3362229694106544,3,100,9814,5,1000,A2,Olga,22.351000000000113
2.9198489339830442,3,100,9814,5,1000,A3,Tracy,22.351000000000113
14.739065597305444,3,100,9814,5,1000,core,Tracy_Olga,22.351000000000113
2.9939174190480573,3,100,1000,5,2500,A1,NTD,27.15599999999995
0.6985800858855249,3,100,1000,5,2500,A2,NTD,27.15599999999995
997.0002945398662,3,100,1000,5,2500,A3,NTD,27.15599999999995
12.059653826399533,3,100,1000,5,2500,core,NTD,27.15599999999995
2.3481089421521033,3,100,1000,5,2500,A1,Ours,9.596000000000004
0.024059919006010764,3,100,1000,5,2500,A2,Ours,9.596000000000004
0.2301986444260393,3,100,1000,5,2500,A3,Ours,9.596000000000004
6.314078891057523,3,100,1000,5,2500,core,Ours,9.596000000000004
2.3481089421521033,3,100,1000,5,2500,A1,HOSVD,7.389999999999873
0.024059919006010764,3,100,1000,5,2500,A2,HOSVD,7.389999999999873
0.22936106446416507,3,100,1000,5,2500,A3,HOSVD,7.389999999999873
6.313860610495758,3,100,1000,5,2500,core,HOSVD,7.389999999999873
2.343236071916066,3,100,1000,5,2500,A1,HOOI,6.298999999999978
0.025337353391775508,3,100,1000,5,2500,A2,HOOI,6.298999999999978
0.2180819652351551,3,100,1000,5,2500,A3,HOOI,6.298999999999978
6.319603333305946,3,100,1000,5,2500,core,HOOI,6.298999999999978
2.9196520554882124,3,100,1000,5,2500,A1,Olga,7.237999999999829
0.03538329433186617,3,100,1000,5,2500,A2,Olga,7.237999999999829
1.3854369304878333,3,100,1000,5,2500,A3,Tracy,7.237999999999829
15.86674247439144,3,100,1000,5,2500,core,Tracy_Olga,7.237999999999829
2.7481015420514137,3,100,4985,5,2500,A1,NTD,158.09799999999973
3.310465781915505,3,100,4985,5,2500,A2,NTD,158.09799999999973
4982.052122645185,3,100,4985,5,2500,A3,NTD,158.09799999999973
11.828192019473642,3,100,4985,5,2500,core,NTD,158.09799999999973
1.9279823571694512,3,100,4985,5,2500,A1,Ours,5.495000000000346
0.03739168587684495,3,100,4985,5,2500,A2,Ours,5.495000000000346
2.498772951547437,3,100,4985,5,2500,A3,Ours,5.495000000000346
6.319180651366302,3,100,4985,5,2500,core,Ours,5.495000000000346
1.9279823571694512,3,100,4985,5,2500,A1,HOSVD,2.8980000000001382
0.03739168587684495,3,100,4985,5,2500,A2,HOSVD,2.8980000000001382
2.467871825009672,3,100,4985,5,2500,A3,HOSVD,2.8980000000001382
6.319180651366302,3,100,4985,5,2500,core,HOSVD,2.8980000000001382
1.9310806027088678,3,100,4985,5,2500,A1,HOOI,5.08199999999988
0.03663898458984319,3,100,4985,5,2500,A2,HOOI,5.08199999999988
2.468984529286827,3,100,4985,5,2500,A3,HOOI,5.08199999999988
6.319180651366302,3,100,4985,5,2500,core,HOOI,5.08199999999988
2.680140755357943,3,100,4985,5,2500,A1,Olga,2.686999999999898
0.07319392733102477,3,100,4985,5,2500,A2,Olga,2.686999999999898
2.84954315874053,3,100,4985,5,2500,A3,Tracy,2.686999999999898
6.319180651366302,3,100,4985,5,2500,core,Tracy_Olga,2.686999999999898
2.7526363179401616,3,100,9922,5,2500,A1,NTD,336.0930000000003
1.4021557720797533,3,100,9922,5,2500,A2,NTD,336.0930000000003
9919.114767999818,3,100,9922,5,2500,A3,NTD,336.0930000000003
10.300973120165343,3,100,9922,5,2500,core,NTD,336.0930000000003
2.488756974652558,3,100,9922,5,2500,A1,Ours,13.157000000000153
0.009231943187314974,3,100,9922,5,2500,A2,Ours,13.157000000000153
2.622754169953856,3,100,9922,5,2500,A3,Ours,13.157000000000153
6.319180651366302,3,100,9922,5,2500,core,Ours,13.157000000000153
2.488756974652558,3,100,9922,5,2500,A1,HOSVD,3.286000000000058
0.009231943187314974,3,100,9922,5,2500,A2,HOSVD,3.286000000000058
2.501879626135053,3,100,9922,5,2500,A3,HOSVD,3.286000000000058
6.319180651366302,3,100,9922,5,2500,core,HOSVD,3.286000000000058
2.4833515652248894,3,100,9922,5,2500,A1,HOOI,14.856999999999971
0.007869073782891178,3,100,9922,5,2500,A2,HOOI,14.856999999999971
2.5030875365943057,3,100,9922,5,2500,A3,HOOI,14.856999999999971
6.319180651366302,3,100,9922,5,2500,core,HOOI,14.856999999999971
3.490738634177248,3,100,9922,5,2500,A1,Olga,6.627999999999702
0.22444898050462417,3,100,9922,5,2500,A2,Olga,6.627999999999702
2.8827080533593734,3,100,9922,5,2500,A3,Tracy,6.627999999999702
15.966581002665588,3,100,9922,5,2500,core,Tracy_Olga,6.627999999999702
2.9712970187107586,3,100,1000,5,5000,A1,NTD,28.921000000000276
1.5038283167978317,3,100,1000,5,5000,A2,NTD,28.921000000000276
997.0001749179625,3,100,1000,5,5000,A3,NTD,28.921000000000276
11.88848022136956,3,100,1000,5,5000,core,NTD,28.921000000000276
1.985444595177791,3,100,1000,5,5000,A1,Ours,0.61200000000008
0.010599078442143245,3,100,1000,5,5000,A2,Ours,0.61200000000008
0.1310010056353138,3,100,1000,5,5000,A3,Ours,0.61200000000008
6.396323288434904,3,100,1000,5,5000,core,Ours,0.61200000000008
1.985444595177791,3,100,1000,5,5000,A1,HOSVD,0.41200000000026193
0.010599078442143245,3,100,1000,5,5000,A2,HOSVD,0.41200000000026193
0.13089650803068212,3,100,1000,5,5000,A3,HOSVD,0.41200000000026193
6.396841191979842,3,100,1000,5,5000,core,HOSVD,0.41200000000026193
1.9806593277896092,3,100,1000,5,5000,A1,HOOI,0.9120000000002619
0.011288069952164479,3,100,1000,5,5000,A2,HOOI,0.9120000000002619
0.13137185257063141,3,100,1000,5,5000,A3,HOOI,0.9120000000002619
6.393880315325641,3,100,1000,5,5000,core,HOOI,0.9120000000002619
2.2962226937728816,3,100,1000,5,5000,A1,Olga,1.018999999999778
0.015482914839118173,3,100,1000,5,5000,A2,Olga,1.018999999999778
1.373616980189373,3,100,1000,5,5000,A3,Tracy,1.018999999999778
6.367553195580321,3,100,1000,5,5000,core,Tracy_Olga,1.018999999999778
2.9862500599500135,3,100,4995,5,5000,A1,NTD,164.17700000000013
0.31705089687083965,3,100,4995,5,5000,A2,NTD,164.17700000000013
4992.035305356773,3,100,4995,5,5000,A3,NTD,164.17700000000013
9.927279117886902,3,100,4995,5,5000,core,NTD,164.17700000000013
1.5344915297923198,3,100,4995,5,5000,A1,Ours,5.23700000000008
0.004596803769743411,3,100,4995,5,5000,A2,Ours,5.23700000000008
2.494399764751989,3,100,4995,5,5000,A3,Ours,5.23700000000008
6.319180651366302,3,100,4995,5,5000,core,Ours,5.23700000000008
1.5344915297923198,3,100,4995,5,5000,A1,HOSVD,1.5
0.004596803769743411,3,100,4995,5,5000,A2,HOSVD,1.5
2.4870553633661583,3,100,4995,5,5000,A3,HOSVD,1.5
6.319180651366302,3,100,4995,5,5000,core,HOSVD,1.5
1.5300278867222277,3,100,4995,5,5000,A1,HOOI,3.9760000000001128
0.005000062417647262,3,100,4995,5,5000,A2,HOOI,3.9760000000001128
2.4848974616695076,3,100,4995,5,5000,A3,HOOI,3.9760000000001128
6.319180651366302,3,100,4995,5,5000,core,HOOI,3.9760000000001128
1.90905558473507,3,100,4995,5,5000,A1,Olga,2.4700000000002547
0.05506930094593473,3,100,4995,5,5000,A2,Olga,2.4700000000002547
2.841264944169148,3,100,4995,5,5000,A3,Tracy,2.4700000000002547
6.319180651366302,3,100,4995,5,5000,core,Tracy_Olga,2.4700000000002547
2.6276761037835064,3,100,9966,5,5000,A1,NTD,339.68200000000024
1.0102390531742031,3,100,9966,5,5000,A2,NTD,339.68200000000024
9963.05816248577,3,100,9966,5,5000,A3,NTD,339.68200000000024
15.398242730620815,3,100,9966,5,5000,core,NTD,339.68200000000024
1.6829643878805591,3,100,9966,5,5000,A1,Ours,20.04200000000037
0.03546464994422789,3,100,9966,5,5000,A2,Ours,20.04200000000037
2.526758652278095,3,100,9966,5,5000,A3,Ours,20.04200000000037
6.319180651366302,3,100,9966,5,5000,core,Ours,20.04200000000037
1.6829643878805591,3,100,9966,5,5000,A1,HOSVD,10.678000000000338
0.03546464994422789,3,100,9966,5,5000,A2,HOSVD,10.678000000000338
2.497080044300552,3,100,9966,5,5000,A3,HOSVD,10.678000000000338
6.319180651366302,3,100,9966,5,5000,core,HOSVD,10.678000000000338
1.684170383265336,3,100,9966,5,5000,A1,HOOI,10.49499999999989
0.03572584193733025,3,100,9966,5,5000,A2,HOOI,10.49499999999989
4.314336046269484,3,100,9966,5,5000,A3,HOOI,10.49499999999989
11.999290359877838,3,100,9966,5,5000,core,HOOI,10.49499999999989
1.7863323181835455,3,100,9966,5,5000,A1,Olga,6.7590000000000146
0.13151391747284194,3,100,9966,5,5000,A2,Olga,6.7590000000000146
2.8727330567810085,3,100,9966,5,5000,A3,Tracy,6.7590000000000146
15.966581002665588,3,100,9966,5,5000,core,Tracy_Olga,6.7590000000000146
3.3362904623004686,3,100,1000,5,6000,A1,NTD,28.483000000000175
0.3540750447718935,3,100,1000,5,6000,A2,NTD,28.483000000000175
997.0001790118155,3,100,1000,5,6000,A3,NTD,28.483000000000175
9.724575804430087,3,100,1000,5,6000,core,NTD,28.483000000000175
1.8963885863614565,3,100,1000,5,6000,A1,Ours,0.4770000000003165
0.009446009313014458,3,100,1000,5,6000,A2,Ours,0.4770000000003165
0.0764550192756625,3,100,1000,5,6000,A3,Ours,0.4770000000003165
6.339763607752294,3,100,1000,5,6000,core,Ours,0.4770000000003165
1.8963885863614565,3,100,1000,5,6000,A1,HOSVD,0.5670000000000073
0.009446009313014458,3,100,1000,5,6000,A2,HOSVD,0.5670000000000073
0.07646791157389536,3,100,1000,5,6000,A3,HOSVD,0.5670000000000073
6.339753328853598,3,100,1000,5,6000,core,HOSVD,0.5670000000000073
1.9063251964849526,3,100,1000,5,6000,A1,HOOI,0.7190000000000509
0.010094365193671854,3,100,1000,5,6000,A2,HOOI,0.7190000000000509
0.07647567688524817,3,100,1000,5,6000,A3,HOOI,0.7190000000000509
6.34017790795993,3,100,1000,5,6000,core,HOOI,0.7190000000000509
1.7153138942262953,3,100,1000,5,6000,A1,Olga,0.44000000000005457
0.016127865288613888,3,100,1000,5,6000,A2,Olga,0.44000000000005457
1.3601831973384224,3,100,1000,5,6000,A3,Tracy,0.44000000000005457
6.348684641337795,3,100,1000,5,6000,core,Tracy_Olga,0.44000000000005457
2.832354730912083,3,100,4996,5,6000,A1,NTD,161.45200000000023
3.550945665757055,3,100,4996,5,6000,A2,NTD,161.45200000000023
4993.046322224494,3,100,4996,5,6000,A3,NTD,161.45200000000023
11.87666750607855,3,100,4996,5,6000,core,NTD,161.45200000000023
1.6026136396685897,3,100,4996,5,6000,A1,Ours,5.063999999999851
0.009350564574931441,3,100,4996,5,6000,A2,Ours,5.063999999999851
2.474259875121701,3,100,4996,5,6000,A3,Ours,5.063999999999851
6.319180651366302,3,100,4996,5,6000,core,Ours,5.063999999999851
1.6026136396685897,3,100,4996,5,6000,A1,HOSVD,1.5720000000001164
0.009350564574931441,3,100,4996,5,6000,A2,HOSVD,1.5720000000001164
2.4683469091896284,3,100,4996,5,6000,A3,HOSVD,1.5720000000001164
6.319180651366302,3,100,4996,5,6000,core,HOSVD,1.5720000000001164
1.6000537101793055,3,100,4996,5,6000,A1,HOOI,4.317000000000007
0.008640928335089,3,100,4996,5,6000,A2,HOOI,4.317000000000007
2.4700748389330087,3,100,4996,5,6000,A3,HOOI,4.317000000000007
6.319180651366302,3,100,4996,5,6000,core,HOOI,4.317000000000007
1.6048851606580428,3,100,4996,5,6000,A1,Olga,2.5280000000002474
0.03233944050678279,3,100,4996,5,6000,A2,Olga,2.5280000000002474
2.8969345405919116,3,100,4996,5,6000,A3,Tracy,2.5280000000002474
14.091779848178295,3,100,4996,5,6000,core,Tracy_Olga,2.5280000000002474
2.661613714605418,3,100,9969,5,6000,A1,NTD,325.65700000000015
1.6561376701414485,3,100,9969,5,6000,A2,NTD,325.65700000000015
9966.05117391672,3,100,9969,5,6000,A3,NTD,325.65700000000015
9.975090649973707,3,100,9969,5,6000,core,NTD,325.65700000000015
1.2607434538732507,3,100,9969,5,6000,A1,Ours,13.458000000000084
0.005950884986349958,3,100,9969,5,6000,A2,Ours,13.458000000000084
2.518515771729026,3,100,9969,5,6000,A3,Ours,13.458000000000084
6.319180651366302,3,100,9969,5,6000,core,Ours,13.458000000000084
1.2607434538732507,3,100,9969,5,6000,A1,HOSVD,3.9200000000000728
0.005950884986349958,3,100,9969,5,6000,A2,HOSVD,3.9200000000000728
2.4979593840793,3,100,9969,5,6000,A3,HOSVD,3.9200000000000728
6.319180651366302,3,100,9969,5,6000,core,HOSVD,3.9200000000000728
1.2569118754353796,3,100,9969,5,6000,A1,HOOI,11.419999999999618
0.006078275256560796,3,100,9969,5,6000,A2,HOOI,11.419999999999618
2.498314701482209,3,100,9969,5,6000,A3,HOOI,11.419999999999618
6.319180651366302,3,100,9969,5,6000,core,HOOI,11.419999999999618
1.4550761904642533,3,100,9969,5,6000,A1,Olga,11.231000000000222
0.10853661448449807,3,100,9969,5,6000,A2,Olga,11.231000000000222
2.871127407963146,3,100,9969,5,6000,A3,Tracy,11.231000000000222
15.966581002665588,3,100,9969,5,6000,core,Tracy_Olga,11.231000000000222
2.807102277284448,3,100,1000,5,7000,A1,NTD,28.46900000000005
0.32288550754361384,3,100,1000,5,7000,A2,NTD,28.46900000000005
997.000110044245,3,100,1000,5,7000,A3,NTD,28.46900000000005
12.006305513009623,3,100,1000,5,7000,core,NTD,28.46900000000005
1.4341556872299386,3,100,1000,5,7000,A1,Ours,5.951999999999771
0.00892691755934529,3,100,1000,5,7000,A2,Ours,5.951999999999771
0.06849556806667298,3,100,1000,5,7000,A3,Ours,5.951999999999771
6.348810269188808,3,100,1000,5,7000,core,Ours,5.951999999999771
1.4341556872299386,3,100,1000,5,7000,A1,HOSVD,8.45199999999977
0.00892691755934529,3,100,1000,5,7000,A2,HOSVD,8.45199999999977
0.06847153778866867,3,100,1000,5,7000,A3,HOSVD,8.45199999999977
6.348784882758719,3,100,1000,5,7000,core,HOSVD,8.45199999999977
1.4308022323311884,3,100,1000,5,7000,A1,HOOI,11.215999999999894
0.009685079959657028,3,100,1000,5,7000,A2,HOOI,11.215999999999894
0.06841081582561476,3,100,1000,5,7000,A3,HOOI,11.215999999999894
6.348920509675715,3,100,1000,5,7000,core,HOOI,11.215999999999894
1.2945151560579795,3,100,1000,5,7000,A1,Olga,6.239000000000033
0.014330907936892356,3,100,1000,5,7000,A2,Olga,6.239000000000033
1.3601428271995644,3,100,1000,5,7000,A3,Tracy,6.239000000000033
6.347646415119328,3,100,1000,5,7000,core,Tracy_Olga,6.239000000000033
2.8111366427645486,3,100,4994,5,7000,A1,NTD,157.61400000000003
2.8007324276175414,3,100,4994,5,7000,A2,NTD,157.61400000000003
4991.031942359047,3,100,4994,5,7000,A3,NTD,157.61400000000003
9.021709596823559,3,100,4994,5,7000,core,NTD,157.61400000000003
1.6422382907879525,3,100,4994,5,7000,A1,Ours,5.003000000000156
0.016219292403017845,3,100,4994,5,7000,A2,Ours,5.003000000000156
2.4986236275126683,3,100,4994,5,7000,A3,Ours,5.003000000000156
6.319180651366302,3,100,4994,5,7000,core,Ours,5.003000000000156
1.6422382907879525,3,100,4994,5,7000,A1,HOSVD,1.58199999999988
0.016219292403017845,3,100,4994,5,7000,A2,HOSVD,1.58199999999988
2.494717904272365,3,100,4994,5,7000,A3,HOSVD,1.58199999999988
6.319180651366302,3,100,4994,5,7000,core,HOSVD,1.58199999999988
1.639982730238337,3,100,4994,5,7000,A1,HOOI,4.3849999999997635
0.015713836140080324,3,100,4994,5,7000,A2,HOOI,4.3849999999997635
2.4946152970292483,3,100,4994,5,7000,A3,HOOI,4.3849999999997635
6.319180651366302,3,100,4994,5,7000,core,HOOI,4.3849999999997635
1.2021465949455659,3,100,4994,5,7000,A1,Olga,2.624000000000251
0.02546073972954172,3,100,4994,5,7000,A2,Olga,2.624000000000251
2.862877481970138,3,100,4994,5,7000,A3,Tracy,2.624000000000251
6.319180651366302,3,100,4994,5,7000,core,Tracy_Olga,2.624000000000251
2.847925727697863,3,100,9977,5,7000,A1,NTD,340.7650000000003
3.3095571549574374,3,100,9977,5,7000,A2,NTD,340.7650000000003
9974.045918316922,3,100,9977,5,7000,A3,NTD,340.7650000000003
10.860584321191217,3,100,9977,5,7000,core,NTD,340.7650000000003
1.3684116431947762,3,100,9977,5,7000,A1,Ours,13.951000000000022
0.014491897000773189,3,100,9977,5,7000,A2,Ours,13.951000000000022
2.484160317682066,3,100,9977,5,7000,A3,Ours,13.951000000000022
6.319180651366302,3,100,9977,5,7000,core,Ours,13.951000000000022
1.3684116431947762,3,100,9977,5,7000,A1,HOSVD,3.0609999999996944
0.014491897000773189,3,100,9977,5,7000,A2,HOSVD,3.0609999999996944
2.4683803344727173,3,100,9977,5,7000,A3,HOSVD,3.0609999999996944
6.319180651366302,3,100,9977,5,7000,core,HOSVD,3.0609999999996944
1.3716551201685354,3,100,9977,5,7000,A1,HOOI,11.268999999999323
0.014787497502653301,3,100,9977,5,7000,A2,HOOI,11.268999999999323
2.4770976290868334,3,100,9977,5,7000,A3,HOOI,11.268999999999323
6.319180651366302,3,100,9977,5,7000,core,HOOI,11.268999999999323
1.9444643254319762,3,100,9977,5,7000,A1,Olga,6.239999999999782
0.09261869241931764,3,100,9977,5,7000,A2,Olga,6.239999999999782
2.8641013016653663,3,100,9977,5,7000,A3,Tracy,6.239999999999782
15.966581002665588,3,100,9977,5,7000,core,Tracy_Olga,6.239999999999782
3.0377779589282743,3,100,1000,5,8000,A1,NTD,27.884000000000015
1.6551566267334936,3,100,1000,5,8000,A2,NTD,27.884000000000015
997.0000285391774,3,100,1000,5,8000,A3,NTD,27.884000000000015
11.70751024511059,3,100,1000,5,8000,core,NTD,27.884000000000015
1.5709741254609244,3,100,1000,5,8000,A1,Ours,0.4859999999998763
0.00740108489242569,3,100,1000,5,8000,A2,Ours,0.4859999999998763
0.06561188032644458,3,100,1000,5,8000,A3,Ours,0.4859999999998763
6.332102086528729,3,100,1000,5,8000,core,Ours,0.4859999999998763
1.5709741254609244,3,100,1000,5,8000,A1,HOSVD,0.5230000000001382
0.00740108489242569,3,100,1000,5,8000,A2,HOSVD,0.5230000000001382
0.06562108669107646,3,100,1000,5,8000,A3,HOSVD,0.5230000000001382
6.332075767371699,3,100,1000,5,8000,core,HOSVD,0.5230000000001382
1.5731984990870629,3,100,1000,5,8000,A1,HOOI,0.8299999999999272
0.0073021740858526,3,100,1000,5,8000,A2,HOOI,0.8299999999999272
0.06564731034033784,3,100,1000,5,8000,A3,HOOI,0.8299999999999272
6.332343496950625,3,100,1000,5,8000,core,HOOI,0.8299999999999272
1.6995606267601189,3,100,1000,5,8000,A1,Olga,0.45200000000022555
0.004843345527230565,3,100,1000,5,8000,A2,Olga,0.45200000000022555
1.3597487709620597,3,100,1000,5,8000,A3,Tracy,0.45200000000022555
6.342789118597859,3,100,1000,5,8000,core,Tracy_Olga,0.45200000000022555
2.656568385665729,3,100,4998,5,8000,A1,NTD,158.4479999999994
0.3550635893455701,3,100,4998,5,8000,A2,NTD,158.4479999999994
4995.036014547479,3,100,4998,5,8000,A3,NTD,158.4479999999994
15.61619948106416,3,100,4998,5,8000,core,NTD,158.4479999999994
2.1869111483518613,3,100,4998,5,8000,A1,Ours,4.818000000000211
0.007289432321623123,3,100,4998,5,8000,A2,Ours,4.818000000000211
2.464356095248414,3,100,4998,5,8000,A3,Ours,4.818000000000211
6.298783924154894,3,100,4998,5,8000,core,Ours,4.818000000000211
2.1869111483518613,3,100,4998,5,8000,A1,HOSVD,1.8240000000005239
0.007289432321623123,3,100,4998,5,8000,A2,HOSVD,1.8240000000005239
2.4608347224286184,3,100,4998,5,8000,A3,HOSVD,1.8240000000005239
6.298732606184754,3,100,4998,5,8000,core,HOSVD,1.8240000000005239
2.186784744025857,3,100,4998,5,8000,A1,HOOI,4.429000000000087
0.007463127002204267,3,100,4998,5,8000,A2,HOOI,4.429000000000087
2.46099521120072,3,100,4998,5,8000,A3,HOOI,4.429000000000087
6.300996706361256,3,100,4998,5,8000,core,HOOI,4.429000000000087
1.6822477994518958,3,100,4998,5,8000,A1,Olga,2.561999999999898
0.023260207927021038,3,100,4998,5,8000,A2,Olga,2.561999999999898
2.916337123668022,3,100,4998,5,8000,A3,Tracy,2.561999999999898
6.397799788555843,3,100,4998,5,8000,core,Tracy_Olga,2.561999999999898
2.7830149879684156,3,100,9977,5,8000,A1,NTD,327.5570000000007
4.070804014810358,3,100,9977,5,8000,A2,NTD,327.5570000000007
9974.04000981514,3,100,9977,5,8000,A3,NTD,327.5570000000007
8.684952239280294,3,100,9977,5,8000,core,NTD,327.5570000000007
1.2806029568415387,3,100,9977,5,8000,A1,Ours,14.23700000000008
0.005703296279366406,3,100,9977,5,8000,A2,Ours,14.23700000000008
2.4866972939639926,3,100,9977,5,8000,A3,Ours,14.23700000000008
6.319180651366302,3,100,9977,5,8000,core,Ours,14.23700000000008
1.2806029568415387,3,100,9977,5,8000,A1,HOSVD,3.6099999999996726
0.005703296279366406,3,100,9977,5,8000,A2,HOSVD,3.6099999999996726
2.475059707818044,3,100,9977,5,8000,A3,HOSVD,3.6099999999996726
6.319180651366302,3,100,9977,5,8000,core,HOSVD,3.6099999999996726
1.2818923199311387,3,100,9977,5,8000,A1,HOOI,10.920000000000073
0.005624369857971348,3,100,9977,5,8000,A2,HOOI,10.920000000000073
2.4733549239884676,3,100,9977,5,8000,A3,HOOI,10.920000000000073
6.319180651366302,3,100,9977,5,8000,core,HOOI,10.920000000000073
1.565195344503133,3,100,9977,5,8000,A1,Olga,6.391000000000531
0.08573623160308912,3,100,9977,5,8000,A2,Olga,6.391000000000531
2.8617340455303433,3,100,9977,5,8000,A3,Tracy,6.391000000000531
15.966581002665588,3,100,9977,5,8000,core,Tracy_Olga,6.391000000000531
3.2059783094479934,3,100,1000,5,9000,A1,NTD,28.42199999999957
1.664897870177509,3,100,1000,5,9000,A2,NTD,28.42199999999957
997.0000420509172,3,100,1000,5,9000,A3,NTD,28.42199999999957
7.867629535428753,3,100,1000,5,9000,core,NTD,28.42199999999957
1.2951129972311368,3,100,1000,5,9000,A1,Ours,0.8829999999998108
0.0046102734365417435,3,100,1000,5,9000,A2,Ours,0.8829999999998108
0.06112677173637021,3,100,1000,5,9000,A3,Ours,0.8829999999998108
6.347811780128719,3,100,1000,5,9000,core,Ours,0.8829999999998108
1.2951129972311368,3,100,1000,5,9000,A1,HOSVD,0.4260000000003856
0.0046102734365417435,3,100,1000,5,9000,A2,HOSVD,0.4260000000003856
0.061122288211269686,3,100,1000,5,9000,A3,HOSVD,0.4260000000003856
6.34779348744676,3,100,1000,5,9000,core,HOSVD,0.4260000000003856
1.2978834999920397,3,100,1000,5,9000,A1,HOOI,0.9030000000002474
0.004733223765459934,3,100,1000,5,9000,A2,HOOI,0.9030000000002474
0.06110559034669867,3,100,1000,5,9000,A3,HOOI,0.9030000000002474
6.347656897024364,3,100,1000,5,9000,core,HOOI,0.9030000000002474
1.2748346270154807,3,100,1000,5,9000,A1,Olga,0.4650000000001455
0.0041963740735924595,3,100,1000,5,9000,A2,Olga,0.4650000000001455
1.3588397990624972,3,100,1000,5,9000,A3,Tracy,0.4650000000001455
6.344143277389681,3,100,1000,5,9000,core,Tracy_Olga,0.4650000000001455
2.68563965734669,3,100,4999,5,9000,A1,NTD,157.44999999999982
0.1930723072820229,3,100,4999,5,9000,A2,NTD,157.44999999999982
4996.027632900773,3,100,4999,5,9000,A3,NTD,157.44999999999982
8.237264859823414,3,100,4999,5,9000,core,NTD,157.44999999999982
1.013642065825061,3,100,4999,5,9000,A1,Ours,5.076000000000022
0.023282772759965976,3,100,4999,5,9000,A2,Ours,5.076000000000022
2.4766563841152953,3,100,4999,5,9000,A3,Ours,5.076000000000022
6.319180651366302,3,100,4999,5,9000,core,Ours,5.076000000000022
1.013642065825061,3,100,4999,5,9000,A1,HOSVD,1.6099999999996726
0.023282772759965976,3,100,4999,5,9000,A2,HOSVD,1.6099999999996726
2.4743230990347502,3,100,4999,5,9000,A3,HOSVD,1.6099999999996726
6.319180651366302,3,100,4999,5,9000,core,HOSVD,1.6099999999996726
1.0079291090416587,3,100,4999,5,9000,A1,HOOI,4.510000000000218
0.023456414741448727,3,100,4999,5,9000,A2,HOOI,4.510000000000218
2.472813553188042,3,100,4999,5,9000,A3,HOOI,4.510000000000218
6.319180651366302,3,100,4999,5,9000,core,HOOI,4.510000000000218
1.5259049088126815,3,100,4999,5,9000,A1,Olga,2.5380000000004657
0.01584824081587127,3,100,4999,5,9000,A2,Olga,2.5380000000004657
2.852002387917483,3,100,4999,5,9000,A3,Tracy,2.5380000000004657
16.028519413942462,3,100,4999,5,9000,core,Tracy_Olga,2.5380000000004657
2.9899359851659835,3,100,9978,5,9000,A1,NTD,323.27700000000004
4.829219765870813,3,100,9978,5,9000,A2,NTD,323.27700000000004
9975.029877782408,3,100,9978,5,9000,A3,NTD,323.27700000000004
13.83016083555217,3,100,9978,5,9000,core,NTD,323.27700000000004
1.219248238544989,3,100,9978,5,9000,A1,Ours,13.320999999999913
0.005235068609322999,3,100,9978,5,9000,A2,Ours,13.320999999999913
2.514494902172037,3,100,9978,5,9000,A3,Ours,13.320999999999913
6.319180651366302,3,100,9978,5,9000,core,Ours,13.320999999999913
1.219248238544989,3,100,9978,5,9000,A1,HOSVD,3.4609999999993306
0.005235068609322999,3,100,9978,5,9000,A2,HOSVD,3.4609999999993306
2.5052707888982026,3,100,9978,5,9000,A3,HOSVD,3.4609999999993306
6.319180651366302,3,100,9978,5,9000,core,HOSVD,3.4609999999993306
1.221348672411083,3,100,9978,5,9000,A1,HOOI,10.278000000000247
0.004430269421446358,3,100,9978,5,9000,A2,HOOI,10.278000000000247
2.507481872046395,3,100,9978,5,9000,A3,HOOI,10.278000000000247
6.319180651366302,3,100,9978,5,9000,core,HOOI,10.278000000000247
1.1780016711642023,3,100,9978,5,9000,A1,Olga,6.076000000000022
0.07891568802318934,3,100,9978,5,9000,A2,Olga,6.076000000000022
2.886799475709057,3,100,9978,5,9000,A3,Tracy,6.076000000000022
15.966581002665588,3,100,9978,5,9000,core,Tracy_Olga,6.076000000000022
3.0603257138570203,3,100,1000,5,10000,A1,NTD,27.661000000000058
2.9652600190217364,3,100,1000,5,10000,A2,NTD,27.661000000000058
997,3,100,1000,5,10000,A3,NTD,27.661000000000058
7.6654296936834525,3,100,1000,5,10000,core,NTD,27.661000000000058
1.1075705596374132,3,100,1000,5,10000,A1,Ours,0.45200000000022555
0.004120029912692231,3,100,1000,5,10000,A2,Ours,0.45200000000022555
0.058400549541351834,3,100,1000,5,10000,A3,Ours,0.45200000000022555
6.354825838768777,3,100,1000,5,10000,core,Ours,0.45200000000022555
1.1075705596374132,3,100,1000,5,10000,A1,HOSVD,0.3930000000000291
0.004120029912692231,3,100,1000,5,10000,A2,HOSVD,0.3930000000000291
0.058418896254454684,3,100,1000,5,10000,A3,HOSVD,0.3930000000000291
6.354816912129112,3,100,1000,5,10000,core,HOSVD,0.3930000000000291
1.1088792630267525,3,100,1000,5,10000,A1,HOOI,0.6970000000001164
0.004165266629131799,3,100,1000,5,10000,A2,HOOI,0.6970000000001164
0.0583570764846537,3,100,1000,5,10000,A3,HOOI,0.6970000000001164
6.355033080820274,3,100,1000,5,10000,core,HOOI,0.6970000000001164
1.2984768564062414,3,100,1000,5,10000,A1,Olga,0.61200000000008
0.0062874776609793785,3,100,1000,5,10000,A2,Olga,0.61200000000008
1.359406181253552,3,100,1000,5,10000,A3,Tracy,0.61200000000008
6.346699475803948,3,100,1000,5,10000,core,Tracy_Olga,0.61200000000008
2.7678754672685404,3,100,4997,5,10000,A1,NTD,162.76000000000022
0.1450858616867743,3,100,4997,5,10000,A2,NTD,162.76000000000022
4994.016857501208,3,100,4997,5,10000,A3,NTD,162.76000000000022
6.379011273013435,3,100,4997,5,10000,core,NTD,162.76000000000022
1.3838415668283834,3,100,4997,5,10000,A1,Ours,5.386999999999716
0.012250998797709103,3,100,4997,5,10000,A2,Ours,5.386999999999716
2.4402890205594208,3,100,4997,5,10000,A3,Ours,5.386999999999716
15.792424293552193,3,100,4997,5,10000,core,Ours,5.386999999999716
1.3838415668283834,3,100,4997,5,10000,A1,HOSVD,1.7489999999997963
0.012250998797709103,3,100,4997,5,10000,A2,HOSVD,1.7489999999997963
2.4378647096087938,3,100,4997,5,10000,A3,HOSVD,1.7489999999997963
15.791712753134258,3,100,4997,5,10000,core,HOSVD,1.7489999999997963
1.3843680742058357,3,100,4997,5,10000,A1,HOOI,4.511000000000422
0.012645827680552727,3,100,4997,5,10000,A2,HOOI,4.511000000000422
2.437785179511229,3,100,4997,5,10000,A3,HOOI,4.511000000000422
15.795365612048077,3,100,4997,5,10000,core,HOOI,4.511000000000422
1.1534383275653088,3,100,4997,5,10000,A1,Olga,2.5419999999994616
0.023877767943948577,3,100,4997,5,10000,A2,Olga,2.5419999999994616
3.0880297527636333,3,100,4997,5,10000,A3,Tracy,2.5419999999994616
6.676184812770073,3,100,4997,5,10000,core,Tracy_Olga,2.5419999999994616
2.909467237281578,3,100,9980,5,10000,A1,NTD,333.942
0.828183866782095,3,100,9980,5,10000,A2,NTD,333.942
9977.040860025692,3,100,9980,5,10000,A3,NTD,333.942
13.777644802696637,3,100,9980,5,10000,core,NTD,333.942
1.333414561937323,3,100,9980,5,10000,A1,Ours,12.713999999999942
0.004620915123736288,3,100,9980,5,10000,A2,Ours,12.713999999999942
2.4901549352757457,3,100,9980,5,10000,A3,Ours,12.713999999999942
6.319180651366302,3,100,9980,5,10000,core,Ours,12.713999999999942
1.333414561937323,3,100,9980,5,10000,A1,HOSVD,3.201999999999316
0.004620915123736288,3,100,9980,5,10000,A2,HOSVD,3.201999999999316
2.482100024927482,3,100,9980,5,10000,A3,HOSVD,3.201999999999316
6.319180651366302,3,100,9980,5,10000,core,HOSVD,3.201999999999316
1.3357417667789504,3,100,9980,5,10000,A1,HOOI,9.699000000000524
0.004453302347902162,3,100,9980,5,10000,A2,HOOI,9.699000000000524
2.483404546593323,3,100,9980,5,10000,A3,HOOI,9.699000000000524
6.319180651366302,3,100,9980,5,10000,core,HOOI,9.699000000000524
1.496761876896983,3,100,9980,5,10000,A1,Olga,6.7849999999998545
0.05405235135921312,3,100,9980,5,10000,A2,Olga,6.7849999999998545
2.9005177632513988,3,100,9980,5,10000,A3,Tracy,6.7849999999998545
6.319180651366302,3,100,9980,5,10000,core,Tracy_Olga,6.7849999999998545
