error,K,Q1,R,Q2,M,mode,method,time
6.0473838778202635,3,100,985,5,100,A1,NTD,36.712
4.525271987897447,3,100,985,5,100,A2,NTD,36.712
982.2188675912041,3,100,985,5,100,A3,NTD,36.712
9.983672653006401,3,100,985,5,100,core,NTD,36.712
17.93935683299683,3,100,985,5,100,A1,Ours,3.591000000000001
0.4680986401383286,3,100,985,5,100,A2,Ours,3.591000000000001
4.725580511034276,3,100,985,5,100,A3,Ours,3.591000000000001
11.841486760285914,3,100,985,5,100,core,Ours,3.591000000000001
17.93935683299683,3,100,985,5,100,A1,HOSVD,6.632000000000005
0.4680986401383286,3,100,985,5,100,A2,HOSVD,6.632000000000005
2.458978424450188,3,100,985,5,100,A3,HOSVD,6.632000000000005
10.06406561100301,3,100,985,5,100,core,HOSVD,6.632000000000005
17.52114698599849,3,100,985,5,100,A1,HOOI,4.884
0.15845369138349094,3,100,985,5,100,A2,HOOI,4.884
2.478703287781025,3,100,985,5,100,A3,HOOI,4.884
10.06406561100301,3,100,985,5,100,core,HOOI,4.884
23.588096651875357,3,100,985,5,100,A1,Olga,6.401000000000003
1.4108779147543433,3,100,985,5,100,A2,Olga,6.401000000000003
2.783220082919635,3,100,985,5,100,A3,Tracy,6.401000000000003
8.338805672313281,3,100,985,5,100,core,Tracy_Olga,6.401000000000003
74.78255232972312,3,100,4555,5,100,A1,NTD,156.14100000000002
1.843011713868245,3,100,4555,5,100,A2,NTD,156.14100000000002
4552.409258816828,3,100,4555,5,100,A3,NTD,156.14100000000002
13.245719946540198,3,100,4555,5,100,core,NTD,156.14100000000002
14.28284203705736,3,100,4555,5,100,A1,Ours,5.472999999999985
0.2475927508982379,3,100,4555,5,100,A2,Ours,5.472999999999985
5.306960703932593,3,100,4555,5,100,A3,Ours,5.472999999999985
10.08013296287051,3,100,4555,5,100,core,Ours,5.472999999999985
14.28284203705736,3,100,4555,5,100,A1,HOSVD,2.548000000000002
0.2475927508982379,3,100,4555,5,100,A2,HOSVD,2.548000000000002
3.7754767706670513,3,100,4555,5,100,A3,HOSVD,2.548000000000002
11.01981803037917,3,100,4555,5,100,core,HOSVD,2.548000000000002
15.365361636073462,3,100,4555,5,100,A1,HOOI,12.561000000000007
0.09530412247701091,3,100,4555,5,100,A2,HOOI,12.561000000000007
2.7006558547568202,3,100,4555,5,100,A3,HOOI,12.561000000000007
10.06406561100301,3,100,4555,5,100,core,HOOI,12.561000000000007
49.35027293565966,3,100,4555,5,100,A1,Olga,15.150000000000006
2.9546040682277237,3,100,4555,5,100,A2,Olga,15.150000000000006
4.022429558953343,3,100,4555,5,100,A3,Tracy,15.150000000000006
10.45473228046553,3,100,4555,5,100,core,Tracy_Olga,15.150000000000006
120.74067234575622,3,100,8204,5,100,A1,NTD,269.244
2.525264231005522,3,100,8204,5,100,A2,NTD,269.244
8201.579361871552,3,100,8204,5,100,A3,NTD,269.244
10.360723421780163,3,100,8204,5,100,core,NTD,269.244
12.690227627260107,3,100,8204,5,100,A1,Ours,10.173999999999978
0.21861903158310014,3,100,8204,5,100,A2,Ours,10.173999999999978
5.335784282271224,3,100,8204,5,100,A3,Ours,10.173999999999978
9.913338996031198,3,100,8204,5,100,core,Ours,10.173999999999978
12.690227627260107,3,100,8204,5,100,A1,HOSVD,2.935000000000059
0.21861903158310014,3,100,8204,5,100,A2,HOSVD,2.935000000000059
4.7263003619439345,3,100,8204,5,100,A3,HOSVD,2.935000000000059
8.941570785927802,3,100,8204,5,100,core,HOSVD,2.935000000000059
13.053601116271807,3,100,8204,5,100,A1,HOOI,10.740000000000009
0.1592422411352112,3,100,8204,5,100,A2,HOOI,10.740000000000009
4.852503914755776,3,100,8204,5,100,A3,HOOI,10.740000000000009
9.187226717305077,3,100,8204,5,100,core,HOOI,10.740000000000009
52.32323449022575,3,100,8204,5,100,A1,Olga,5.916999999999916
0.9083227683315336,3,100,8204,5,100,A2,Olga,5.916999999999916
4.904954289712907,3,100,8204,5,100,A3,Tracy,5.916999999999916
8.979209823905027,3,100,8204,5,100,core,Tracy_Olga,5.916999999999916
3.0454133981244387,3,100,999,5,500,A1,NTD,27.686000000000035
0.518819294302534,3,100,999,5,500,A2,NTD,27.686000000000035
996.0731832796988,3,100,999,5,500,A3,NTD,27.686000000000035
7.362694789622772,3,100,999,5,500,core,NTD,27.686000000000035
5.205730537507108,3,100,999,5,500,A1,Ours,10.465000000000032
0.03997242891425516,3,100,999,5,500,A2,Ours,10.465000000000032
2.5322592397434724,3,100,999,5,500,A3,Ours,10.465000000000032
15.693581680292516,3,100,999,5,500,core,Ours,10.465000000000032
5.205730537507108,3,100,999,5,500,A1,HOSVD,8.954000000000065
0.03997242891425516,3,100,999,5,500,A2,HOSVD,8.954000000000065
2.4998912926680825,3,100,999,5,500,A3,HOSVD,8.954000000000065
15.693581680292516,3,100,999,5,500,core,HOSVD,8.954000000000065
5.29892473084847,3,100,999,5,500,A1,HOOI,9.107999999999947
0.030535825666985362,3,100,999,5,500,A2,HOOI,9.107999999999947
2.493167864194347,3,100,999,5,500,A3,HOOI,9.107999999999947
15.637983279863592,3,100,999,5,500,core,HOOI,9.107999999999947
8.133000444886267,3,100,999,5,500,A1,Olga,8.655999999999949
0.0761170653997758,3,100,999,5,500,A2,Olga,8.655999999999949
2.8350023655774255,3,100,999,5,500,A3,Tracy,8.655999999999949
9.36317788649219,3,100,999,5,500,core,Tracy_Olga,8.655999999999949
7.965667584266065,3,100,4899,5,500,A1,NTD,165.58799999999997
1.8430068913498732,3,100,4899,5,500,A2,NTD,165.58799999999997
4896.195012824645,3,100,4899,5,500,A3,NTD,165.58799999999997
14.07948029769709,3,100,4899,5,500,core,NTD,165.58799999999997
5.899057495911666,3,100,4899,5,500,A1,Ours,5.824000000000069
0.027977632916514908,3,100,4899,5,500,A2,Ours,5.824000000000069
5.1349012553294875,3,100,4899,5,500,A3,Ours,5.824000000000069
16.514999844836957,3,100,4899,5,500,core,Ours,5.824000000000069
5.899057495911666,3,100,4899,5,500,A1,HOSVD,2.0299999999999727
0.027977632916514908,3,100,4899,5,500,A2,HOSVD,2.0299999999999727
2.5380548425212432,3,100,4899,5,500,A3,HOSVD,2.0299999999999727
15.74708959474351,3,100,4899,5,500,core,HOSVD,2.0299999999999727
5.914994133129948,3,100,4899,5,500,A1,HOOI,5.017000000000053
0.013229182787875058,3,100,4899,5,500,A2,HOOI,5.017000000000053
2.546029236718337,3,100,4899,5,500,A3,HOOI,5.017000000000053
15.74708959474351,3,100,4899,5,500,core,HOOI,5.017000000000053
9.000918816149438,3,100,4899,5,500,A1,Olga,2.634999999999991
0.43851174760584805,3,100,4899,5,500,A2,Olga,2.634999999999991
2.899351439140071,3,100,4899,5,500,A3,Tracy,2.634999999999991
13.83801622384927,3,100,4899,5,500,core,Tracy_Olga,2.634999999999991
45.03315748077145,3,100,9630,5,500,A1,NTD,323.0670000000001
3.9667846542624674,3,100,9630,5,500,A2,NTD,323.0670000000001
9627.244572756386,3,100,9630,5,500,A3,NTD,323.0670000000001
10.03060007729975,3,100,9630,5,500,core,NTD,323.0670000000001
6.276492921820894,3,100,9630,5,500,A1,Ours,13.129999999999882
0.06256322559565565,3,100,9630,5,500,A2,Ours,13.129999999999882
5.28690640128487,3,100,9630,5,500,A3,Ours,13.129999999999882
9.215595108565932,3,100,9630,5,500,core,Ours,13.129999999999882
6.276492921820894,3,100,9630,5,500,A1,HOSVD,3.272999999999911
0.06256322559565565,3,100,9630,5,500,A2,HOSVD,3.272999999999911
2.5870372233969303,3,100,9630,5,500,A3,HOSVD,3.272999999999911
15.74708959474351,3,100,9630,5,500,core,HOSVD,3.272999999999911
6.283879796486454,3,100,9630,5,500,A1,HOOI,12.052999999999884
0.06832547632470103,3,100,9630,5,500,A2,HOOI,12.052999999999884
2.5963621662019603,3,100,9630,5,500,A3,HOOI,12.052999999999884
15.74708959474351,3,100,9630,5,500,core,HOOI,12.052999999999884
11.610994904024311,3,100,9630,5,500,A1,Olga,5.469000000000051
0.5568655848128966,3,100,9630,5,500,A2,Olga,5.469000000000051
2.9621284145125677,3,100,9630,5,500,A3,Tracy,5.469000000000051
10.06406561100301,3,100,9630,5,500,core,Tracy_Olga,5.469000000000051
2.4377159766784113,3,100,1000,5,1000,A1,NTD,27.339999999999918
1.4298224519299385,3,100,1000,5,1000,A2,NTD,27.339999999999918
997.0010307103363,3,100,1000,5,1000,A3,NTD,27.339999999999918
10.128858340770812,3,100,1000,5,1000,core,NTD,27.339999999999918
4.2892078744550375,3,100,1000,5,1000,A1,Ours,0.4550000000001546
0.058506316340772954,3,100,1000,5,1000,A2,Ours,0.4550000000001546
0.36143547768695944,3,100,1000,5,1000,A3,Ours,0.4550000000001546
14.441198864937563,3,100,1000,5,1000,core,Ours,0.4550000000001546
4.2892078744550375,3,100,1000,5,1000,A1,HOSVD,0.40000000000009095
0.058506316340772954,3,100,1000,5,1000,A2,HOSVD,0.40000000000009095
0.5238362584322186,3,100,1000,5,1000,A3,HOSVD,0.40000000000009095
14.678145203624066,3,100,1000,5,1000,core,HOSVD,0.40000000000009095
4.350491335960462,3,100,1000,5,1000,A1,HOOI,0.8119999999998981
0.042206218198170185,3,100,1000,5,1000,A2,HOOI,0.8119999999998981
0.3646004977169952,3,100,1000,5,1000,A3,HOOI,0.8119999999998981
14.457276087732465,3,100,1000,5,1000,core,HOOI,0.8119999999998981
5.317474544018735,3,100,1000,5,1000,A1,Olga,0.5730000000000928
0.1374454715136576,3,100,1000,5,1000,A2,Olga,0.5730000000000928
1.400027799440649,3,100,1000,5,1000,A3,Tracy,0.5730000000000928
14.460210091725225,3,100,1000,5,1000,core,Tracy_Olga,0.5730000000000928
2.706581288322995,3,100,4943,5,1000,A1,NTD,152.38200000000006
2.6930377206716596,3,100,4943,5,1000,A2,NTD,152.38200000000006
4940.110278460933,3,100,4943,5,1000,A3,NTD,152.38200000000006
13.627562917382528,3,100,4943,5,1000,core,NTD,152.38200000000006
4.247555528571588,3,100,4943,5,1000,A1,Ours,6.190000000000055
0.07339789275513817,3,100,4943,5,1000,A2,Ours,6.190000000000055
2.8333430217225932,3,100,4943,5,1000,A3,Ours,6.190000000000055
9.735607352691085,3,100,4943,5,1000,core,Ours,6.190000000000055
4.247555528571588,3,100,4943,5,1000,A1,HOSVD,2.438999999999851
0.07339789275513817,3,100,4943,5,1000,A2,HOSVD,2.438999999999851
2.514390873278827,3,100,4943,5,1000,A3,HOSVD,2.438999999999851
15.74708959474351,3,100,4943,5,1000,core,HOSVD,2.438999999999851
4.269406860316371,3,100,4943,5,1000,A1,HOOI,4.724999999999909
0.07292324499802832,3,100,4943,5,1000,A2,HOOI,4.724999999999909
2.5206290533825264,3,100,4943,5,1000,A3,HOOI,4.724999999999909
15.74708959474351,3,100,4943,5,1000,core,HOOI,4.724999999999909
7.42433453905768,3,100,4943,5,1000,A1,Olga,2.6440000000000055
0.1677215875469827,3,100,4943,5,1000,A2,Olga,2.6440000000000055
2.8728475229435193,3,100,4943,5,1000,A3,Tracy,2.6440000000000055
15.74708959474351,3,100,4943,5,1000,core,Tracy_Olga,2.6440000000000055
4.798584046473147,3,100,9821,5,1000,A1,NTD,370.952
4.6927932338074925,3,100,9821,5,1000,A2,NTD,370.952
9818.165231670826,3,100,9821,5,1000,A3,NTD,370.952
10.452779636278429,3,100,9821,5,1000,core,NTD,370.952
4.7573619191225,3,100,9821,5,1000,A1,Ours,14.266000000000076
0.03637219817870756,3,100,9821,5,1000,A2,Ours,14.266000000000076
5.203023032361978,3,100,9821,5,1000,A3,Ours,14.266000000000076
8.611995672876679,3,100,9821,5,1000,core,Ours,14.266000000000076
4.7573619191225,3,100,9821,5,1000,A1,HOSVD,3.4570000000001073
0.03637219817870756,3,100,9821,5,1000,A2,HOSVD,3.4570000000001073
2.5437192896690823,3,100,9821,5,1000,A3,HOSVD,3.4570000000001073
15.74708959474351,3,100,9821,5,1000,core,HOSVD,3.4570000000001073
4.755983166827868,3,100,9821,5,1000,A1,HOOI,11.765999999999849
0.029754538388318742,3,100,9821,5,1000,A2,HOOI,11.765999999999849
2.549560327630261,3,100,9821,5,1000,A3,HOOI,11.765999999999849
15.74708959474351,3,100,9821,5,1000,core,HOOI,11.765999999999849
6.365195922785774,3,100,9821,5,1000,A1,Olga,6.926999999999907
0.39725852936826794,3,100,9821,5,1000,A2,Olga,6.926999999999907
2.9252103282933075,3,100,9821,5,1000,A3,Tracy,6.926999999999907
15.74708959474351,3,100,9821,5,1000,core,Tracy_Olga,6.926999999999907
2.275686572353819,3,100,1000,5,2500,A1,NTD,29.00299999999993
4.567177295163756,3,100,1000,5,2500,A2,NTD,29.00299999999993
997.0003915396895,3,100,1000,5,2500,A3,NTD,29.00299999999993
11.680690135527605,3,100,1000,5,2500,core,NTD,29.00299999999993
3.6947964957825707,3,100,1000,5,2500,A1,Ours,0.6900000000000546
0.02572136910535512,3,100,1000,5,2500,A2,Ours,0.6900000000000546
0.263944859720251,3,100,1000,5,2500,A3,Ours,0.6900000000000546
15.22881761001194,3,100,1000,5,2500,core,Ours,0.6900000000000546
3.6947964957825707,3,100,1000,5,2500,A1,HOSVD,1.2989999999999782
0.02572136910535512,3,100,1000,5,2500,A2,HOSVD,1.2989999999999782
0.26278726372513894,3,100,1000,5,2500,A3,HOSVD,1.2989999999999782
15.226393176394643,3,100,1000,5,2500,core,HOSVD,1.2989999999999782
3.6904954668191623,3,100,1000,5,2500,A1,HOOI,2.1080000000001746
0.026560637693392845,3,100,1000,5,2500,A2,HOOI,2.1080000000001746
0.25664838416909946,3,100,1000,5,2500,A3,HOOI,2.1080000000001746
15.224643636558225,3,100,1000,5,2500,core,HOOI,2.1080000000001746
2.6883101652250443,3,100,1000,5,2500,A1,Olga,0.5150000000001
0.02286767915255975,3,100,1000,5,2500,A2,Olga,0.5150000000001
1.366645634749863,3,100,1000,5,2500,A3,Tracy,0.5150000000001
15.271850379968713,3,100,1000,5,2500,core,Tracy_Olga,0.5150000000001
2.169766507489483,3,100,4981,5,2500,A1,NTD,152.3979999999999
2.9378522420583617,3,100,4981,5,2500,A2,NTD,152.3979999999999
4978.072352742634,3,100,4981,5,2500,A3,NTD,152.3979999999999
14.309995859006953,3,100,4981,5,2500,core,NTD,152.3979999999999
3.1114882896193814,3,100,4981,5,2500,A1,Ours,15.173000000000002
0.02488882768958975,3,100,4981,5,2500,A2,Ours,15.173000000000002
2.514404283548221,3,100,4981,5,2500,A3,Ours,15.173000000000002
15.74708959474351,3,100,4981,5,2500,core,Ours,15.173000000000002
3.1114882896193814,3,100,4981,5,2500,A1,HOSVD,10.573000000000093
0.02488882768958975,3,100,4981,5,2500,A2,HOSVD,10.573000000000093
2.4842887069505637,3,100,4981,5,2500,A3,HOSVD,10.573000000000093
15.74708959474351,3,100,4981,5,2500,core,HOSVD,10.573000000000093
3.1126739476992076,3,100,4981,5,2500,A1,HOOI,13.470000000000027
0.022556919201811586,3,100,4981,5,2500,A2,HOOI,13.470000000000027
2.4848450662026984,3,100,4981,5,2500,A3,HOOI,13.470000000000027
15.74708959474351,3,100,4981,5,2500,core,HOOI,13.470000000000027
3.22295434464735,3,100,4981,5,2500,A1,Olga,10.20699999999988
0.07752352179375967,3,100,4981,5,2500,A2,Olga,10.20699999999988
2.852624754756854,3,100,4981,5,2500,A3,Tracy,10.20699999999988
15.74708959474351,3,100,4981,5,2500,core,Tracy_Olga,10.20699999999988
2.1784372639254825,3,100,9929,5,2500,A1,NTD,324.79399999999987
0.6927958537411114,3,100,9929,5,2500,A2,NTD,324.79399999999987
9926.104690890568,3,100,9929,5,2500,A3,NTD,324.79399999999987
11.147979808411499,3,100,9929,5,2500,core,NTD,324.79399999999987
2.672910135484713,3,100,9929,5,2500,A1,Ours,14.191000000000258
0.0128446197238123,3,100,9929,5,2500,A2,Ours,14.191000000000258
2.6351882068935613,3,100,9929,5,2500,A3,Ours,14.191000000000258
15.74708959474351,3,100,9929,5,2500,core,Ours,14.191000000000258
2.672910135484713,3,100,9929,5,2500,A1,HOSVD,4.114000000000033
0.0128446197238123,3,100,9929,5,2500,A2,HOSVD,4.114000000000033
2.5116272103519437,3,100,9929,5,2500,A3,HOSVD,4.114000000000033
15.74708959474351,3,100,9929,5,2500,core,HOSVD,4.114000000000033
2.6791331850533857,3,100,9929,5,2500,A1,HOOI,11.590999999999894
0.013668728423904946,3,100,9929,5,2500,A2,HOOI,11.590999999999894
2.5115997562708414,3,100,9929,5,2500,A3,HOOI,11.590999999999894
15.74708959474351,3,100,9929,5,2500,core,HOOI,11.590999999999894
3.188171008679778,3,100,9929,5,2500,A1,Olga,6.976000000000113
0.22254424192729522,3,100,9929,5,2500,A2,Olga,6.976000000000113
2.8785970530469385,3,100,9929,5,2500,A3,Tracy,6.976000000000113
15.74708959474351,3,100,9929,5,2500,core,Tracy_Olga,6.976000000000113
2.1468113310181143,3,100,1000,5,5000,A1,NTD,28.05500000000029
2.6755604033916245,3,100,1000,5,5000,A2,NTD,28.05500000000029
997.0002634305908,3,100,1000,5,5000,A3,NTD,28.05500000000029
13.319445857855865,3,100,1000,5,5000,core,NTD,28.05500000000029
2.0695126417314693,3,100,1000,5,5000,A1,Ours,0.45299999999997453
0.013147776098197844,3,100,1000,5,5000,A2,Ours,0.45299999999997453
0.11713293092388442,3,100,1000,5,5000,A3,Ours,0.45299999999997453
15.090175338410939,3,100,1000,5,5000,core,Ours,0.45299999999997453
2.0695126417314693,3,100,1000,5,5000,A1,HOSVD,0.6049999999995634
0.013147776098197844,3,100,1000,5,5000,A2,HOSVD,0.6049999999995634
0.11701063963141013,3,100,1000,5,5000,A3,HOSVD,0.6049999999995634
15.090062354068934,3,100,1000,5,5000,core,HOSVD,0.6049999999995634
2.0776407467298657,3,100,1000,5,5000,A1,HOOI,0.6910000000002583
0.014658731805961805,3,100,1000,5,5000,A2,HOOI,0.6910000000002583
0.11845918878322499,3,100,1000,5,5000,A3,HOOI,0.6910000000002583
15.090506979763472,3,100,1000,5,5000,core,HOOI,0.6910000000002583
2.0708333642177874,3,100,1000,5,5000,A1,Olga,0.47100000000000364
0.017853625575477514,3,100,1000,5,5000,A2,Olga,0.47100000000000364
1.3389488681247752,3,100,1000,5,5000,A3,Tracy,0.47100000000000364
15.124897789752769,3,100,1000,5,5000,core,Tracy_Olga,0.47100000000000364
2.8002792024003735,3,100,4997,5,5000,A1,NTD,171.9960000000001
1.5414498831910188,3,100,4997,5,5000,A2,NTD,171.9960000000001
4994.0327011280215,3,100,4997,5,5000,A3,NTD,171.9960000000001
14.675559465906307,3,100,4997,5,5000,core,NTD,171.9960000000001
1.8676889568121253,3,100,4997,5,5000,A1,Ours,5.248000000000047
0.0052059184120580426,3,100,4997,5,5000,A2,Ours,5.248000000000047
2.4827820709215316,3,100,4997,5,5000,A3,Ours,5.248000000000047
15.74708959474351,3,100,4997,5,5000,core,Ours,5.248000000000047
1.8676889568121253,3,100,4997,5,5000,A1,HOSVD,1.7979999999997744
0.0052059184120580426,3,100,4997,5,5000,A2,HOSVD,1.7979999999997744
2.4740945377164247,3,100,4997,5,5000,A3,HOSVD,1.7979999999997744
15.74708959474351,3,100,4997,5,5000,core,HOSVD,1.7979999999997744
1.8634961606813865,3,100,4997,5,5000,A1,HOOI,4.586999999999989
0.004984278701494518,3,100,4997,5,5000,A2,HOOI,4.586999999999989
2.4719214785424044,3,100,4997,5,5000,A3,HOOI,4.586999999999989
15.74708959474351,3,100,4997,5,5000,core,HOOI,4.586999999999989
2.3616456407395074,3,100,4997,5,5000,A1,Olga,2.6669999999999163
0.06084353420024632,3,100,4997,5,5000,A2,Olga,2.6669999999999163
2.8964644749024804,3,100,4997,5,5000,A3,Tracy,2.6669999999999163
15.747088953083129,3,100,4997,5,5000,core,Tracy_Olga,2.6669999999999163
2.1385991536643827,3,100,9971,5,5000,A1,NTD,326.2710000000002
2.6927865526725117,3,100,9971,5,5000,A2,NTD,326.2710000000002
9968.062178961329,3,100,9971,5,5000,A3,NTD,326.2710000000002
12.468631243854547,3,100,9971,5,5000,core,NTD,326.2710000000002
2.588819992214455,3,100,9971,5,5000,A1,Ours,14.418999999999869
0.024507319167107047,3,100,9971,5,5000,A2,Ours,14.418999999999869
2.5388454083665404,3,100,9971,5,5000,A3,Ours,14.418999999999869
15.74708959474351,3,100,9971,5,5000,core,Ours,14.418999999999869
2.588819992214455,3,100,9971,5,5000,A1,HOSVD,3.7080000000000837
0.024507319167107047,3,100,9971,5,5000,A2,HOSVD,3.7080000000000837
2.508469684107379,3,100,9971,5,5000,A3,HOSVD,3.7080000000000837
15.74708959474351,3,100,9971,5,5000,core,HOSVD,3.7080000000000837
2.5881155777547726,3,100,9971,5,5000,A1,HOOI,11.365000000000236
0.02328581168676342,3,100,9971,5,5000,A2,HOOI,11.365000000000236
2.5096373827151504,3,100,9971,5,5000,A3,HOOI,11.365000000000236
15.74708959474351,3,100,9971,5,5000,core,HOOI,11.365000000000236
1.8059631839427182,3,100,9971,5,5000,A1,Olga,6.23700000000008
0.1477368063285058,3,100,9971,5,5000,A2,Olga,6.23700000000008
2.8725694629533276,3,100,9971,5,5000,A3,Tracy,6.23700000000008
15.74708959474351,3,100,9971,5,5000,core,Tracy_Olga,6.23700000000008
2.3276832009386403,3,100,1000,5,6000,A1,NTD,27.914000000000215
0.8379592736113028,3,100,1000,5,6000,A2,NTD,27.914000000000215
997.0002895797612,3,100,1000,5,6000,A3,NTD,27.914000000000215
14.069022491685576,3,100,1000,5,6000,core,NTD,27.914000000000215
2.2528505551072584,3,100,1000,5,6000,A1,Ours,0.48400000000037835
0.011714291173362805,3,100,1000,5,6000,A2,Ours,0.48400000000037835
0.07756583056560781,3,100,1000,5,6000,A3,Ours,0.48400000000037835
15.11499775903252,3,100,1000,5,6000,core,Ours,0.48400000000037835
2.2528505551072584,3,100,1000,5,6000,A1,HOSVD,0.5730000000003201
0.011714291173362805,3,100,1000,5,6000,A2,HOSVD,0.5730000000003201
0.077337969225126,3,100,1000,5,6000,A3,HOSVD,0.5730000000003201
15.115000231595117,3,100,1000,5,6000,core,HOSVD,0.5730000000003201
2.251260120433791,3,100,1000,5,6000,A1,HOOI,0.6880000000001019
0.01349515032263198,3,100,1000,5,6000,A2,HOOI,0.6880000000001019
0.07723224657186985,3,100,1000,5,6000,A3,HOOI,0.6880000000001019
15.116208373801117,3,100,1000,5,6000,core,HOOI,0.6880000000001019
1.7005927740619071,3,100,1000,5,6000,A1,Olga,0.43699999999989814
0.03261990878510463,3,100,1000,5,6000,A2,Olga,0.43699999999989814
1.327431974806723,3,100,1000,5,6000,A3,Tracy,0.43699999999989814
15.180447818370887,3,100,1000,5,6000,core,Tracy_Olga,0.43699999999989814
2.1332702184451415,3,100,4995,5,6000,A1,NTD,157.3800000000001
1.990052311576714,3,100,4995,5,6000,A2,NTD,157.3800000000001
4992.0371851978725,3,100,4995,5,6000,A3,NTD,157.3800000000001
13.14882783700037,3,100,4995,5,6000,core,NTD,157.3800000000001
1.8460119901844354,3,100,4995,5,6000,A1,Ours,5.237999999999829
0.01751152070597001,3,100,4995,5,6000,A2,Ours,5.237999999999829
2.4764607469053765,3,100,4995,5,6000,A3,Ours,5.237999999999829
15.607382101811991,3,100,4995,5,6000,core,Ours,5.237999999999829
1.8460119901844354,3,100,4995,5,6000,A1,HOSVD,2.3520000000003165
0.01751152070597001,3,100,4995,5,6000,A2,HOSVD,2.3520000000003165
2.470640708329465,3,100,4995,5,6000,A3,HOSVD,2.3520000000003165
15.60028042240432,3,100,4995,5,6000,core,HOSVD,2.3520000000003165
1.8493096008229675,3,100,4995,5,6000,A1,HOOI,5.063000000000102
0.017795025709910015,3,100,4995,5,6000,A2,HOOI,5.063000000000102
2.468322785671466,3,100,4995,5,6000,A3,HOOI,5.063000000000102
15.579724816989271,3,100,4995,5,6000,core,HOOI,5.063000000000102
2.240402244272554,3,100,4995,5,6000,A1,Olga,3.5149999999998727
0.057775756888228065,3,100,4995,5,6000,A2,Olga,3.5149999999998727
2.901124390188997,3,100,4995,5,6000,A3,Tracy,3.5149999999998727
15.74708959474351,3,100,4995,5,6000,core,Tracy_Olga,3.5149999999998727
2.030968748234071,3,100,9962,5,6000,A1,NTD,325.2950000000001
2.5064177095009526,3,100,9962,5,6000,A2,NTD,325.2950000000001
9959.058562506256,3,100,9962,5,6000,A3,NTD,325.2950000000001
13.893035814252501,3,100,9962,5,6000,core,NTD,325.2950000000001
1.6077161373471345,3,100,9962,5,6000,A1,Ours,13.445000000000164
0.029155194600885465,3,100,9962,5,6000,A2,Ours,13.445000000000164
2.5276788464633775,3,100,9962,5,6000,A3,Ours,13.445000000000164
15.74708959474351,3,100,9962,5,6000,core,Ours,13.445000000000164
1.6077161373471345,3,100,9962,5,6000,A1,HOSVD,3.3160000000002583
0.029155194600885465,3,100,9962,5,6000,A2,HOSVD,3.3160000000002583
2.506508719785679,3,100,9962,5,6000,A3,HOSVD,3.3160000000002583
15.74708959474351,3,100,9962,5,6000,core,HOSVD,3.3160000000002583
1.6059816168452175,3,100,9962,5,6000,A1,HOOI,12.538000000000011
0.02964601657597583,3,100,9962,5,6000,A2,HOOI,12.538000000000011
2.5086036714559508,3,100,9962,5,6000,A3,HOOI,12.538000000000011
15.74708959474351,3,100,9962,5,6000,core,HOOI,12.538000000000011
2.032514167645356,3,100,9962,5,6000,A1,Olga,8.852000000000317
0.13458657614283817,3,100,9962,5,6000,A2,Olga,8.852000000000317
2.878966686459971,3,100,9962,5,6000,A3,Tracy,8.852000000000317
15.74708959474351,3,100,9962,5,6000,core,Tracy_Olga,8.852000000000317
2.1057870188350054,3,100,1000,5,7000,A1,NTD,28.103000000000065
1.1429939777699931,3,100,1000,5,7000,A2,NTD,28.103000000000065
997.0001213048764,3,100,1000,5,7000,A3,NTD,28.103000000000065
14.470733146399713,3,100,1000,5,7000,core,NTD,28.103000000000065
1.6463782392155637,3,100,1000,5,7000,A1,Ours,0.875
0.007761664039620951,3,100,1000,5,7000,A2,Ours,0.875
0.07132825046656306,3,100,1000,5,7000,A3,Ours,0.875
15.130945213424436,3,100,1000,5,7000,core,Ours,0.875
1.6463782392155637,3,100,1000,5,7000,A1,HOSVD,0.6189999999996871
0.007761664039620951,3,100,1000,5,7000,A2,HOSVD,0.6189999999996871
0.07139738373371683,3,100,1000,5,7000,A3,HOSVD,0.6189999999996871
15.13092876266611,3,100,1000,5,7000,core,HOSVD,0.6189999999996871
1.6286638320002096,3,100,1000,5,7000,A1,HOOI,0.7760000000002947
0.007223235075175265,3,100,1000,5,7000,A2,HOOI,0.7760000000002947
0.07733287104102747,3,100,1000,5,7000,A3,HOOI,0.7760000000002947
15.119094960580927,3,100,1000,5,7000,core,HOOI,0.7760000000002947
1.7002459959327973,3,100,1000,5,7000,A1,Olga,0.88799999999992
0.009069422470614244,3,100,1000,5,7000,A2,Olga,0.88799999999992
1.3274283768238333,3,100,1000,5,7000,A3,Tracy,0.88799999999992
15.185106829258002,3,100,1000,5,7000,core,Tracy_Olga,0.88799999999992
1.9907719926131826,3,100,4998,5,7000,A1,NTD,157.8130000000001
4.5119206063049635,3,100,4998,5,7000,A2,NTD,157.8130000000001
4995.029669844682,3,100,4998,5,7000,A3,NTD,157.8130000000001
9.009027090644272,3,100,4998,5,7000,core,NTD,157.8130000000001
1.9836285629183577,3,100,4998,5,7000,A1,Ours,12.17699999999968
0.01516415223765307,3,100,4998,5,7000,A2,Ours,12.17699999999968
2.4662850938183003,3,100,4998,5,7000,A3,Ours,12.17699999999968
15.693581680292516,3,100,4998,5,7000,core,Ours,12.17699999999968
1.9836285629183577,3,100,4998,5,7000,A1,HOSVD,13.197000000000116
0.01516415223765307,3,100,4998,5,7000,A2,HOSVD,13.197000000000116
2.462039779440833,3,100,4998,5,7000,A3,HOSVD,13.197000000000116
15.693581680292516,3,100,4998,5,7000,core,HOSVD,13.197000000000116
1.9829834323712647,3,100,4998,5,7000,A1,HOOI,18.151000000000295
0.014897802149508355,3,100,4998,5,7000,A2,HOOI,18.151000000000295
2.460924462214076,3,100,4998,5,7000,A3,HOOI,18.151000000000295
15.693581680292516,3,100,4998,5,7000,core,HOOI,18.151000000000295
1.6155650505690333,3,100,4998,5,7000,A1,Olga,13.364999999999782
0.027597653762128055,3,100,4998,5,7000,A2,Olga,13.364999999999782
2.8630721743728444,3,100,4998,5,7000,A3,Tracy,13.364999999999782
15.74708959474351,3,100,4998,5,7000,core,Tracy_Olga,13.364999999999782
1.8795410395059948,3,100,9977,5,7000,A1,NTD,332.66100000000006
0.35528126599115867,3,100,9977,5,7000,A2,NTD,332.66100000000006
9974.054848318325,3,100,9977,5,7000,A3,NTD,332.66100000000006
9.664120772489156,3,100,9977,5,7000,core,NTD,332.66100000000006
1.750041062411882,3,100,9977,5,7000,A1,Ours,15.988000000000284
0.01663760963323915,3,100,9977,5,7000,A2,Ours,15.988000000000284
2.5178304076737743,3,100,9977,5,7000,A3,Ours,15.988000000000284
15.74708959474351,3,100,9977,5,7000,core,Ours,15.988000000000284
1.750041062411882,3,100,9977,5,7000,A1,HOSVD,3.6489999999994325
0.01663760963323915,3,100,9977,5,7000,A2,HOSVD,3.6489999999994325
2.5022239249411786,3,100,9977,5,7000,A3,HOSVD,3.6489999999994325
15.74708959474351,3,100,9977,5,7000,core,HOSVD,3.6489999999994325
1.7603138349215923,3,100,9977,5,7000,A1,HOOI,15.84900000000016
0.018511238774385288,3,100,9977,5,7000,A2,HOOI,15.84900000000016
2.5028888969969625,3,100,9977,5,7000,A3,HOOI,15.84900000000016
15.74708959474351,3,100,9977,5,7000,core,HOOI,15.84900000000016
2.0444424175604623,3,100,9977,5,7000,A1,Olga,7.166000000000167
0.0803945411724655,3,100,9977,5,7000,A2,Olga,7.166000000000167
2.871948016844729,3,100,9977,5,7000,A3,Tracy,7.166000000000167
15.74708959474351,3,100,9977,5,7000,core,Tracy_Olga,7.166000000000167
2.3524346522967448,3,100,1000,5,8000,A1,NTD,28.118999999999687
0.9143127900777085,3,100,1000,5,8000,A2,NTD,28.118999999999687
997.0000613939653,3,100,1000,5,8000,A3,NTD,28.118999999999687
14.193615770068732,3,100,1000,5,8000,core,NTD,28.118999999999687
1.3345117236761412,3,100,1000,5,8000,A1,Ours,0.4750000000003638
0.006514366875005408,3,100,1000,5,8000,A2,Ours,0.4750000000003638
0.0682586308184548,3,100,1000,5,8000,A3,Ours,0.4750000000003638
15.121399365270483,3,100,1000,5,8000,core,Ours,0.4750000000003638
1.3345117236761412,3,100,1000,5,8000,A1,HOSVD,0.6999999999998181
0.006514366875005408,3,100,1000,5,8000,A2,HOSVD,0.6999999999998181
0.068281135679505,3,100,1000,5,8000,A3,HOSVD,0.6999999999998181
15.121380581135112,3,100,1000,5,8000,core,HOSVD,0.6999999999998181
1.3380145327459743,3,100,1000,5,8000,A1,HOOI,0.8559999999997672
0.005637988102029506,3,100,1000,5,8000,A2,HOOI,0.8559999999997672
0.06819142220449442,3,100,1000,5,8000,A3,HOOI,0.8559999999997672
15.12201183899311,3,100,1000,5,8000,core,HOOI,0.8559999999997672
1.4118429230309815,3,100,1000,5,8000,A1,Olga,0.9250000000001819
0.012543763672317245,3,100,1000,5,8000,A2,Olga,0.9250000000001819
1.3281516484490832,3,100,1000,5,8000,A3,Tracy,0.9250000000001819
15.193813802851743,3,100,1000,5,8000,core,Tracy_Olga,0.9250000000001819
1.9884320290059292,3,100,4997,5,8000,A1,NTD,156.97999999999956
4.144298880565674,3,100,4997,5,8000,A2,NTD,156.97999999999956
4994.020615096375,3,100,4997,5,8000,A3,NTD,156.97999999999956
10.810153648708868,3,100,4997,5,8000,core,NTD,156.97999999999956
2.0315438457151576,3,100,4997,5,8000,A1,Ours,4.722999999999956
0.011420941605706862,3,100,4997,5,8000,A2,Ours,4.722999999999956
2.4799268923176725,3,100,4997,5,8000,A3,Ours,4.722999999999956
15.693581680292516,3,100,4997,5,8000,core,Ours,4.722999999999956
2.0315438457151576,3,100,4997,5,8000,A1,HOSVD,1.6090000000003783
0.011420941605706862,3,100,4997,5,8000,A2,HOSVD,1.6090000000003783
2.4764278166921723,3,100,4997,5,8000,A3,HOSVD,1.6090000000003783
15.693581680292516,3,100,4997,5,8000,core,HOSVD,1.6090000000003783
2.031869755566708,3,100,4997,5,8000,A1,HOOI,4.038000000000466
0.011908706824095991,3,100,4997,5,8000,A2,HOOI,4.038000000000466
2.4733785835147306,3,100,4997,5,8000,A3,HOOI,4.038000000000466
15.693581680292516,3,100,4997,5,8000,core,HOOI,4.038000000000466
2.0319646962927886,3,100,4997,5,8000,A1,Olga,3.0330000000003565
0.05415383094691446,3,100,4997,5,8000,A2,Olga,3.0330000000003565
2.9535641880429355,3,100,4997,5,8000,A3,Tracy,3.0330000000003565
15.693581680292516,3,100,4997,5,8000,core,Tracy_Olga,3.0330000000003565
2.0860056424894697,3,100,9979,5,8000,A1,NTD,333.77100000000064
1.3298369934362488,3,100,9979,5,8000,A2,NTD,333.77100000000064
9976.046600023392,3,100,9979,5,8000,A3,NTD,333.77100000000064
12.264916009829296,3,100,9979,5,8000,core,NTD,333.77100000000064
1.2820008016106312,3,100,9979,5,8000,A1,Ours,16.753999999999905
0.004388963846721608,3,100,9979,5,8000,A2,Ours,16.753999999999905
2.501355674875388,3,100,9979,5,8000,A3,Ours,16.753999999999905
15.610895114096435,3,100,9979,5,8000,core,Ours,16.753999999999905
1.2820008016106312,3,100,9979,5,8000,A1,HOSVD,4.407999999999447
0.004388963846721608,3,100,9979,5,8000,A2,HOSVD,4.407999999999447
2.489191326553508,3,100,9979,5,8000,A3,HOSVD,4.407999999999447
15.608940387960399,3,100,9979,5,8000,core,HOSVD,4.407999999999447
1.289904198299361,3,100,9979,5,8000,A1,HOOI,13.784999999999854
0.004515427369255908,3,100,9979,5,8000,A2,HOOI,13.784999999999854
2.489896125579404,3,100,9979,5,8000,A3,HOOI,13.784999999999854
15.603601949188773,3,100,9979,5,8000,core,HOOI,13.784999999999854
1.6572039856621137,3,100,9979,5,8000,A1,Olga,6.530999999999949
0.11352200639453504,3,100,9979,5,8000,A2,Olga,6.530999999999949
2.9008706925641756,3,100,9979,5,8000,A3,Tracy,6.530999999999949
15.627767576383002,3,100,9979,5,8000,core,Tracy_Olga,6.530999999999949
2.0941084839749404,3,100,1000,5,9000,A1,NTD,28.86499999999978
0.3841584960985331,3,100,1000,5,9000,A2,NTD,28.86499999999978
997.0001153992299,3,100,1000,5,9000,A3,NTD,28.86499999999978
13.326874196337165,3,100,1000,5,9000,core,NTD,28.86499999999978
1.8469303734300329,3,100,1000,5,9000,A1,Ours,0.5150000000003274
0.024250918807394384,3,100,1000,5,9000,A2,Ours,0.5150000000003274
0.06237038183191389,3,100,1000,5,9000,A3,Ours,0.5150000000003274
15.142116134607763,3,100,1000,5,9000,core,Ours,0.5150000000003274
1.8469303734300329,3,100,1000,5,9000,A1,HOSVD,0.44099999999980355
0.024250918807394384,3,100,1000,5,9000,A2,HOSVD,0.44099999999980355
0.06235846920412261,3,100,1000,5,9000,A3,HOSVD,0.44099999999980355
15.142116807599145,3,100,1000,5,9000,core,HOSVD,0.44099999999980355
1.8486701809258472,3,100,1000,5,9000,A1,HOOI,0.8869999999997162
0.021309326075359864,3,100,1000,5,9000,A2,HOOI,0.8869999999997162
0.11074100288561706,3,100,1000,5,9000,A3,HOOI,0.8869999999997162
15.019424498445588,3,100,1000,5,9000,core,HOOI,0.8869999999997162
1.4584181423416684,3,100,1000,5,9000,A1,Olga,0.4459999999999127
0.038755633916262584,3,100,1000,5,9000,A2,Olga,0.4459999999999127
1.3271441466855873,3,100,1000,5,9000,A3,Tracy,0.4459999999999127
15.167789777085046,3,100,1000,5,9000,core,Tracy_Olga,0.4459999999999127
4.623713508215049,3,100,4998,5,9000,A1,NTD,158.1819999999998
0.6670187349214425,3,100,4998,5,9000,A2,NTD,158.1819999999998
4995.013052434856,3,100,4998,5,9000,A3,NTD,158.1819999999998
10.28504176541079,3,100,4998,5,9000,core,NTD,158.1819999999998
1.5368898682133119,3,100,4998,5,9000,A1,Ours,4.501000000000204
0.016531469805867435,3,100,4998,5,9000,A2,Ours,4.501000000000204
2.469248074120189,3,100,4998,5,9000,A3,Ours,4.501000000000204
15.74708959474351,3,100,4998,5,9000,core,Ours,4.501000000000204
1.5368898682133119,3,100,4998,5,9000,A1,HOSVD,1.7120000000004438
0.016531469805867435,3,100,4998,5,9000,A2,HOSVD,1.7120000000004438
2.466944170046582,3,100,4998,5,9000,A3,HOSVD,1.7120000000004438
15.74708959474351,3,100,4998,5,9000,core,HOSVD,1.7120000000004438
1.5310168371321626,3,100,4998,5,9000,A1,HOOI,4.333999999999833
0.01647671674543854,3,100,4998,5,9000,A2,HOOI,4.333999999999833
2.4671968541315032,3,100,4998,5,9000,A3,HOOI,4.333999999999833
15.74708959474351,3,100,4998,5,9000,core,HOOI,4.333999999999833
1.4357207418611433,3,100,4998,5,9000,A1,Olga,2.643000000000029
0.04951329851651716,3,100,4998,5,9000,A2,Olga,2.643000000000029
2.828748098839632,3,100,4998,5,9000,A3,Tracy,2.643000000000029
15.74708959474351,3,100,4998,5,9000,core,Tracy_Olga,2.643000000000029
2.1050753520566725,3,100,9978,5,9000,A1,NTD,321.04199999999946
3.713638429868758,3,100,9978,5,9000,A2,NTD,321.04199999999946
9975.040298113785,3,100,9978,5,9000,A3,NTD,321.04199999999946
13.342511633561662,3,100,9978,5,9000,core,NTD,321.04199999999946
1.8624068081992693,3,100,9978,5,9000,A1,Ours,13.331000000000131
0.008219527202862936,3,100,9978,5,9000,A2,Ours,13.331000000000131
2.508622685232784,3,100,9978,5,9000,A3,Ours,13.331000000000131
15.74708959474351,3,100,9978,5,9000,core,Ours,13.331000000000131
1.8624068081992693,3,100,9978,5,9000,A1,HOSVD,3.9030000000002474
0.008219527202862936,3,100,9978,5,9000,A2,HOSVD,3.9030000000002474
2.499253336650486,3,100,9978,5,9000,A3,HOSVD,3.9030000000002474
15.74708959474351,3,100,9978,5,9000,core,HOSVD,3.9030000000002474
1.8526225267770493,3,100,9978,5,9000,A1,HOOI,10.951000000000022
0.00790378944493382,3,100,9978,5,9000,A2,HOOI,10.951000000000022
2.5001464969534544,3,100,9978,5,9000,A3,HOOI,10.951000000000022
15.74708959474351,3,100,9978,5,9000,core,HOOI,10.951000000000022
1.5649814733383032,3,100,9978,5,9000,A1,Olga,6.016999999999825
0.05607353218789838,3,100,9978,5,9000,A2,Olga,6.016999999999825
2.8583501620136076,3,100,9978,5,9000,A3,Tracy,6.016999999999825
15.74708959474351,3,100,9978,5,9000,core,Tracy_Olga,6.016999999999825
2.849161338775907,3,100,1000,5,10000,A1,NTD,27.194000000000415
4.095104680128486,3,100,1000,5,10000,A2,NTD,27.194000000000415
997.0000229379555,3,100,1000,5,10000,A3,NTD,27.194000000000415
12.260049960829637,3,100,1000,5,10000,core,NTD,27.194000000000415
1.032276299560294,3,100,1000,5,10000,A1,Ours,0.626999999999498
0.006014815352667171,3,100,1000,5,10000,A2,Ours,0.626999999999498
0.07467183008422348,3,100,1000,5,10000,A3,Ours,0.626999999999498
15.107627785597176,3,100,1000,5,10000,core,Ours,0.626999999999498
1.032276299560294,3,100,1000,5,10000,A1,HOSVD,0.4679999999998472
0.006014815352667171,3,100,1000,5,10000,A2,HOSVD,0.4679999999998472
0.07464659575947111,3,100,1000,5,10000,A3,HOSVD,0.4679999999998472
15.107604847092018,3,100,1000,5,10000,core,HOSVD,0.4679999999998472
1.2439052917952778,3,100,1000,5,10000,A1,HOOI,1.300000000000182
0.005928689789149137,3,100,1000,5,10000,A2,HOOI,1.300000000000182
0.07549582556872235,3,100,1000,5,10000,A3,HOOI,1.300000000000182
15.117322325280295,3,100,1000,5,10000,core,HOOI,1.300000000000182
1.4828628911568187,3,100,1000,5,10000,A1,Olga,1.683999999999287
0.007747261824631534,3,100,1000,5,10000,A2,Olga,1.683999999999287
1.3317770136799332,3,100,1000,5,10000,A3,Tracy,1.683999999999287
15.16807387851915,3,100,1000,5,10000,core,Tracy_Olga,1.683999999999287
2.356380703460984,3,100,4998,5,10000,A1,NTD,149.77300000000014
3.853792949073676,3,100,4998,5,10000,A2,NTD,149.77300000000014
4995.023231244233,3,100,4998,5,10000,A3,NTD,149.77300000000014
10.466497605439827,3,100,4998,5,10000,core,NTD,149.77300000000014
1.5758226721724249,3,100,4998,5,10000,A1,Ours,4.3799999999992
0.013353433684201237,3,100,4998,5,10000,A2,Ours,4.3799999999992
2.4679597553793693,3,100,4998,5,10000,A3,Ours,4.3799999999992
15.461570033246234,3,100,4998,5,10000,core,Ours,4.3799999999992
1.5758226721724249,3,100,4998,5,10000,A1,HOSVD,2.068000000000211
0.013353433684201237,3,100,4998,5,10000,A2,HOSVD,2.068000000000211
2.4669736712897965,3,100,4998,5,10000,A3,HOSVD,2.068000000000211
15.461197566734947,3,100,4998,5,10000,core,HOSVD,2.068000000000211
1.5756607093662158,3,100,4998,5,10000,A1,HOOI,4.411000000000058
0.012161207397337516,3,100,4998,5,10000,A2,HOOI,4.411000000000058
2.4647045391214464,3,100,4998,5,10000,A3,HOOI,4.411000000000058
15.452893650769468,3,100,4998,5,10000,core,HOOI,4.411000000000058
1.5738556910346113,3,100,4998,5,10000,A1,Olga,2.457999999999629
0.04127870753627148,3,100,4998,5,10000,A2,Olga,2.457999999999629
2.940606671261143,3,100,4998,5,10000,A3,Tracy,2.457999999999629
15.444690873042669,3,100,4998,5,10000,core,Tracy_Olga,2.457999999999629
1.9880965499716112,3,100,9981,5,10000,A1,NTD,323.15200000000004
4.349881412803106,3,100,9981,5,10000,A2,NTD,323.15200000000004
9978.030138566832,3,100,9981,5,10000,A3,NTD,323.15200000000004
13.263711754755628,3,100,9981,5,10000,core,NTD,323.15200000000004
1.1006009121171618,3,100,9981,5,10000,A1,Ours,13.916999999999462
0.011109334147634263,3,100,9981,5,10000,A2,Ours,13.916999999999462
2.502928250106654,3,100,9981,5,10000,A3,Ours,13.916999999999462
15.74708959474351,3,100,9981,5,10000,core,Ours,13.916999999999462
1.1006009121171618,3,100,9981,5,10000,A1,HOSVD,3.5729999999994106
0.011109334147634263,3,100,9981,5,10000,A2,HOSVD,3.5729999999994106
2.495205661860591,3,100,9981,5,10000,A3,HOSVD,3.5729999999994106
15.74708959474351,3,100,9981,5,10000,core,HOSVD,3.5729999999994106
1.1026743266607586,3,100,9981,5,10000,A1,HOOI,10.501000000000204
0.012046311997470563,3,100,9981,5,10000,A2,HOOI,10.501000000000204
2.4943144029734885,3,100,9981,5,10000,A3,HOOI,10.501000000000204
15.74708959474351,3,100,9981,5,10000,core,HOOI,10.501000000000204
1.7216988005452527,3,100,9981,5,10000,A1,Olga,6.154000000000451
0.08029440884025188,3,100,9981,5,10000,A2,Olga,6.154000000000451
2.8741132584236695,3,100,9981,5,10000,A3,Tracy,6.154000000000451
15.74708848613857,3,100,9981,5,10000,core,Tracy_Olga,6.154000000000451
