error,K,Q1,R,Q2,M,mode,method,time
15.391675759415282,3,100,982,5,100,A1,NTD,76.429
4.414570366565557,3,100,982,5,100,A2,NTD,76.429
979.2574615369375,3,100,982,5,100,A3,NTD,76.429
10.112430708159721,3,100,982,5,100,core,NTD,76.429
17.913380274377044,3,100,982,5,100,A1,Ours,2.289999999999992
0.11999425586304384,3,100,982,5,100,A2,Ours,2.289999999999992
3.450080981983545,3,100,982,5,100,A3,Ours,2.289999999999992
10.000015881763341,3,100,982,5,100,core,Ours,2.289999999999992
17.913380274377044,3,100,982,5,100,A1,HOSVD,0.894999999999996
0.11999425586304384,3,100,982,5,100,A2,HOSVD,0.894999999999996
2.6623299387842545,3,100,982,5,100,A3,HOSVD,0.894999999999996
12.188741600029934,3,100,982,5,100,core,HOSVD,0.894999999999996
18.073283702615175,3,100,982,5,100,A1,HOOI,2.310999999999993
0.07884606324206268,3,100,982,5,100,A2,HOOI,2.310999999999993
2.9011118117702113,3,100,982,5,100,A3,HOOI,2.310999999999993
11.134578476079009,3,100,982,5,100,core,HOOI,2.310999999999993
34.078515579261236,3,100,982,5,100,A1,Olga,1
1.0898824814814756,3,100,982,5,100,A2,Olga,1
2.8864401900762973,3,100,982,5,100,A3,Tracy,1
6.397601638947045,3,100,982,5,100,core,Tracy_Olga,1
116.0586935340743,3,100,4528,5,100,A1,NTD,331.336
2.565980322408391,3,100,4528,5,100,A2,NTD,331.336
4525.478812146731,3,100,4528,5,100,A3,NTD,331.336
9.666470056153912,3,100,4528,5,100,core,NTD,331.336
17.352587930735496,3,100,4528,5,100,A1,Ours,9.158000000000015
0.1037887155695018,3,100,4528,5,100,A2,Ours,9.158000000000015
5.300245878645089,3,100,4528,5,100,A3,Ours,9.158000000000015
12.929662987308904,3,100,4528,5,100,core,Ours,9.158000000000015
17.352587930735496,3,100,4528,5,100,A1,HOSVD,3.274000000000001
0.1037887155695018,3,100,4528,5,100,A2,HOSVD,3.274000000000001
3.104901926514807,3,100,4528,5,100,A3,HOSVD,3.274000000000001
12.704047748369542,3,100,4528,5,100,core,HOSVD,3.274000000000001
17.21800982150408,3,100,4528,5,100,A1,HOOI,10.465000000000032
0.10528396419423028,3,100,4528,5,100,A2,HOOI,10.465000000000032
3.905446726666462,3,100,4528,5,100,A3,HOOI,10.465000000000032
14.169667476526714,3,100,4528,5,100,core,HOOI,10.465000000000032
73.0226198142428,3,100,4528,5,100,A1,Olga,4.6089999999999804
2.7023250417966356,3,100,4528,5,100,A2,Olga,4.6089999999999804
3.053296024443603,3,100,4528,5,100,A3,Tracy,4.6089999999999804
9.142326314062098,3,100,4528,5,100,core,Tracy_Olga,4.6089999999999804
120.71947038867486,3,100,8185,5,100,A1,NTD,594.559
4.565953127777068,3,100,8185,5,100,A2,NTD,594.559
8182.604776864888,3,100,8185,5,100,A3,NTD,594.559
9.545213955624583,3,100,8185,5,100,core,NTD,594.559
22.545011759234704,3,100,8185,5,100,A1,Ours,21.554000000000087
0.06637828801633458,3,100,8185,5,100,A2,Ours,21.554000000000087
4.564602628411572,3,100,8185,5,100,A3,Ours,21.554000000000087
10.999651428653182,3,100,8185,5,100,core,Ours,21.554000000000087
22.290283457000466,3,100,8185,5,100,A1,HOOI,26.014000000000124
0.06767384627640491,3,100,8185,5,100,A2,HOOI,26.014000000000124
3.3577759121074275,3,100,8185,5,100,A3,HOOI,26.014000000000124
8.944572114806792,3,100,8185,5,100,core,HOOI,26.014000000000124
84.2549389814582,3,100,8185,5,100,A1,Olga,10.620999999999867
2.6255712641824522,3,100,8185,5,100,A2,Olga,10.620999999999867
4.292149826788126,3,100,8185,5,100,A3,Tracy,10.620999999999867
8.9488148132103,3,100,8185,5,100,core,Tracy_Olga,10.620999999999867
8.007224423477158,3,100,996,5,500,A1,NTD,62.28500000000008
1.9753423640964634,3,100,996,5,500,A2,NTD,62.28500000000008
993.0641521474951,3,100,996,5,500,A3,NTD,62.28500000000008
11.636994409682465,3,100,996,5,500,core,NTD,62.28500000000008
6.885541589020129,3,100,996,5,500,A1,Ours,1.0549999999998363
0.05769789653777067,3,100,996,5,500,A2,Ours,1.0549999999998363
2.6121258060792023,3,100,996,5,500,A3,Ours,1.0549999999998363
11.46237196551816,3,100,996,5,500,core,Ours,1.0549999999998363
6.885541589020129,3,100,996,5,500,A1,HOSVD,0.8710000000000946
0.05769789653777067,3,100,996,5,500,A2,HOSVD,0.8710000000000946
2.573689893076904,3,100,996,5,500,A3,HOSVD,0.8710000000000946
11.465468355393202,3,100,996,5,500,core,HOSVD,0.8710000000000946
6.931206447259106,3,100,996,5,500,A1,HOOI,1.7010000000000218
0.0451226919171707,3,100,996,5,500,A2,HOOI,1.7010000000000218
2.5734262182866487,3,100,996,5,500,A3,HOOI,1.7010000000000218
11.56393579628815,3,100,996,5,500,core,HOOI,1.7010000000000218
8.289975452988328,3,100,996,5,500,A1,Olga,0.9679999999998472
0.1196612045146788,3,100,996,5,500,A2,Olga,0.9679999999998472
2.894530966859082,3,100,996,5,500,A3,Tracy,0.9679999999998472
11.350248791681746,3,100,996,5,500,core,Tracy_Olga,0.9679999999998472
7.899182161638226,3,100,4898,5,500,A1,NTD,343.67100000000005
4.134078067201274,3,100,4898,5,500,A2,NTD,343.67100000000005
4895.158108717859,3,100,4898,5,500,A3,NTD,343.67100000000005
10.42990336552238,3,100,4898,5,500,core,NTD,343.67100000000005
8.580951237452835,3,100,4898,5,500,A1,Ours,9.570999999999913
0.046466330992568576,3,100,4898,5,500,A2,Ours,9.570999999999913
3.1924367180770354,3,100,4898,5,500,A3,Ours,9.570999999999913
11.536002332470606,3,100,4898,5,500,core,Ours,9.570999999999913
8.580951237452835,3,100,4898,5,500,A1,HOSVD,3.300999999999931
0.046466330992568576,3,100,4898,5,500,A2,HOSVD,3.300999999999931
2.619414200682594,3,100,4898,5,500,A3,HOSVD,3.300999999999931
11.776882213628818,3,100,4898,5,500,core,HOSVD,3.300999999999931
9.181754962977552,3,100,4898,5,500,A1,HOOI,9.844000000000051
0.04975227248251485,3,100,4898,5,500,A2,HOOI,9.844000000000051
2.8006954063561165,3,100,4898,5,500,A3,HOOI,9.844000000000051
12.31245223527113,3,100,4898,5,500,core,HOOI,9.844000000000051
12.928399537033101,3,100,4898,5,500,A1,Olga,5.499000000000024
0.9656633851086792,3,100,4898,5,500,A2,Olga,5.499000000000024
2.873895357348422,3,100,4898,5,500,A3,Tracy,5.499000000000024
6.1909817936383185,3,100,4898,5,500,core,Tracy_Olga,5.499000000000024
16.688540612852005,3,100,9616,5,500,A1,NTD,678.8699999999999
4.134074931968688,3,100,9616,5,500,A2,NTD,678.8699999999999
9613.273432280821,3,100,9616,5,500,A3,NTD,678.8699999999999
7.72366956504924,3,100,9616,5,500,core,NTD,678.8699999999999
7.63446041548714,3,100,9616,5,500,A1,Ours,25.733999999999924
0.03598596955887684,3,100,9616,5,500,A2,Ours,25.733999999999924
4.2104924510355985,3,100,9616,5,500,A3,Ours,25.733999999999924
9.276372315107457,3,100,9616,5,500,core,Ours,25.733999999999924
7.63446041548714,3,100,9616,5,500,A1,HOSVD,6.1469999999999345
0.03598596955887684,3,100,9616,5,500,A2,HOSVD,6.1469999999999345
2.886335217616544,3,100,9616,5,500,A3,HOSVD,6.1469999999999345
12.483379120170408,3,100,9616,5,500,core,HOSVD,6.1469999999999345
7.546932259614915,3,100,9616,5,500,A1,HOOI,24.85699999999997
0.030627738465999907,3,100,9616,5,500,A2,HOOI,24.85699999999997
3.703125007395065,3,100,9616,5,500,A3,HOOI,24.85699999999997
9.703897031851323,3,100,9616,5,500,core,HOOI,24.85699999999997
17.779921497852097,3,100,9616,5,500,A1,Olga,13.144999999999982
1.1932183847201696,3,100,9616,5,500,A2,Olga,13.144999999999982
2.9469299950331633,3,100,9616,5,500,A3,Tracy,13.144999999999982
6.217180555352047,3,100,9616,5,500,core,Tracy_Olga,13.144999999999982
2.057375414073312,3,100,999,5,1000,A1,NTD,63.391000000000076
0.7479600692011507,3,100,999,5,1000,A2,NTD,63.391000000000076
996.0540555102913,3,100,999,5,1000,A3,NTD,63.391000000000076
11.076063134748104,3,100,999,5,1000,core,NTD,63.391000000000076
5.225352519282254,3,100,999,5,1000,A1,Ours,1.0969999999997526
0.041544498370798856,3,100,999,5,1000,A2,Ours,1.0969999999997526
2.5295509742621007,3,100,999,5,1000,A3,Ours,1.0969999999997526
11.49591711115588,3,100,999,5,1000,core,Ours,1.0969999999997526
5.225352519282254,3,100,999,5,1000,A1,HOSVD,1.0210000000001855
0.041544498370798856,3,100,999,5,1000,A2,HOSVD,1.0210000000001855
2.519549597759106,3,100,999,5,1000,A3,HOSVD,1.0210000000001855
11.510045137368966,3,100,999,5,1000,core,HOSVD,1.0210000000001855
5.214524217215306,3,100,999,5,1000,A1,HOOI,1.6570000000001528
0.03624593215909226,3,100,999,5,1000,A2,HOOI,1.6570000000001528
2.555753899570336,3,100,999,5,1000,A3,HOOI,1.6570000000001528
11.350566724672257,3,100,999,5,1000,core,HOOI,1.6570000000001528
6.182616592357924,3,100,999,5,1000,A1,Olga,0.987999999999829
0.07144936402364077,3,100,999,5,1000,A2,Olga,0.987999999999829
2.930110370323919,3,100,999,5,1000,A3,Tracy,0.987999999999829
6.282325431127749,3,100,999,5,1000,core,Tracy_Olga,0.987999999999829
4.527077304714123,3,100,4951,5,1000,A1,NTD,322.90599999999995
2.5659851017820636,3,100,4951,5,1000,A2,NTD,322.90599999999995
4948.128329046455,3,100,4951,5,1000,A3,NTD,322.90599999999995
8.514363549882072,3,100,4951,5,1000,core,NTD,322.90599999999995
6.482286101497833,3,100,4951,5,1000,A1,Ours,9.170000000000073
0.017227231070316075,3,100,4951,5,1000,A2,Ours,9.170000000000073
2.883580717329887,3,100,4951,5,1000,A3,Ours,9.170000000000073
11.956717738573909,3,100,4951,5,1000,core,Ours,9.170000000000073
6.482286101497833,3,100,4951,5,1000,A1,HOSVD,3.3099999999999454
0.017227231070316075,3,100,4951,5,1000,A2,HOSVD,3.3099999999999454
2.9278225743356265,3,100,4951,5,1000,A3,HOSVD,3.3099999999999454
12.561452122063628,3,100,4951,5,1000,core,HOSVD,3.3099999999999454
6.445346871699053,3,100,4951,5,1000,A1,HOOI,8.49499999999989
0.021374747298292713,3,100,4951,5,1000,A2,HOOI,8.49499999999989
2.7581288093742957,3,100,4951,5,1000,A3,HOOI,8.49499999999989
12.32746671926468,3,100,4951,5,1000,core,HOOI,8.49499999999989
9.21566740645354,3,100,4951,5,1000,A1,Olga,5.218000000000302
0.37736644896541066,3,100,4951,5,1000,A2,Olga,5.218000000000302
2.852885243009175,3,100,4951,5,1000,A3,Tracy,5.218000000000302
6.124430695145733,3,100,4951,5,1000,core,Tracy_Olga,5.218000000000302
23.883178900059175,3,100,9824,5,1000,A1,NTD,684.5919999999996
3.881544558502983,3,100,9824,5,1000,A2,NTD,684.5919999999996
9821.199407850927,3,100,9824,5,1000,A3,NTD,684.5919999999996
11.150030551855417,3,100,9824,5,1000,core,NTD,684.5919999999996
4.897092597779816,3,100,9824,5,1000,A1,Ours,28.710999999999785
0.0224415733976048,3,100,9824,5,1000,A2,Ours,28.710999999999785
3.166778903172363,3,100,9824,5,1000,A3,Ours,28.710999999999785
9.67736729167312,3,100,9824,5,1000,core,Ours,28.710999999999785
4.897092597779816,3,100,9824,5,1000,A1,HOSVD,6.311999999999898
0.0224415733976048,3,100,9824,5,1000,A2,HOSVD,6.311999999999898
2.827797354203835,3,100,9824,5,1000,A3,HOSVD,6.311999999999898
12.44562633049248,3,100,9824,5,1000,core,HOSVD,6.311999999999898
4.860990358158117,3,100,9824,5,1000,A1,HOOI,22.261000000000422
0.019265274605624307,3,100,9824,5,1000,A2,HOOI,22.261000000000422
3.249992572191661,3,100,9824,5,1000,A3,HOOI,22.261000000000422
11.861888392876862,3,100,9824,5,1000,core,HOOI,22.261000000000422
8.358242121700947,3,100,9824,5,1000,A1,Olga,13.023000000000138
0.28214095663152233,3,100,9824,5,1000,A2,Olga,13.023000000000138
2.8728812383192257,3,100,9824,5,1000,A3,Tracy,13.023000000000138
6.188799185815004,3,100,9824,5,1000,core,Tracy_Olga,13.023000000000138
2.0387631122594345,3,100,1000,5,2500,A1,NTD,63.508000000000266
0.09673046051944621,3,100,1000,5,2500,A2,NTD,63.508000000000266
997.0004800726153,3,100,1000,5,2500,A3,NTD,63.508000000000266
13.653965077618919,3,100,1000,5,2500,core,NTD,63.508000000000266
4.200580975260758,3,100,1000,5,2500,A1,Ours,1.2799999999997453
0.011601583086956108,3,100,1000,5,2500,A2,Ours,1.2799999999997453
0.5345702831091471,3,100,1000,5,2500,A3,Ours,1.2799999999997453
6.480595589935028,3,100,1000,5,2500,core,Ours,1.2799999999997453
4.200580975260758,3,100,1000,5,2500,A1,HOSVD,0.906999999999698
0.011601583086956108,3,100,1000,5,2500,A2,HOSVD,0.906999999999698
0.5339352294753006,3,100,1000,5,2500,A3,HOSVD,0.906999999999698
6.482456126564984,3,100,1000,5,2500,core,HOSVD,0.906999999999698
4.191968069306387,3,100,1000,5,2500,A1,HOOI,1.88799999999992
0.013141408920507941,3,100,1000,5,2500,A2,HOOI,1.88799999999992
0.7208860122098933,3,100,1000,5,2500,A3,HOOI,1.88799999999992
6.149813147274914,3,100,1000,5,2500,core,HOOI,1.88799999999992
3.4713714295914087,3,100,1000,5,2500,A1,Olga,1.0289999999999964
0.03801539599187655,3,100,1000,5,2500,A2,Olga,1.0289999999999964
1.5001758402864935,3,100,1000,5,2500,A3,Tracy,1.0289999999999964
6.1889149535294035,3,100,1000,5,2500,core,Tracy_Olga,1.0289999999999964
64.0676530394812,3,100,4989,5,2500,A1,NTD,341.3319999999999
1.3490859597844083,3,100,4989,5,2500,A2,NTD,341.3319999999999
4986.055092487161,3,100,4989,5,2500,A3,NTD,341.3319999999999
8.491154682126743,3,100,4989,5,2500,core,NTD,341.3319999999999
3.623825745846935,3,100,4989,5,2500,A1,Ours,14.82400000000007
0.005472715346525632,3,100,4989,5,2500,A2,Ours,14.82400000000007
2.613478183681327,3,100,4989,5,2500,A3,Ours,14.82400000000007
11.888765462230376,3,100,4989,5,2500,core,Ours,14.82400000000007
3.623825745846935,3,100,4989,5,2500,A1,HOSVD,3.680000000000291
0.005472715346525632,3,100,4989,5,2500,A2,HOSVD,3.680000000000291
2.565101083425331,3,100,4989,5,2500,A3,HOSVD,3.680000000000291
11.909714133899193,3,100,4989,5,2500,core,HOSVD,3.680000000000291
3.6449838025831167,3,100,4989,5,2500,A1,HOOI,9.601000000000113
0.0021139054639104445,3,100,4989,5,2500,A2,HOOI,9.601000000000113
2.593605509596817,3,100,4989,5,2500,A3,HOOI,9.601000000000113
11.909245916794903,3,100,4989,5,2500,core,HOOI,9.601000000000113
4.252851537864082,3,100,4989,5,2500,A1,Olga,5.904999999999745
0.15028069769652982,3,100,4989,5,2500,A2,Olga,5.904999999999745
2.9373543785508,3,100,4989,5,2500,A3,Tracy,5.904999999999745
5.432652409564992,3,100,4989,5,2500,core,Tracy_Olga,5.904999999999745
2.1798047482157874,3,100,9927,5,2500,A1,NTD,680.7290000000003
1.7034961029021487,3,100,9927,5,2500,A2,NTD,680.7290000000003
9924.104139653178,3,100,9927,5,2500,A3,NTD,680.7290000000003
9.713214986287579,3,100,9927,5,2500,core,NTD,680.7290000000003
4.824534857562676,3,100,9927,5,2500,A1,Ours,32.8690000000006
0.015151262214071514,3,100,9927,5,2500,A2,Ours,32.8690000000006
2.861881054673733,3,100,9927,5,2500,A3,Ours,32.8690000000006
10.37126951281734,3,100,9927,5,2500,core,Ours,32.8690000000006
4.824534857562676,3,100,9927,5,2500,A1,HOSVD,6.871000000000095
0.015151262214071514,3,100,9927,5,2500,A2,HOSVD,6.871000000000095
2.613460832561881,3,100,9927,5,2500,A3,HOSVD,6.871000000000095
12.096363217813552,3,100,9927,5,2500,core,HOSVD,6.871000000000095
4.821817104497137,3,100,9927,5,2500,A1,HOOI,25.051000000000386
0.016016067648656835,3,100,9927,5,2500,A2,HOOI,25.051000000000386
2.5922197307554864,3,100,9927,5,2500,A3,HOOI,25.051000000000386
12.067591287047518,3,100,9927,5,2500,core,HOOI,25.051000000000386
4.493170240084729,3,100,9927,5,2500,A1,Olga,14.052999999999884
0.26028314212442216,3,100,9927,5,2500,A2,Olga,14.052999999999884
2.8706897243044076,3,100,9927,5,2500,A3,Tracy,14.052999999999884
6.309946128027823,3,100,9927,5,2500,core,Tracy_Olga,14.052999999999884
2.297404632936373,3,100,1000,5,5000,A1,NTD,62.6279999999997
0.17896175804781578,3,100,1000,5,5000,A2,NTD,62.6279999999997
997.0025102478324,3,100,1000,5,5000,A3,NTD,62.6279999999997
9.997658164953968,3,100,1000,5,5000,core,NTD,62.6279999999997
3.5095085672849966,3,100,1000,5,5000,A1,Ours,1.0849999999991269
0.020958537922748557,3,100,1000,5,5000,A2,Ours,1.0849999999991269
0.360463613904698,3,100,1000,5,5000,A3,Ours,1.0849999999991269
11.871755634128409,3,100,1000,5,5000,core,Ours,1.0849999999991269
3.5095085672849966,3,100,1000,5,5000,A1,HOSVD,0.9459999999999127
0.020958537922748557,3,100,1000,5,5000,A2,HOSVD,0.9459999999999127
0.36034303316911864,3,100,1000,5,5000,A3,HOSVD,0.9459999999999127
11.871752296615604,3,100,1000,5,5000,core,HOSVD,0.9459999999999127
3.510217499890434,3,100,1000,5,5000,A1,HOOI,1.4809999999997672
0.022186066328342226,3,100,1000,5,5000,A2,HOOI,1.4809999999997672
0.3656222145828541,3,100,1000,5,5000,A3,HOOI,1.4809999999997672
11.863049556369388,3,100,1000,5,5000,core,HOOI,1.4809999999997672
2.5100451325132167,3,100,1000,5,5000,A1,Olga,0.9849999999996726
0.02469447877573528,3,100,1000,5,5000,A2,Olga,0.9849999999996726
1.3973360679231697,3,100,1000,5,5000,A3,Tracy,0.9849999999996726
6.471735842153842,3,100,1000,5,5000,core,Tracy_Olga,0.9849999999996726
2.55036411970133,3,100,4992,5,5000,A1,NTD,331.65000000000055
1.0764003565564069,3,100,4992,5,5000,A2,NTD,331.65000000000055
4989.059951299209,3,100,4992,5,5000,A3,NTD,331.65000000000055
11.036059143501461,3,100,4992,5,5000,core,NTD,331.65000000000055
2.9580843638847236,3,100,4992,5,5000,A1,Ours,9.679000000000087
0.010800507435097252,3,100,4992,5,5000,A2,Ours,9.679000000000087
2.5607374504342646,3,100,4992,5,5000,A3,Ours,9.679000000000087
11.82600975855588,3,100,4992,5,5000,core,Ours,9.679000000000087
2.9580843638847236,3,100,4992,5,5000,A1,HOSVD,3.5140000000001237
0.010800507435097252,3,100,4992,5,5000,A2,HOSVD,3.5140000000001237
2.551623408223115,3,100,4992,5,5000,A3,HOSVD,3.5140000000001237
11.837851458895637,3,100,4992,5,5000,core,HOSVD,3.5140000000001237
2.948969291071384,3,100,4992,5,5000,A1,HOOI,8.233999999999469
0.009884321848589393,3,100,4992,5,5000,A2,HOOI,8.233999999999469
2.5477423917189004,3,100,4992,5,5000,A3,HOOI,8.233999999999469
11.888897489198113,3,100,4992,5,5000,core,HOOI,8.233999999999469
2.5089765551349528,3,100,4992,5,5000,A1,Olga,5.4799999999995634
0.06781504374202289,3,100,4992,5,5000,A2,Olga,5.4799999999995634
2.829572870992328,3,100,4992,5,5000,A3,Tracy,5.4799999999995634
6.124431857272738,3,100,4992,5,5000,core,Tracy_Olga,5.4799999999995634
2.499844742853743,3,100,9965,5,5000,A1,NTD,703.4620000000004
0.28867971923675884,3,100,9965,5,5000,A2,NTD,703.4620000000004
9962.07329509397,3,100,9965,5,5000,A3,NTD,703.4620000000004
11.021211292369456,3,100,9965,5,5000,core,NTD,703.4620000000004
4.629616671114934,3,100,9965,5,5000,A1,Ours,34.03699999999935
0.012207252945189604,3,100,9965,5,5000,A2,Ours,34.03699999999935
2.769128883507671,3,100,9965,5,5000,A3,Ours,34.03699999999935
12.307810119330037,3,100,9965,5,5000,core,Ours,34.03699999999935
4.629616671114934,3,100,9965,5,5000,A1,HOSVD,6.6049999999995634
0.012207252945189604,3,100,9965,5,5000,A2,HOSVD,6.6049999999995634
2.729958592365108,3,100,9965,5,5000,A3,HOSVD,6.6049999999995634
12.318829874995233,3,100,9965,5,5000,core,HOSVD,6.6049999999995634
4.627737460439932,3,100,9965,5,5000,A1,HOOI,28.908000000000357
0.01236757921635375,3,100,9965,5,5000,A2,HOOI,28.908000000000357
2.794637479308284,3,100,9965,5,5000,A3,HOOI,28.908000000000357
12.418431591978267,3,100,9965,5,5000,core,HOOI,28.908000000000357
3.1141617012609775,3,100,9965,5,5000,A1,Olga,13.559000000000196
0.13324372907606602,3,100,9965,5,5000,A2,Olga,13.559000000000196
2.8524733870266434,3,100,9965,5,5000,A3,Tracy,13.559000000000196
6.241446294821729,3,100,9965,5,5000,core,Tracy_Olga,13.559000000000196
1.800729406696919,3,100,1000,5,6000,A1,NTD,62.67100000000028
0.6251403325242405,3,100,1000,5,6000,A2,NTD,62.67100000000028
997.0001990785565,3,100,1000,5,6000,A3,NTD,62.67100000000028
13.90159146643275,3,100,1000,5,6000,core,NTD,62.67100000000028
2.205638889812704,3,100,1000,5,6000,A1,Ours,1.03899999999976
0.014392521668300708,3,100,1000,5,6000,A2,Ours,1.03899999999976
0.4893864757661191,3,100,1000,5,6000,A3,Ours,1.03899999999976
11.72446856745865,3,100,1000,5,6000,core,Ours,1.03899999999976
2.205638889812704,3,100,1000,5,6000,A1,HOSVD,0.8560000000006767
0.014392521668300708,3,100,1000,5,6000,A2,HOSVD,0.8560000000006767
0.4890922701025792,3,100,1000,5,6000,A3,HOSVD,0.8560000000006767
11.724814315337913,3,100,1000,5,6000,core,HOSVD,0.8560000000006767
2.210040075146483,3,100,1000,5,6000,A1,HOOI,1.5030000000006112
0.013211144064306252,3,100,1000,5,6000,A2,HOOI,1.5030000000006112
0.47238959101961975,3,100,1000,5,6000,A3,HOOI,1.5030000000006112
11.783396392391882,3,100,1000,5,6000,core,HOOI,1.5030000000006112
1.999997559668139,3,100,1000,5,6000,A1,Olga,1.0410000000001673
0.018393334778221547,3,100,1000,5,6000,A2,Olga,1.0410000000001673
1.4326112948267533,3,100,1000,5,6000,A3,Tracy,1.0410000000001673
6.364345743255463,3,100,1000,5,6000,core,Tracy_Olga,1.0410000000001673
22.4985324372948,3,100,4993,5,6000,A1,NTD,340.59999999999945
0.18696989174942508,3,100,4993,5,6000,A2,NTD,340.59999999999945
4990.033376352832,3,100,4993,5,6000,A3,NTD,340.59999999999945
11.644160069761952,3,100,4993,5,6000,core,NTD,340.59999999999945
2.0299801043421537,3,100,4993,5,6000,A1,Ours,9.757000000000517
0.009272833965117367,3,100,4993,5,6000,A2,Ours,9.757000000000517
2.5944280305039293,3,100,4993,5,6000,A3,Ours,9.757000000000517
11.761490501718129,3,100,4993,5,6000,core,Ours,9.757000000000517
2.0299801043421537,3,100,4993,5,6000,A1,HOSVD,3.4169999999994616
0.009272833965117367,3,100,4993,5,6000,A2,HOSVD,3.4169999999994616
2.5885989111984165,3,100,4993,5,6000,A3,HOSVD,3.4169999999994616
11.770348712353186,3,100,4993,5,6000,core,HOSVD,3.4169999999994616
2.0250086503298674,3,100,4993,5,6000,A1,HOOI,8.804999999999382
0.007781253331207895,3,100,4993,5,6000,A2,HOOI,8.804999999999382
2.5879018094195554,3,100,4993,5,6000,A3,HOOI,8.804999999999382
11.778044537155932,3,100,4993,5,6000,core,HOOI,8.804999999999382
2.2123730550906084,3,100,4993,5,6000,A1,Olga,5.25
0.057073430461063016,3,100,4993,5,6000,A2,Olga,5.25
2.8288504055213757,3,100,4993,5,6000,A3,Tracy,5.25
6.2604667989392375,3,100,4993,5,6000,core,Tracy_Olga,5.25
2.5079491639905296,3,100,9971,5,6000,A1,NTD,682.8459999999995
0.5659698898030057,3,100,9971,5,6000,A2,NTD,682.8459999999995
9968.06675738931,3,100,9971,5,6000,A3,NTD,682.8459999999995
11.603080559552168,3,100,9971,5,6000,core,NTD,682.8459999999995
3.200361871806417,3,100,9971,5,6000,A1,Ours,29.61700000000019
0.006384075953693006,3,100,9971,5,6000,A2,Ours,29.61700000000019
2.606359909077861,3,100,9971,5,6000,A3,Ours,29.61700000000019
11.743368712821608,3,100,9971,5,6000,core,Ours,29.61700000000019
3.200361871806417,3,100,9971,5,6000,A1,HOSVD,6.527000000000044
0.006384075953693006,3,100,9971,5,6000,A2,HOSVD,6.527000000000044
2.5825273275875307,3,100,9971,5,6000,A3,HOSVD,6.527000000000044
11.780630264955274,3,100,9971,5,6000,core,HOSVD,6.527000000000044
3.1993144434317906,3,100,9971,5,6000,A1,HOOI,25.50300000000061
0.005496946815994921,3,100,9971,5,6000,A2,HOOI,25.50300000000061
2.582951507250402,3,100,9971,5,6000,A3,HOOI,25.50300000000061
11.784723791426517,3,100,9971,5,6000,core,HOOI,25.50300000000061
2.8782234950200283,3,100,9971,5,6000,A1,Olga,13.904000000000451
0.1240104162610282,3,100,9971,5,6000,A2,Olga,13.904000000000451
2.8487528105998163,3,100,9971,5,6000,A3,Tracy,13.904000000000451
6.2990174654340505,3,100,9971,5,6000,core,Tracy_Olga,13.904000000000451
2.4218642215939026,3,100,1000,5,7000,A1,NTD,61.94200000000001
0.31021199452205234,3,100,1000,5,7000,A2,NTD,61.94200000000001
997.0002977628827,3,100,1000,5,7000,A3,NTD,61.94200000000001
10.562478166002716,3,100,1000,5,7000,core,NTD,61.94200000000001
2.3019937397903787,3,100,1000,5,7000,A1,Ours,1.0079999999998108
0.011848173468763247,3,100,1000,5,7000,A2,Ours,1.0079999999998108
0.11356520678465978,3,100,1000,5,7000,A3,Ours,1.0079999999998108
11.995354730374611,3,100,1000,5,7000,core,Ours,1.0079999999998108
2.3019937397903787,3,100,1000,5,7000,A1,HOSVD,0.8519999999998618
0.011848173468763247,3,100,1000,5,7000,A2,HOSVD,0.8519999999998618
0.11342328784795329,3,100,1000,5,7000,A3,HOSVD,0.8519999999998618
11.995487188016657,3,100,1000,5,7000,core,HOSVD,0.8519999999998618
2.29641673865621,3,100,1000,5,7000,A1,HOOI,1.4790000000002692
0.012038844552796423,3,100,1000,5,7000,A2,HOOI,1.4790000000002692
0.11441389303585377,3,100,1000,5,7000,A3,HOOI,1.4790000000002692
11.99416889670391,3,100,1000,5,7000,core,HOOI,1.4790000000002692
2.210066189656162,3,100,1000,5,7000,A1,Olga,0.9440000000004147
0.017795016513945622,3,100,1000,5,7000,A2,Olga,0.9440000000004147
1.4203996965525354,3,100,1000,5,7000,A3,Tracy,0.9440000000004147
11.652793079155915,3,100,1000,5,7000,core,Tracy_Olga,0.9440000000004147
5.818126465039489,3,100,4995,5,7000,A1,NTD,330.7370000000001
0.8780924067508632,3,100,4995,5,7000,A2,NTD,330.7370000000001
4992.029440332068,3,100,4995,5,7000,A3,NTD,330.7370000000001
10.98687309491519,3,100,4995,5,7000,core,NTD,330.7370000000001
2.3171457066743013,3,100,4995,5,7000,A1,Ours,9.539999999999964
0.010839274278520317,3,100,4995,5,7000,A2,Ours,9.539999999999964
2.5730408750095,3,100,4995,5,7000,A3,Ours,9.539999999999964
11.55614757515124,3,100,4995,5,7000,core,Ours,9.539999999999964
2.3171457066743013,3,100,4995,5,7000,A1,HOSVD,3.4960000000000946
0.010839274278520317,3,100,4995,5,7000,A2,HOSVD,3.4960000000000946
2.5686368214457014,3,100,4995,5,7000,A3,HOSVD,3.4960000000000946
11.538503245158871,3,100,4995,5,7000,core,HOSVD,3.4960000000000946
2.324019188652036,3,100,4995,5,7000,A1,HOOI,8.704999999999927
0.01087624285266132,3,100,4995,5,7000,A2,HOOI,8.704999999999927
2.5681897369535065,3,100,4995,5,7000,A3,HOOI,8.704999999999927
11.5206030268401,3,100,4995,5,7000,core,HOOI,8.704999999999927
2.2070662414960327,3,100,4995,5,7000,A1,Olga,5.317000000000007
0.06189132433654638,3,100,4995,5,7000,A2,Olga,5.317000000000007
2.9242860717386985,3,100,4995,5,7000,A3,Tracy,5.317000000000007
5.3529210713343405,3,100,4995,5,7000,core,Tracy_Olga,5.317000000000007
1.8838767980823563,3,100,9974,5,7000,A1,NTD,681.6689999999999
1.6379319288067717,3,100,9974,5,7000,A2,NTD,681.6689999999999
9971.036890753978,3,100,9974,5,7000,A3,NTD,681.6689999999999
13.578689950542307,3,100,9974,5,7000,core,NTD,681.6689999999999
2.6049791910097935,3,100,9974,5,7000,A1,Ours,30.528000000000247
0.016938608253099893,3,100,9974,5,7000,A2,Ours,30.528000000000247
2.8418261035233345,3,100,9974,5,7000,A3,Ours,30.528000000000247
12.50795293822042,3,100,9974,5,7000,core,Ours,30.528000000000247
2.6049791910097935,3,100,9974,5,7000,A1,HOSVD,6.335999999999331
0.016938608253099893,3,100,9974,5,7000,A2,HOSVD,6.335999999999331
2.8365936501214417,3,100,9974,5,7000,A3,HOSVD,6.335999999999331
12.507615388291775,3,100,9974,5,7000,core,HOSVD,6.335999999999331
2.6180101483068814,3,100,9974,5,7000,A1,HOOI,28.07600000000093
0.016833860657944875,3,100,9974,5,7000,A2,HOOI,28.07600000000093
2.773687565012818,3,100,9974,5,7000,A3,HOOI,28.07600000000093
12.428799720693625,3,100,9974,5,7000,core,HOOI,28.07600000000093
2.7964544433503824,3,100,9974,5,7000,A1,Olga,13.832000000000335
0.09991019472622689,3,100,9974,5,7000,A2,Olga,13.832000000000335
2.8439850076711632,3,100,9974,5,7000,A3,Tracy,13.832000000000335
6.278325411137447,3,100,9974,5,7000,core,Tracy_Olga,13.832000000000335
2.590521061658855,3,100,1000,5,8000,A1,NTD,62.227999999999156
1.0175286305589812,3,100,1000,5,8000,A2,NTD,62.227999999999156
997.0000727801462,3,100,1000,5,8000,A3,NTD,62.227999999999156
10.50837035969933,3,100,1000,5,8000,core,NTD,62.227999999999156
1.8835206828966897,3,100,1000,5,8000,A1,Ours,1.0540000000000873
0.012237622420391383,3,100,1000,5,8000,A2,Ours,1.0540000000000873
0.13082320825270088,3,100,1000,5,8000,A3,Ours,1.0540000000000873
12.045543788827809,3,100,1000,5,8000,core,Ours,1.0540000000000873
1.8835206828966897,3,100,1000,5,8000,A1,HOSVD,0.864000000001397
0.012237622420391383,3,100,1000,5,8000,A2,HOSVD,0.864000000001397
0.130726402943906,3,100,1000,5,8000,A3,HOSVD,0.864000000001397
12.045487741414544,3,100,1000,5,8000,core,HOSVD,0.864000000001397
1.885386294757119,3,100,1000,5,8000,A1,HOOI,1.5120000000006257
0.012080559179874143,3,100,1000,5,8000,A2,HOOI,1.5120000000006257
0.13930014104894264,3,100,1000,5,8000,A3,HOOI,1.5120000000006257
12.026647042934716,3,100,1000,5,8000,core,HOOI,1.5120000000006257
1.9512331672428302,3,100,1000,5,8000,A1,Olga,0.9770000000007713
0.011226588149165823,3,100,1000,5,8000,A2,Olga,0.9770000000007713
1.3574682705593404,3,100,1000,5,8000,A3,Tracy,0.9770000000007713
11.970012616900238,3,100,1000,5,8000,core,Tracy_Olga,0.9770000000007713
1.8240037670937168,3,100,4996,5,8000,A1,NTD,328.6129999999994
0.14055690169043863,3,100,4996,5,8000,A2,NTD,328.6129999999994
4993.045016426033,3,100,4996,5,8000,A3,NTD,328.6129999999994
11.145299537117486,3,100,4996,5,8000,core,NTD,328.6129999999994
2.803851197788796,3,100,4996,5,8000,A1,Ours,8.784999999999854
0.0221710869749154,3,100,4996,5,8000,A2,Ours,8.784999999999854
2.57320361840006,3,100,4996,5,8000,A3,Ours,8.784999999999854
12.09121083174957,3,100,4996,5,8000,core,Ours,8.784999999999854
2.803851197788796,3,100,4996,5,8000,A1,HOSVD,3.4030000000002474
0.0221710869749154,3,100,4996,5,8000,A2,HOSVD,3.4030000000002474
2.5688929680528414,3,100,4996,5,8000,A3,HOSVD,3.4030000000002474
12.093109225688831,3,100,4996,5,8000,core,HOSVD,3.4030000000002474
2.8010199119951738,3,100,4996,5,8000,A1,HOOI,8.673999999999069
0.02255286963544608,3,100,4996,5,8000,A2,HOOI,8.673999999999069
2.58106058422677,3,100,4996,5,8000,A3,HOOI,8.673999999999069
12.113776772981796,3,100,4996,5,8000,core,HOOI,8.673999999999069
2.0490612631802527,3,100,4996,5,8000,A1,Olga,5.2739999999994325
0.03830994381516174,3,100,4996,5,8000,A2,Olga,5.2739999999994325
2.839052335117786,3,100,4996,5,8000,A3,Tracy,5.2739999999994325
6.19023259908403,3,100,4996,5,8000,core,Tracy_Olga,5.2739999999994325
