error,K,Q1,R,Q2,M,mode,method,time
9.66205944256258,3,100,985,5,100,A1,NTD,36.396
1.8493657925945834,3,100,985,5,100,A2,NTD,36.396
982.1959965866868,3,100,985,5,100,A3,NTD,36.396
10.043290493624209,3,100,985,5,100,core,NTD,36.396
13.688728472343241,3,100,985,5,100,A1,Ours,4.055999999999997
0.08353288950723428,3,100,985,5,100,A2,Ours,4.055999999999997
4.65691866725838,3,100,985,5,100,A3,Ours,4.055999999999997
13.34559132262077,3,100,985,5,100,core,Ours,4.055999999999997
13.688728472343241,3,100,985,5,100,A1,HOSVD,5.393000000000001
0.08353288950723428,3,100,985,5,100,A2,HOSVD,5.393000000000001
2.5222872138611128,3,100,985,5,100,A3,HOSVD,5.393000000000001
9.603607357710287,3,100,985,5,100,core,HOSVD,5.393000000000001
13.337591192752951,3,100,985,5,100,A1,HOOI,7.246000000000002
0.06574603392889625,3,100,985,5,100,A2,HOOI,7.246000000000002
2.553026226634366,3,100,985,5,100,A3,HOOI,7.246000000000002
12.233748169739984,3,100,985,5,100,core,HOOI,7.246000000000002
20.235310311863195,3,100,985,5,100,A1,Olga,6.115000000000002
4.443442083357095,3,100,985,5,100,A2,Olga,6.115000000000002
2.780083381516738,3,100,985,5,100,A3,Tracy,6.115000000000002
15.04131305691292,3,100,985,5,100,core,Tracy_Olga,6.115000000000002
116.34530312530424,3,100,4575,5,100,A1,NTD,163.524
2.150743836265949,3,100,4575,5,100,A2,NTD,163.524
4572.442343204488,3,100,4575,5,100,A3,NTD,163.524
10.526069199107924,3,100,4575,5,100,core,NTD,163.524
14.716506722645239,3,100,4575,5,100,A1,Ours,12.066000000000003
0.09822960397934509,3,100,4575,5,100,A2,Ours,12.066000000000003
5.384840512986451,3,100,4575,5,100,A3,Ours,12.066000000000003
8.98386260997259,3,100,4575,5,100,core,Ours,12.066000000000003
14.716506722645239,3,100,4575,5,100,A1,HOSVD,11.84899999999999
0.09822960397934509,3,100,4575,5,100,A2,HOSVD,11.84899999999999
2.704120527464951,3,100,4575,5,100,A3,HOSVD,11.84899999999999
12.264341840435337,3,100,4575,5,100,core,HOSVD,11.84899999999999
16.351352800361294,3,100,4575,5,100,A1,HOOI,28.29400000000004
0.10235658732790073,3,100,4575,5,100,A2,HOOI,28.29400000000004
2.737190657945724,3,100,4575,5,100,A3,HOOI,28.29400000000004
12.365848493612985,3,100,4575,5,100,core,HOOI,28.29400000000004
50.3593511851748,3,100,4575,5,100,A1,Olga,10.627999999999986
4.7960888785295746,3,100,4575,5,100,A2,Olga,10.627999999999986
2.983500977849537,3,100,4575,5,100,A3,Tracy,10.627999999999986
9.93527344997411,3,100,4575,5,100,core,Tracy_Olga,10.627999999999986
117.65841568577741,3,100,8245,5,100,A1,NTD,289.82000000000005
3.697502140745773,3,100,8245,5,100,A2,NTD,289.82000000000005
8242.559501259777,3,100,8245,5,100,A3,NTD,289.82000000000005
9.74959782304377,3,100,8245,5,100,core,NTD,289.82000000000005
16.539838483373813,3,100,8245,5,100,A1,Ours,33.208999999999946
0.045126703910912114,3,100,8245,5,100,A2,Ours,33.208999999999946
5.254581937634382,3,100,8245,5,100,A3,Ours,33.208999999999946
8.17298798417937,3,100,8245,5,100,core,Ours,33.208999999999946
16.539838483373813,3,100,8245,5,100,A1,HOSVD,13.722999999999956
0.045126703910912114,3,100,8245,5,100,A2,HOSVD,13.722999999999956
3.619254460259351,3,100,8245,5,100,A3,HOSVD,13.722999999999956
9.81538199262322,3,100,8245,5,100,core,HOSVD,13.722999999999956
4.348866117588972,3,100,998,5,500,A1,NTD,28.293000000000006
3.6251339182544715,3,100,998,5,500,A2,NTD,28.293000000000006
995.0926749272712,3,100,998,5,500,A3,NTD,28.293000000000006
6.603888077434337,3,100,998,5,500,core,NTD,28.293000000000006
9.0151590429777,3,100,998,5,500,A1,Ours,1.4400000000000546
0.04549031858835152,3,100,998,5,500,A2,Ours,1.4400000000000546
2.9272723822610525,3,100,998,5,500,A3,Ours,1.4400000000000546
9.449216775415922,3,100,998,5,500,core,Ours,1.4400000000000546
9.0151590429777,3,100,998,5,500,A1,HOSVD,0.84800000000007
0.04549031858835152,3,100,998,5,500,A2,HOSVD,0.84800000000007
2.9186518542850757,3,100,998,5,500,A3,HOSVD,0.84800000000007
9.485211216445585,3,100,998,5,500,core,HOSVD,0.84800000000007
9.004900554635581,3,100,998,5,500,A1,HOOI,0.9519999999999982
0.04436563755891148,3,100,998,5,500,A2,HOOI,0.9519999999999982
2.810166007139606,3,100,998,5,500,A3,HOOI,0.9519999999999982
9.415094082999895,3,100,998,5,500,core,HOOI,0.9519999999999982
6.73863075043605,3,100,998,5,500,A1,Olga,0.9460000000000264
0.0467798598364592,3,100,998,5,500,A2,Olga,0.9460000000000264
3.1077851657203674,3,100,998,5,500,A3,Tracy,0.9460000000000264
11.889386481609337,3,100,998,5,500,core,Tracy_Olga,0.9460000000000264
6.430749839789912,3,100,4928,5,500,A1,NTD,163.764
3.8492728970731265,3,100,4928,5,500,A2,NTD,163.764
4925.204031301308,3,100,4928,5,500,A3,NTD,163.764
10.804087455034002,3,100,4928,5,500,core,NTD,163.764
8.206442883128124,3,100,4928,5,500,A1,Ours,14.399000000000001
0.02563391165831778,3,100,4928,5,500,A2,Ours,14.399000000000001
5.147597856004864,3,100,4928,5,500,A3,Ours,14.399000000000001
11.925765289315883,3,100,4928,5,500,core,Ours,14.399000000000001
8.206442883128124,3,100,4928,5,500,A1,HOSVD,8.84699999999998
0.02563391165831778,3,100,4928,5,500,A2,HOSVD,8.84699999999998
2.572757989881691,3,100,4928,5,500,A3,HOSVD,8.84699999999998
7.030875550185448,3,100,4928,5,500,core,HOSVD,8.84699999999998
8.20909756411539,3,100,4928,5,500,A1,HOOI,5.7590000000000146
0.020677594840455057,3,100,4928,5,500,A2,HOOI,5.7590000000000146
2.585044934278103,3,100,4928,5,500,A3,HOOI,5.7590000000000146
7.131894929495872,3,100,4928,5,500,core,HOOI,5.7590000000000146
9.365326787395768,3,100,4928,5,500,A1,Olga,4.960000000000036
0.15284221594228137,3,100,4928,5,500,A2,Olga,4.960000000000036
2.8274977230868172,3,100,4928,5,500,A3,Tracy,4.960000000000036
12.33453528995742,3,100,4928,5,500,core,Tracy_Olga,4.960000000000036
52.975446698695684,3,100,9626,5,500,A1,NTD,335.947
3.8492832411357827,3,100,9626,5,500,A2,NTD,335.947
9623.316896197895,3,100,9626,5,500,A3,NTD,335.947
8.967336279912823,3,100,9626,5,500,core,NTD,335.947
7.832451763524639,3,100,9626,5,500,A1,Ours,14.631000000000085
0.02340123700288752,3,100,9626,5,500,A2,Ours,14.631000000000085
3.96708161499263,3,100,9626,5,500,A3,Ours,14.631000000000085
11.660669548811889,3,100,9626,5,500,core,Ours,14.631000000000085
7.832451763524639,3,100,9626,5,500,A1,HOSVD,5.758000000000038
0.02340123700288752,3,100,9626,5,500,A2,HOSVD,5.758000000000038
2.633137927784401,3,100,9626,5,500,A3,HOSVD,5.758000000000038
12.260648621981447,3,100,9626,5,500,core,HOSVD,5.758000000000038
7.800772205781586,3,100,9626,5,500,A1,HOOI,19.201000000000022
0.020819775177576137,3,100,9626,5,500,A2,HOOI,19.201000000000022
2.6469988710459513,3,100,9626,5,500,A3,HOOI,19.201000000000022
12.248603345614361,3,100,9626,5,500,core,HOOI,19.201000000000022
12.225006872533845,3,100,9626,5,500,A1,Olga,14.25200000000018
0.8479430376990118,3,100,9626,5,500,A2,Olga,14.25200000000018
2.9003467822889504,3,100,9626,5,500,A3,Tracy,14.25200000000018
11.454115426090974,3,100,9626,5,500,core,Tracy_Olga,14.25200000000018
2.680253691289023,3,100,999,5,1000,A1,NTD,28.079999999999927
0.9546239102112986,3,100,999,5,1000,A2,NTD,28.079999999999927
996.0434195522271,3,100,999,5,1000,A3,NTD,28.079999999999927
12.263414326825988,3,100,999,5,1000,core,NTD,28.079999999999927
5.858920241887584,3,100,999,5,1000,A1,Ours,3.1820000000000164
0.05031615975521046,3,100,999,5,1000,A2,Ours,3.1820000000000164
2.4631997542262947,3,100,999,5,1000,A3,Ours,3.1820000000000164
10.99596889531216,3,100,999,5,1000,core,Ours,3.1820000000000164
5.858920241887584,3,100,999,5,1000,A1,HOSVD,4
0.05031615975521046,3,100,999,5,1000,A2,HOSVD,4
2.452740738736235,3,100,999,5,1000,A3,HOSVD,4
10.956446919157163,3,100,999,5,1000,core,HOSVD,4
5.817840663774365,3,100,999,5,1000,A1,HOOI,5.1469999999999345
0.04633905736365402,3,100,999,5,1000,A2,HOOI,5.1469999999999345
2.457877943129526,3,100,999,5,1000,A3,HOOI,5.1469999999999345
10.956558475701454,3,100,999,5,1000,core,HOOI,5.1469999999999345
5.694912520240527,3,100,999,5,1000,A1,Olga,2.870999999999867
0.053737392561787875,3,100,999,5,1000,A2,Olga,2.870999999999867
2.989066848570537,3,100,999,5,1000,A3,Tracy,2.870999999999867
11.30012140642451,3,100,999,5,1000,core,Tracy_Olga,2.870999999999867
2.7378980645388333,3,100,4951,5,1000,A1,NTD,157.95399999999995
1.8492852753960887,3,100,4951,5,1000,A2,NTD,157.95399999999995
4948.146818513617,3,100,4951,5,1000,A3,NTD,157.95399999999995
11.572639621933442,3,100,4951,5,1000,core,NTD,157.95399999999995
4.9371468830418745,3,100,4951,5,1000,A1,Ours,5.390999999999849
0.028454099051910528,3,100,4951,5,1000,A2,Ours,5.390999999999849
2.8287112340895018,3,100,4951,5,1000,A3,Ours,5.390999999999849
9.361240262339553,3,100,4951,5,1000,core,Ours,5.390999999999849
4.9371468830418745,3,100,4951,5,1000,A1,HOSVD,1.643000000000029
0.028454099051910528,3,100,4951,5,1000,A2,HOSVD,1.643000000000029
2.5617215738013854,3,100,4951,5,1000,A3,HOSVD,1.643000000000029
9.647841450856987,3,100,4951,5,1000,core,HOSVD,1.643000000000029
4.931981633366345,3,100,4951,5,1000,A1,HOOI,5.166999999999916
0.029260425613995236,3,100,4951,5,1000,A2,HOOI,5.166999999999916
2.5685174117138887,3,100,4951,5,1000,A3,HOOI,5.166999999999916
9.754097194957753,3,100,4951,5,1000,core,HOOI,5.166999999999916
5.999172499584406,3,100,4951,5,1000,A1,Olga,2.7870000000000346
0.037384320010514185,3,100,4951,5,1000,A2,Olga,2.7870000000000346
2.7965809501777383,3,100,4951,5,1000,A3,Tracy,2.7870000000000346
9.688226145791889,3,100,4951,5,1000,core,Tracy_Olga,2.7870000000000346
8.65025355416558,3,100,9820,5,1000,A1,NTD,335.47399999999993
4.1507332311442156,3,100,9820,5,1000,A2,NTD,335.47399999999993
9817.210204773852,3,100,9820,5,1000,A3,NTD,335.47399999999993
11.451933856003302,3,100,9820,5,1000,core,NTD,335.47399999999993
7.445893247668965,3,100,9820,5,1000,A1,Ours,22.23700000000008
0.025506511898073007,3,100,9820,5,1000,A2,Ours,22.23700000000008
5.252868953414441,3,100,9820,5,1000,A3,Ours,22.23700000000008
13.863449351855522,3,100,9820,5,1000,core,Ours,22.23700000000008
7.445893247668965,3,100,9820,5,1000,A1,HOSVD,13.617999999999938
0.025506511898073007,3,100,9820,5,1000,A2,HOSVD,13.617999999999938
2.5889617735277537,3,100,9820,5,1000,A3,HOSVD,13.617999999999938
12.222968724719983,3,100,9820,5,1000,core,HOSVD,13.617999999999938
7.431649284206762,3,100,9820,5,1000,A1,HOOI,22.019000000000005
0.022212823814269665,3,100,9820,5,1000,A2,HOOI,22.019000000000005
2.5977779204633236,3,100,9820,5,1000,A3,HOOI,22.019000000000005
12.249907046877283,3,100,9820,5,1000,core,HOOI,22.019000000000005
8.452233702614196,3,100,9820,5,1000,A1,Olga,22.132000000000062
0.07653565536244203,3,100,9820,5,1000,A2,Olga,22.132000000000062
2.854468479140038,3,100,9820,5,1000,A3,Tracy,22.132000000000062
9.669775738745534,3,100,9820,5,1000,core,Tracy_Olga,22.132000000000062
2.943995024030567,3,100,1000,5,2500,A1,NTD,27.38499999999999
0.2900278922217637,3,100,1000,5,2500,A2,NTD,27.38499999999999
997.0006856279379,3,100,1000,5,2500,A3,NTD,27.38499999999999
10.357982400994823,3,100,1000,5,2500,core,NTD,27.38499999999999
3.4960642894210854,3,100,1000,5,2500,A1,Ours,8.126999999999953
0.030650765176477832,3,100,1000,5,2500,A2,Ours,8.126999999999953
0.8682987308528821,3,100,1000,5,2500,A3,Ours,8.126999999999953
9.407182172754798,3,100,1000,5,2500,core,Ours,8.126999999999953
3.4960642894210854,3,100,1000,5,2500,A1,HOSVD,6.883000000000038
0.030650765176477832,3,100,1000,5,2500,A2,HOSVD,6.883000000000038
0.8678120129010337,3,100,1000,5,2500,A3,HOSVD,6.883000000000038
9.404055767882271,3,100,1000,5,2500,core,HOSVD,6.883000000000038
3.2503705567808563,3,100,1000,5,2500,A1,HOOI,5.934999999999945
0.02977210039553889,3,100,1000,5,2500,A2,HOOI,5.934999999999945
0.3558004551596289,3,100,1000,5,2500,A3,HOOI,5.934999999999945
8.739451963199134,3,100,1000,5,2500,core,HOOI,5.934999999999945
2.9853374868538447,3,100,1000,5,2500,A1,Olga,7.77800000000002
0.013584981661772648,3,100,1000,5,2500,A2,Olga,7.77800000000002
1.6669909188973793,3,100,1000,5,2500,A3,Tracy,7.77800000000002
9.305492651347832,3,100,1000,5,2500,core,Tracy_Olga,7.77800000000002
2.427905741897275,3,100,4982,5,2500,A1,NTD,160.93300000000022
1.20678849813474,3,100,4982,5,2500,A2,NTD,160.93300000000022
4979.074883446965,3,100,4982,5,2500,A3,NTD,160.93300000000022
9.860101830433818,3,100,4982,5,2500,core,NTD,160.93300000000022
3.983981981788167,3,100,4982,5,2500,A1,Ours,5.731999999999971
0.03298970786165331,3,100,4982,5,2500,A2,Ours,5.731999999999971
2.5331939238580468,3,100,4982,5,2500,A3,Ours,5.731999999999971
12.108647501131427,3,100,4982,5,2500,core,Ours,5.731999999999971
3.983981981788167,3,100,4982,5,2500,A1,HOSVD,4.8279999999999745
0.03298970786165331,3,100,4982,5,2500,A2,HOSVD,4.8279999999999745
2.4981427582073734,3,100,4982,5,2500,A3,HOSVD,4.8279999999999745
12.113845379188628,3,100,4982,5,2500,core,HOSVD,4.8279999999999745
3.9910528755038825,3,100,4982,5,2500,A1,HOOI,4.61200000000008
0.03415516561562354,3,100,4982,5,2500,A2,HOOI,4.61200000000008
2.5024346771338637,3,100,4982,5,2500,A3,HOOI,4.61200000000008
12.087284796834863,3,100,4982,5,2500,core,HOOI,4.61200000000008
4.202056859602501,3,100,4982,5,2500,A1,Olga,2.4849999999996726
0.0344785700438932,3,100,4982,5,2500,A2,Olga,2.4849999999996726
2.7978997232280665,3,100,4982,5,2500,A3,Tracy,2.4849999999996726
11.595253550892643,3,100,4982,5,2500,core,Tracy_Olga,2.4849999999996726
2.1080494613351823,3,100,9933,5,2500,A1,NTD,341.02400000000034
1.849278919664914,3,100,9933,5,2500,A2,NTD,341.02400000000034
9930.116487719497,3,100,9933,5,2500,A3,NTD,341.02400000000034
8.546549587512075,3,100,9933,5,2500,core,NTD,341.02400000000034
4.090826831860054,3,100,9933,5,2500,A1,Ours,14.919000000000324
0.007673340450785468,3,100,9933,5,2500,A2,Ours,14.919000000000324
2.7537955003500603,3,100,9933,5,2500,A3,Ours,14.919000000000324
9.269153939805163,3,100,9933,5,2500,core,Ours,14.919000000000324
4.090826831860054,3,100,9933,5,2500,A1,HOSVD,7.488000000000284
0.007673340450785468,3,100,9933,5,2500,A2,HOSVD,7.488000000000284
2.5603743901483065,3,100,9933,5,2500,A3,HOSVD,7.488000000000284
9.730740320170636,3,100,9933,5,2500,core,HOSVD,7.488000000000284
4.104240915705333,3,100,9933,5,2500,A1,HOOI,11.701000000000022
0.007488022822414701,3,100,9933,5,2500,A2,HOOI,11.701000000000022
2.5637833501465614,3,100,9933,5,2500,A3,HOOI,11.701000000000022
9.892372758225056,3,100,9933,5,2500,core,HOOI,11.701000000000022
3.918894495235637,3,100,9933,5,2500,A1,Olga,7.657000000000153
0.009411883726133868,3,100,9933,5,2500,A2,Olga,7.657000000000153
2.8175896376249674,3,100,9933,5,2500,A3,Tracy,7.657000000000153
12.231837477866453,3,100,9933,5,2500,core,Tracy_Olga,7.657000000000153
3.4209706479144844,3,100,1000,5,5000,A1,NTD,28.76399999999967
0.3308017050328259,3,100,1000,5,5000,A2,NTD,28.76399999999967
997.0002665156826,3,100,1000,5,5000,A3,NTD,28.76399999999967
13.526137205531844,3,100,1000,5,5000,core,NTD,28.76399999999967
2.428796674460716,3,100,1000,5,5000,A1,Ours,1.1599999999998545
0.011310666484598162,3,100,1000,5,5000,A2,Ours,1.1599999999998545
0.25208340595485335,3,100,1000,5,5000,A3,Ours,1.1599999999998545
8.66872295950501,3,100,1000,5,5000,core,Ours,1.1599999999998545
2.428796674460716,3,100,1000,5,5000,A1,HOSVD,0.8510000000001128
0.011310666484598162,3,100,1000,5,5000,A2,HOSVD,0.8510000000001128
0.2520196652830691,3,100,1000,5,5000,A3,HOSVD,0.8510000000001128
8.667767546239265,3,100,1000,5,5000,core,HOSVD,0.8510000000001128
2.422342789737553,3,100,1000,5,5000,A1,HOOI,1.788000000000011
0.011067230454604835,3,100,1000,5,5000,A2,HOOI,1.788000000000011
0.2602430517896922,3,100,1000,5,5000,A3,HOOI,1.788000000000011
8.677422587832053,3,100,1000,5,5000,core,HOOI,1.788000000000011
2.1231076816149166,3,100,1000,5,5000,A1,Olga,0.8440000000000509
0.011532373853762426,3,100,1000,5,5000,A2,Olga,0.8440000000000509
1.3821356801351052,3,100,1000,5,5000,A3,Tracy,0.8440000000000509
8.725130400892922,3,100,1000,5,5000,core,Tracy_Olga,0.8440000000000509
2.828615324599452,3,100,4994,5,5000,A1,NTD,161.82299999999987
0.7273665680474257,3,100,4994,5,5000,A2,NTD,161.82299999999987
4991.059475005405,3,100,4994,5,5000,A3,NTD,161.82299999999987
11.029345091779604,3,100,4994,5,5000,core,NTD,161.82299999999987
2.4120437648204613,3,100,4994,5,5000,A1,Ours,5.3659999999999854
0.012956614707295849,3,100,4994,5,5000,A2,Ours,5.3659999999999854
2.5027939800783527,3,100,4994,5,5000,A3,Ours,5.3659999999999854
10.259374843746597,3,100,4994,5,5000,core,Ours,5.3659999999999854
2.4120437648204613,3,100,4994,5,5000,A1,HOSVD,1.7940000000003238
0.012956614707295849,3,100,4994,5,5000,A2,HOSVD,1.7940000000003238
2.492579573554472,3,100,4994,5,5000,A3,HOSVD,1.7940000000003238
10.25564054351908,3,100,4994,5,5000,core,HOSVD,1.7940000000003238
2.3945006515659486,3,100,4994,5,5000,A1,HOOI,4.545000000000073
0.012392556853965061,3,100,4994,5,5000,A2,HOOI,4.545000000000073
2.496567073666952,3,100,4994,5,5000,A3,HOOI,4.545000000000073
8.895796555435272,3,100,4994,5,5000,core,HOOI,4.545000000000073
2.1716478701140023,3,100,4994,5,5000,A1,Olga,2.7080000000000837
0.02952452049466261,3,100,4994,5,5000,A2,Olga,2.7080000000000837
2.883703116393152,3,100,4994,5,5000,A3,Tracy,2.7080000000000837
10.272920935919592,3,100,4994,5,5000,core,Tracy_Olga,2.7080000000000837
2.384371828002932,3,100,9964,5,5000,A1,NTD,334.4859999999999
3.4296547206173384,3,100,9964,5,5000,A2,NTD,334.4859999999999
9961.058284620372,3,100,9964,5,5000,A3,NTD,334.4859999999999
10.062823688460568,3,100,9964,5,5000,core,NTD,334.4859999999999
2.764059504247275,3,100,9964,5,5000,A1,Ours,22.676000000000386
0.009473106551069832,3,100,9964,5,5000,A2,Ours,22.676000000000386
2.589768856692635,3,100,9964,5,5000,A3,Ours,22.676000000000386
12.197215109892026,3,100,9964,5,5000,core,Ours,22.676000000000386
2.764059504247275,3,100,9964,5,5000,A1,HOSVD,8.822000000000116
0.009473106551069832,3,100,9964,5,5000,A2,HOSVD,8.822000000000116
2.5576990944259763,3,100,9964,5,5000,A3,HOSVD,8.822000000000116
12.204543536514805,3,100,9964,5,5000,core,HOSVD,8.822000000000116
2.7453143144164387,3,100,9964,5,5000,A1,HOOI,10.838999999999942
0.009170349873520082,3,100,9964,5,5000,A2,HOOI,10.838999999999942
2.5580661304520493,3,100,9964,5,5000,A3,HOOI,10.838999999999942
12.210396397271415,3,100,9964,5,5000,core,HOOI,10.838999999999942
1.994325107825887,3,100,9964,5,5000,A1,Olga,7.826999999999771
0.0077026462638728815,3,100,9964,5,5000,A2,Olga,7.826999999999771
2.8287848312856547,3,100,9964,5,5000,A3,Tracy,7.826999999999771
12.185209326244419,3,100,9964,5,5000,core,Tracy_Olga,7.826999999999771
2.78186761663012,3,100,1000,5,6000,A1,NTD,28.55600000000004
0.28719054369385216,3,100,1000,5,6000,A2,NTD,28.55600000000004
997.0004302992472,3,100,1000,5,6000,A3,NTD,28.55600000000004
6.1441594748562505,3,100,1000,5,6000,core,NTD,28.55600000000004
1.4990672280918096,3,100,1000,5,6000,A1,Ours,0.487999999999829
0.013850075849969237,3,100,1000,5,6000,A2,Ours,0.487999999999829
0.29789123984128374,3,100,1000,5,6000,A3,Ours,0.487999999999829
11.011545608750566,3,100,1000,5,6000,core,Ours,0.487999999999829
1.4990672280918096,3,100,1000,5,6000,A1,HOSVD,0.7950000000000728
0.013850075849969237,3,100,1000,5,6000,A2,HOSVD,0.7950000000000728
0.29793822913894685,3,100,1000,5,6000,A3,HOSVD,0.7950000000000728
11.011443211668897,3,100,1000,5,6000,core,HOSVD,0.7950000000000728
1.5002773000256648,3,100,1000,5,6000,A1,HOOI,0.9929999999999382
0.014072053197904449,3,100,1000,5,6000,A2,HOOI,0.9929999999999382
0.32769552612359804,3,100,1000,5,6000,A3,HOOI,0.9929999999999382
11.000207706926638,3,100,1000,5,6000,core,HOOI,0.9929999999999382
1.7257544321079805,3,100,1000,5,6000,A1,Olga,0.6380000000003747
0.0025174849814746086,3,100,1000,5,6000,A2,Olga,0.6380000000003747
1.397325781725601,3,100,1000,5,6000,A3,Tracy,0.6380000000003747
11.007936584521703,3,100,1000,5,6000,core,Tracy_Olga,0.6380000000003747
2.638571871563887,3,100,4995,5,6000,A1,NTD,159.70699999999988
0.11178792278012958,3,100,4995,5,6000,A2,NTD,159.70699999999988
4992.06019339857,3,100,4995,5,6000,A3,NTD,159.70699999999988
5.728954181297876,3,100,4995,5,6000,core,NTD,159.70699999999988
2.4613977486937806,3,100,4995,5,6000,A1,Ours,5.283999999999651
0.015413844598510295,3,100,4995,5,6000,A2,Ours,5.283999999999651
2.522849607864151,3,100,4995,5,6000,A3,Ours,5.283999999999651
11.554008597692313,3,100,4995,5,6000,core,Ours,5.283999999999651
2.4613977486937806,3,100,4995,5,6000,A1,HOSVD,1.73700000000008
0.015413844598510295,3,100,4995,5,6000,A2,HOSVD,1.73700000000008
2.5168758272726914,3,100,4995,5,6000,A3,HOSVD,1.73700000000008
11.544039789520932,3,100,4995,5,6000,core,HOSVD,1.73700000000008
2.469504915666515,3,100,4995,5,6000,A1,HOOI,4.628999999999905
0.015450469630435814,3,100,4995,5,6000,A2,HOOI,4.628999999999905
2.516740583979067,3,100,4995,5,6000,A3,HOOI,4.628999999999905
11.541349605715494,3,100,4995,5,6000,core,HOOI,4.628999999999905
1.7498123989579508,3,100,4995,5,6000,A1,Olga,2.798999999999978
0.010515990451441816,3,100,4995,5,6000,A2,Olga,2.798999999999978
2.795318798539282,3,100,4995,5,6000,A3,Tracy,2.798999999999978
11.622082704962624,3,100,4995,5,6000,core,Tracy_Olga,2.798999999999978
3.32407722432881,3,100,9977,5,6000,A1,NTD,338.80099999999993
2.0521140930239707,3,100,9977,5,6000,A2,NTD,338.80099999999993
9974.074274005896,3,100,9977,5,6000,A3,NTD,338.80099999999993
12.77768789264732,3,100,9977,5,6000,core,NTD,338.80099999999993
2.673802106487668,3,100,9977,5,6000,A1,Ours,19.23600000000033
0.013598075085076385,3,100,9977,5,6000,A2,Ours,19.23600000000033
2.579178538176297,3,100,9977,5,6000,A3,Ours,19.23600000000033
9.870908974591046,3,100,9977,5,6000,core,Ours,19.23600000000033
2.673802106487668,3,100,9977,5,6000,A1,HOSVD,5.934999999999945
0.013598075085076385,3,100,9977,5,6000,A2,HOSVD,5.934999999999945
2.5558803064933007,3,100,9977,5,6000,A3,HOSVD,5.934999999999945
9.813061440551726,3,100,9977,5,6000,core,HOSVD,5.934999999999945
2.685818796973292,3,100,9977,5,6000,A1,HOOI,12.731999999999971
0.013648928350535086,3,100,9977,5,6000,A2,HOOI,12.731999999999971
2.554800188229294,3,100,9977,5,6000,A3,HOOI,12.731999999999971
9.817943517965075,3,100,9977,5,6000,core,HOOI,12.731999999999971
2.191576439496779,3,100,9977,5,6000,A1,Olga,26.148999999999887
0.02215121424186916,3,100,9977,5,6000,A2,Olga,26.148999999999887
2.8481135543468183,3,100,9977,5,6000,A3,Tracy,26.148999999999887
9.81421440777537,3,100,9977,5,6000,core,Tracy_Olga,26.148999999999887
8.902889998512931,3,100,1000,5,7000,A1,NTD,27.263000000000375
0.3115887985481892,3,100,1000,5,7000,A2,NTD,27.263000000000375
997.0000519723288,3,100,1000,5,7000,A3,NTD,27.263000000000375
11.406892370582671,3,100,1000,5,7000,core,NTD,27.263000000000375
2.166739231416161,3,100,1000,5,7000,A1,Ours,7.486000000000331
0.004601601147010466,3,100,1000,5,7000,A2,Ours,7.486000000000331
0.10139436300595912,3,100,1000,5,7000,A3,Ours,7.486000000000331
8.593791887459936,3,100,1000,5,7000,core,Ours,7.486000000000331
2.166739231416161,3,100,1000,5,7000,A1,HOSVD,8.48700000000008
0.004601601147010466,3,100,1000,5,7000,A2,HOSVD,8.48700000000008
0.10127505235926412,3,100,1000,5,7000,A3,HOSVD,8.48700000000008
8.593340705020124,3,100,1000,5,7000,core,HOSVD,8.48700000000008
2.165786871946913,3,100,1000,5,7000,A1,HOOI,6.680000000000291
0.004346717962567045,3,100,1000,5,7000,A2,HOOI,6.680000000000291
0.1022244450365795,3,100,1000,5,7000,A3,HOOI,6.680000000000291
8.593286972100254,3,100,1000,5,7000,core,HOOI,6.680000000000291
1.826842062896193,3,100,1000,5,7000,A1,Olga,4.382999999999811
0.0064530930114154355,3,100,1000,5,7000,A2,Olga,4.382999999999811
1.321964970158103,3,100,1000,5,7000,A3,Tracy,4.382999999999811
8.634298909785485,3,100,1000,5,7000,core,Tracy_Olga,4.382999999999811
2.9424939392113227,3,100,4997,5,7000,A1,NTD,163.60099999999966
0.2927684789018014,3,100,4997,5,7000,A2,NTD,163.60099999999966
4994.040140738406,3,100,4997,5,7000,A3,NTD,163.60099999999966
9.908486957380426,3,100,4997,5,7000,core,NTD,163.60099999999966
2.5547629695285097,3,100,4997,5,7000,A1,Ours,5.32300000000032
0.012007495940873886,3,100,4997,5,7000,A2,Ours,5.32300000000032
2.5074948550080616,3,100,4997,5,7000,A3,Ours,5.32300000000032
11.401783315779118,3,100,4997,5,7000,core,Ours,5.32300000000032
2.5547629695285097,3,100,4997,5,7000,A1,HOSVD,1.8530000000000655
0.012007495940873886,3,100,4997,5,7000,A2,HOSVD,1.8530000000000655
2.5027539115850397,3,100,4997,5,7000,A3,HOSVD,1.8530000000000655
11.391174399650879,3,100,4997,5,7000,core,HOSVD,1.8530000000000655
2.5536678767898895,3,100,4997,5,7000,A1,HOOI,4.846999999999753
0.012025888043788673,3,100,4997,5,7000,A2,HOOI,4.846999999999753
2.500552876829686,3,100,4997,5,7000,A3,HOOI,4.846999999999753
11.375589138534655,3,100,4997,5,7000,core,HOOI,4.846999999999753
1.9179565504180744,3,100,4997,5,7000,A1,Olga,2.605000000000018
0.016241151866401897,3,100,4997,5,7000,A2,Olga,2.605000000000018
2.8134426784272484,3,100,4997,5,7000,A3,Tracy,2.605000000000018
11.349112132185889,3,100,4997,5,7000,core,Tracy_Olga,2.605000000000018
2.166994547495635,3,100,9977,5,7000,A1,NTD,340.9269999999997
0.6855239003925261,3,100,9977,5,7000,A2,NTD,340.9269999999997
9974.06061749594,3,100,9977,5,7000,A3,NTD,340.9269999999997
9.506824124680106,3,100,9977,5,7000,core,NTD,340.9269999999997
2.0729645105194296,3,100,9977,5,7000,A1,Ours,14.6200000000008
0.005656966520728521,3,100,9977,5,7000,A2,Ours,14.6200000000008
2.5886222992616683,3,100,9977,5,7000,A3,Ours,14.6200000000008
12.197125554902003,3,100,9977,5,7000,core,Ours,14.6200000000008
2.0729645105194296,3,100,9977,5,7000,A1,HOSVD,3.475999999999658
0.005656966520728521,3,100,9977,5,7000,A2,HOSVD,3.475999999999658
2.572893897296371,3,100,9977,5,7000,A3,HOSVD,3.475999999999658
12.200980587751394,3,100,9977,5,7000,core,HOSVD,3.475999999999658
2.069954028062791,3,100,9977,5,7000,A1,HOOI,11.871000000000095
0.005361918552822538,3,100,9977,5,7000,A2,HOOI,11.871000000000095
4.517633174380017,3,100,9977,5,7000,A3,HOOI,11.871000000000095
10.950927720490077,3,100,9977,5,7000,core,HOOI,11.871000000000095
1.7463721410278767,3,100,9977,5,7000,A1,Olga,7.198999999999614
0.012683343660680736,3,100,9977,5,7000,A2,Olga,7.198999999999614
2.825035240572039,3,100,9977,5,7000,A3,Tracy,7.198999999999614
12.202918258757014,3,100,9977,5,7000,core,Tracy_Olga,7.198999999999614
2.814072519486604,3,100,1000,5,8000,A1,NTD,29.029999999999745
4.417718385708863,3,100,1000,5,8000,A2,NTD,29.029999999999745
997.0001053553142,3,100,1000,5,8000,A3,NTD,29.029999999999745
8.816094982525088,3,100,1000,5,8000,core,NTD,29.029999999999745
1.8010007007446158,3,100,1000,5,8000,A1,Ours,0.5440000000007785
0.011057290842928835,3,100,1000,5,8000,A2,Ours,0.5440000000007785
0.11106279345179883,3,100,1000,5,8000,A3,Ours,0.5440000000007785
8.477956920896325,3,100,1000,5,8000,core,Ours,0.5440000000007785
1.8010007007446158,3,100,1000,5,8000,A1,HOSVD,0.41600000000016735
0.011057290842928835,3,100,1000,5,8000,A2,HOSVD,0.41600000000016735
0.11098773764407344,3,100,1000,5,8000,A3,HOSVD,0.41600000000016735
8.478061799420471,3,100,1000,5,8000,core,HOSVD,0.41600000000016735
1.802693405932572,3,100,1000,5,8000,A1,HOOI,0.7130000000006476
0.010958895625485266,3,100,1000,5,8000,A2,HOOI,0.7130000000006476
0.11126258613449565,3,100,1000,5,8000,A3,HOOI,0.7130000000006476
8.478671261134098,3,100,1000,5,8000,core,HOOI,0.7130000000006476
1.6413858331160704,3,100,1000,5,8000,A1,Olga,0.7709999999997308
0.012822831055809043,3,100,1000,5,8000,A2,Olga,0.7709999999997308
1.32928293750036,3,100,1000,5,8000,A3,Tracy,0.7709999999997308
8.510406191045762,3,100,1000,5,8000,core,Tracy_Olga,0.7709999999997308
4.094009401940612,3,100,4995,5,8000,A1,NTD,159.89099999999962
0.3323655691447436,3,100,4995,5,8000,A2,NTD,159.89099999999962
4992.035295586348,3,100,4995,5,8000,A3,NTD,159.89099999999962
13.211474867837024,3,100,4995,5,8000,core,NTD,159.89099999999962
1.9439788379301048,3,100,4995,5,8000,A1,Ours,5.2739999999994325
0.0029099610925878727,3,100,4995,5,8000,A2,Ours,5.2739999999994325
2.5377463274120466,3,100,4995,5,8000,A3,Ours,5.2739999999994325
10.741745699922921,3,100,4995,5,8000,core,Ours,5.2739999999994325
1.9439788379301048,3,100,4995,5,8000,A1,HOSVD,1.850999999999658
0.0029099610925878727,3,100,4995,5,8000,A2,HOSVD,1.850999999999658
2.5366994897641306,3,100,4995,5,8000,A3,HOSVD,1.850999999999658
10.72759754571023,3,100,4995,5,8000,core,HOSVD,1.850999999999658
1.9484105393286355,3,100,4995,5,8000,A1,HOOI,4.710999999999331
0.0029824844545004807,3,100,4995,5,8000,A2,HOOI,4.710999999999331
2.5536783488909984,3,100,4995,5,8000,A3,HOOI,4.710999999999331
10.586360202223986,3,100,4995,5,8000,core,HOOI,4.710999999999331
2.1653248793155595,3,100,4995,5,8000,A1,Olga,2.5859999999993306
0.00940253131608249,3,100,4995,5,8000,A2,Olga,2.5859999999993306
2.982551366707352,3,100,4995,5,8000,A3,Tracy,2.5859999999993306
10.616652417519253,3,100,4995,5,8000,core,Tracy_Olga,2.5859999999993306
7.891794778482964,3,100,9977,5,8000,A1,NTD,328.0540000000001
2.4893471676929417,3,100,9977,5,8000,A2,NTD,328.0540000000001
9974.055846648194,3,100,9977,5,8000,A3,NTD,328.0540000000001
11.327236895213481,3,100,9977,5,8000,core,NTD,328.0540000000001
1.75801858571669,3,100,9977,5,8000,A1,Ours,13.771999999999935
0.007202213794029923,3,100,9977,5,8000,A2,Ours,13.771999999999935
2.5833046992345357,3,100,9977,5,8000,A3,Ours,13.771999999999935
9.679849033821156,3,100,9977,5,8000,core,Ours,13.771999999999935
1.75801858571669,3,100,9977,5,8000,A1,HOSVD,3.5510000000003856
0.007202213794029923,3,100,9977,5,8000,A2,HOSVD,3.5510000000003856
2.5714427704704588,3,100,9977,5,8000,A3,HOSVD,3.5510000000003856
9.644024113608669,3,100,9977,5,8000,core,HOSVD,3.5510000000003856
1.7586772572347136,3,100,9977,5,8000,A1,HOOI,12.010000000000218
0.006722149194901633,3,100,9977,5,8000,A2,HOOI,12.010000000000218
2.5727631445276296,3,100,9977,5,8000,A3,HOOI,12.010000000000218
9.689569501082271,3,100,9977,5,8000,core,HOOI,12.010000000000218
2.1937797285313594,3,100,9977,5,8000,A1,Olga,6.71100000000024
0.013002204473664528,3,100,9977,5,8000,A2,Olga,6.71100000000024
2.821764086275367,3,100,9977,5,8000,A3,Tracy,6.71100000000024
12.198550656927837,3,100,9977,5,8000,core,Tracy_Olga,6.71100000000024
3.1797540738717642,3,100,1000,5,9000,A1,NTD,29.100999999999658
0.41979880006806386,3,100,1000,5,9000,A2,NTD,29.100999999999658
997.0000598647879,3,100,1000,5,9000,A3,NTD,29.100999999999658
13.532546637500207,3,100,1000,5,9000,core,NTD,29.100999999999658
2.1186626181945223,3,100,1000,5,9000,A1,Ours,0.7030000000004293
0.007930084823974705,3,100,1000,5,9000,A2,Ours,0.7030000000004293
0.2556607790799428,3,100,1000,5,9000,A3,Ours,0.7030000000004293
8.649180374296591,3,100,1000,5,9000,core,Ours,0.7030000000004293
2.1186626181945223,3,100,1000,5,9000,A1,HOSVD,0.4279999999998836
0.007930084823974705,3,100,1000,5,9000,A2,HOSVD,0.4279999999998836
0.2556214309771076,3,100,1000,5,9000,A3,HOSVD,0.4279999999998836
8.649129417207275,3,100,1000,5,9000,core,HOSVD,0.4279999999998836
2.1252094579656764,3,100,1000,5,9000,A1,HOOI,0.7209999999995489
0.00781738918665624,3,100,1000,5,9000,A2,HOOI,0.7209999999995489
0.24998257364331458,3,100,1000,5,9000,A3,HOOI,0.7209999999995489
8.667829554141221,3,100,1000,5,9000,core,HOOI,0.7209999999995489
1.460812315312864,3,100,1000,5,9000,A1,Olga,0.47599999999965803
0.005787726315442568,3,100,1000,5,9000,A2,Olga,0.47599999999965803
1.3679313133534525,3,100,1000,5,9000,A3,Tracy,0.47599999999965803
8.6805820621734,3,100,1000,5,9000,core,Tracy_Olga,0.47599999999965803
2.770851521657055,3,100,4998,5,9000,A1,NTD,153.73599999999988
0.3004394824073534,3,100,4998,5,9000,A2,NTD,153.73599999999988
4995.028645327188,3,100,4998,5,9000,A3,NTD,153.73599999999988
7.971405986553088,3,100,4998,5,9000,core,NTD,153.73599999999988
2.214879926213417,3,100,4998,5,9000,A1,Ours,4.979000000000269
0.0028684304639051816,3,100,4998,5,9000,A2,Ours,4.979000000000269
2.458297721102865,3,100,4998,5,9000,A3,Ours,4.979000000000269
8.327772968038943,3,100,4998,5,9000,core,Ours,4.979000000000269
2.214879926213417,3,100,4998,5,9000,A1,HOSVD,1.6829999999999927
0.0028684304639051816,3,100,4998,5,9000,A2,HOSVD,1.6829999999999927
2.454797645661438,3,100,4998,5,9000,A3,HOSVD,1.6829999999999927
8.323725406990937,3,100,4998,5,9000,core,HOSVD,1.6829999999999927
1.8285800094999372,3,100,4998,5,9000,A1,HOOI,4.221000000000458
0.0028424004242947757,3,100,4998,5,9000,A2,HOOI,4.221000000000458
2.4570714070167954,3,100,4998,5,9000,A3,HOOI,4.221000000000458
8.332108070266166,3,100,4998,5,9000,core,HOOI,4.221000000000458
1.6543576180158905,3,100,4998,5,9000,A1,Olga,2.4890000000004875
0.008963643546042321,3,100,4998,5,9000,A2,Olga,2.4890000000004875
2.9042559243758217,3,100,4998,5,9000,A3,Tracy,2.4890000000004875
8.337211103616317,3,100,4998,5,9000,core,Tracy_Olga,2.4890000000004875
2.549361799547117,3,100,9979,5,9000,A1,NTD,339.6140000000005
2.3008684106859327,3,100,9979,5,9000,A2,NTD,339.6140000000005
9976.04843009315,3,100,9979,5,9000,A3,NTD,339.6140000000005
10.388559189483223,3,100,9979,5,9000,core,NTD,339.6140000000005
1.8076696854904315,3,100,9979,5,9000,A1,Ours,14.796000000000276
0.006394100179846826,3,100,9979,5,9000,A2,Ours,14.796000000000276
2.561673082768677,3,100,9979,5,9000,A3,Ours,14.796000000000276
12.095840539427309,3,100,9979,5,9000,core,Ours,14.796000000000276
1.8076696854904315,3,100,9979,5,9000,A1,HOSVD,4.443000000000211
0.006394100179846826,3,100,9979,5,9000,A2,HOSVD,4.443000000000211
2.551516343183731,3,100,9979,5,9000,A3,HOSVD,4.443000000000211
12.096604996183457,3,100,9979,5,9000,core,HOSVD,4.443000000000211
1.8011032019898445,3,100,9979,5,9000,A1,HOOI,12.059000000000196
0.0064512431381867855,3,100,9979,5,9000,A2,HOOI,12.059000000000196
2.5540340499106255,3,100,9979,5,9000,A3,HOOI,12.059000000000196
12.086431080042004,3,100,9979,5,9000,core,HOOI,12.059000000000196
1.8252754919132066,3,100,9979,5,9000,A1,Olga,6.621000000000095
0.01060444984679272,3,100,9979,5,9000,A2,Olga,6.621000000000095
2.8196506032316253,3,100,9979,5,9000,A3,Tracy,6.621000000000095
11.645830913214992,3,100,9979,5,9000,core,Tracy_Olga,6.621000000000095
3.139278602538433,3,100,1000,5,10000,A1,NTD,28.786000000000058
0.43614132311711873,3,100,1000,5,10000,A2,NTD,28.786000000000058
997.0000311277944,3,100,1000,5,10000,A3,NTD,28.786000000000058
9.95530786761184,3,100,1000,5,10000,core,NTD,28.786000000000058
1.8547518444271238,3,100,1000,5,10000,A1,Ours,0.6240000000007058
0.005475596171175421,3,100,1000,5,10000,A2,Ours,0.6240000000007058
0.09273817334966107,3,100,1000,5,10000,A3,Ours,0.6240000000007058
8.515649053166172,3,100,1000,5,10000,core,Ours,0.6240000000007058
1.8547518444271238,3,100,1000,5,10000,A1,HOSVD,0.7429999999994834
0.005475596171175421,3,100,1000,5,10000,A2,HOSVD,0.7429999999994834
0.09272502760387011,3,100,1000,5,10000,A3,HOSVD,0.7429999999994834
8.515604290916665,3,100,1000,5,10000,core,HOSVD,0.7429999999994834
1.8514386409465111,3,100,1000,5,10000,A1,HOOI,0.8250000000007276
0.005354992001604603,3,100,1000,5,10000,A2,HOOI,0.8250000000007276
0.09299045699364678,3,100,1000,5,10000,A3,HOOI,0.8250000000007276
8.515802701084363,3,100,1000,5,10000,core,HOOI,0.8250000000007276
1.6801719740126835,3,100,1000,5,10000,A1,Olga,0.4609999999993306
0.0025791942430343022,3,100,1000,5,10000,A2,Olga,0.4609999999993306
1.6147897414210732,3,100,1000,5,10000,A3,Tracy,0.4609999999993306
13.081141916166715,3,100,1000,5,10000,core,Tracy_Olga,0.4609999999993306
3.238798011772287,3,100,4997,5,10000,A1,NTD,162.8689999999997
0.7297412261439381,3,100,4997,5,10000,A2,NTD,162.8689999999997
4994.029496780433,3,100,4997,5,10000,A3,NTD,162.8689999999997
12.276353222782987,3,100,4997,5,10000,core,NTD,162.8689999999997
1.9701788139461645,3,100,4997,5,10000,A1,Ours,5.144000000000233
0.0026771608121916157,3,100,4997,5,10000,A2,Ours,5.144000000000233
2.4994410597685226,3,100,4997,5,10000,A3,Ours,5.144000000000233
11.696518286590926,3,100,4997,5,10000,core,Ours,5.144000000000233
1.9701788139461645,3,100,4997,5,10000,A1,HOSVD,1.660000000000764
0.0026771608121916157,3,100,4997,5,10000,A2,HOSVD,1.660000000000764
2.4971761425173225,3,100,4997,5,10000,A3,HOSVD,1.660000000000764
11.696791309309628,3,100,4997,5,10000,core,HOSVD,1.660000000000764
1.964171967911904,3,100,4997,5,10000,A1,HOOI,4.815000000000509
0.0028351465948234147,3,100,4997,5,10000,A2,HOOI,4.815000000000509
2.500177868146761,3,100,4997,5,10000,A3,HOOI,4.815000000000509
11.706483083983018,3,100,4997,5,10000,core,HOOI,4.815000000000509
1.5457279896433904,3,100,4997,5,10000,A1,Olga,2.8519999999998618
0.002852479704080449,3,100,4997,5,10000,A2,Olga,2.8519999999998618
2.9570592918736587,3,100,4997,5,10000,A3,Tracy,2.8519999999998618
11.726231678831578,3,100,4997,5,10000,core,Tracy_Olga,2.8519999999998618
2.859838016459655,3,100,9982,5,10000,A1,NTD,329.97699999999986
0.211379566712463,3,100,9982,5,10000,A2,NTD,329.97699999999986
9979.04663778691,3,100,9982,5,10000,A3,NTD,329.97699999999986
12.935393673537293,3,100,9982,5,10000,core,NTD,329.97699999999986
1.4160927370406258,3,100,9982,5,10000,A1,Ours,11.766000000000531
0.008326386617555562,3,100,9982,5,10000,A2,Ours,11.766000000000531
2.5449884130883427,3,100,9982,5,10000,A3,Ours,11.766000000000531
12.114491806695943,3,100,9982,5,10000,core,Ours,11.766000000000531
1.4160927370406258,3,100,9982,5,10000,A1,HOSVD,2.5090000000000146
0.008326386617555562,3,100,9982,5,10000,A2,HOSVD,2.5090000000000146
2.536607265256482,3,100,9982,5,10000,A3,HOSVD,2.5090000000000146
12.115427140482986,3,100,9982,5,10000,core,HOSVD,2.5090000000000146
1.4202851030895098,3,100,9982,5,10000,A1,HOOI,10.957000000000335
0.008314799674174434,3,100,9982,5,10000,A2,HOOI,10.957000000000335
2.5380538022388683,3,100,9982,5,10000,A3,HOOI,10.957000000000335
12.123008143088532,3,100,9982,5,10000,core,HOOI,10.957000000000335
1.5474413273182157,3,100,9982,5,10000,A1,Olga,5.730999999999767
0.017547635991190354,3,100,9982,5,10000,A2,Olga,5.730999999999767
2.8168849919261345,3,100,9982,5,10000,A3,Tracy,5.730999999999767
11.530398527456,3,100,9982,5,10000,core,Tracy_Olga,5.730999999999767
