error,K,Q1,R,Q2,M,mode,method,time
5.748077978561257,3,100,100,5,100,A1,NTD,4.2299999999999995
2.312639716023644,3,100,100,5,100,A2,NTD,4.2299999999999995
97.0020557042824,3,100,100,5,100,A3,NTD,4.2299999999999995
11.678307841288868,3,100,100,5,100,core,NTD,4.2299999999999995
13.812389417599608,3,100,100,5,100,A1,Ours,2.4829999999999988
0.12386080219338468,3,100,100,5,100,A2,Ours,2.4829999999999988
0.7407551981972023,3,100,100,5,100,A3,Ours,2.4829999999999988
12.191588533913418,3,100,100,5,100,core,Ours,2.4829999999999988
13.812389417599608,3,100,100,5,100,A1,HOSVD,2.2589999999999986
0.12386080219338468,3,100,100,5,100,A2,HOSVD,2.2589999999999986
0.8274244886451587,3,100,100,5,100,A3,HOSVD,2.2589999999999986
12.194811587430918,3,100,100,5,100,core,HOSVD,2.2589999999999986
14.247290279224543,3,100,100,5,100,A1,HOOI,2.2139999999999986
0.05262624566098459,3,100,100,5,100,A2,HOOI,2.2139999999999986
0.3871286243915135,3,100,100,5,100,A3,HOOI,2.2139999999999986
12.06961468726686,3,100,100,5,100,core,HOOI,2.2139999999999986
13.481169169329021,3,100,100,5,100,A1,Olga,1.2219999999999978
0.5894250618998815,3,100,100,5,100,A2,Olga,1.2219999999999978
1.2996804517202054,3,100,100,5,100,A3,Tracy,1.2219999999999978
10.89841249232526,3,100,100,5,100,core,Tracy_Olga,1.2219999999999978
7.870272127966144,3,100,497,5,100,A1,NTD,20.232
2.264366489238649,3,100,497,5,100,A2,NTD,20.232
494.2016937278367,3,100,497,5,100,A3,NTD,20.232
11.513438080812055,3,100,497,5,100,core,NTD,20.232
21.03684406401273,3,100,497,5,100,A1,Ours,0.47700000000000387
0.21170077630380152,3,100,497,5,100,A2,Ours,0.47700000000000387
2.822315149540588,3,100,497,5,100,A3,Ours,0.47700000000000387
9.981964491624938,3,100,497,5,100,core,Ours,0.47700000000000387
21.03684406401273,3,100,497,5,100,A1,HOSVD,0.8049999999999997
0.21170077630380152,3,100,497,5,100,A2,HOSVD,0.8049999999999997
2.7730391999007504,3,100,497,5,100,A3,HOSVD,0.8049999999999997
10.669096615388199,3,100,497,5,100,core,HOSVD,0.8049999999999997
20.828164946284886,3,100,497,5,100,A1,HOOI,3.7210000000000036
0.23218820729333886,3,100,497,5,100,A2,HOOI,3.7210000000000036
2.648591721571852,3,100,497,5,100,A3,HOOI,3.7210000000000036
12.697364761180628,3,100,497,5,100,core,HOOI,3.7210000000000036
20.02970139847967,3,100,497,5,100,A1,Olga,4.187999999999995
0.9396675783772239,3,100,497,5,100,A2,Olga,4.187999999999995
2.791014822298741,3,100,497,5,100,A3,Tracy,4.187999999999995
12.39798492325235,3,100,497,5,100,core,Tracy_Olga,4.187999999999995
8.717378859582638,3,100,978,5,100,A1,NTD,37.91499999999999
0.26437239907651394,3,100,978,5,100,A2,NTD,37.91499999999999
975.3065539921838,3,100,978,5,100,A3,NTD,37.91499999999999
10.87854885235828,3,100,978,5,100,core,NTD,37.91499999999999
16.47437964261185,3,100,978,5,100,A1,Ours,4.953000000000003
0.3954781786414371,3,100,978,5,100,A2,Ours,4.953000000000003
4.087644865174606,3,100,978,5,100,A3,Ours,4.953000000000003
9.168840490729279,3,100,978,5,100,core,Ours,4.953000000000003
16.47437964261185,3,100,978,5,100,A1,HOSVD,6.847000000000008
0.3954781786414371,3,100,978,5,100,A2,HOSVD,6.847000000000008
2.727717461320015,3,100,978,5,100,A3,HOSVD,6.847000000000008
11.829873702873961,3,100,978,5,100,core,HOSVD,6.847000000000008
17.49522125636118,3,100,978,5,100,A1,HOOI,11.553000000000011
0.0824445603563226,3,100,978,5,100,A2,HOOI,11.553000000000011
2.6867407850900027,3,100,978,5,100,A3,HOOI,11.553000000000011
13.05784447972407,3,100,978,5,100,core,HOOI,11.553000000000011
22.544975087119177,3,100,978,5,100,A1,Olga,12.742000000000004
2.5526924294741637,3,100,978,5,100,A2,Olga,12.742000000000004
2.821721098693432,3,100,978,5,100,A3,Tracy,12.742000000000004
12.297631905560023,3,100,978,5,100,core,Tracy_Olga,12.742000000000004
65.84375532958308,3,100,2388,5,100,A1,NTD,90.136
2.067167102468532,3,100,2388,5,100,A2,NTD,90.136
2385.3599517103876,3,100,2388,5,100,A3,NTD,90.136
10.722096583227696,3,100,2388,5,100,core,NTD,90.136
23.542888766018248,3,100,2388,5,100,A1,Ours,1.8210000000000264
0.40719499194546666,3,100,2388,5,100,A2,Ours,1.8210000000000264
5.189520459917606,3,100,2388,5,100,A3,Ours,1.8210000000000264
14.105013132235193,3,100,2388,5,100,core,Ours,1.8210000000000264
23.542888766018248,3,100,2388,5,100,A1,HOSVD,0.7630000000000052
0.40719499194546666,3,100,2388,5,100,A2,HOSVD,0.7630000000000052
2.7465579396625346,3,100,2388,5,100,A3,HOSVD,0.7630000000000052
13.356694090217577,3,100,2388,5,100,core,HOSVD,0.7630000000000052
23.28370608776018,3,100,2388,5,100,A1,HOOI,3.7109999999999843
0.4288173400075288,3,100,2388,5,100,A2,HOOI,3.7109999999999843
2.7319381208146525,3,100,2388,5,100,A3,HOOI,3.7109999999999843
13.0775129233835,3,100,2388,5,100,core,HOOI,3.7109999999999843
29.658072738102298,3,100,2388,5,100,A1,Olga,0.9919999999999902
3.4035159281307044,3,100,2388,5,100,A2,Olga,0.9919999999999902
2.9149869726505746,3,100,2388,5,100,A3,Tracy,0.9919999999999902
12.319611530955907,3,100,2388,5,100,core,Tracy_Olga,0.9919999999999902
116.8881963804876,3,100,4533,5,100,A1,NTD,157.81400000000002
3.812353973664762,3,100,4533,5,100,A2,NTD,157.81400000000002
4530.49354232142,3,100,4533,5,100,A3,NTD,157.81400000000002
9.53391102944154,3,100,4533,5,100,core,NTD,157.81400000000002
24.29909287748188,3,100,4533,5,100,A1,Ours,4.757999999999981
0.05256150803183611,3,100,4533,5,100,A2,Ours,4.757999999999981
4.878437987210518,3,100,4533,5,100,A3,Ours,4.757999999999981
11.882453119009833,3,100,4533,5,100,core,Ours,4.757999999999981
24.29909287748188,3,100,4533,5,100,A1,HOSVD,1.5299999999999727
0.05256150803183611,3,100,4533,5,100,A2,HOSVD,1.5299999999999727
2.8139439603049334,3,100,4533,5,100,A3,HOSVD,1.5299999999999727
12.82055166229798,3,100,4533,5,100,core,HOSVD,1.5299999999999727
23.835560657767285,3,100,4533,5,100,A1,HOOI,7.288999999999987
0.01763769126559625,3,100,4533,5,100,A2,HOOI,7.288999999999987
3.7784017420932794,3,100,4533,5,100,A3,HOOI,7.288999999999987
11.620271597554115,3,100,4533,5,100,core,HOOI,7.288999999999987
45.68342289508765,3,100,4533,5,100,A1,Olga,2.4680000000000177
3.990637122586835,3,100,4533,5,100,A2,Olga,2.4680000000000177
2.961825631702267,3,100,4533,5,100,A3,Tracy,2.4680000000000177
12.503824112243814,3,100,4533,5,100,core,Tracy_Olga,2.4680000000000177
118.01527653948031,3,100,5349,5,100,A1,NTD,183.42299999999994
2.264324372785963,3,100,5349,5,100,A2,NTD,183.42299999999994
5346.531390265176,3,100,5349,5,100,A3,NTD,183.42299999999994
9.473976377331626,3,100,5349,5,100,core,NTD,183.42299999999994
17.61393350079733,3,100,5349,5,100,A1,Ours,5.830000000000041
0.3220027006540712,3,100,5349,5,100,A2,Ours,5.830000000000041
5.3374333171009996,3,100,5349,5,100,A3,Ours,5.830000000000041
8.882324992139372,3,100,5349,5,100,core,Ours,5.830000000000041
17.61393350079733,3,100,5349,5,100,A1,HOSVD,1.7709999999999582
0.3220027006540712,3,100,5349,5,100,A2,HOSVD,1.7709999999999582
2.906147534327215,3,100,5349,5,100,A3,HOSVD,1.7709999999999582
13.186334652301472,3,100,5349,5,100,core,HOSVD,1.7709999999999582
18.707661483855002,3,100,5349,5,100,A1,HOOI,9.091000000000008
0.30898021287283206,3,100,5349,5,100,A2,HOOI,9.091000000000008
3.9104512272960377,3,100,5349,5,100,A3,HOOI,9.091000000000008
9.858166849701908,3,100,5349,5,100,core,HOOI,9.091000000000008
109.35023750472476,3,100,6055,5,100,A1,NTD,205.87700000000007
4.264295219973673,3,100,6055,5,100,A2,NTD,205.87700000000007
6052.452819772641,3,100,6055,5,100,A3,NTD,205.87700000000007
11.3695619192326,3,100,6055,5,100,core,NTD,205.87700000000007
17.855162314603906,3,100,6055,5,100,A1,Ours,6.358000000000061
0.21797685511423112,3,100,6055,5,100,A2,Ours,6.358000000000061
5.368560005647417,3,100,6055,5,100,A3,Ours,6.358000000000061
14.465959867098933,3,100,6055,5,100,core,Ours,6.358000000000061
17.855162314603906,3,100,6055,5,100,A1,HOSVD,2.0160000000000764
0.21797685511423112,3,100,6055,5,100,A2,HOSVD,2.0160000000000764
3.8989484066167783,3,100,6055,5,100,A3,HOSVD,2.0160000000000764
7.834646564972464,3,100,6055,5,100,core,HOSVD,2.0160000000000764
17.319703578723217,3,100,6055,5,100,A1,HOOI,10.447000000000003
0.22756033156054747,3,100,6055,5,100,A2,HOOI,10.447000000000003
3.9068964228650565,3,100,6055,5,100,A3,HOOI,10.447000000000003
8.640525245633205,3,100,6055,5,100,core,HOOI,10.447000000000003
46.00537593138953,3,100,6055,5,100,A1,Olga,3.191000000000031
3.85878309157124,3,100,6055,5,100,A2,Olga,3.191000000000031
3.9478357145428973,3,100,6055,5,100,A3,Tracy,3.191000000000031
11.689620925799606,3,100,6055,5,100,core,Tracy_Olga,3.191000000000031
126.25278211236282,3,100,6838,5,100,A1,NTD,220.38600000000008
3.884272419164226,3,100,6838,5,100,A2,NTD,220.38600000000008
6835.668905184937,3,100,6838,5,100,A3,NTD,220.38600000000008
8.968053178002075,3,100,6838,5,100,core,NTD,220.38600000000008
22.502580112838306,3,100,6838,5,100,A1,Ours,8.923999999999978
0.22358139880845018,3,100,6838,5,100,A2,Ours,8.923999999999978
5.1743201917940596,3,100,6838,5,100,A3,Ours,8.923999999999978
11.88303039580802,3,100,6838,5,100,core,Ours,8.923999999999978
22.502580112838306,3,100,6838,5,100,A1,HOSVD,3.6230000000000473
0.22358139880845018,3,100,6838,5,100,A2,HOSVD,3.6230000000000473
3.4764525129660835,3,100,6838,5,100,A3,HOSVD,3.6230000000000473
9.093668501869102,3,100,6838,5,100,core,HOSVD,3.6230000000000473
71.01372727947164,3,100,6838,5,100,A1,Olga,5.273000000000138
3.9828409565362333,3,100,6838,5,100,A2,Olga,5.273000000000138
4.08723696259529,3,100,6838,5,100,A3,Tracy,5.273000000000138
9.846148176755632,3,100,6838,5,100,core,Tracy_Olga,5.273000000000138
113.5327203219301,3,100,7488,5,100,A1,NTD,228.66200000000003
4.264279703212852,3,100,7488,5,100,A2,NTD,228.66200000000003
7485.518814431269,3,100,7488,5,100,A3,NTD,228.66200000000003
8.931916361388867,3,100,7488,5,100,core,NTD,228.66200000000003
18.183311911695316,3,100,7488,5,100,A1,Ours,8.52800000000002
0.26046751367438753,3,100,7488,5,100,A2,Ours,8.52800000000002
5.260439442326284,3,100,7488,5,100,A3,Ours,8.52800000000002
9.275180799054416,3,100,7488,5,100,core,Ours,8.52800000000002
18.764283759928563,3,100,7488,5,100,A1,HOOI,12.105000000000018
0.17566977177905557,3,100,7488,5,100,A2,HOOI,12.105000000000018
3.3939467277397077,3,100,7488,5,100,A3,HOOI,12.105000000000018
9.623339675160706,3,100,7488,5,100,core,HOOI,12.105000000000018
72.79710732080797,3,100,7488,5,100,A1,Olga,4.460000000000036
3.881992058433471,3,100,7488,5,100,A2,Olga,4.460000000000036
3.2388156717041316,3,100,7488,5,100,A3,Tracy,4.460000000000036
14.719230229053213,3,100,7488,5,100,core,Tracy_Olga,4.460000000000036
121.2423097830007,3,100,8169,5,100,A1,NTD,255.6969999999999
2.2643185268589625,3,100,8169,5,100,A2,NTD,255.6969999999999
8166.664895636064,3,100,8169,5,100,A3,NTD,255.6969999999999
9.062007260030194,3,100,8169,5,100,core,NTD,255.6969999999999
23.056387259590895,3,100,8169,5,100,A1,Ours,9.927999999999884
0.13010535132369316,3,100,8169,5,100,A2,Ours,9.927999999999884
5.24600093363442,3,100,8169,5,100,A3,Ours,9.927999999999884
9.067017353243738,3,100,8169,5,100,core,Ours,9.927999999999884
23.056387259590895,3,100,8169,5,100,A1,HOSVD,3.0289999999999964
0.13010535132369316,3,100,8169,5,100,A2,HOSVD,3.0289999999999964
3.4979905303730043,3,100,8169,5,100,A3,HOSVD,3.0289999999999964
10.505627356585604,3,100,8169,5,100,core,HOSVD,3.0289999999999964
23.156631014394712,3,100,8169,5,100,A1,HOOI,16.278999999999996
0.06868249417016226,3,100,8169,5,100,A2,HOOI,16.278999999999996
3.3734752032806563,3,100,8169,5,100,A3,HOOI,16.278999999999996
9.786862304636232,3,100,8169,5,100,core,HOOI,16.278999999999996
77.0540170822832,3,100,8169,5,100,A1,Olga,5.649999999999864
4.330065496357092,3,100,8169,5,100,A2,Olga,5.649999999999864
3.9387188706384726,3,100,8169,5,100,A3,Tracy,5.649999999999864
9.608890718409452,3,100,8169,5,100,core,Tracy_Olga,5.649999999999864
2.048518673662791,3,100,100,5,3000,A1,NTD,3.492000000000189
0.32865226701212996,3,100,100,5,3000,A2,NTD,3.492000000000189
97,3,100,100,5,3000,A3,NTD,3.492000000000189
12.127907387699022,3,100,100,5,3000,core,NTD,3.492000000000189
2.7179420830187713,3,100,100,5,3000,A1,Ours,0.3930000000000291
0.02916090446362448,3,100,100,5,3000,A2,Ours,0.3930000000000291
0.0614072084927823,3,100,100,5,3000,A3,Ours,0.3930000000000291
12.08864390623848,3,100,100,5,3000,core,Ours,0.3930000000000291
2.7179420830187713,3,100,100,5,3000,A1,HOSVD,0.23299999999994725
0.02916090446362448,3,100,100,5,3000,A2,HOSVD,0.23299999999994725
0.06143418555773786,3,100,100,5,3000,A3,HOSVD,0.23299999999994725
12.088622171919408,3,100,100,5,3000,core,HOSVD,0.23299999999994725
2.716391811816825,3,100,100,5,3000,A1,HOOI,0.17399999999997817
0.02545040329581974,3,100,100,5,3000,A2,HOOI,0.17399999999997817
0.05743269923073592,3,100,100,5,3000,A3,HOOI,0.17399999999997817
12.091116950863375,3,100,100,5,3000,core,HOOI,0.17399999999997817
2.442006027144782,3,100,100,5,3000,A1,Olga,0.6490000000001146
0.027490774762874464,3,100,100,5,3000,A2,Olga,0.6490000000001146
1.0947438994165546,3,100,100,5,3000,A3,Tracy,0.6490000000001146
11.029199130128731,3,100,100,5,3000,core,Tracy_Olga,0.6490000000001146
2.097764980192727,3,100,500,5,3000,A1,NTD,14.5150000000001
2.6507070354944684,3,100,500,5,3000,A2,NTD,14.5150000000001
497.0002524274577,3,100,500,5,3000,A3,NTD,14.5150000000001
12.086445969440295,3,100,500,5,3000,core,NTD,14.5150000000001
3.520622868648115,3,100,500,5,3000,A1,Ours,0.5299999999999727
0.015720341915802745,3,100,500,5,3000,A2,Ours,0.5299999999999727
0.14863318107768012,3,100,500,5,3000,A3,Ours,0.5299999999999727
10.877837023157694,3,100,500,5,3000,core,Ours,0.5299999999999727
3.520622868648115,3,100,500,5,3000,A1,HOSVD,0.41000000000008185
0.015720341915802745,3,100,500,5,3000,A2,HOSVD,0.41000000000008185
0.14885562915521816,3,100,500,5,3000,A3,HOSVD,0.41000000000008185
10.878267253918358,3,100,500,5,3000,core,HOSVD,0.41000000000008185
3.5072713553311226,3,100,500,5,3000,A1,HOOI,0.6570000000001528
0.015919601718744864,3,100,500,5,3000,A2,HOOI,0.6570000000001528
0.14793257994507267,3,100,500,5,3000,A3,HOOI,0.6570000000001528
10.876640432873891,3,100,500,5,3000,core,HOOI,0.6570000000001528
2.584838383702008,3,100,500,5,3000,A1,Olga,0.5980000000001837
0.028931199561860414,3,100,500,5,3000,A2,Olga,0.5980000000001837
1.2594813018506046,3,100,500,5,3000,A3,Tracy,0.5980000000001837
11.020170659334726,3,100,500,5,3000,core,Tracy_Olga,0.5980000000001837
2.6120884219539975,3,100,1000,5,3000,A1,NTD,34.35100000000011
4.255578511496504,3,100,1000,5,3000,A2,NTD,34.35100000000011
997.2797220668812,3,100,1000,5,3000,A3,NTD,34.35100000000011
12.80693756841085,3,100,1000,5,3000,core,NTD,34.35100000000011
2.778444720525412,3,100,1000,5,3000,A1,Ours,3.0239999999998872
0.03134333317531279,3,100,1000,5,3000,A2,Ours,3.0239999999998872
0.5159486768086848,3,100,1000,5,3000,A3,Ours,3.0239999999998872
11.33352608087708,3,100,1000,5,3000,core,Ours,3.0239999999998872
2.778444720525412,3,100,1000,5,3000,A1,HOSVD,3.115000000000009
0.03134333317531279,3,100,1000,5,3000,A2,HOSVD,3.115000000000009
0.5140121435884378,3,100,1000,5,3000,A3,HOSVD,3.115000000000009
11.323914381838279,3,100,1000,5,3000,core,HOSVD,3.115000000000009
2.8038563224898643,3,100,1000,5,3000,A1,HOOI,4.153999999999996
0.029220383142888103,3,100,1000,5,3000,A2,HOOI,4.153999999999996
0.4642614546619704,3,100,1000,5,3000,A3,HOOI,4.153999999999996
11.27111785826665,3,100,1000,5,3000,core,HOOI,4.153999999999996
3.170402200189819,3,100,1000,5,3000,A1,Olga,5.066000000000031
0.07831729737396395,3,100,1000,5,3000,A2,Olga,5.066000000000031
1.4255295706011932,3,100,1000,5,3000,A3,Tracy,5.066000000000031
12.206359068008096,3,100,1000,5,3000,core,Tracy_Olga,5.066000000000031
1.6924527360040516,3,100,2499,5,3000,A1,NTD,84.34500000000003
1.317699503832153,3,100,2499,5,3000,A2,NTD,84.34500000000003
2496.0257576824524,3,100,2499,5,3000,A3,NTD,84.34500000000003
14.09580034950438,3,100,2499,5,3000,core,NTD,84.34500000000003
4.045815976209172,3,100,2499,5,3000,A1,Ours,8.268000000000029
0.014725951943866217,3,100,2499,5,3000,A2,Ours,8.268000000000029
2.457707751193713,3,100,2499,5,3000,A3,Ours,8.268000000000029
10.840390113133225,3,100,2499,5,3000,core,Ours,8.268000000000029
4.045815976209172,3,100,2499,5,3000,A1,HOSVD,8.259000000000015
0.014725951943866217,3,100,2499,5,3000,A2,HOSVD,8.259000000000015
2.439869862333636,3,100,2499,5,3000,A3,HOSVD,8.259000000000015
10.806072845524996,3,100,2499,5,3000,core,HOSVD,8.259000000000015
4.045215403508153,3,100,2499,5,3000,A1,HOOI,11.728000000000065
0.01669210222678649,3,100,2499,5,3000,A2,HOOI,11.728000000000065
2.4733579498714033,3,100,2499,5,3000,A3,HOOI,11.728000000000065
11.103794037799295,3,100,2499,5,3000,core,HOOI,11.728000000000065
3.2592256414526144,3,100,2499,5,3000,A1,Olga,7.688999999999851
0.04910802157804965,3,100,2499,5,3000,A2,Olga,7.688999999999851
2.827296704238787,3,100,2499,5,3000,A3,Tracy,7.688999999999851
11.200625046422314,3,100,2499,5,3000,core,Tracy_Olga,7.688999999999851
2.26938597837177,3,100,4986,5,3000,A1,NTD,172.44100000000003
4.262061311170785,3,100,4986,5,3000,A2,NTD,172.44100000000003
4983.03250561359,3,100,4986,5,3000,A3,NTD,172.44100000000003
9.36040836404244,3,100,4986,5,3000,core,NTD,172.44100000000003
3.9803034724019866,3,100,4986,5,3000,A1,Ours,4.865000000000009
0.017894125837668525,3,100,4986,5,3000,A2,Ours,4.865000000000009
2.7338685048253235,3,100,4986,5,3000,A3,Ours,4.865000000000009
11.877982374315408,3,100,4986,5,3000,core,Ours,4.865000000000009
3.9803034724019866,3,100,4986,5,3000,A1,HOSVD,1.7280000000000655
0.017894125837668525,3,100,4986,5,3000,A2,HOSVD,1.7280000000000655
2.6235384022039634,3,100,4986,5,3000,A3,HOSVD,1.7280000000000655
12.97079417296112,3,100,4986,5,3000,core,HOSVD,1.7280000000000655
3.973852820389583,3,100,4986,5,3000,A1,HOOI,4.250999999999976
0.016313935259329032,3,100,4986,5,3000,A2,HOOI,4.250999999999976
2.625010496977533,3,100,4986,5,3000,A3,HOOI,4.250999999999976
12.99545721848588,3,100,4986,5,3000,core,HOOI,4.250999999999976
3.604294043926727,3,100,4986,5,3000,A1,Olga,2.536000000000058
0.13288083725442668,3,100,4986,5,3000,A2,Olga,2.536000000000058
2.8500700663975307,3,100,4986,5,3000,A3,Tracy,2.536000000000058
12.977075803664503,3,100,4986,5,3000,core,Tracy_Olga,2.536000000000058
1.7096748718015757,3,100,5977,5,3000,A1,NTD,195.06600000000003
3.5090059860668528,3,100,5977,5,3000,A2,NTD,195.06600000000003
5974.077193503707,3,100,5977,5,3000,A3,NTD,195.06600000000003
10.357640169516573,3,100,5977,5,3000,core,NTD,195.06600000000003
2.825100434147029,3,100,5977,5,3000,A1,Ours,6.548999999999978
0.015225101070647135,3,100,5977,5,3000,A2,Ours,6.548999999999978
2.7301871630454406,3,100,5977,5,3000,A3,Ours,6.548999999999978
12.021492394385453,3,100,5977,5,3000,core,Ours,6.548999999999978
2.825100434147029,3,100,5977,5,3000,A1,HOSVD,2.169000000000324
0.015225101070647135,3,100,5977,5,3000,A2,HOSVD,2.169000000000324
2.6458088030948383,3,100,5977,5,3000,A3,HOSVD,2.169000000000324
13.031547506293059,3,100,5977,5,3000,core,HOSVD,2.169000000000324
2.8240575187710055,3,100,5977,5,3000,A1,HOOI,5.663000000000011
0.010493108242837572,3,100,5977,5,3000,A2,HOOI,5.663000000000011
2.6459281794971306,3,100,5977,5,3000,A3,HOOI,5.663000000000011
13.03317513053066,3,100,5977,5,3000,core,HOOI,5.663000000000011
3.163614831419716,3,100,5977,5,3000,A1,Olga,3.099999999999909
0.16460637910898127,3,100,5977,5,3000,A2,Olga,3.099999999999909
2.831337152413037,3,100,5977,5,3000,A3,Tracy,3.099999999999909
13.105299191630758,3,100,5977,5,3000,core,Tracy_Olga,3.099999999999909
2.1485610076240995,3,100,6967,5,3000,A1,NTD,222.13899999999967
2.264290871753354,3,100,6967,5,3000,A2,NTD,222.13899999999967
6964.078796625079,3,100,6967,5,3000,A3,NTD,222.13899999999967
9.756943544910884,3,100,6967,5,3000,core,NTD,222.13899999999967
3.0551666241150577,3,100,6967,5,3000,A1,Ours,7.889000000000124
0.01276869979327799,3,100,6967,5,3000,A2,Ours,7.889000000000124
2.8025954896865226,3,100,6967,5,3000,A3,Ours,7.889000000000124
11.586836222003944,3,100,6967,5,3000,core,Ours,7.889000000000124
3.0551666241150577,3,100,6967,5,3000,A1,HOSVD,2.4699999999998
0.01276869979327799,3,100,6967,5,3000,A2,HOSVD,2.4699999999998
2.627560671285865,3,100,6967,5,3000,A3,HOSVD,2.4699999999998
13.018810374176306,3,100,6967,5,3000,core,HOSVD,2.4699999999998
3.086043748457996,3,100,6967,5,3000,A1,HOOI,6.666000000000167
0.014959873774192759,3,100,6967,5,3000,A2,HOOI,6.666000000000167
2.6292398114376376,3,100,6967,5,3000,A3,HOOI,6.666000000000167
13.022212664825249,3,100,6967,5,3000,core,HOOI,6.666000000000167
3.529099773870806,3,100,6967,5,3000,A1,Olga,3.612999999999829
0.4120303403629071,3,100,6967,5,3000,A2,Olga,3.612999999999829
2.8391390277321498,3,100,6967,5,3000,A3,Tracy,3.612999999999829
11.363759880266153,3,100,6967,5,3000,core,Tracy_Olga,3.612999999999829
1.9638956133888081,3,100,7953,5,3000,A1,NTD,248.99099999999999
3.287362974033408,3,100,7953,5,3000,A2,NTD,248.99099999999999
7950.079080680358,3,100,7953,5,3000,A3,NTD,248.99099999999999
10.579013709155399,3,100,7953,5,3000,core,NTD,248.99099999999999
2.9252660142519287,3,100,7953,5,3000,A1,Ours,9.445999999999913
0.03176521046925109,3,100,7953,5,3000,A2,Ours,9.445999999999913
2.823120939700581,3,100,7953,5,3000,A3,Ours,9.445999999999913
9.922815652425834,3,100,7953,5,3000,core,Ours,9.445999999999913
2.9252660142519287,3,100,7953,5,3000,A1,HOSVD,2.617000000000189
0.03176521046925109,3,100,7953,5,3000,A2,HOSVD,2.617000000000189
2.666995975182496,3,100,7953,5,3000,A3,HOSVD,2.617000000000189
12.976799645185634,3,100,7953,5,3000,core,HOSVD,2.617000000000189
2.929004874838521,3,100,7953,5,3000,A1,HOOI,8.230000000000018
0.0361804345130486,3,100,7953,5,3000,A2,HOOI,8.230000000000018
2.6669320286439673,3,100,7953,5,3000,A3,HOOI,8.230000000000018
13.030002314019718,3,100,7953,5,3000,core,HOOI,8.230000000000018
3.4431506320952514,3,100,7953,5,3000,A1,Olga,4.588999999999942
0.13395502736097295,3,100,7953,5,3000,A2,Olga,4.588999999999942
2.861063864635288,3,100,7953,5,3000,A3,Tracy,4.588999999999942
13.052683626520476,3,100,7953,5,3000,core,Tracy_Olga,4.588999999999942
1.9990349391371878,3,100,8945,5,3000,A1,NTD,273.8710000000001
0.2642929258650198,3,100,8945,5,3000,A2,NTD,273.8710000000001
8942.05675613627,3,100,8945,5,3000,A3,NTD,273.8710000000001
10.140043259885623,3,100,8945,5,3000,core,NTD,273.8710000000001
3.106858639609257,3,100,8945,5,3000,A1,Ours,11.722999999999956
0.023754999054314465,3,100,8945,5,3000,A2,Ours,11.722999999999956
2.819038694370654,3,100,8945,5,3000,A3,Ours,11.722999999999956
11.731259198774639,3,100,8945,5,3000,core,Ours,11.722999999999956
3.106858639609257,3,100,8945,5,3000,A1,HOSVD,2.836999999999989
0.023754999054314465,3,100,8945,5,3000,A2,HOSVD,2.836999999999989
2.668360886304676,3,100,8945,5,3000,A3,HOSVD,2.836999999999989
13.02358800945721,3,100,8945,5,3000,core,HOSVD,2.836999999999989
3.1023242655252603,3,100,8945,5,3000,A1,HOOI,9.334000000000287
0.022965135193244453,3,100,8945,5,3000,A2,HOOI,9.334000000000287
2.6706294915754127,3,100,8945,5,3000,A3,HOOI,9.334000000000287
13.033690640827286,3,100,8945,5,3000,core,HOOI,9.334000000000287
3.2771670103838457,3,100,8945,5,3000,A1,Olga,5.417999999999665
0.5500692347446501,3,100,8945,5,3000,A2,Olga,5.417999999999665
2.855281443101272,3,100,8945,5,3000,A3,Tracy,5.417999999999665
13.202201714197118,3,100,8945,5,3000,core,Tracy_Olga,5.417999999999665
25.10020473358175,3,100,9936,5,3000,A1,NTD,300.0129999999999
1.368471733167002,3,100,9936,5,3000,A2,NTD,300.0129999999999
9933.501150443346,3,100,9936,5,3000,A3,NTD,300.0129999999999
10.893085240117632,3,100,9936,5,3000,core,NTD,300.0129999999999
3.4725121300764736,3,100,9936,5,3000,A1,Ours,15.68600000000015
0.02783610399119052,3,100,9936,5,3000,A2,Ours,15.68600000000015
2.8043140163437688,3,100,9936,5,3000,A3,Ours,15.68600000000015
11.846520125142243,3,100,9936,5,3000,core,Ours,15.68600000000015
3.4725121300764736,3,100,9936,5,3000,A1,HOSVD,3.7520000000004075
0.02783610399119052,3,100,9936,5,3000,A2,HOSVD,3.7520000000004075
2.648820881303085,3,100,9936,5,3000,A3,HOSVD,3.7520000000004075
12.964966405417453,3,100,9936,5,3000,core,HOSVD,3.7520000000004075
3.4501945016791664,3,100,9936,5,3000,A1,HOOI,10.37099999999964
0.024482603097918602,3,100,9936,5,3000,A2,HOOI,10.37099999999964
2.648271155074537,3,100,9936,5,3000,A3,HOOI,10.37099999999964
12.989250921370243,3,100,9936,5,3000,core,HOOI,10.37099999999964
3.326555356033146,3,100,9936,5,3000,A1,Olga,7.2029999999999745
0.4092387426348282,3,100,9936,5,3000,A2,Olga,7.2029999999999745
2.8431550881505507,3,100,9936,5,3000,A3,Tracy,7.2029999999999745
13.211071580713446,3,100,9936,5,3000,core,Tracy_Olga,7.2029999999999745
11.317750858765077,3,100,100,5,10000,A1,NTD,3.62900000000036
2.5289491981258796,3,100,100,5,10000,A2,NTD,3.62900000000036
97.0030244526605,3,100,100,5,10000,A3,NTD,3.62900000000036
11.162628510981994,3,100,100,5,10000,core,NTD,3.62900000000036
1.9751851917811805,3,100,100,5,10000,A1,Ours,0.10399999999981446
0.008863929459424442,3,100,100,5,10000,A2,Ours,0.10399999999981446
0.03870514524832889,3,100,100,5,10000,A3,Ours,0.10399999999981446
12.046250902661434,3,100,100,5,10000,core,Ours,0.10399999999981446
1.9751851917811805,3,100,100,5,10000,A1,HOSVD,0.06399999999985084
0.008863929459424442,3,100,100,5,10000,A2,HOSVD,0.06399999999985084
0.03870820160445758,3,100,100,5,10000,A3,HOSVD,0.06399999999985084
12.046249045913966,3,100,100,5,10000,core,HOSVD,0.06399999999985084
1.9722570691370744,3,100,100,5,10000,A1,HOOI,0.09499999999979991
0.008861566395966015,3,100,100,5,10000,A2,HOOI,0.09499999999979991
0.037024142921683614,3,100,100,5,10000,A3,HOOI,0.09499999999979991
12.04765283270332,3,100,100,5,10000,core,HOOI,0.09499999999979991
1.7226292661947886,3,100,100,5,10000,A1,Olga,0.13000000000010914
0.008500805189366672,3,100,100,5,10000,A2,Olga,0.13000000000010914
1.0951432593549364,3,100,100,5,10000,A3,Tracy,0.13000000000010914
11.032045932156658,3,100,100,5,10000,core,Tracy_Olga,0.13000000000010914
5.386800381246491,3,100,500,5,10000,A1,NTD,14.388000000000375
1.2031350065903963,3,100,500,5,10000,A2,NTD,14.388000000000375
497.00001336953954,3,100,500,5,10000,A3,NTD,14.388000000000375
11.123266269363988,3,100,500,5,10000,core,NTD,14.388000000000375
1.9774552292274656,3,100,500,5,10000,A1,Ours,0.3890000000001237
0.008931310493891387,3,100,500,5,10000,A2,Ours,0.3890000000001237
0.08317082260497305,3,100,500,5,10000,A3,Ours,0.3890000000001237
10.864545623117714,3,100,500,5,10000,core,Ours,0.3890000000001237
1.9774552292274656,3,100,500,5,10000,A1,HOSVD,0.2290000000002692
0.008931310493891387,3,100,500,5,10000,A2,HOSVD,0.2290000000002692
0.08312160823943807,3,100,500,5,10000,A3,HOSVD,0.2290000000002692
10.864452797478773,3,100,500,5,10000,core,HOSVD,0.2290000000002692
1.98147066204714,3,100,500,5,10000,A1,HOOI,0.3809999999998581
0.008268007798670183,3,100,500,5,10000,A2,HOOI,0.3809999999998581
0.08332473052303188,3,100,500,5,10000,A3,HOOI,0.3809999999998581
10.865436341030737,3,100,500,5,10000,core,HOOI,0.3809999999998581
1.7761762586568894,3,100,500,5,10000,A1,Olga,0.43899999999985084
0.014225772215735557,3,100,500,5,10000,A2,Olga,0.43899999999985084
1.2331744716931972,3,100,500,5,10000,A3,Tracy,0.43899999999985084
11.015513491786283,3,100,500,5,10000,core,Tracy_Olga,0.43899999999985084
1.741307012961875,3,100,1000,5,10000,A1,NTD,31.661000000000058
0.4815040766898852,3,100,1000,5,10000,A2,NTD,31.661000000000058
997.0001115094407,3,100,1000,5,10000,A3,NTD,31.661000000000058
8.155175846532574,3,100,1000,5,10000,core,NTD,31.661000000000058
1.6687561723075548,3,100,1000,5,10000,A1,Ours,0.525000000000091
0.01235235212496738,3,100,1000,5,10000,A2,Ours,0.525000000000091
0.19366083765726913,3,100,1000,5,10000,A3,Ours,0.525000000000091
10.917249877150683,3,100,1000,5,10000,core,Ours,0.525000000000091
1.6687561723075548,3,100,1000,5,10000,A1,HOSVD,0.7329999999997199
0.01235235212496738,3,100,1000,5,10000,A2,HOSVD,0.7329999999997199
0.19346979490136698,3,100,1000,5,10000,A3,HOSVD,0.7329999999997199
10.916780044660856,3,100,1000,5,10000,core,HOSVD,0.7329999999997199
1.6650416328988564,3,100,1000,5,10000,A1,HOOI,1.0360000000000582
0.01298329096110402,3,100,1000,5,10000,A2,HOOI,1.0360000000000582
0.1896027649003223,3,100,1000,5,10000,A3,HOOI,1.0360000000000582
10.911693034661504,3,100,1000,5,10000,core,HOOI,1.0360000000000582
1.7585100360034511,3,100,1000,5,10000,A1,Olga,0.7739999999998872
0.03405982178429531,3,100,1000,5,10000,A2,Olga,0.7739999999998872
1.3491834856039564,3,100,1000,5,10000,A3,Tracy,0.7739999999998872
11.080962694486853,3,100,1000,5,10000,core,Tracy_Olga,0.7739999999998872
1.706995999664891,3,100,2499,5,10000,A1,NTD,88.4340000000002
2.215922979045101,3,100,2499,5,10000,A2,NTD,88.4340000000002
2496.053814246207,3,100,2499,5,10000,A3,NTD,88.4340000000002
10.318169894852417,3,100,2499,5,10000,core,NTD,88.4340000000002
2.015567155290576,3,100,2499,5,10000,A1,Ours,4.536999999999807
0.007652060893319002,3,100,2499,5,10000,A2,Ours,4.536999999999807
2.44813990780893,3,100,2499,5,10000,A3,Ours,4.536999999999807
12.226807355385736,3,100,2499,5,10000,core,Ours,4.536999999999807
2.015567155290576,3,100,2499,5,10000,A1,HOSVD,2.75
0.007652060893319002,3,100,2499,5,10000,A2,HOSVD,2.75
2.446849862564925,3,100,2499,5,10000,A3,HOSVD,2.75
12.224089705334993,3,100,2499,5,10000,core,HOSVD,2.75
2.020304567762992,3,100,2499,5,10000,A1,HOOI,5.087999999999738
0.006828106507731446,3,100,2499,5,10000,A2,HOOI,5.087999999999738
2.449111484171969,3,100,2499,5,10000,A3,HOOI,5.087999999999738
12.222395011171757,3,100,2499,5,10000,core,HOOI,5.087999999999738
1.9354328434745265,3,100,2499,5,10000,A1,Olga,5.072999999999865
0.012926082282793168,3,100,2499,5,10000,A2,Olga,5.072999999999865
2.9257581731181754,3,100,2499,5,10000,A3,Tracy,5.072999999999865
11.904204860058757,3,100,2499,5,10000,core,Tracy_Olga,5.072999999999865
4.255189615243327,3,100,4997,5,10000,A1,NTD,163.38200000000006
0.6584834861695023,3,100,4997,5,10000,A2,NTD,163.38200000000006
4994.005326546612,3,100,4997,5,10000,A3,NTD,163.38200000000006
11.488706366169763,3,100,4997,5,10000,core,NTD,163.38200000000006
1.645663445129493,3,100,4997,5,10000,A1,Ours,11.131000000000313
0.02862819661441766,3,100,4997,5,10000,A2,Ours,11.131000000000313
2.5960197788722095,3,100,4997,5,10000,A3,Ours,11.131000000000313
12.97266645063432,3,100,4997,5,10000,core,Ours,11.131000000000313
1.645663445129493,3,100,4997,5,10000,A1,HOSVD,7.914999999999964
0.02862819661441766,3,100,4997,5,10000,A2,HOSVD,7.914999999999964
2.5934588617734846,3,100,4997,5,10000,A3,HOSVD,7.914999999999964
12.968841483933968,3,100,4997,5,10000,core,HOSVD,7.914999999999964
1.6465601998921724,3,100,4997,5,10000,A1,HOOI,10.5
0.02854626136704393,3,100,4997,5,10000,A2,HOOI,10.5
2.5934365528832535,3,100,4997,5,10000,A3,HOOI,10.5
12.96482190671803,3,100,4997,5,10000,core,HOOI,10.5
2.0865479533898355,3,100,4997,5,10000,A1,Olga,6.18100000000004
0.04213390591339585,3,100,4997,5,10000,A2,Olga,6.18100000000004
2.8449141996163987,3,100,4997,5,10000,A3,Tracy,6.18100000000004
12.983428634276601,3,100,4997,5,10000,core,Tracy_Olga,6.18100000000004
2.3620445827061785,3,100,5995,5,10000,A1,NTD,195.52700000000004
3.651723056663084,3,100,5995,5,10000,A2,NTD,195.52700000000004
5992.016001725708,3,100,5995,5,10000,A3,NTD,195.52700000000004
11.68444214036403,3,100,5995,5,10000,core,NTD,195.52700000000004
2.004042640711265,3,100,5995,5,10000,A1,Ours,6.59900000000016
0.016285577118344656,3,100,5995,5,10000,A2,Ours,6.59900000000016
2.6376091770304964,3,100,5995,5,10000,A3,Ours,6.59900000000016
13.094028251703238,3,100,5995,5,10000,core,Ours,6.59900000000016
2.004042640711265,3,100,5995,5,10000,A1,HOSVD,1.818000000000211
0.016285577118344656,3,100,5995,5,10000,A2,HOSVD,1.818000000000211
2.633656225097507,3,100,5995,5,10000,A3,HOSVD,1.818000000000211
13.087193760802736,3,100,5995,5,10000,core,HOSVD,1.818000000000211
2.0016358653021133,3,100,5995,5,10000,A1,HOOI,5.010999999999967
0.016643155068188448,3,100,5995,5,10000,A2,HOOI,5.010999999999967
2.6342947806263495,3,100,5995,5,10000,A3,HOOI,5.010999999999967
13.089140093255219,3,100,5995,5,10000,core,HOOI,5.010999999999967
1.7847163468732088,3,100,5995,5,10000,A1,Olga,3.536000000000058
0.04399663087861422,3,100,5995,5,10000,A2,Olga,3.536000000000058
2.844823364412597,3,100,5995,5,10000,A3,Tracy,3.536000000000058
13.777791357297076,3,100,5995,5,10000,core,Tracy_Olga,3.536000000000058
1.5198205111821859,3,100,6997,5,10000,A1,NTD,218.2850000000003
0.1642058315350005,3,100,6997,5,10000,A2,NTD,218.2850000000003
6994.012877202566,3,100,6997,5,10000,A3,NTD,218.2850000000003
8.833545036749344,3,100,6997,5,10000,core,NTD,218.2850000000003
2.1346913419942948,3,100,6997,5,10000,A1,Ours,8.076999999999316
0.013451946155898982,3,100,6997,5,10000,A2,Ours,8.076999999999316
2.6301449142616478,3,100,6997,5,10000,A3,Ours,8.076999999999316
13.040223041365703,3,100,6997,5,10000,core,Ours,8.076999999999316
2.1346913419942948,3,100,6997,5,10000,A1,HOSVD,2.3649999999997817
0.013451946155898982,3,100,6997,5,10000,A2,HOSVD,2.3649999999997817
2.6248818389950146,3,100,6997,5,10000,A3,HOSVD,2.3649999999997817
13.034423020274081,3,100,6997,5,10000,core,HOSVD,2.3649999999997817
2.134948898432225,3,100,6997,5,10000,A1,HOOI,6.930000000000291
0.011799325278184765,3,100,6997,5,10000,A2,HOOI,6.930000000000291
2.618486581637491,3,100,6997,5,10000,A3,HOOI,6.930000000000291
13.022830485894533,3,100,6997,5,10000,core,HOOI,6.930000000000291
1.4832346371932388,3,100,6997,5,10000,A1,Olga,3.8679999999994834
0.05936265192351036,3,100,6997,5,10000,A2,Olga,3.8679999999994834
2.8469423129609934,3,100,6997,5,10000,A3,Tracy,3.8679999999994834
13.032436630714269,3,100,6997,5,10000,core,Tracy_Olga,3.8679999999994834
1.7756364772989652,3,100,7988,5,10000,A1,NTD,248.53299999999945
0.25909001535551524,3,100,7988,5,10000,A2,NTD,248.53299999999945
7985.070967562156,3,100,7988,5,10000,A3,NTD,248.53299999999945
13.644232580707213,3,100,7988,5,10000,core,NTD,248.53299999999945
1.7787762404165617,3,100,7988,5,10000,A1,Ours,9.08600000000024
0.010262446469726799,3,100,7988,5,10000,A2,Ours,9.08600000000024
2.638421351932927,3,100,7988,5,10000,A3,Ours,9.08600000000024
13.021962717184786,3,100,7988,5,10000,core,Ours,9.08600000000024
1.7787762404165617,3,100,7988,5,10000,A1,HOSVD,2.6829999999999927
0.010262446469726799,3,100,7988,5,10000,A2,HOSVD,2.6829999999999927
2.632443812751171,3,100,7988,5,10000,A3,HOSVD,2.6829999999999927
13.012423212003812,3,100,7988,5,10000,core,HOSVD,2.6829999999999927
1.7829341441292015,3,100,7988,5,10000,A1,HOOI,7.091000000000349
0.01055846338815419,3,100,7988,5,10000,A2,HOOI,7.091000000000349
2.632204943999504,3,100,7988,5,10000,A3,HOOI,7.091000000000349
13.020749254887841,3,100,7988,5,10000,core,HOOI,7.091000000000349
1.721774184703917,3,100,7988,5,10000,A1,Olga,4.9780000000000655
0.014471432807630517,3,100,7988,5,10000,A2,Olga,4.9780000000000655
2.8163233196818855,3,100,7988,5,10000,A3,Tracy,4.9780000000000655
13.010875675630992,3,100,7988,5,10000,core,Tracy_Olga,4.9780000000000655
2.4233260752595385,3,100,8980,5,10000,A1,NTD,271.8730000000005
4.804173465756329,3,100,8980,5,10000,A2,NTD,271.8730000000005
8977.027537853577,3,100,8980,5,10000,A3,NTD,271.8730000000005
9.933343220843046,3,100,8980,5,10000,core,NTD,271.8730000000005
1.5487343564334368,3,100,8980,5,10000,A1,Ours,11.67199999999957
0.008405613664072362,3,100,8980,5,10000,A2,Ours,11.67199999999957
2.6481379314270783,3,100,8980,5,10000,A3,Ours,11.67199999999957
13.085383640221528,3,100,8980,5,10000,core,Ours,11.67199999999957
1.5487343564334368,3,100,8980,5,10000,A1,HOSVD,2.9909999999999854
0.008405613664072362,3,100,8980,5,10000,A2,HOSVD,2.9909999999999854
2.6394643205528787,3,100,8980,5,10000,A3,HOSVD,2.9909999999999854
13.075860183975333,3,100,8980,5,10000,core,HOSVD,2.9909999999999854
1.5455268789350218,3,100,8980,5,10000,A1,HOOI,8.919999999999163
0.007868996224928362,3,100,8980,5,10000,A2,HOOI,8.919999999999163
2.6408805834898894,3,100,8980,5,10000,A3,HOOI,8.919999999999163
13.074366123690389,3,100,8980,5,10000,core,HOOI,8.919999999999163
1.9646095306501723,3,100,8980,5,10000,A1,Olga,5.20299999999952
0.09040746736883762,3,100,8980,5,10000,A2,Olga,5.20299999999952
2.8621432202931687,3,100,8980,5,10000,A3,Tracy,5.20299999999952
13.811297917230345,3,100,8980,5,10000,core,Tracy_Olga,5.20299999999952
2.1379794584923277,3,100,9986,5,10000,A1,NTD,304.9539999999997
4.695143666849523,3,100,9986,5,10000,A2,NTD,304.9539999999997
9983.384876336277,3,100,9986,5,10000,A3,NTD,304.9539999999997
10.360125315733224,3,100,9986,5,10000,core,NTD,304.9539999999997
2.148772770978992,3,100,9986,5,10000,A1,Ours,13.918000000000575
0.011375787818071003,3,100,9986,5,10000,A2,Ours,13.918000000000575
2.6474015940505797,3,100,9986,5,10000,A3,Ours,13.918000000000575
13.027292150134175,3,100,9986,5,10000,core,Ours,13.918000000000575
2.148772770978992,3,100,9986,5,10000,A1,HOSVD,3.479000000000269
0.011375787818071003,3,100,9986,5,10000,A2,HOSVD,3.479000000000269
2.6377350747991684,3,100,9986,5,10000,A3,HOSVD,3.479000000000269
13.013006166370696,3,100,9986,5,10000,core,HOSVD,3.479000000000269
2.140818840974559,3,100,9986,5,10000,A1,HOOI,11.360999999999876
0.010946718591555367,3,100,9986,5,10000,A2,HOOI,11.360999999999876
2.6395918268958005,3,100,9986,5,10000,A3,HOOI,11.360999999999876
13.008064149071451,3,100,9986,5,10000,core,HOOI,11.360999999999876
1.503412204160579,3,100,9986,5,10000,A1,Olga,6.257999999999811
0.031082204517756947,3,100,9986,5,10000,A2,Olga,6.257999999999811
2.834755733912487,3,100,9986,5,10000,A3,Tracy,6.257999999999811
13.03034630231101,3,100,9986,5,10000,core,Tracy_Olga,6.257999999999811
