error,K,Q1,R,Q2,M,mode,method,time
14.911019415192039,3,100,983,5,100,A1,NTD,37.03
3.14229074284434,3,100,983,5,100,A2,NTD,37.03
980.2937391486684,3,100,983,5,100,A3,NTD,37.03
11.426882190754139,3,100,983,5,100,core,NTD,37.03
18.984737208023308,3,100,983,5,100,A1,Ours,5.037999999999997
0.16397769146639277,3,100,983,5,100,A2,Ours,5.037999999999997
3.1805997228881995,3,100,983,5,100,A3,Ours,5.037999999999997
12.839492131734385,3,100,983,5,100,core,Ours,5.037999999999997
18.984737208023308,3,100,983,5,100,A1,HOSVD,5.417000000000002
0.16397769146639277,3,100,983,5,100,A2,HOSVD,5.417000000000002
2.5291487151224215,3,100,983,5,100,A3,HOSVD,5.417000000000002
13.720483048440387,3,100,983,5,100,core,HOSVD,5.417000000000002
18.550634476196205,3,100,983,5,100,A1,HOOI,5.202999999999996
0.10008439117982569,3,100,983,5,100,A2,HOOI,5.202999999999996
2.5405226413554027,3,100,983,5,100,A3,HOOI,5.202999999999996
13.720483048440387,3,100,983,5,100,core,HOOI,5.202999999999996
26.262405495143376,3,100,983,5,100,A1,Olga,4.5390000000000015
3.50204487432893,3,100,983,5,100,A2,Olga,4.5390000000000015
2.810160118711845,3,100,983,5,100,A3,Tracy,4.5390000000000015
11.999296666513361,3,100,983,5,100,core,Tracy_Olga,4.5390000000000015
116.95439466326278,3,100,4510,5,100,A1,NTD,160.976
3.2376949082924074,3,100,4510,5,100,A2,NTD,160.976
4507.578312150344,3,100,4510,5,100,A3,NTD,160.976
12.04491999223301,3,100,4510,5,100,core,NTD,160.976
22.686893731811228,3,100,4510,5,100,A1,Ours,8.654999999999973
0.19992997675950017,3,100,4510,5,100,A2,Ours,8.654999999999973
4.6535268534507015,3,100,4510,5,100,A3,Ours,8.654999999999973
11.20000243087089,3,100,4510,5,100,core,Ours,8.654999999999973
22.686893731811228,3,100,4510,5,100,A1,HOSVD,9.280999999999977
0.19992997675950017,3,100,4510,5,100,A2,HOSVD,9.280999999999977
2.744529048969885,3,100,4510,5,100,A3,HOSVD,9.280999999999977
10.910299854822059,3,100,4510,5,100,core,HOSVD,9.280999999999977
22.693577642013974,3,100,4510,5,100,A1,HOOI,23.101000000000028
0.17718557462592388,3,100,4510,5,100,A2,HOOI,23.101000000000028
3.3716492373216864,3,100,4510,5,100,A3,HOOI,23.101000000000028
10.075456613061043,3,100,4510,5,100,core,HOOI,23.101000000000028
54.51709112326575,3,100,4510,5,100,A1,Olga,18.218000000000018
3.8167875771262243,3,100,4510,5,100,A2,Olga,18.218000000000018
4.206075150108164,3,100,4510,5,100,A3,Tracy,18.218000000000018
8.9581497408576,3,100,4510,5,100,core,Tracy_Olga,18.218000000000018
124.77709162218808,3,100,8196,5,100,A1,NTD,279.146
3.214333815970025,3,100,8196,5,100,A2,NTD,279.146
8193.655044596157,3,100,8196,5,100,A3,NTD,279.146
11.334557697032494,3,100,8196,5,100,core,NTD,279.146
26.33506009286555,3,100,8196,5,100,A1,Ours,26.741999999999962
0.1368550072302484,3,100,8196,5,100,A2,Ours,26.741999999999962
5.333421210730012,3,100,8196,5,100,A3,Ours,26.741999999999962
8.949954112534785,3,100,8196,5,100,core,Ours,26.741999999999962
26.337477263984763,3,100,8196,5,100,A1,HOOI,16.027000000000044
0.04566306473582355,3,100,8196,5,100,A2,HOOI,16.027000000000044
3.961436889166178,3,100,8196,5,100,A3,HOOI,16.027000000000044
10.139889714092025,3,100,8196,5,100,core,HOOI,16.027000000000044
2.877295421156493,3,100,997,5,500,A1,NTD,28.246999999999957
0.9095630171725038,3,100,997,5,500,A2,NTD,28.246999999999957
994.1397409234118,3,100,997,5,500,A3,NTD,28.246999999999957
13.293195412121797,3,100,997,5,500,core,NTD,28.246999999999957
10.692601596240172,3,100,997,5,500,A1,Ours,0.91599999999994
0.05106615833050201,3,100,997,5,500,A2,Ours,0.91599999999994
2.743783820766545,3,100,997,5,500,A3,Ours,0.91599999999994
13.226384592016606,3,100,997,5,500,core,Ours,0.91599999999994
10.692601596240172,3,100,997,5,500,A1,HOSVD,0.7779999999999063
0.05106615833050201,3,100,997,5,500,A2,HOSVD,0.7779999999999063
2.7273962117643284,3,100,997,5,500,A3,HOSVD,0.7779999999999063
13.197273984622603,3,100,997,5,500,core,HOSVD,0.7779999999999063
10.726452222785802,3,100,997,5,500,A1,HOOI,0.9049999999999727
0.060483541124503916,3,100,997,5,500,A2,HOOI,0.9049999999999727
2.6429294129123333,3,100,997,5,500,A3,HOOI,0.9049999999999727
13.320733504357683,3,100,997,5,500,core,HOOI,0.9049999999999727
9.071227123798776,3,100,997,5,500,A1,Olga,1.697999999999979
0.1582915430261726,3,100,997,5,500,A2,Olga,1.697999999999979
3.089044918489564,3,100,997,5,500,A3,Tracy,1.697999999999979
11.701334341086913,3,100,997,5,500,core,Tracy_Olga,1.697999999999979
62.29590460503622,3,100,4915,5,500,A1,NTD,170.678
5.214324871342743,3,100,4915,5,500,A2,NTD,170.678
4912.285742492139,3,100,4915,5,500,A3,NTD,170.678
10.557184554279251,3,100,4915,5,500,core,NTD,170.678
12.562199748757836,3,100,4915,5,500,A1,Ours,15.6400000000001
0.036293712691900966,3,100,4915,5,500,A2,Ours,15.6400000000001
3.183671995991054,3,100,4915,5,500,A3,Ours,15.6400000000001
10.718137422319247,3,100,4915,5,500,core,Ours,15.6400000000001
12.562199748757836,3,100,4915,5,500,A1,HOSVD,9.052999999999997
0.036293712691900966,3,100,4915,5,500,A2,HOSVD,9.052999999999997
2.582711190626541,3,100,4915,5,500,A3,HOSVD,9.052999999999997
10.913697591961471,3,100,4915,5,500,core,HOSVD,9.052999999999997
12.536725671763927,3,100,4915,5,500,A1,HOOI,7.041999999999916
0.03231467025764067,3,100,4915,5,500,A2,HOOI,7.041999999999916
2.6089916900479446,3,100,4915,5,500,A3,HOOI,7.041999999999916
10.991956520134798,3,100,4915,5,500,core,HOOI,7.041999999999916
14.848926214694204,3,100,4915,5,500,A1,Olga,4.1860000000000355
4.460609006484087,3,100,4915,5,500,A2,Olga,4.1860000000000355
2.8997371608347384,3,100,4915,5,500,A3,Tracy,4.1860000000000355
10.050251668260161,3,100,4915,5,500,core,Tracy_Olga,4.1860000000000355
36.674176569007635,3,100,9614,5,500,A1,NTD,316.549
3.620185777395638,3,100,9614,5,500,A2,NTD,316.549
9611.359598146371,3,100,9614,5,500,A3,NTD,316.549
10.006595503342465,3,100,9614,5,500,core,NTD,316.549
13.639650694051065,3,100,9614,5,500,A1,Ours,14.366999999999962
0.003444800056970832,3,100,9614,5,500,A2,Ours,14.366999999999962
3.8447141483266978,3,100,9614,5,500,A3,Ours,14.366999999999962
11.710499141294303,3,100,9614,5,500,core,Ours,14.366999999999962
13.639650694051065,3,100,9614,5,500,A1,HOSVD,6.560999999999922
0.003444800056970832,3,100,9614,5,500,A2,HOSVD,6.560999999999922
2.6043323673583734,3,100,9614,5,500,A3,HOSVD,6.560999999999922
10.89946943233286,3,100,9614,5,500,core,HOSVD,6.560999999999922
13.765591721798542,3,100,9614,5,500,A1,HOOI,14.243999999999915
0.011455295451663926,3,100,9614,5,500,A2,HOOI,14.243999999999915
3.6960976529796623,3,100,9614,5,500,A3,HOOI,14.243999999999915
11.841335572614629,3,100,9614,5,500,core,HOOI,14.243999999999915
16.850458140238572,3,100,9614,5,500,A1,Olga,9.385999999999967
4.284823887089198,3,100,9614,5,500,A2,Olga,9.385999999999967
2.9428698880321043,3,100,9614,5,500,A3,Tracy,9.385999999999967
12.373252457072148,3,100,9614,5,500,core,Tracy_Olga,9.385999999999967
2.786529411466909,3,100,1000,5,1000,A1,NTD,27.9849999999999
4.23356440988252,3,100,1000,5,1000,A2,NTD,27.9849999999999
997.002841984487,3,100,1000,5,1000,A3,NTD,27.9849999999999
10.278520093591103,3,100,1000,5,1000,core,NTD,27.9849999999999
6.448580291669871,3,100,1000,5,1000,A1,Ours,3.813000000000102
0.013731013311696858,3,100,1000,5,1000,A2,Ours,3.813000000000102
0.6061200178983588,3,100,1000,5,1000,A3,Ours,3.813000000000102
10.92542396525861,3,100,1000,5,1000,core,Ours,3.813000000000102
6.448580291669871,3,100,1000,5,1000,A1,HOSVD,2.796000000000049
0.013731013311696858,3,100,1000,5,1000,A2,HOSVD,2.796000000000049
0.6023866897223079,3,100,1000,5,1000,A3,HOSVD,2.796000000000049
10.923783066202683,3,100,1000,5,1000,core,HOSVD,2.796000000000049
6.395544313848003,3,100,1000,5,1000,A1,HOOI,4.455999999999904
0.022159259730364294,3,100,1000,5,1000,A2,HOOI,4.455999999999904
0.746934561947745,3,100,1000,5,1000,A3,HOOI,4.455999999999904
10.927875941147164,3,100,1000,5,1000,core,HOOI,4.455999999999904
7.480087380476126,3,100,1000,5,1000,A1,Olga,1.3299999999999272
0.13882180323328547,3,100,1000,5,1000,A2,Olga,1.3299999999999272
1.4416560374620926,3,100,1000,5,1000,A3,Tracy,1.3299999999999272
13.3138713830984,3,100,1000,5,1000,core,Tracy_Olga,1.3299999999999272
11.817057499913151,3,100,4954,5,1000,A1,NTD,156.99800000000005
2.7726010306535964,3,100,4954,5,1000,A2,NTD,156.99800000000005
4951.144978942754,3,100,4954,5,1000,A3,NTD,156.99800000000005
12.264155192394863,3,100,4954,5,1000,core,NTD,156.99800000000005
8.005604709191397,3,100,4954,5,1000,A1,Ours,5.522999999999911
0.05441568579557942,3,100,4954,5,1000,A2,Ours,5.522999999999911
2.93664047171283,3,100,4954,5,1000,A3,Ours,5.522999999999911
12.70671434735757,3,100,4954,5,1000,core,Ours,5.522999999999911
8.005604709191397,3,100,4954,5,1000,A1,HOSVD,2.9320000000000164
0.05441568579557942,3,100,4954,5,1000,A2,HOSVD,2.9320000000000164
2.562807871924913,3,100,4954,5,1000,A3,HOSVD,2.9320000000000164
13.691766616317267,3,100,4954,5,1000,core,HOSVD,2.9320000000000164
8.047555235845508,3,100,4954,5,1000,A1,HOOI,4.538000000000011
0.05609935093029064,3,100,4954,5,1000,A2,HOOI,4.538000000000011
2.561965947917243,3,100,4954,5,1000,A3,HOOI,4.538000000000011
13.729255182442811,3,100,4954,5,1000,core,HOOI,4.538000000000011
7.671541347877063,3,100,4954,5,1000,A1,Olga,2.576000000000022
0.4198038330495965,3,100,4954,5,1000,A2,Olga,2.576000000000022
2.89769873634308,3,100,4954,5,1000,A3,Tracy,2.576000000000022
13.75420517689246,3,100,4954,5,1000,core,Tracy_Olga,2.576000000000022
66.11197737461251,3,100,9817,5,1000,A1,NTD,344.2940000000001
1.2143279499839077,3,100,9817,5,1000,A2,NTD,344.2940000000001
9814.262915836043,3,100,9817,5,1000,A3,NTD,344.2940000000001
12.086857772184008,3,100,9817,5,1000,core,NTD,344.2940000000001
8.546187931180183,3,100,9817,5,1000,A1,Ours,17.10900000000015
0.015595470389925927,3,100,9817,5,1000,A2,Ours,17.10900000000015
3.9414993687035573,3,100,9817,5,1000,A3,Ours,17.10900000000015
11.31377440657145,3,100,9817,5,1000,core,Ours,17.10900000000015
8.546187931180183,3,100,9817,5,1000,A1,HOSVD,13.676000000000158
0.015595470389925927,3,100,9817,5,1000,A2,HOSVD,13.676000000000158
2.5878176376072575,3,100,9817,5,1000,A3,HOSVD,13.676000000000158
13.67778919507762,3,100,9817,5,1000,core,HOSVD,13.676000000000158
8.431177787790206,3,100,9817,5,1000,A1,HOOI,25.934999999999945
0.008675601364503283,3,100,9817,5,1000,A2,HOOI,25.934999999999945
2.5870721574635547,3,100,9817,5,1000,A3,HOOI,25.934999999999945
13.717012058722554,3,100,9817,5,1000,core,HOOI,25.934999999999945
9.055959515718945,3,100,9817,5,1000,A1,Olga,18.528999999999996
3.5429885837018484,3,100,9817,5,1000,A2,Olga,18.528999999999996
2.9521514493155303,3,100,9817,5,1000,A3,Tracy,18.528999999999996
10.266164863042487,3,100,9817,5,1000,core,Tracy_Olga,18.528999999999996
2.732538667921982,3,100,1000,5,2500,A1,NTD,27.407999999999902
0.9016872074799828,3,100,1000,5,2500,A2,NTD,27.407999999999902
997.000526495997,3,100,1000,5,2500,A3,NTD,27.407999999999902
12.460868687713267,3,100,1000,5,2500,core,NTD,27.407999999999902
4.790966852351377,3,100,1000,5,2500,A1,Ours,7.925999999999931
0.01890282507873572,3,100,1000,5,2500,A2,Ours,7.925999999999931
0.36303202318365474,3,100,1000,5,2500,A3,Ours,7.925999999999931
13.458410406936917,3,100,1000,5,2500,core,Ours,7.925999999999931
4.790966852351377,3,100,1000,5,2500,A1,HOSVD,7.716000000000122
0.01890282507873572,3,100,1000,5,2500,A2,HOSVD,7.716000000000122
0.36186627508246777,3,100,1000,5,2500,A3,HOSVD,7.716000000000122
13.457229410317034,3,100,1000,5,2500,core,HOSVD,7.716000000000122
4.7989029085446395,3,100,1000,5,2500,A1,HOOI,9.432000000000016
0.021275964153295353,3,100,1000,5,2500,A2,HOOI,9.432000000000016
0.35712750586122677,3,100,1000,5,2500,A3,HOOI,9.432000000000016
13.45213552367746,3,100,1000,5,2500,core,HOOI,9.432000000000016
3.5388117637689027,3,100,1000,5,2500,A1,Olga,7.680000000000064
0.033115813453341386,3,100,1000,5,2500,A2,Olga,7.680000000000064
1.400645354082669,3,100,1000,5,2500,A3,Tracy,7.680000000000064
11.892866373491492,3,100,1000,5,2500,core,Tracy_Olga,7.680000000000064
2.33216945110059,3,100,4987,5,2500,A1,NTD,158.9509999999998
3.8671615470571,3,100,4987,5,2500,A2,NTD,158.9509999999998
4984.093863169074,3,100,4987,5,2500,A3,NTD,158.9509999999998
10.873024076792477,3,100,4987,5,2500,core,NTD,158.9509999999998
4.749604892218592,3,100,4987,5,2500,A1,Ours,6.083999999999833
0.004954214308431765,3,100,4987,5,2500,A2,Ours,6.083999999999833
2.5580385374052277,3,100,4987,5,2500,A3,Ours,6.083999999999833
10.91485106902276,3,100,4987,5,2500,core,Ours,6.083999999999833
4.749604892218592,3,100,4987,5,2500,A1,HOSVD,1.8029999999998836
0.004954214308431765,3,100,4987,5,2500,A2,HOSVD,1.8029999999998836
2.5274387513140764,3,100,4987,5,2500,A3,HOSVD,1.8029999999998836
10.908250360844844,3,100,4987,5,2500,core,HOSVD,1.8029999999998836
4.790592246280394,3,100,4987,5,2500,A1,HOOI,5.0909999999998945
0.007521483223560775,3,100,4987,5,2500,A2,HOOI,5.0909999999998945
2.5337048898465753,3,100,4987,5,2500,A3,HOOI,5.0909999999998945
10.908271168664779,3,100,4987,5,2500,core,HOOI,5.0909999999998945
3.5224639505200828,3,100,4987,5,2500,A1,Olga,2.8640000000000327
0.17130040204895053,3,100,4987,5,2500,A2,Olga,2.8640000000000327
2.8436030868212905,3,100,4987,5,2500,A3,Tracy,2.8640000000000327
13.735080117565074,3,100,4987,5,2500,core,Tracy_Olga,2.8640000000000327
4.403933141320577,3,100,9931,5,2500,A1,NTD,325.35400000000027
1.2486356967275107,3,100,9931,5,2500,A2,NTD,325.35400000000027
9928.12109116955,3,100,9931,5,2500,A3,NTD,325.35400000000027
12.963503200866906,3,100,9931,5,2500,core,NTD,325.35400000000027
6.45994977662937,3,100,9931,5,2500,A1,Ours,14.096000000000004
0.012184251516988924,3,100,9931,5,2500,A2,Ours,14.096000000000004
2.887293465023999,3,100,9931,5,2500,A3,Ours,14.096000000000004
11.955567783336713,3,100,9931,5,2500,core,Ours,14.096000000000004
6.45994977662937,3,100,9931,5,2500,A1,HOSVD,3.3339999999998327
0.012184251516988924,3,100,9931,5,2500,A2,HOSVD,3.3339999999998327
2.537039025427008,3,100,9931,5,2500,A3,HOSVD,3.3339999999998327
10.908782038260632,3,100,9931,5,2500,core,HOSVD,3.3339999999998327
6.4707830682246605,3,100,9931,5,2500,A1,HOOI,11.288000000000011
0.014071990088698885,3,100,9931,5,2500,A2,HOOI,11.288000000000011
2.533586600850645,3,100,9931,5,2500,A3,HOOI,11.288000000000011
10.919914466337636,3,100,9931,5,2500,core,HOOI,11.288000000000011
5.201022334003939,3,100,9931,5,2500,A1,Olga,7.119000000000142
0.3142098224360948,3,100,9931,5,2500,A2,Olga,7.119000000000142
2.866910147230975,3,100,9931,5,2500,A3,Tracy,7.119000000000142
10.887846713770946,3,100,9931,5,2500,core,Tracy_Olga,7.119000000000142
2.687601897315552,3,100,1000,5,5000,A1,NTD,27.6279999999997
0.35655413596264274,3,100,1000,5,5000,A2,NTD,27.6279999999997
997.0001164525963,3,100,1000,5,5000,A3,NTD,27.6279999999997
10.760153590923876,3,100,1000,5,5000,core,NTD,27.6279999999997
3.751933490761862,3,100,1000,5,5000,A1,Ours,1.787000000000262
0.024525325390515818,3,100,1000,5,5000,A2,Ours,1.787000000000262
0.3830295840456248,3,100,1000,5,5000,A3,Ours,1.787000000000262
10.782560372735741,3,100,1000,5,5000,core,Ours,1.787000000000262
3.751933490761862,3,100,1000,5,5000,A1,HOSVD,1.6399999999998727
0.024525325390515818,3,100,1000,5,5000,A2,HOSVD,1.6399999999998727
0.3827528924900129,3,100,1000,5,5000,A3,HOSVD,1.6399999999998727
10.782572315895324,3,100,1000,5,5000,core,HOSVD,1.6399999999998727
3.750004755021666,3,100,1000,5,5000,A1,HOOI,1.0220000000003893
0.025498042251073407,3,100,1000,5,5000,A2,HOOI,1.0220000000003893
0.36780097271156637,3,100,1000,5,5000,A3,HOOI,1.0220000000003893
10.788343247159192,3,100,1000,5,5000,core,HOOI,1.0220000000003893
2.7924171033525944,3,100,1000,5,5000,A1,Olga,0.4819999999999709
0.021194554058488347,3,100,1000,5,5000,A2,Olga,0.4819999999999709
1.4033032132672298,3,100,1000,5,5000,A3,Tracy,0.4819999999999709
10.728894561798967,3,100,1000,5,5000,core,Tracy_Olga,0.4819999999999709
2.528025024457623,3,100,4993,5,5000,A1,NTD,163.94399999999996
3.7525662963525095,3,100,4993,5,5000,A2,NTD,163.94399999999996
4990.062116324237,3,100,4993,5,5000,A3,NTD,163.94399999999996
11.865270860851892,3,100,4993,5,5000,core,NTD,163.94399999999996
3.105074355373667,3,100,4993,5,5000,A1,Ours,5.512000000000171
0.025721817597857573,3,100,4993,5,5000,A2,Ours,5.512000000000171
2.5151652579604016,3,100,4993,5,5000,A3,Ours,5.512000000000171
13.709031246850527,3,100,4993,5,5000,core,Ours,5.512000000000171
3.105074355373667,3,100,4993,5,5000,A1,HOSVD,1.9049999999997453
0.025721817597857573,3,100,4993,5,5000,A2,HOSVD,1.9049999999997453
2.506418130672367,3,100,4993,5,5000,A3,HOSVD,1.9049999999997453
13.6995932872405,3,100,4993,5,5000,core,HOSVD,1.9049999999997453
3.0980412062673732,3,100,4993,5,5000,A1,HOOI,4.648000000000138
0.025501469143754278,3,100,4993,5,5000,A2,HOOI,4.648000000000138
2.507134223664511,3,100,4993,5,5000,A3,HOOI,4.648000000000138
13.704231640511905,3,100,4993,5,5000,core,HOOI,4.648000000000138
3.054213310713592,3,100,4993,5,5000,A1,Olga,2.5090000000000146
0.047139256851358176,3,100,4993,5,5000,A2,Olga,2.5090000000000146
2.926287729535411,3,100,4993,5,5000,A3,Tracy,2.5090000000000146
13.32241575837351,3,100,4993,5,5000,core,Tracy_Olga,2.5090000000000146
1.9701995891669164,3,100,9969,5,5000,A1,NTD,323.10599999999977
1.8018998625664793,3,100,9969,5,5000,A2,NTD,323.10599999999977
9966.09006220129,3,100,9969,5,5000,A3,NTD,323.10599999999977
13.478810422842596,3,100,9969,5,5000,core,NTD,323.10599999999977
3.429161263283862,3,100,9969,5,5000,A1,Ours,14.521999999999935
0.010346098494671828,3,100,9969,5,5000,A2,Ours,14.521999999999935
2.5464728968568133,3,100,9969,5,5000,A3,Ours,14.521999999999935
13.541958136603688,3,100,9969,5,5000,core,Ours,14.521999999999935
3.429161263283862,3,100,9969,5,5000,A1,HOSVD,3.4700000000002547
0.010346098494671828,3,100,9969,5,5000,A2,HOSVD,3.4700000000002547
2.5179806156853437,3,100,9969,5,5000,A3,HOSVD,3.4700000000002547
13.51049196433667,3,100,9969,5,5000,core,HOSVD,3.4700000000002547
3.4239723287364345,3,100,9969,5,5000,A1,HOOI,11.635999999999967
0.009113980843063614,3,100,9969,5,5000,A2,HOOI,11.635999999999967
2.519707703857193,3,100,9969,5,5000,A3,HOOI,11.635999999999967
13.649441307815469,3,100,9969,5,5000,core,HOOI,11.635999999999967
2.5931424894179815,3,100,9969,5,5000,A1,Olga,7.777999999999793
0.10744806590732653,3,100,9969,5,5000,A2,Olga,7.777999999999793
2.8615302011939616,3,100,9969,5,5000,A3,Tracy,7.777999999999793
10.886938133366543,3,100,9969,5,5000,core,Tracy_Olga,7.777999999999793
3.020734845831419,3,100,1000,5,6000,A1,NTD,29.63799999999992
0.4828124697679068,3,100,1000,5,6000,A2,NTD,29.63799999999992
997.0001128515385,3,100,1000,5,6000,A3,NTD,29.63799999999992
13.042179639230454,3,100,1000,5,6000,core,NTD,29.63799999999992
2.9024482989831233,3,100,1000,5,6000,A1,Ours,5.494000000000142
0.009205594124150547,3,100,1000,5,6000,A2,Ours,5.494000000000142
0.27190067683305497,3,100,1000,5,6000,A3,Ours,5.494000000000142
9.197750124196354,3,100,1000,5,6000,core,Ours,5.494000000000142
2.9024482989831233,3,100,1000,5,6000,A1,HOSVD,5.5219999999999345
0.009205594124150547,3,100,1000,5,6000,A2,HOSVD,5.5219999999999345
0.2717595082248477,3,100,1000,5,6000,A3,HOSVD,5.5219999999999345
9.197887836544796,3,100,1000,5,6000,core,HOSVD,5.5219999999999345
2.908920440611817,3,100,1000,5,6000,A1,HOOI,3.236000000000331
0.009336943990870983,3,100,1000,5,6000,A2,HOOI,3.236000000000331
0.2725847654659202,3,100,1000,5,6000,A3,HOOI,3.236000000000331
9.199213273722235,3,100,1000,5,6000,core,HOOI,3.236000000000331
2.361187389667796,3,100,1000,5,6000,A1,Olga,4.244999999999891
0.018422064583256594,3,100,1000,5,6000,A2,Olga,4.244999999999891
1.418050217193064,3,100,1000,5,6000,A3,Tracy,4.244999999999891
13.381601467411517,3,100,1000,5,6000,core,Tracy_Olga,4.244999999999891
1.724899965834574,3,100,4997,5,6000,A1,NTD,164.63700000000017
0.18908162557146213,3,100,4997,5,6000,A2,NTD,164.63700000000017
4994.046113953436,3,100,4997,5,6000,A3,NTD,164.63700000000017
12.126182644276653,3,100,4997,5,6000,core,NTD,164.63700000000017
3.4390898443689557,3,100,4997,5,6000,A1,Ours,5.626000000000204
0.02011689337253857,3,100,4997,5,6000,A2,Ours,5.626000000000204
2.496404063325062,3,100,4997,5,6000,A3,Ours,5.626000000000204
13.661552939761826,3,100,4997,5,6000,core,Ours,5.626000000000204
3.4390898443689557,3,100,4997,5,6000,A1,HOSVD,1.9209999999998217
0.02011689337253857,3,100,4997,5,6000,A2,HOSVD,1.9209999999998217
2.4905511296680265,3,100,4997,5,6000,A3,HOSVD,1.9209999999998217
13.661430028896518,3,100,4997,5,6000,core,HOSVD,1.9209999999998217
3.4490845785508815,3,100,4997,5,6000,A1,HOOI,4.68100000000004
0.018179219931878005,3,100,4997,5,6000,A2,HOOI,4.68100000000004
2.4879606166931034,3,100,4997,5,6000,A3,HOOI,4.68100000000004
13.6622178767106,3,100,4997,5,6000,core,HOOI,4.68100000000004
2.906684794099055,3,100,4997,5,6000,A1,Olga,2.6210000000000946
0.0430011897293949,3,100,4997,5,6000,A2,Olga,2.6210000000000946
2.87834690387269,3,100,4997,5,6000,A3,Tracy,2.6210000000000946
13.630166472469869,3,100,4997,5,6000,core,Tracy_Olga,2.6210000000000946
10.805306005218643,3,100,9976,5,6000,A1,NTD,337.7850000000003
0.9197207972531158,3,100,9976,5,6000,A2,NTD,337.7850000000003
9973.077000952382,3,100,9976,5,6000,A3,NTD,337.7850000000003
12.412045368190398,3,100,9976,5,6000,core,NTD,337.7850000000003
3.1735012628700683,3,100,9976,5,6000,A1,Ours,13.557999999999993
0.0195919548026245,3,100,9976,5,6000,A2,Ours,13.557999999999993
2.527051142222794,3,100,9976,5,6000,A3,Ours,13.557999999999993
10.911061489424311,3,100,9976,5,6000,core,Ours,13.557999999999993
3.1735012628700683,3,100,9976,5,6000,A1,HOSVD,3.967999999999847
0.0195919548026245,3,100,9976,5,6000,A2,HOSVD,3.967999999999847
2.50586783049201,3,100,9976,5,6000,A3,HOSVD,3.967999999999847
10.906804841299294,3,100,9976,5,6000,core,HOSVD,3.967999999999847
3.1849044908680053,3,100,9976,5,6000,A1,HOOI,10.59900000000016
0.018371411183271156,3,100,9976,5,6000,A2,HOOI,10.59900000000016
2.506454216404697,3,100,9976,5,6000,A3,HOOI,10.59900000000016
10.907570843704764,3,100,9976,5,6000,core,HOOI,10.59900000000016
2.4651486319622395,3,100,9976,5,6000,A1,Olga,6.199999999999818
0.08124248198064335,3,100,9976,5,6000,A2,Olga,6.199999999999818
2.8406869772143843,3,100,9976,5,6000,A3,Tracy,6.199999999999818
13.683964677740214,3,100,9976,5,6000,core,Tracy_Olga,6.199999999999818
2.2762390511910158,3,100,1000,5,7000,A1,NTD,28.2470000000003
0.31826982810555443,3,100,1000,5,7000,A2,NTD,28.2470000000003
997.0001730724401,3,100,1000,5,7000,A3,NTD,28.2470000000003
9.613268166402111,3,100,1000,5,7000,core,NTD,28.2470000000003
2.9521224951001623,3,100,1000,5,7000,A1,Ours,2.012000000000171
0.006217028953799179,3,100,1000,5,7000,A2,Ours,2.012000000000171
0.4037701265961999,3,100,1000,5,7000,A3,Ours,2.012000000000171
10.902667562924828,3,100,1000,5,7000,core,Ours,2.012000000000171
2.9521224951001623,3,100,1000,5,7000,A1,HOSVD,1.7789999999999964
0.006217028953799179,3,100,1000,5,7000,A2,HOSVD,1.7789999999999964
0.4036797552789246,3,100,1000,5,7000,A3,HOSVD,1.7789999999999964
10.902655974706448,3,100,1000,5,7000,core,HOSVD,1.7789999999999964
2.9561503593534018,3,100,1000,5,7000,A1,HOOI,3.263999999999669
0.006785939612884085,3,100,1000,5,7000,A2,HOOI,3.263999999999669
0.39634479228870734,3,100,1000,5,7000,A3,HOOI,3.263999999999669
10.901484507727657,3,100,1000,5,7000,core,HOOI,3.263999999999669
2.270982022136701,3,100,1000,5,7000,A1,Olga,2.1969999999996617
0.0063959798282818385,3,100,1000,5,7000,A2,Olga,2.1969999999996617
1.4801814476588502,3,100,1000,5,7000,A3,Tracy,2.1969999999996617
11.964494932325104,3,100,1000,5,7000,core,Tracy_Olga,2.1969999999996617
1.758412978466294,3,100,4997,5,7000,A1,NTD,162.88799999999992
0.279891550199379,3,100,4997,5,7000,A2,NTD,162.88799999999992
4994.03354821506,3,100,4997,5,7000,A3,NTD,162.88799999999992
9.560236279606572,3,100,4997,5,7000,core,NTD,162.88799999999992
3.3079347849464327,3,100,4997,5,7000,A1,Ours,13.276000000000295
0.0062743893713169555,3,100,4997,5,7000,A2,Ours,13.276000000000295
2.5085617859134475,3,100,4997,5,7000,A3,Ours,13.276000000000295
13.70756166394055,3,100,4997,5,7000,core,Ours,13.276000000000295
3.3079347849464327,3,100,4997,5,7000,A1,HOSVD,9.25
0.0062743893713169555,3,100,4997,5,7000,A2,HOSVD,9.25
2.504659507153911,3,100,4997,5,7000,A3,HOSVD,9.25
13.704612491775507,3,100,4997,5,7000,core,HOSVD,9.25
3.298280780856939,3,100,4997,5,7000,A1,HOOI,10.4399999999996
0.006477818838986395,3,100,4997,5,7000,A2,HOOI,10.4399999999996
2.503543311844707,3,100,4997,5,7000,A3,HOOI,10.4399999999996
13.7034859923592,3,100,4997,5,7000,core,HOOI,10.4399999999996
2.1544896678450556,3,100,4997,5,7000,A1,Olga,9.11999999999989
0.026945414626037778,3,100,4997,5,7000,A2,Olga,9.11999999999989
2.843516160252467,3,100,4997,5,7000,A3,Tracy,9.11999999999989
13.709087009177724,3,100,4997,5,7000,core,Tracy_Olga,9.11999999999989
1.793216795399672,3,100,9974,5,7000,A1,NTD,327
4.227318743413848,3,100,9974,5,7000,A2,NTD,327
9971.063097057455,3,100,9974,5,7000,A3,NTD,327
12.439666899578555,3,100,9974,5,7000,core,NTD,327
2.2506952451180653,3,100,9974,5,7000,A1,Ours,13.805999999999585
0.009464901285507515,3,100,9974,5,7000,A2,Ours,13.805999999999585
2.535279465165718,3,100,9974,5,7000,A3,Ours,13.805999999999585
10.90449350110246,3,100,9974,5,7000,core,Ours,13.805999999999585
2.2506952451180653,3,100,9974,5,7000,A1,HOSVD,4.427999999999884
0.009464901285507515,3,100,9974,5,7000,A2,HOSVD,4.427999999999884
2.520161604074201,3,100,9974,5,7000,A3,HOSVD,4.427999999999884
10.901203868052736,3,100,9974,5,7000,core,HOSVD,4.427999999999884
2.2400277900000654,3,100,9974,5,7000,A1,HOOI,11.093000000000757
0.009095138573537094,3,100,9974,5,7000,A2,HOOI,11.093000000000757
2.5131915448449704,3,100,9974,5,7000,A3,HOOI,11.093000000000757
10.911562144100701,3,100,9974,5,7000,core,HOOI,11.093000000000757
1.9278402277201616,3,100,9974,5,7000,A1,Olga,6.246999999999389
0.08469491758247777,3,100,9974,5,7000,A2,Olga,6.246999999999389
2.8426024489610735,3,100,9974,5,7000,A3,Tracy,6.246999999999389
13.700009410020089,3,100,9974,5,7000,core,Tracy_Olga,6.246999999999389
7.985449251866822,3,100,1000,5,8000,A1,NTD,27.461999999999534
0.24800416412451096,3,100,1000,5,8000,A2,NTD,27.461999999999534
997.0000572244257,3,100,1000,5,8000,A3,NTD,27.461999999999534
8.138909146808881,3,100,1000,5,8000,core,NTD,27.461999999999534
2.65376584944453,3,100,1000,5,8000,A1,Ours,0.48100000000067666
0.008556871087968355,3,100,1000,5,8000,A2,Ours,0.48100000000067666
0.08942111130265828,3,100,1000,5,8000,A3,Ours,0.48100000000067666
10.836481906400415,3,100,1000,5,8000,core,Ours,0.48100000000067666
2.65376584944453,3,100,1000,5,8000,A1,HOSVD,0.3930000000000291
0.008556871087968355,3,100,1000,5,8000,A2,HOSVD,0.3930000000000291
0.08936909037687879,3,100,1000,5,8000,A3,HOSVD,0.3930000000000291
10.836464530647456,3,100,1000,5,8000,core,HOSVD,0.3930000000000291
2.6527277521282064,3,100,1000,5,8000,A1,HOOI,0.9029999999993379
0.008719918176635012,3,100,1000,5,8000,A2,HOOI,0.9029999999993379
0.08981685285091635,3,100,1000,5,8000,A3,HOOI,0.9029999999993379
10.836661633843987,3,100,1000,5,8000,core,HOOI,0.9029999999993379
2.2431539453558687,3,100,1000,5,8000,A1,Olga,0.5749999999998181
0.01595456142018466,3,100,1000,5,8000,A2,Olga,0.5749999999998181
1.3419776590732744,3,100,1000,5,8000,A3,Tracy,0.5749999999998181
10.801783616353312,3,100,1000,5,8000,core,Tracy_Olga,0.5749999999998181
4.1038215310046935,3,100,4997,5,8000,A1,NTD,157.80299999999988
4.498447699932645,3,100,4997,5,8000,A2,NTD,157.80299999999988
4994.035714810871,3,100,4997,5,8000,A3,NTD,157.80299999999988
13.83420701579244,3,100,4997,5,8000,core,NTD,157.80299999999988
2.9732959716089784,3,100,4997,5,8000,A1,Ours,5.039999999999964
0.011746742552082268,3,100,4997,5,8000,A2,Ours,5.039999999999964
2.4902939136074975,3,100,4997,5,8000,A3,Ours,5.039999999999964
13.701083841647606,3,100,4997,5,8000,core,Ours,5.039999999999964
2.9732959716089784,3,100,4997,5,8000,A1,HOSVD,1.8059999999995853
0.011746742552082268,3,100,4997,5,8000,A2,HOSVD,1.8059999999995853
2.4869694941035685,3,100,4997,5,8000,A3,HOSVD,1.8059999999995853
13.698567192589689,3,100,4997,5,8000,core,HOSVD,1.8059999999995853
2.9684317379254814,3,100,4997,5,8000,A1,HOOI,5.414999999999964
0.011982072005900016,3,100,4997,5,8000,A2,HOOI,5.414999999999964
2.4876354479023015,3,100,4997,5,8000,A3,HOOI,5.414999999999964
13.699931394111257,3,100,4997,5,8000,core,HOOI,5.414999999999964
1.806224955686581,3,100,4997,5,8000,A1,Olga,2.5579999999999927
0.039850285532170786,3,100,4997,5,8000,A2,Olga,2.5579999999999927
2.880358328056036,3,100,4997,5,8000,A3,Tracy,2.5579999999999927
13.703745101762783,3,100,4997,5,8000,core,Tracy_Olga,2.5579999999999927
4.196300206907566,3,100,9980,5,8000,A1,NTD,319.7049999999999
3.024243816132834,3,100,9980,5,8000,A2,NTD,319.7049999999999
9977.060279750178,3,100,9980,5,8000,A3,NTD,319.7049999999999
11.676150464392446,3,100,9980,5,8000,core,NTD,319.7049999999999
2.7102968515712362,3,100,9980,5,8000,A1,Ours,13.080000000000837
0.010794726037686504,3,100,9980,5,8000,A2,Ours,13.080000000000837
2.535871199361109,3,100,9980,5,8000,A3,Ours,13.080000000000837
13.680759992244528,3,100,9980,5,8000,core,Ours,13.080000000000837
2.7102968515712362,3,100,9980,5,8000,A1,HOSVD,3.4160000000001673
0.010794726037686504,3,100,9980,5,8000,A2,HOSVD,3.4160000000001673
2.5244925001106227,3,100,9980,5,8000,A3,HOSVD,3.4160000000001673
13.672347813237064,3,100,9980,5,8000,core,HOSVD,3.4160000000001673
2.713740589191454,3,100,9980,5,8000,A1,HOOI,10.623999999999796
0.010589667032627837,3,100,9980,5,8000,A2,HOOI,10.623999999999796
2.5208350214282205,3,100,9980,5,8000,A3,HOOI,10.623999999999796
13.676618404133864,3,100,9980,5,8000,core,HOOI,10.623999999999796
2.108021583398548,3,100,9980,5,8000,A1,Olga,6.956999999999425
0.08999623725476044,3,100,9980,5,8000,A2,Olga,6.956999999999425
2.8485181575802376,3,100,9980,5,8000,A3,Tracy,6.956999999999425
13.694173073221982,3,100,9980,5,8000,core,Tracy_Olga,6.956999999999425
2.362202299297833,3,100,1000,5,9000,A1,NTD,28.260999999999513
0.7399932193901294,3,100,1000,5,9000,A2,NTD,28.260999999999513
997.0000699866555,3,100,1000,5,9000,A3,NTD,28.260999999999513
10.622322967401677,3,100,1000,5,9000,core,NTD,28.260999999999513
2.568222877563693,3,100,1000,5,9000,A1,Ours,0.5079999999998108
0.012103146060218494,3,100,1000,5,9000,A2,Ours,0.5079999999998108
0.27894916054600744,3,100,1000,5,9000,A3,Ours,0.5079999999998108
13.486447300698496,3,100,1000,5,9000,core,Ours,0.5079999999998108
2.568222877563693,3,100,1000,5,9000,A1,HOSVD,0.5429999999996653
0.012103146060218494,3,100,1000,5,9000,A2,HOSVD,0.5429999999996653
0.27888394817254986,3,100,1000,5,9000,A3,HOSVD,0.5429999999996653
13.486349835924099,3,100,1000,5,9000,core,HOSVD,0.5429999999996653
2.55002375350983,3,100,1000,5,9000,A1,HOOI,0.8469999999997526
0.011805547581195234,3,100,1000,5,9000,A2,HOOI,0.8469999999997526
0.2757489385122159,3,100,1000,5,9000,A3,HOOI,0.8469999999997526
13.485024578227568,3,100,1000,5,9000,core,HOOI,0.8469999999997526
1.9177007968078883,3,100,1000,5,9000,A1,Olga,0.45600000000013097
0.007019780663690129,3,100,1000,5,9000,A2,Olga,0.45600000000013097
1.4129503340575265,3,100,1000,5,9000,A3,Tracy,0.45600000000013097
11.956999105030617,3,100,1000,5,9000,core,Tracy_Olga,0.45600000000013097
20.463309218679655,3,100,4996,5,9000,A1,NTD,151.84299999999985
0.1633482603875986,3,100,4996,5,9000,A2,NTD,151.84299999999985
4993.025927773372,3,100,4996,5,9000,A3,NTD,151.84299999999985
9.992295320593731,3,100,4996,5,9000,core,NTD,151.84299999999985
1.9987933787132035,3,100,4996,5,9000,A1,Ours,4.457000000000335
0.00968856555544887,3,100,4996,5,9000,A2,Ours,4.457000000000335
2.530296099341292,3,100,4996,5,9000,A3,Ours,4.457000000000335
13.61149027528641,3,100,4996,5,9000,core,Ours,4.457000000000335
1.9987933787132035,3,100,4996,5,9000,A1,HOSVD,1.782999999999447
0.00968856555544887,3,100,4996,5,9000,A2,HOSVD,1.782999999999447
2.528919219119153,3,100,4996,5,9000,A3,HOSVD,1.782999999999447
13.609925229166116,3,100,4996,5,9000,core,HOSVD,1.782999999999447
2.0029488054655014,3,100,4996,5,9000,A1,HOOI,4.442000000000007
0.00978304416857177,3,100,4996,5,9000,A2,HOOI,4.442000000000007
2.548386550647438,3,100,4996,5,9000,A3,HOOI,4.442000000000007
13.586412797657275,3,100,4996,5,9000,core,HOOI,4.442000000000007
1.7430267753300497,3,100,4996,5,9000,A1,Olga,2.631999999999607
0.027421846740971485,3,100,4996,5,9000,A2,Olga,2.631999999999607
2.9364422162269657,3,100,4996,5,9000,A3,Tracy,2.631999999999607
11.991970276824691,3,100,4996,5,9000,core,Tracy_Olga,2.631999999999607
1.3267967887078291,3,100,9986,5,9000,A1,NTD,324.8630000000003
0.5146544462856557,3,100,9986,5,9000,A2,NTD,324.8630000000003
9983.073646831584,3,100,9986,5,9000,A3,NTD,324.8630000000003
9.602850592435852,3,100,9986,5,9000,core,NTD,324.8630000000003
3.4031804755300725,3,100,9986,5,9000,A1,Ours,12.890000000000327
0.005903510840556771,3,100,9986,5,9000,A2,Ours,12.890000000000327
2.5190946877677445,3,100,9986,5,9000,A3,Ours,12.890000000000327
10.923532012954317,3,100,9986,5,9000,core,Ours,12.890000000000327
3.4031804755300725,3,100,9986,5,9000,A1,HOSVD,3.40099999999984
0.005903510840556771,3,100,9986,5,9000,A2,HOSVD,3.40099999999984
2.5095499334443745,3,100,9986,5,9000,A3,HOSVD,3.40099999999984
10.921397744502793,3,100,9986,5,9000,core,HOSVD,3.40099999999984
3.4020857370970705,3,100,9986,5,9000,A1,HOOI,11.458000000000538
0.005928146463611139,3,100,9986,5,9000,A2,HOOI,11.458000000000538
2.507861128015171,3,100,9986,5,9000,A3,HOOI,11.458000000000538
10.923894715831924,3,100,9986,5,9000,core,HOOI,11.458000000000538
2.1913816912283566,3,100,9986,5,9000,A1,Olga,7.886999999999716
0.07428026171380077,3,100,9986,5,9000,A2,Olga,7.886999999999716
2.8494339979116967,3,100,9986,5,9000,A3,Tracy,7.886999999999716
10.914094823461127,3,100,9986,5,9000,core,Tracy_Olga,7.886999999999716
2.5900971237275536,3,100,1000,5,10000,A1,NTD,28.03099999999995
0.22077902814167458,3,100,1000,5,10000,A2,NTD,28.03099999999995
997.0000473739772,3,100,1000,5,10000,A3,NTD,28.03099999999995
12.246387179372928,3,100,1000,5,10000,core,NTD,28.03099999999995
2.3155327664756915,3,100,1000,5,10000,A1,Ours,0.5469999999995707
0.008014206783965092,3,100,1000,5,10000,A2,Ours,0.5469999999995707
0.07126512138381728,3,100,1000,5,10000,A3,Ours,0.5469999999995707
13.31096371194544,3,100,1000,5,10000,core,Ours,0.5469999999995707
2.3155327664756915,3,100,1000,5,10000,A1,HOSVD,0.39499999999952706
0.008014206783965092,3,100,1000,5,10000,A2,HOSVD,0.39499999999952706
0.07119857411693527,3,100,1000,5,10000,A3,HOSVD,0.39499999999952706
13.310892699617726,3,100,1000,5,10000,core,HOSVD,0.39499999999952706
2.3131470890238477,3,100,1000,5,10000,A1,HOOI,0.7789999999995416
0.0076642537352113,3,100,1000,5,10000,A2,HOOI,0.7789999999995416
0.0700444544177796,3,100,1000,5,10000,A3,HOOI,0.7789999999995416
13.312201462003133,3,100,1000,5,10000,core,HOOI,0.7789999999995416
2.153586868275519,3,100,1000,5,10000,A1,Olga,0.6090000000003783
0.013907077645684841,3,100,1000,5,10000,A2,Olga,0.6090000000003783
1.3342181466830245,3,100,1000,5,10000,A3,Tracy,0.6090000000003783
13.301797572116184,3,100,1000,5,10000,core,Tracy_Olga,0.6090000000003783
4.053430177360607,3,100,4998,5,10000,A1,NTD,152.65500000000065
0.14509295539325132,3,100,4998,5,10000,A2,NTD,152.65500000000065
4995.029673005547,3,100,4998,5,10000,A3,NTD,152.65500000000065
12.188471000848281,3,100,4998,5,10000,core,NTD,152.65500000000065
2.2778639222164254,3,100,4998,5,10000,A1,Ours,4.6030000000000655
0.010411969033290275,3,100,4998,5,10000,A2,Ours,4.6030000000000655
2.4750335802984047,3,100,4998,5,10000,A3,Ours,4.6030000000000655
13.711968219385454,3,100,4998,5,10000,core,Ours,4.6030000000000655
2.2778639222164254,3,100,4998,5,10000,A1,HOSVD,1.7010000000000218
0.010411969033290275,3,100,4998,5,10000,A2,HOSVD,1.7010000000000218
2.472654583905835,3,100,4998,5,10000,A3,HOSVD,1.7010000000000218
13.710572252243423,3,100,4998,5,10000,core,HOSVD,1.7010000000000218
2.280208691201888,3,100,4998,5,10000,A1,HOOI,4.789999999999964
0.009763889832299732,3,100,4998,5,10000,A2,HOOI,4.789999999999964
2.4717112484362374,3,100,4998,5,10000,A3,HOOI,4.789999999999964
13.70938346705885,3,100,4998,5,10000,core,HOOI,4.789999999999964
2.304463727360212,3,100,4998,5,10000,A1,Olga,2.524999999999636
0.03313913621275289,3,100,4998,5,10000,A2,Olga,2.524999999999636
2.9107429552054658,3,100,4998,5,10000,A3,Tracy,2.524999999999636
11.991970276824691,3,100,4998,5,10000,core,Tracy_Olga,2.524999999999636
1.9227388858582315,3,100,9987,5,10000,A1,NTD,327.0590000000002
0.387426248250447,3,100,9987,5,10000,A2,NTD,327.0590000000002
9984.042096830233,3,100,9987,5,10000,A3,NTD,327.0590000000002
11.284895846934822,3,100,9987,5,10000,core,NTD,327.0590000000002
2.285883307771366,3,100,9987,5,10000,A1,Ours,13.521999999999935
0.011399124531493238,3,100,9987,5,10000,A2,Ours,13.521999999999935
2.5353332430282656,3,100,9987,5,10000,A3,Ours,13.521999999999935
10.909868589241725,3,100,9987,5,10000,core,Ours,13.521999999999935
2.285883307771366,3,100,9987,5,10000,A1,HOSVD,3.2919999999994616
0.011399124531493238,3,100,9987,5,10000,A2,HOSVD,3.2919999999994616
2.5276876344622843,3,100,9987,5,10000,A3,HOSVD,3.2919999999994616
10.90831256062,3,100,9987,5,10000,core,HOSVD,3.2919999999994616
2.28538621576384,3,100,9987,5,10000,A1,HOOI,11.25500000000011
0.010941490516330987,3,100,9987,5,10000,A2,HOOI,11.25500000000011
2.5316897705995185,3,100,9987,5,10000,A3,HOOI,11.25500000000011
10.903714116285917,3,100,9987,5,10000,core,HOOI,11.25500000000011
2.119140777166814,3,100,9987,5,10000,A1,Olga,6.6229999999995925
0.07492413466260302,3,100,9987,5,10000,A2,Olga,6.6229999999995925
2.8591268659515454,3,100,9987,5,10000,A3,Tracy,6.6229999999995925
13.70992540137161,3,100,9987,5,10000,core,Tracy_Olga,6.6229999999995925
