error,K,Q1,R,Q2,M,mode,method,time
29.25611268409432,3,100,100,5,100,A1,NTD,4.403
4.491392315331584,3,100,100,5,100,A2,NTD,4.403
97.06284883546235,3,100,100,5,100,A3,NTD,4.403
8.881820340050243,3,100,100,5,100,core,NTD,4.403
18.776360130986866,3,100,100,5,100,A1,Ours,0.9800000000000004
0.27835552034543215,3,100,100,5,100,A2,Ours,0.9800000000000004
0.39333189668131724,3,100,100,5,100,A3,Ours,0.9800000000000004
11.565623171243905,3,100,100,5,100,core,Ours,0.9800000000000004
18.776360130986866,3,100,100,5,100,A1,HOSVD,2.3770000000000007
0.27835552034543215,3,100,100,5,100,A2,HOSVD,2.3770000000000007
0.41615908561438014,3,100,100,5,100,A3,HOSVD,2.3770000000000007
11.563950495965079,3,100,100,5,100,core,HOSVD,2.3770000000000007
21.492952438406846,3,100,100,5,100,A1,HOOI,3.2650000000000023
0.08445360287704246,3,100,100,5,100,A2,HOOI,3.2650000000000023
0.29701383871083387,3,100,100,5,100,A3,HOOI,3.2650000000000023
11.338159679281553,3,100,100,5,100,core,HOOI,3.2650000000000023
20.302400020726814,3,100,100,5,100,A1,Olga,1.6579999999999977
0.33663464534147985,3,100,100,5,100,A2,Olga,1.6579999999999977
1.0990439233208102,3,100,100,5,100,A3,Tracy,1.6579999999999977
11.669762774051739,3,100,100,5,100,core,Tracy_Olga,1.6579999999999977
14.818695788214796,3,100,496,5,100,A1,NTD,21.324999999999996
2.6128895094938063,3,100,496,5,100,A2,NTD,21.324999999999996
493.28223266744754,3,100,496,5,100,A3,NTD,21.324999999999996
10.918873952002563,3,100,496,5,100,core,NTD,21.324999999999996
17.43021764562044,3,100,496,5,100,A1,Ours,1.274000000000001
0.21236838924320461,3,100,496,5,100,A2,Ours,1.274000000000001
2.920876720946504,3,100,496,5,100,A3,Ours,1.274000000000001
10.784283419612278,3,100,496,5,100,core,Ours,1.274000000000001
17.43021764562044,3,100,496,5,100,A1,HOSVD,3.439
0.21236838924320461,3,100,496,5,100,A2,HOSVD,3.439
2.520817298418111,3,100,496,5,100,A3,HOSVD,3.439
11.875349303153738,3,100,496,5,100,core,HOSVD,3.439
17.653100334969707,3,100,496,5,100,A1,HOOI,4.472000000000001
0.1190379640005402,3,100,496,5,100,A2,HOOI,4.472000000000001
2.7109264780853666,3,100,496,5,100,A3,HOOI,4.472000000000001
12.441844294906792,3,100,496,5,100,core,HOOI,4.472000000000001
33.56383505909152,3,100,496,5,100,A1,Olga,2.661999999999999
0.6264367792904207,3,100,496,5,100,A2,Olga,2.661999999999999
2.91620154508155,3,100,496,5,100,A3,Tracy,2.661999999999999
10.3746463119746,3,100,496,5,100,core,Tracy_Olga,2.661999999999999
80.1582966122613,3,100,989,5,100,A1,NTD,38.10399999999999
2.001152129765298,3,100,989,5,100,A2,NTD,38.10399999999999
986.2712315963081,3,100,989,5,100,A3,NTD,38.10399999999999
11.282733308381188,3,100,989,5,100,core,NTD,38.10399999999999
28.841070441377816,3,100,989,5,100,A1,Ours,9.174000000000007
0.13846878853764324,3,100,989,5,100,A2,Ours,9.174000000000007
3.2607927147029057,3,100,989,5,100,A3,Ours,9.174000000000007
12.167308102802437,3,100,989,5,100,core,Ours,9.174000000000007
28.841070441377816,3,100,989,5,100,A1,HOSVD,7.894999999999996
0.13846878853764324,3,100,989,5,100,A2,HOSVD,7.894999999999996
2.6757584670579817,3,100,989,5,100,A3,HOSVD,7.894999999999996
12.712118306320392,3,100,989,5,100,core,HOSVD,7.894999999999996
27.4714763171805,3,100,989,5,100,A1,HOOI,9.885000000000005
0.13896471921533535,3,100,989,5,100,A2,HOOI,9.885000000000005
2.70206122333475,3,100,989,5,100,A3,HOOI,9.885000000000005
12.730763915888305,3,100,989,5,100,core,HOOI,9.885000000000005
44.64108678159619,3,100,989,5,100,A1,Olga,7.8700000000000045
0.6652003538242071,3,100,989,5,100,A2,Olga,7.8700000000000045
2.8421682788783964,3,100,989,5,100,A3,Tracy,7.8700000000000045
12.541288279143618,3,100,989,5,100,core,Tracy_Olga,7.8700000000000045
86.23848748487549,3,100,2399,5,100,A1,NTD,90.021000000000015
4.612108350446909,3,100,2399,5,100,A2,NTD,90.021000000000015
2396.3782421795586,3,100,2399,5,100,A3,NTD,90.021000000000015
9.480659569041443,3,100,2399,5,100,core,NTD,90.021000000000015
18.75647778747614,3,100,2399,5,100,A1,Ours,2.341000000000008
0.1051559079270803,3,100,2399,5,100,A2,Ours,2.341000000000008
4.931580346037429,3,100,2399,5,100,A3,Ours,2.341000000000008
12.652557971796165,3,100,2399,5,100,core,Ours,2.341000000000008
18.75647778747614,3,100,2399,5,100,A1,HOSVD,1.1810000000000116
0.1051559079270803,3,100,2399,5,100,A2,HOSVD,1.1810000000000116
2.742143844794163,3,100,2399,5,100,A3,HOSVD,1.1810000000000116
11.957159463524352,3,100,2399,5,100,core,HOSVD,1.1810000000000116
19.09916308492856,3,100,2399,5,100,A1,HOOI,5.186999999999983
0.09734078655737238,3,100,2399,5,100,A2,HOOI,5.186999999999983
2.7645950931621814,3,100,2399,5,100,A3,HOOI,5.186999999999983
12.4556201040332,3,100,2399,5,100,core,HOOI,5.186999999999983
72.08543523261618,3,100,2399,5,100,A1,Olga,4.996000000000009
1.310343012801921,3,100,2399,5,100,A2,Olga,4.996000000000009
3.0098705642374513,3,100,2399,5,100,A3,Tracy,4.996000000000009
11.019711175414193,3,100,2399,5,100,core,Tracy_Olga,4.996000000000009
95.94072109741099,3,100,4493,5,100,A1,NTD,163.058
2.6140424464163607,3,100,4493,5,100,A2,NTD,163.058
4490.500186049555,3,100,4493,5,100,A3,NTD,163.058
9.915569470379191,3,100,4493,5,100,core,NTD,163.058
24.363428514042933,3,100,4493,5,100,A1,Ours,6.341000000000008
0.27759894973444604,3,100,4493,5,100,A2,Ours,6.341000000000008
5.43087761734555,3,100,4493,5,100,A3,Ours,6.341000000000008
10.721767753940448,3,100,4493,5,100,core,Ours,6.341000000000008
24.363428514042933,3,100,4493,5,100,A1,HOSVD,1.7889999999999873
0.27759894973444604,3,100,4493,5,100,A2,HOSVD,1.7889999999999873
3.894659781841562,3,100,4493,5,100,A3,HOSVD,1.7889999999999873
11.479169757574343,3,100,4493,5,100,core,HOSVD,1.7889999999999873
22.494343276290127,3,100,4493,5,100,A1,HOOI,14.59699999999998
0.2564503954986591,3,100,4493,5,100,A2,HOOI,14.59699999999998
3.688033444315316,3,100,4493,5,100,A3,HOOI,14.59699999999998
10.498094031705541,3,100,4493,5,100,core,HOOI,14.59699999999998
79.01440998752635,3,100,4493,5,100,A1,Olga,11.459000000000003
0.9777720625147123,3,100,4493,5,100,A2,Olga,11.459000000000003
3.060655083100623,3,100,4493,5,100,A3,Tracy,11.459000000000003
10.959437555605918,3,100,4493,5,100,core,Tracy_Olga,11.459000000000003
120.80742308074971,3,100,5317,5,100,A1,NTD,192.09900000000005
2.0010145364813177,3,100,5317,5,100,A2,NTD,192.09900000000005
5314.503140257751,3,100,5317,5,100,A3,NTD,192.09900000000005
9.452362912837179,3,100,5317,5,100,core,NTD,192.09900000000005
20.44858580162273,3,100,5317,5,100,A1,Ours,6.126999999999953
0.23717665112053635,3,100,5317,5,100,A2,Ours,6.126999999999953
5.094760564961765,3,100,5317,5,100,A3,Ours,6.126999999999953
11.02427846440967,3,100,5317,5,100,core,Ours,6.126999999999953
20.44858580162273,3,100,5317,5,100,A1,HOSVD,1.8260000000000218
0.23717665112053635,3,100,5317,5,100,A2,HOSVD,1.8260000000000218
3.898158661913059,3,100,5317,5,100,A3,HOSVD,1.8260000000000218
10.036283884882197,3,100,5317,5,100,core,HOSVD,1.8260000000000218
87.44080705600156,3,100,5317,5,100,A1,Olga,2.9209999999999354
2.1932518901413496,3,100,5317,5,100,A2,Olga,2.9209999999999354
3.0183948085449654,3,100,5317,5,100,A3,Tracy,2.9209999999999354
10.878712658910857,3,100,5317,5,100,core,Tracy_Olga,2.9209999999999354
119.40919641649465,3,100,6046,5,100,A1,NTD,197.505
4.61310280961024,3,100,6046,5,100,A2,NTD,197.505
6043.539507722611,3,100,6046,5,100,A3,NTD,197.505
8.974523621030436,3,100,6046,5,100,core,NTD,197.505
24.255677141085094,3,100,6046,5,100,A1,Ours,7.051000000000045
0.20624016186679314,3,100,6046,5,100,A2,Ours,7.051000000000045
5.3364944441103175,3,100,6046,5,100,A3,Ours,7.051000000000045
10.721734424283767,3,100,6046,5,100,core,Ours,7.051000000000045
24.255677141085094,3,100,6046,5,100,A1,HOSVD,1.870999999999981
0.20624016186679314,3,100,6046,5,100,A2,HOSVD,1.870999999999981
4.665510984504614,3,100,6046,5,100,A3,HOSVD,1.870999999999981
11.074114481353245,3,100,6046,5,100,core,HOSVD,1.870999999999981
24.272975444559787,3,100,6046,5,100,A1,HOOI,9.855000000000018
0.18726546921877976,3,100,6046,5,100,A2,HOOI,9.855000000000018
3.8932961289514547,3,100,6046,5,100,A3,HOOI,9.855000000000018
10.137857684451186,3,100,6046,5,100,core,HOOI,9.855000000000018
77.74587606085994,3,100,6046,5,100,A1,Olga,3.0219999999999345
0.852089094664072,3,100,6046,5,100,A2,Olga,3.0219999999999345
4.107040364246532,3,100,6046,5,100,A3,Tracy,3.0219999999999345
9.847782345806635,3,100,6046,5,100,core,Tracy_Olga,3.0219999999999345
112.23047758925816,3,100,6798,5,100,A1,NTD,221.84199999999998
1.3879001614348663,3,100,6798,5,100,A2,NTD,221.84199999999998
6795.62118623519,3,100,6798,5,100,A3,NTD,221.84199999999998
7.993479290323509,3,100,6798,5,100,core,NTD,221.84199999999998
23.622109465267847,3,100,6798,5,100,A1,Ours,13.562000000000126
0.1486167212885088,3,100,6798,5,100,A2,Ours,13.562000000000126
5.446046544000986,3,100,6798,5,100,A3,Ours,13.562000000000126
10.721770003886112,3,100,6798,5,100,core,Ours,13.562000000000126
23.622109465267847,3,100,6798,5,100,A1,HOSVD,5.839999999999918
0.1486167212885088,3,100,6798,5,100,A2,HOSVD,5.839999999999918
2.8645090212446944,3,100,6798,5,100,A3,HOSVD,5.839999999999918
12.839938355527188,3,100,6798,5,100,core,HOSVD,5.839999999999918
26.278993718106385,3,100,6798,5,100,A1,HOOI,20.78099999999995
0.03582373664770989,3,100,6798,5,100,A2,HOOI,20.78099999999995
3.3998928718318835,3,100,6798,5,100,A3,HOOI,20.78099999999995
6.833066059772157,3,100,6798,5,100,core,HOOI,20.78099999999995
103.01681404880563,3,100,6798,5,100,A1,Olga,9.162000000000035
1.0881753255501532,3,100,6798,5,100,A2,Olga,9.162000000000035
4.306858815686333,3,100,6798,5,100,A3,Tracy,9.162000000000035
9.845212001929417,3,100,6798,5,100,core,Tracy_Olga,9.162000000000035
122.67998649018273,3,100,7463,5,100,A1,NTD,241.73700000000008
2.612113323383531,3,100,7463,5,100,A2,NTD,241.73700000000008
7460.596245816571,3,100,7463,5,100,A3,NTD,241.73700000000008
9.092203922818388,3,100,7463,5,100,core,NTD,241.73700000000008
21.742302661669335,3,100,7463,5,100,A1,Ours,11.087999999999965
0.2558675398451459,3,100,7463,5,100,A2,Ours,11.087999999999965
5.2018066574738935,3,100,7463,5,100,A3,Ours,11.087999999999965
10.721767912372153,3,100,7463,5,100,core,Ours,11.087999999999965
21.742302661669335,3,100,7463,5,100,A1,HOSVD,2.5009999999999764
0.2558675398451459,3,100,7463,5,100,A2,HOSVD,2.5009999999999764
3.735616878531442,3,100,7463,5,100,A3,HOSVD,2.5009999999999764
9.385001301878141,3,100,7463,5,100,core,HOSVD,2.5009999999999764
21.653603850789036,3,100,7463,5,100,A1,HOOI,13.558999999999969
0.16974825830364054,3,100,7463,5,100,A2,HOOI,13.558999999999969
3.8639288729183687,3,100,7463,5,100,A3,HOOI,13.558999999999969
10.050727771755739,3,100,7463,5,100,core,HOOI,13.558999999999969
82.37847354989354,3,100,7463,5,100,A1,Olga,4.5499999999999545
0.7093619083304529,3,100,7463,5,100,A2,Olga,4.5499999999999545
3.2666913492414946,3,100,7463,5,100,A3,Tracy,4.5499999999999545
11.49298025757949,3,100,7463,5,100,core,Tracy_Olga,4.5499999999999545
122.97105508375532,3,100,8142,5,100,A1,NTD,251.0440000000001
4.613097828207261,3,100,8142,5,100,A2,NTD,251.0440000000001
8139.581345701911,3,100,8142,5,100,A3,NTD,251.0440000000001
9.101087997313332,3,100,8142,5,100,core,NTD,251.0440000000001
25.51290421684515,3,100,8142,5,100,A1,Ours,14.760999999999967
0.32598512022485937,3,100,8142,5,100,A2,Ours,14.760999999999967
5.138003070574734,3,100,8142,5,100,A3,Ours,14.760999999999967
10.40966958508258,3,100,8142,5,100,core,Ours,14.760999999999967
25.51290421684515,3,100,8142,5,100,A1,HOSVD,10.613000000000056
0.32598512022485937,3,100,8142,5,100,A2,HOSVD,10.613000000000056
3.3815522956070527,3,100,8142,5,100,A3,HOSVD,10.613000000000056
7.201847669332914,3,100,8142,5,100,core,HOSVD,10.613000000000056
25.669207311030462,3,100,8142,5,100,A1,HOOI,26.217999999999847
0.11549127919034131,3,100,8142,5,100,A2,HOOI,26.217999999999847
3.865760852435912,3,100,8142,5,100,A3,HOOI,26.217999999999847
9.998236818125116,3,100,8142,5,100,core,HOOI,26.217999999999847
74.5707921369296,3,100,8142,5,100,A1,Olga,16.659999999999854
2.6588516499572385,3,100,8142,5,100,A2,Olga,16.659999999999854
4.61704033202735,3,100,8142,5,100,A3,Tracy,16.659999999999854
12.24258505356558,3,100,8142,5,100,core,Tracy_Olga,16.659999999999854
6.592472989673874,3,100,100,5,3000,A1,NTD,3.369000000000142
1.8101057772259634,3,100,100,5,3000,A2,NTD,3.369000000000142
97.0038674826952,3,100,100,5,3000,A3,NTD,3.369000000000142
13.454508502014036,3,100,100,5,3000,core,NTD,3.369000000000142
3.5487026267424655,3,100,100,5,3000,A1,Ours,4.5490000000002055
0.003612272480023471,3,100,100,5,3000,A2,Ours,4.5490000000002055
0.049608229358162365,3,100,100,5,3000,A3,Ours,4.5490000000002055
11.44637904411596,3,100,100,5,3000,core,Ours,4.5490000000002055
3.5487026267424655,3,100,100,5,3000,A1,HOSVD,7.042000000000144
0.003612272480023471,3,100,100,5,3000,A2,HOSVD,7.042000000000144
0.04960482495867112,3,100,100,5,3000,A3,HOSVD,7.042000000000144
11.446373640435175,3,100,100,5,3000,core,HOSVD,7.042000000000144
3.5810232720023096,3,100,100,5,3000,A1,HOOI,5.951000000000022
0.00655940709415405,3,100,100,5,3000,A2,HOOI,5.951000000000022
0.05207626564811082,3,100,100,5,3000,A3,HOOI,5.951000000000022
11.447616379465257,3,100,100,5,3000,core,HOOI,5.951000000000022
3.7626956945332206,3,100,100,5,3000,A1,Olga,4.8840000000000146
0.013077906250650964,3,100,100,5,3000,A2,Olga,4.8840000000000146
1.0084194789184133,3,100,100,5,3000,A3,Tracy,4.8840000000000146
11.503518452668555,3,100,100,5,3000,core,Tracy_Olga,4.8840000000000146
7.914854433083925,3,100,500,5,3000,A1,NTD,13.867999999999938
3.6708110797966538,3,100,500,5,3000,A2,NTD,13.867999999999938
497.00032969763964,3,100,500,5,3000,A3,NTD,13.867999999999938
12.159741531874204,3,100,500,5,3000,core,NTD,13.867999999999938
4.397947512977986,3,100,500,5,3000,A1,Ours,5.166999999999916
0.01000517028727843,3,100,500,5,3000,A2,Ours,5.166999999999916
0.41542738979419885,3,100,500,5,3000,A3,Ours,5.166999999999916
11.513557408005582,3,100,500,5,3000,core,Ours,5.166999999999916
4.397947512977986,3,100,500,5,3000,A1,HOSVD,8.205999999999904
0.01000517028727843,3,100,500,5,3000,A2,HOSVD,8.205999999999904
0.41523518687933,3,100,500,5,3000,A3,HOSVD,8.205999999999904
11.513074823882631,3,100,500,5,3000,core,HOSVD,8.205999999999904
4.344615449893082,3,100,500,5,3000,A1,HOOI,6.3840000000000146
0.010257065448079897,3,100,500,5,3000,A2,HOOI,6.3840000000000146
0.4006181652096025,3,100,500,5,3000,A3,HOOI,6.3840000000000146
11.50502844047473,3,100,500,5,3000,core,HOOI,6.3840000000000146
3.5464122505681903,3,100,500,5,3000,A1,Olga,5.587999999999965
0.07138249530128703,3,100,500,5,3000,A2,Olga,5.587999999999965
1.3283969897520431,3,100,500,5,3000,A3,Tracy,5.587999999999965
11.673988023619986,3,100,500,5,3000,core,Tracy_Olga,5.587999999999965
15.737911101003103,3,100,1000,5,3000,A1,NTD,34.30600000000004
4.112595252288318,3,100,1000,5,3000,A2,NTD,34.30600000000004
997.000860375307,3,100,1000,5,3000,A3,NTD,34.30600000000004
9.821397341401974,3,100,1000,5,3000,core,NTD,34.30600000000004
4.6860011186427855,3,100,1000,5,3000,A1,Ours,5.0779999999999745
0.011483752599524144,3,100,1000,5,3000,A2,Ours,5.0779999999999745
0.2829234395340958,3,100,1000,5,3000,A3,Ours,5.0779999999999745
11.607875999093581,3,100,1000,5,3000,core,Ours,5.0779999999999745
4.6860011186427855,3,100,1000,5,3000,A1,HOSVD,7.076000000000022
0.011483752599524144,3,100,1000,5,3000,A2,HOSVD,7.076000000000022
0.28124705889617574,3,100,1000,5,3000,A3,HOSVD,7.076000000000022
11.602396149345514,3,100,1000,5,3000,core,HOSVD,7.076000000000022
4.678406151229362,3,100,1000,5,3000,A1,HOOI,5.365000000000009
0.012422301036781934,3,100,1000,5,3000,A2,HOOI,5.365000000000009
0.2738013946532857,3,100,1000,5,3000,A3,HOOI,5.365000000000009
11.58344059145201,3,100,1000,5,3000,core,HOOI,5.365000000000009
3.6609328916603725,3,100,1000,5,3000,A1,Olga,3.2929999999998927
0.04512730576052334,3,100,1000,5,3000,A2,Olga,3.2929999999998927
1.445553466765308,3,100,1000,5,3000,A3,Tracy,3.2929999999998927
11.581336480941301,3,100,1000,5,3000,core,Tracy_Olga,3.2929999999998927
24.8462201799409,3,100,2497,5,3000,A1,NTD,91.97499999999991
3.387879676245774,3,100,2497,5,3000,A2,NTD,91.97499999999991
2494.016280117303,3,100,2497,5,3000,A3,NTD,91.97499999999991
12.569257240342216,3,100,2497,5,3000,core,NTD,91.97499999999991
5.831633377877161,3,100,2497,5,3000,A1,Ours,2.1660000000001673
0.0463096945576847,3,100,2497,5,3000,A2,Ours,2.1660000000001673
2.9484558089369086,3,100,2497,5,3000,A3,Ours,2.1660000000001673
13.004564085694403,3,100,2497,5,3000,core,Ours,2.1660000000001673
5.831633377877161,3,100,2497,5,3000,A1,HOSVD,0.8849999999999909
0.0463096945576847,3,100,2497,5,3000,A2,HOSVD,0.8849999999999909
2.9458057039689582,3,100,2497,5,3000,A3,HOSVD,0.8849999999999909
12.997229202883702,3,100,2497,5,3000,core,HOSVD,0.8849999999999909
5.823793689196689,3,100,2497,5,3000,A1,HOOI,2.4449999999999363
0.04428955975412039,3,100,2497,5,3000,A2,HOOI,2.4449999999999363
2.8605697696245236,3,100,2497,5,3000,A3,HOOI,2.4449999999999363
12.849006900992412,3,100,2497,5,3000,core,HOOI,2.4449999999999363
4.273806978059116,3,100,2497,5,3000,A1,Olga,0.9909999999999854
0.17093953125912786,3,100,2497,5,3000,A2,Olga,0.9909999999999854
2.8985067645107314,3,100,2497,5,3000,A3,Tracy,0.9909999999999854
14.08341273845627,3,100,2497,5,3000,core,Tracy_Olga,0.9909999999999854
6.011099194788752,3,100,4989,5,3000,A1,NTD,174.73700000000008
4.5046741474156144,3,100,4989,5,3000,A2,NTD,174.73700000000008
4986.046849767082,3,100,4989,5,3000,A3,NTD,174.73700000000008
11.189151924764312,3,100,4989,5,3000,core,NTD,174.73700000000008
5.358992205350905,3,100,4989,5,3000,A1,Ours,5.246999999999844
0.03300415533849296,3,100,4989,5,3000,A2,Ours,5.246999999999844
2.6129550397319616,3,100,4989,5,3000,A3,Ours,5.246999999999844
12.867913344404455,3,100,4989,5,3000,core,Ours,5.246999999999844
5.358992205350905,3,100,4989,5,3000,A1,HOSVD,1.461999999999989
0.03300415533849296,3,100,4989,5,3000,A2,HOSVD,1.461999999999989
2.5894587438610075,3,100,4989,5,3000,A3,HOSVD,1.461999999999989
12.825856259543302,3,100,4989,5,3000,core,HOSVD,1.461999999999989
5.359613615080858,3,100,4989,5,3000,A1,HOOI,4.559999999999945
0.029343211780118943,3,100,4989,5,3000,A2,HOOI,4.559999999999945
2.588825543385955,3,100,4989,5,3000,A3,HOOI,4.559999999999945
12.799763079942117,3,100,4989,5,3000,core,HOOI,4.559999999999945
3.456495058535408,3,100,4989,5,3000,A1,Olga,2.494000000000142
0.2147721892299626,3,100,4989,5,3000,A2,Olga,2.494000000000142
2.827378699763019,3,100,4989,5,3000,A3,Tracy,2.494000000000142
12.813984592823882,3,100,4989,5,3000,core,Tracy_Olga,2.494000000000142
7.026704294752625,3,100,5987,5,3000,A1,NTD,201.596
3.2077750941476686,3,100,5987,5,3000,A2,NTD,201.596
5984.053777402749,3,100,5987,5,3000,A3,NTD,201.596
10.319487407058382,3,100,5987,5,3000,core,NTD,201.596
4.622694726317686,3,100,5987,5,3000,A1,Ours,9.701000000000022
0.03769405000567176,3,100,5987,5,3000,A2,Ours,9.701000000000022
2.629450578690914,3,100,5987,5,3000,A3,Ours,9.701000000000022
12.978967354769036,3,100,5987,5,3000,core,Ours,9.701000000000022
4.622694726317686,3,100,5987,5,3000,A1,HOSVD,4.23299999999972
0.03769405000567176,3,100,5987,5,3000,A2,HOSVD,4.23299999999972
2.5963927877571775,3,100,5987,5,3000,A3,HOSVD,4.23299999999972
12.932649570505513,3,100,5987,5,3000,core,HOSVD,4.23299999999972
4.601264356215614,3,100,5987,5,3000,A1,HOOI,5.8289999999997235
0.030939924961089,3,100,5987,5,3000,A2,HOOI,5.8289999999997235
2.597849682050279,3,100,5987,5,3000,A3,HOOI,5.8289999999997235
12.974796764767829,3,100,5987,5,3000,core,HOOI,5.8289999999997235
4.6336057478519885,3,100,5987,5,3000,A1,Olga,3.2269999999998618
0.19023760275047502,3,100,5987,5,3000,A2,Olga,3.2269999999998618
2.8250134355839354,3,100,5987,5,3000,A3,Tracy,3.2269999999998618
12.955189071738255,3,100,5987,5,3000,core,Tracy_Olga,3.2269999999998618
4.966483618181516,3,100,6975,5,3000,A1,NTD,224.69100000000026
3.8294771079296837,3,100,6975,5,3000,A2,NTD,224.69100000000026
6972.2165720211615,3,100,6975,5,3000,A3,NTD,224.69100000000026
11.697522973124164,3,100,6975,5,3000,core,NTD,224.69100000000026
6.060017593670407,3,100,6975,5,3000,A1,Ours,8.58999999999969
0.040284316020135345,3,100,6975,5,3000,A2,Ours,8.58999999999969
2.885389771280009,3,100,6975,5,3000,A3,Ours,8.58999999999969
9.32432180419357,3,100,6975,5,3000,core,Ours,8.58999999999969
6.060017593670407,3,100,6975,5,3000,A1,HOSVD,2.1950000000001637
0.040284316020135345,3,100,6975,5,3000,A2,HOSVD,2.1950000000001637
2.60096235313614,3,100,6975,5,3000,A3,HOSVD,2.1950000000001637
12.737075893770005,3,100,6975,5,3000,core,HOSVD,2.1950000000001637
6.0298184632235925,3,100,6975,5,3000,A1,HOOI,7.070000000000164
0.04478908171617082,3,100,6975,5,3000,A2,HOOI,7.070000000000164
2.5994064914045794,3,100,6975,5,3000,A3,HOOI,7.070000000000164
12.698590411041744,3,100,6975,5,3000,core,HOOI,7.070000000000164
5.145685742721833,3,100,6975,5,3000,A1,Olga,4.163000000000011
0.24485896455622225,3,100,6975,5,3000,A2,Olga,4.163000000000011
2.840469082173595,3,100,6975,5,3000,A3,Tracy,4.163000000000011
12.718681851510654,3,100,6975,5,3000,core,Tracy_Olga,4.163000000000011
4.872767952284427,3,100,7965,5,3000,A1,NTD,252.84900000000016
4.612108360316353,3,100,7965,5,3000,A2,NTD,252.84900000000016
7962.1485733889185,3,100,7965,5,3000,A3,NTD,252.84900000000016
12.27878501480488,3,100,7965,5,3000,core,NTD,252.84900000000016
4.075427433737381,3,100,7965,5,3000,A1,Ours,11.78500000000031
0.013673341342551682,3,100,7965,5,3000,A2,Ours,11.78500000000031
2.865223090505373,3,100,7965,5,3000,A3,Ours,11.78500000000031
9.333876487938642,3,100,7965,5,3000,core,Ours,11.78500000000031
4.075427433737381,3,100,7965,5,3000,A1,HOSVD,3.33600000000024
0.013673341342551682,3,100,7965,5,3000,A2,HOSVD,3.33600000000024
2.596851590519829,3,100,7965,5,3000,A3,HOSVD,3.33600000000024
12.878462200994946,3,100,7965,5,3000,core,HOSVD,3.33600000000024
4.054919184483549,3,100,7965,5,3000,A1,HOOI,10.489000000000033
0.009502320406596338,3,100,7965,5,3000,A2,HOOI,10.489000000000033
2.59836056556391,3,100,7965,5,3000,A3,HOOI,10.489000000000033
12.877085741026832,3,100,7965,5,3000,core,HOOI,10.489000000000033
4.6144370520475,3,100,7965,5,3000,A1,Olga,5.120000000000346
0.2443230142222273,3,100,7965,5,3000,A2,Olga,5.120000000000346
2.83108541281495,3,100,7965,5,3000,A3,Tracy,5.120000000000346
12.924693159804228,3,100,7965,5,3000,core,Tracy_Olga,5.120000000000346
8.25092145836155,3,100,8945,5,3000,A1,NTD,292.57699999999977
3.3879007447852993,3,100,8945,5,3000,A2,NTD,292.57699999999977
8942.08014243638,3,100,8945,5,3000,A3,NTD,292.57699999999977
11.94737585384261,3,100,8945,5,3000,core,NTD,292.57699999999977
5.732768409300711,3,100,8945,5,3000,A1,Ours,15.394999999999982
0.024615207613560414,3,100,8945,5,3000,A2,Ours,15.394999999999982
2.9092701759365753,3,100,8945,5,3000,A3,Ours,15.394999999999982
9.363749913725439,3,100,8945,5,3000,core,Ours,15.394999999999982
5.732768409300711,3,100,8945,5,3000,A1,HOSVD,3.4469999999996617
0.024615207613560414,3,100,8945,5,3000,A2,HOSVD,3.4469999999996617
2.6245461981485834,3,100,8945,5,3000,A3,HOSVD,3.4469999999996617
12.95232827354987,3,100,8945,5,3000,core,HOSVD,3.4469999999996617
5.670880497002431,3,100,8945,5,3000,A1,HOOI,13.42599999999993
0.02545331240188844,3,100,8945,5,3000,A2,HOOI,13.42599999999993
2.627870035285238,3,100,8945,5,3000,A3,HOOI,13.42599999999993
12.96729580471678,3,100,8945,5,3000,core,HOOI,13.42599999999993
5.430110250770288,3,100,8945,5,3000,A1,Olga,5.88799999999992
0.28350450514349307,3,100,8945,5,3000,A2,Olga,5.88799999999992
2.8534879310263364,3,100,8945,5,3000,A3,Tracy,5.88799999999992
12.930161731106924,3,100,8945,5,3000,core,Tracy_Olga,5.88799999999992
12.108262936423325,3,100,9936,5,3000,A1,NTD,309.49800000000005
2.000985774400698,3,100,9936,5,3000,A2,NTD,309.49800000000005
9933.228322932835,3,100,9936,5,3000,A3,NTD,309.49800000000005
10.35502860578874,3,100,9936,5,3000,core,NTD,309.49800000000005
4.449324310292626,3,100,9936,5,3000,A1,Ours,18.984999999999673
0.05306479269322081,3,100,9936,5,3000,A2,Ours,18.984999999999673
2.8955724925532613,3,100,9936,5,3000,A3,Ours,18.984999999999673
9.26373179717735,3,100,9936,5,3000,core,Ours,18.984999999999673
4.449324310292626,3,100,9936,5,3000,A1,HOSVD,15.728000000000065
0.05306479269322081,3,100,9936,5,3000,A2,HOSVD,15.728000000000065
2.612146366601384,3,100,9936,5,3000,A3,HOSVD,15.728000000000065
12.78670596057162,3,100,9936,5,3000,core,HOSVD,15.728000000000065
4.452746983107591,3,100,9936,5,3000,A1,HOOI,32.452000000000226
0.04289290924223717,3,100,9936,5,3000,A2,HOOI,32.452000000000226
2.613264763502496,3,100,9936,5,3000,A3,HOOI,32.452000000000226
12.790905092839228,3,100,9936,5,3000,core,HOOI,32.452000000000226
4.686832243924652,3,100,9936,5,3000,A1,Olga,25.52500000000009
0.2531129423496857,3,100,9936,5,3000,A2,Olga,25.52500000000009
2.854581973029554,3,100,9936,5,3000,A3,Tracy,25.52500000000009
12.880325312338826,3,100,9936,5,3000,core,Tracy_Olga,25.52500000000009
5.703303843463338,3,100,100,5,10000,A1,NTD,4.199000000000069
4.279963144386334,3,100,100,5,10000,A2,NTD,4.199000000000069
97.0002971167245,3,100,100,5,10000,A3,NTD,4.199000000000069
9.557553283350853,3,100,100,5,10000,core,NTD,4.199000000000069
2.255086734209612,3,100,100,5,10000,A1,Ours,4.766000000000076
0.020022049652518158,3,100,100,5,10000,A2,Ours,4.766000000000076
0.03453978449589714,3,100,100,5,10000,A3,Ours,4.766000000000076
11.408428680940549,3,100,100,5,10000,core,Ours,4.766000000000076
2.255086734209612,3,100,100,5,10000,A1,HOSVD,3.3010000000003856
0.020022049652518158,3,100,100,5,10000,A2,HOSVD,3.3010000000003856
0.0345406290786729,3,100,100,5,10000,A3,HOSVD,3.3010000000003856
11.408427898529352,3,100,100,5,10000,core,HOSVD,3.3010000000003856
2.26167020949255,3,100,100,5,10000,A1,HOOI,7.154999999999745
0.020764131947328412,3,100,100,5,10000,A2,HOOI,7.154999999999745
0.03399343405556549,3,100,100,5,10000,A3,HOOI,7.154999999999745
11.408745046840131,3,100,100,5,10000,core,HOOI,7.154999999999745
2.0663586902678666,3,100,100,5,10000,A1,Olga,4.390000000000327
0.008846338305266085,3,100,100,5,10000,A2,Olga,4.390000000000327
1.0174159652973886,3,100,100,5,10000,A3,Tracy,4.390000000000327
11.49751555975587,3,100,100,5,10000,core,Tracy_Olga,4.390000000000327
6.933570302922316,3,100,500,5,10000,A1,NTD,14.74200000000019
0.7706977031905093,3,100,500,5,10000,A2,NTD,14.74200000000019
497.06708074785723,3,100,500,5,10000,A3,NTD,14.74200000000019
10.936187904102363,3,100,500,5,10000,core,NTD,14.74200000000019
3.0763896128972115,3,100,500,5,10000,A1,Ours,7.014000000000124
0.014962275328671304,3,100,500,5,10000,A2,Ours,7.014000000000124
0.2012463875253996,3,100,500,5,10000,A3,Ours,7.014000000000124
11.624104748485479,3,100,500,5,10000,core,Ours,7.014000000000124
3.0763896128972115,3,100,500,5,10000,A1,HOSVD,10.51700000000028
0.014962275328671304,3,100,500,5,10000,A2,HOSVD,10.51700000000028
0.20121950891027088,3,100,500,5,10000,A3,HOSVD,10.51700000000028
11.624073214127243,3,100,500,5,10000,core,HOSVD,10.51700000000028
3.0855222967456455,3,100,500,5,10000,A1,HOOI,5.519000000000233
0.013658142676302032,3,100,500,5,10000,A2,HOOI,5.519000000000233
0.20051425181351334,3,100,500,5,10000,A3,HOOI,5.519000000000233
11.62801964821879,3,100,500,5,10000,core,HOOI,5.519000000000233
1.728545762944965,3,100,500,5,10000,A1,Olga,3.8890000000001237
0.006896988895257224,3,100,500,5,10000,A2,Olga,3.8890000000001237
1.3423458806138406,3,100,500,5,10000,A3,Tracy,3.8890000000001237
13.37768373740358,3,100,500,5,10000,core,Tracy_Olga,3.8890000000001237
4.990919154624319,3,100,1000,5,10000,A1,NTD,33.05099999999993
2.4295623305935803,3,100,1000,5,10000,A2,NTD,33.05099999999993
997.4189497752267,3,100,1000,5,10000,A3,NTD,33.05099999999993
11.14902362600841,3,100,1000,5,10000,core,NTD,33.05099999999993
2.8076225459489694,3,100,1000,5,10000,A1,Ours,3.5090000000000146
0.006093567248861368,3,100,1000,5,10000,A2,Ours,3.5090000000000146
0.40394513545303684,3,100,1000,5,10000,A3,Ours,3.5090000000000146
11.578949839789157,3,100,1000,5,10000,core,Ours,3.5090000000000146
2.8076225459489694,3,100,1000,5,10000,A1,HOSVD,4.108999999999924
0.006093567248861368,3,100,1000,5,10000,A2,HOSVD,4.108999999999924
0.40383827815501133,3,100,1000,5,10000,A3,HOSVD,4.108999999999924
11.578974464847018,3,100,1000,5,10000,core,HOSVD,4.108999999999924
2.809583042539841,3,100,1000,5,10000,A1,HOOI,5.802999999999884
0.00903177451750436,3,100,1000,5,10000,A2,HOOI,5.802999999999884
0.4252416849460252,3,100,1000,5,10000,A3,HOOI,5.802999999999884
11.666282539059987,3,100,1000,5,10000,core,HOOI,5.802999999999884
1.9872877205038906,3,100,1000,5,10000,A1,Olga,1.5799999999999272
0.02385741946449943,3,100,1000,5,10000,A2,Olga,1.5799999999999272
1.5082499622539909,3,100,1000,5,10000,A3,Tracy,1.5799999999999272
11.604382020046069,3,100,1000,5,10000,core,Tracy_Olga,1.5799999999999272
5.279133545505219,3,100,2500,5,10000,A1,NTD,94.03499999999985
2.043850523084939,3,100,2500,5,10000,A2,NTD,94.03499999999985
2497.0001270694192,3,100,2500,5,10000,A3,NTD,94.03499999999985
10.837265006095043,3,100,2500,5,10000,core,NTD,94.03499999999985
2.6199296360807143,3,100,2500,5,10000,A1,Ours,2.1600000000003092
0.007534157425515827,3,100,2500,5,10000,A2,Ours,2.1600000000003092
0.5046919502423424,3,100,2500,5,10000,A3,Ours,2.1600000000003092
12.097892366938456,3,100,2500,5,10000,core,Ours,2.1600000000003092
2.6199296360807143,3,100,2500,5,10000,A1,HOSVD,0.9329999999999927
0.007534157425515827,3,100,2500,5,10000,A2,HOSVD,0.9329999999999927
0.5038407540191902,3,100,2500,5,10000,A3,HOSVD,0.9329999999999927
12.096729647266303,3,100,2500,5,10000,core,HOSVD,0.9329999999999927
2.6204523084035847,3,100,2500,5,10000,A1,HOOI,2.581000000000131
0.00790511132566242,3,100,2500,5,10000,A2,HOOI,2.581000000000131
0.4958055819533088,3,100,2500,5,10000,A3,HOOI,2.581000000000131
12.089317824391387,3,100,2500,5,10000,core,HOOI,2.581000000000131
3.105015224783918,3,100,2500,5,10000,A1,Olga,1.1589999999996508
0.04232177917575449,3,100,2500,5,10000,A2,Olga,1.1589999999996508
1.5291804025444524,3,100,2500,5,10000,A3,Tracy,1.1589999999996508
13.801782246567065,3,100,2500,5,10000,core,Tracy_Olga,1.1589999999996508
4.596832122052475,3,100,4996,5,10000,A1,NTD,183.86200000000008
1.2253702322703952,3,100,4996,5,10000,A2,NTD,183.86200000000008
4993.024330805686,3,100,4996,5,10000,A3,NTD,183.86200000000008
11.363045974147463,3,100,4996,5,10000,core,NTD,183.86200000000008
2.4660227662435066,3,100,4996,5,10000,A1,Ours,5.914999999999964
0.013593486029750067,3,100,4996,5,10000,A2,Ours,5.914999999999964
2.547798017728159,3,100,4996,5,10000,A3,Ours,5.914999999999964
12.817759869270143,3,100,4996,5,10000,core,Ours,5.914999999999964
2.4660227662435066,3,100,4996,5,10000,A1,HOSVD,2.050999999999931
0.013593486029750067,3,100,4996,5,10000,A2,HOSVD,2.050999999999931
2.5452285581148626,3,100,4996,5,10000,A3,HOSVD,2.050999999999931
12.81515501643396,3,100,4996,5,10000,core,HOSVD,2.050999999999931
2.465089040787488,3,100,4996,5,10000,A1,HOOI,4.975000000000364
0.013667639876420683,3,100,4996,5,10000,A2,HOOI,4.975000000000364
2.544898857895655,3,100,4996,5,10000,A3,HOOI,4.975000000000364
12.81230553532303,3,100,4996,5,10000,core,HOOI,4.975000000000364
1.9242479369529315,3,100,4996,5,10000,A1,Olga,2.987999999999829
0.06779319008810095,3,100,4996,5,10000,A2,Olga,2.987999999999829
2.8449552278986827,3,100,4996,5,10000,A3,Tracy,2.987999999999829
12.80848471781727,3,100,4996,5,10000,core,Tracy_Olga,2.987999999999829
6.889933484013944,3,100,5996,5,10000,A1,NTD,205.80999999999995
0.10921522161429822,3,100,5996,5,10000,A2,NTD,205.80999999999995
5993.030579609146,3,100,5996,5,10000,A3,NTD,205.80999999999995
10.423445959510197,3,100,5996,5,10000,core,NTD,205.80999999999995
2.57057154359573,3,100,5996,5,10000,A1,Ours,7.074000000000524
0.019754577699294913,3,100,5996,5,10000,A2,Ours,7.074000000000524
2.535517224178428,3,100,5996,5,10000,A3,Ours,7.074000000000524
12.238971996675744,3,100,5996,5,10000,core,Ours,7.074000000000524
2.57057154359573,3,100,5996,5,10000,A1,HOSVD,1.8059999999995853
0.019754577699294913,3,100,5996,5,10000,A2,HOSVD,1.8059999999995853
2.5343294552531983,3,100,5996,5,10000,A3,HOSVD,1.8059999999995853
12.24085242948446,3,100,5996,5,10000,core,HOSVD,1.8059999999995853
2.5699157126662633,3,100,5996,5,10000,A1,HOOI,6.028999999999542
0.02181686058742382,3,100,5996,5,10000,A2,HOOI,6.028999999999542
2.54165854712711,3,100,5996,5,10000,A3,HOOI,6.028999999999542
12.280786284632851,3,100,5996,5,10000,core,HOOI,6.028999999999542
3.2584951664074024,3,100,5996,5,10000,A1,Olga,3.0989999999992506
0.10361141866230268,3,100,5996,5,10000,A2,Olga,3.0989999999992506
3.0724381371403893,3,100,5996,5,10000,A3,Tracy,3.0989999999992506
12.255009051415886,3,100,5996,5,10000,core,Tracy_Olga,3.0989999999992506
6.71648745445469,3,100,6991,5,10000,A1,NTD,222.17799999999988
0.46579981147352134,3,100,6991,5,10000,A2,NTD,222.17799999999988
6988.064553057545,3,100,6991,5,10000,A3,NTD,222.17799999999988
10.363675595918426,3,100,6991,5,10000,core,NTD,222.17799999999988
2.872430717961053,3,100,6991,5,10000,A1,Ours,9.981999999999971
0.023161960697722618,3,100,6991,5,10000,A2,Ours,9.981999999999971
2.606945166788436,3,100,6991,5,10000,A3,Ours,9.981999999999971
12.815639397136634,3,100,6991,5,10000,core,Ours,9.981999999999971
2.872430717961053,3,100,6991,5,10000,A1,HOSVD,2.9309999999995853
0.023161960697722618,3,100,6991,5,10000,A2,HOSVD,2.9309999999995853
2.6026708463363937,3,100,6991,5,10000,A3,HOSVD,2.9309999999995853
12.81060968139857,3,100,6991,5,10000,core,HOSVD,2.9309999999995853
2.8557076135594746,3,100,6991,5,10000,A1,HOOI,7.78899999999976
0.02557591021969946,3,100,6991,5,10000,A2,HOOI,7.78899999999976
2.603742593399009,3,100,6991,5,10000,A3,HOOI,7.78899999999976
12.81504140779813,3,100,6991,5,10000,core,HOOI,7.78899999999976
2.371581915917306,3,100,6991,5,10000,A1,Olga,3.9470000000001164
0.07994485434218357,3,100,6991,5,10000,A2,Olga,3.9470000000001164
2.844313166135283,3,100,6991,5,10000,A3,Tracy,3.9470000000001164
12.838362976793697,3,100,6991,5,10000,core,Tracy_Olga,3.9470000000001164
5.04851488087224,3,100,7987,5,10000,A1,NTD,261.0150000000003
0.38777723638523015,3,100,7987,5,10000,A2,NTD,261.0150000000003
7984.25511795033,3,100,7987,5,10000,A3,NTD,261.0150000000003
11.266001166958555,3,100,7987,5,10000,core,NTD,261.0150000000003
2.3770083107217115,3,100,7987,5,10000,A1,Ours,13.25800000000072
0.008155014903782232,3,100,7987,5,10000,A2,Ours,13.25800000000072
2.5916055862198872,3,100,7987,5,10000,A3,Ours,13.25800000000072
12.873934999935768,3,100,7987,5,10000,core,Ours,13.25800000000072
2.3770083107217115,3,100,7987,5,10000,A1,HOSVD,2.972000000000662
0.008155014903782232,3,100,7987,5,10000,A2,HOSVD,2.972000000000662
2.5863211371363923,3,100,7987,5,10000,A3,HOSVD,2.972000000000662
12.86796136780665,3,100,7987,5,10000,core,HOSVD,2.972000000000662
2.373862069432766,3,100,7987,5,10000,A1,HOOI,11.38299999999981
0.006989725808341438,3,100,7987,5,10000,A2,HOOI,11.38299999999981
2.586793662641365,3,100,7987,5,10000,A3,HOOI,11.38299999999981
12.881264473789145,3,100,7987,5,10000,core,HOOI,11.38299999999981
2.2462056807488224,3,100,7987,5,10000,A1,Olga,5.939000000000306
0.11158849105917115,3,100,7987,5,10000,A2,Olga,5.939000000000306
2.8261104766827976,3,100,7987,5,10000,A3,Tracy,5.939000000000306
12.86167675277839,3,100,7987,5,10000,core,Tracy_Olga,5.939000000000306
10.183810145980429,3,100,8988,5,10000,A1,NTD,301.2330000000002
0.7272851206785148,3,100,8988,5,10000,A2,NTD,301.2330000000002
8985.155339643246,3,100,8988,5,10000,A3,NTD,301.2330000000002
11.35345331819607,3,100,8988,5,10000,core,NTD,301.2330000000002
2.5079696344741396,3,100,8988,5,10000,A1,Ours,15.003999999999905
0.03349463965340822,3,100,8988,5,10000,A2,Ours,15.003999999999905
2.6229155829796005,3,100,8988,5,10000,A3,Ours,15.003999999999905
12.852219242153245,3,100,8988,5,10000,core,Ours,15.003999999999905
2.5079696344741396,3,100,8988,5,10000,A1,HOSVD,3.930000000000291
0.03349463965340822,3,100,8988,5,10000,A2,HOSVD,3.930000000000291
2.6158960558089555,3,100,8988,5,10000,A3,HOSVD,3.930000000000291
12.8470070663079,3,100,8988,5,10000,core,HOSVD,3.930000000000291
2.5051222904725856,3,100,8988,5,10000,A1,HOOI,11.444000000000415
0.03410640438455842,3,100,8988,5,10000,A2,HOOI,11.444000000000415
2.6156464782682205,3,100,8988,5,10000,A3,HOOI,11.444000000000415
12.838591269554614,3,100,8988,5,10000,core,HOOI,11.444000000000415
2.5395138888200366,3,100,8988,5,10000,A1,Olga,6.858000000000175
0.1222866806437878,3,100,8988,5,10000,A2,Olga,6.858000000000175
2.862029436177202,3,100,8988,5,10000,A3,Tracy,6.858000000000175
12.856822661112192,3,100,8988,5,10000,core,Tracy_Olga,6.858000000000175
11.20691072453385,3,100,9983,5,10000,A1,NTD,305.83500000000004
1.2196921453274063,3,100,9983,5,10000,A2,NTD,305.83500000000004
9980.106341215425,3,100,9983,5,10000,A3,NTD,305.83500000000004
9.402468780224288,3,100,9983,5,10000,core,NTD,305.83500000000004
2.886062210746804,3,100,9983,5,10000,A1,Ours,16.29699999999957
0.02175647787725448,3,100,9983,5,10000,A2,Ours,16.29699999999957
2.6092786891045203,3,100,9983,5,10000,A3,Ours,16.29699999999957
12.829590141565625,3,100,9983,5,10000,core,Ours,16.29699999999957
2.886062210746804,3,100,9983,5,10000,A1,HOSVD,3.1649999999999636
0.02175647787725448,3,100,9983,5,10000,A2,HOSVD,3.1649999999999636
2.6010369857825517,3,100,9983,5,10000,A3,HOSVD,3.1649999999999636
12.81303650274186,3,100,9983,5,10000,core,HOSVD,3.1649999999999636
2.90392651020701,3,100,9983,5,10000,A1,HOOI,14.86200000000008
0.021580118664620108,3,100,9983,5,10000,A2,HOOI,14.86200000000008
2.6026861875294474,3,100,9983,5,10000,A3,HOOI,14.86200000000008
12.824740429363905,3,100,9983,5,10000,core,HOOI,14.86200000000008
2.229289612129972,3,100,9983,5,10000,A1,Olga,6.213999999999942
0.14181043353415282,3,100,9983,5,10000,A2,Olga,6.213999999999942
2.8343316164527717,3,100,9983,5,10000,A3,Tracy,6.213999999999942
12.890841645722803,3,100,9983,5,10000,core,Tracy_Olga,6.213999999999942
