error,K,Q1,R,Q2,M,mode,method,time
11.527548386804614,3,100,986,5,100,A1,NTD,41.721000000000004
2.1061470529388724,3,100,986,5,100,A2,NTD,41.721000000000004
983.239125248851,3,100,986,5,100,A3,NTD,41.721000000000004
12.580690476557091,3,100,986,5,100,core,NTD,41.721000000000004
15.080569944954934,3,100,986,5,100,A1,Ours,5.584000000000003
0.36103507969311616,3,100,986,5,100,A2,Ours,5.584000000000003
4.791425541835322,3,100,986,5,100,A3,Ours,5.584000000000003
14.329135010459103,3,100,986,5,100,core,Ours,5.584000000000003
15.080569944954934,3,100,986,5,100,A1,HOSVD,7.043999999999997
0.36103507969311616,3,100,986,5,100,A2,HOSVD,7.043999999999997
2.497288725490324,3,100,986,5,100,A3,HOSVD,7.043999999999997
10.91998140277242,3,100,986,5,100,core,HOSVD,7.043999999999997
15.31734867065378,3,100,986,5,100,A1,HOOI,5.222000000000001
0.26008741319010215,3,100,986,5,100,A2,HOOI,5.222000000000001
2.520198629721143,3,100,986,5,100,A3,HOOI,5.222000000000001
10.956338705096861,3,100,986,5,100,core,HOOI,5.222000000000001
33.159092397750086,3,100,986,5,100,A1,Olga,1.9300000000000068
0.37663075932077095,3,100,986,5,100,A2,Olga,1.9300000000000068
2.8591481661949656,3,100,986,5,100,A3,Tracy,1.9300000000000068
12.456033697803646,3,100,986,5,100,core,Tracy_Olga,1.9300000000000068
98.73893556014504,3,100,4556,5,100,A1,NTD,166.16000000000003
3.9825607141309614,3,100,4556,5,100,A2,NTD,166.16000000000003
4553.564786124116,3,100,4556,5,100,A3,NTD,166.16000000000003
9.727610232861595,3,100,4556,5,100,core,NTD,166.16000000000003
17.559075555504062,3,100,4556,5,100,A1,Ours,12.024000000000001
0.5861622523201837,3,100,4556,5,100,A2,Ours,12.024000000000001
4.805294158597748,3,100,4556,5,100,A3,Ours,12.024000000000001
9.949162780691465,3,100,4556,5,100,core,Ours,12.024000000000001
17.559075555504062,3,100,4556,5,100,A1,HOSVD,14.491000000000014
0.5861622523201837,3,100,4556,5,100,A2,HOSVD,14.491000000000014
2.705555561064441,3,100,4556,5,100,A3,HOSVD,14.491000000000014
12.131289328880424,3,100,4556,5,100,core,HOSVD,14.491000000000014
18.20828066017677,3,100,4556,5,100,A1,HOOI,17.259000000000015
0.18017537803624875,3,100,4556,5,100,A2,HOOI,17.259000000000015
2.73659575374347,3,100,4556,5,100,A3,HOOI,17.259000000000015
11.80445849978823,3,100,4556,5,100,core,HOOI,17.259000000000015
63.71046069150785,3,100,4556,5,100,A1,Olga,11.418999999999983
0.7291398508766141,3,100,4556,5,100,A2,Olga,11.418999999999983
3.0444917014715815,3,100,4556,5,100,A3,Tracy,11.418999999999983
7.651571558144144,3,100,4556,5,100,core,Tracy_Olga,11.418999999999983
123.06119733708445,3,100,8237,5,100,A1,NTD,283.148
2.106078515552858,3,100,8237,5,100,A2,NTD,283.148
8234.600897261891,3,100,8237,5,100,A3,NTD,283.148
10.50492985261094,3,100,8237,5,100,core,NTD,283.148
19.584408307971348,3,100,8237,5,100,A1,Ours,25.48599999999999
1.1438516794373388,3,100,8237,5,100,A2,Ours,25.48599999999999
4.973524461699923,3,100,8237,5,100,A3,Ours,25.48599999999999
11.244899534884116,3,100,8237,5,100,core,Ours,25.48599999999999
19.584408307971348,3,100,8237,5,100,A1,HOSVD,18.86099999999999
1.1438516794373388,3,100,8237,5,100,A2,HOSVD,18.86099999999999
4.039898374351529,3,100,8237,5,100,A3,HOSVD,18.86099999999999
8.71173163501779,3,100,8237,5,100,core,HOSVD,18.86099999999999
19.691525641240435,3,100,8237,5,100,A1,HOOI,16.156999999999925
0.04964793528056629,3,100,8237,5,100,A2,HOOI,16.156999999999925
3.345503873836187,3,100,8237,5,100,A3,HOOI,16.156999999999925
10.232629400698082,3,100,8237,5,100,core,HOOI,16.156999999999925
95.38765896575762,3,100,8237,5,100,A1,Olga,12.656000000000063
4.111422556012683,3,100,8237,5,100,A2,Olga,12.656000000000063
4.002899408855301,3,100,8237,5,100,A3,Tracy,12.656000000000063
10.59062439776542,3,100,8237,5,100,core,Tracy_Olga,12.656000000000063
4.9364357988217575,3,100,1000,5,500,A1,NTD,29.543000000000006
4.2759192485455735,3,100,1000,5,500,A2,NTD,29.543000000000006
997.0029093594281,3,100,1000,5,500,A3,NTD,29.543000000000006
10.288281797942421,3,100,1000,5,500,core,NTD,29.543000000000006
11.06020028347137,3,100,1000,5,500,A1,Ours,1.2899999999999636
0.12255827228131393,3,100,1000,5,500,A2,Ours,1.2899999999999636
1.019536270230956,3,100,1000,5,500,A3,Ours,1.2899999999999636
9.100524706341355,3,100,1000,5,500,core,Ours,1.2899999999999636
11.06020028347137,3,100,1000,5,500,A1,HOSVD,2.0710000000000264
0.12255827228131393,3,100,1000,5,500,A2,HOSVD,2.0710000000000264
0.9958602476824352,3,100,1000,5,500,A3,HOSVD,2.0710000000000264
9.106174353852262,3,100,1000,5,500,core,HOSVD,2.0710000000000264
10.919465561281486,3,100,1000,5,500,A1,HOOI,2.241999999999962
0.20199502509794012,3,100,1000,5,500,A2,HOOI,2.241999999999962
1.0376812818937549,3,100,1000,5,500,A3,HOOI,2.241999999999962
12.570236992823022,3,100,1000,5,500,core,HOOI,2.241999999999962
10.101333505717038,3,100,1000,5,500,A1,Olga,1.7999999999999545
0.26393799859293876,3,100,1000,5,500,A2,Olga,1.7999999999999545
1.6381714134754708,3,100,1000,5,500,A3,Tracy,1.7999999999999545
12.49169586212712,3,100,1000,5,500,core,Tracy_Olga,1.7999999999999545
11.789784309363325,3,100,4911,5,500,A1,NTD,164.11400000000003
4.106250695601274,3,100,4911,5,500,A2,NTD,164.11400000000003
4908.1871023305175,3,100,4911,5,500,A3,NTD,164.11400000000003
10.253671092724588,3,100,4911,5,500,core,NTD,164.11400000000003
7.402798846567713,3,100,4911,5,500,A1,Ours,14.94399999999996
0.09585988238062718,3,100,4911,5,500,A2,Ours,14.94399999999996
5.146002495616608,3,100,4911,5,500,A3,Ours,14.94399999999996
9.968658645405506,3,100,4911,5,500,core,Ours,14.94399999999996
7.402798846567713,3,100,4911,5,500,A1,HOSVD,8.067999999999984
0.09585988238062718,3,100,4911,5,500,A2,HOSVD,8.067999999999984
2.5638112864833897,3,100,4911,5,500,A3,HOSVD,8.067999999999984
10.172075898725067,3,100,4911,5,500,core,HOSVD,8.067999999999984
7.412494825407622,3,100,4911,5,500,A1,HOOI,7.034999999999968
0.0824886007783388,3,100,4911,5,500,A2,HOOI,7.034999999999968
2.5730902999186327,3,100,4911,5,500,A3,HOOI,7.034999999999968
10.09434059768683,3,100,4911,5,500,core,HOOI,7.034999999999968
15.235682260845197,3,100,4911,5,500,A1,Olga,3.3870000000000573
0.3495371566424333,3,100,4911,5,500,A2,Olga,3.3870000000000573
2.8979577725818,3,100,4911,5,500,A3,Tracy,3.3870000000000573
12.622922010421913,3,100,4911,5,500,core,Tracy_Olga,3.3870000000000573
62.64960181968804,3,100,9620,5,500,A1,NTD,315.654
1.9111832926127255,3,100,9620,5,500,A2,NTD,315.654
9617.296123357726,3,100,9620,5,500,A3,NTD,315.654
13.423774172637374,3,100,9620,5,500,core,NTD,315.654
9.717693673200579,3,100,9620,5,500,A1,Ours,13.932999999999993
0.097447365560688,3,100,9620,5,500,A2,Ours,13.932999999999993
4.296357914257705,3,100,9620,5,500,A3,Ours,13.932999999999993
12.8360607942751,3,100,9620,5,500,core,Ours,13.932999999999993
9.717693673200579,3,100,9620,5,500,A1,HOSVD,4.615000000000009
0.097447365560688,3,100,9620,5,500,A2,HOSVD,4.615000000000009
2.594515126374512,3,100,9620,5,500,A3,HOSVD,4.615000000000009
12.037983502383211,3,100,9620,5,500,core,HOSVD,4.615000000000009
9.504535250128107,3,100,9620,5,500,A1,HOOI,16.76299999999992
0.06277466996542576,3,100,9620,5,500,A2,HOOI,16.76299999999992
2.606278061160413,3,100,9620,5,500,A3,HOOI,16.76299999999992
12.075714263900885,3,100,9620,5,500,core,HOOI,16.76299999999992
19.54046581397438,3,100,9620,5,500,A1,Olga,7.878999999999905
0.27288306982804006,3,100,9620,5,500,A2,Olga,7.878999999999905
2.9518541969862753,3,100,9620,5,500,A3,Tracy,7.878999999999905
12.693128512340001,3,100,9620,5,500,core,Tracy_Olga,7.878999999999905
3.9507662808490243,3,100,1000,5,1000,A1,NTD,28.730999999999995
2.224925685870469,3,100,1000,5,1000,A2,NTD,28.730999999999995
997.002862393962,3,100,1000,5,1000,A3,NTD,28.730999999999995
10.564537429251699,3,100,1000,5,1000,core,NTD,28.730999999999995
6.627954993324435,3,100,1000,5,1000,A1,Ours,4.748000000000047
0.050503320347842134,3,100,1000,5,1000,A2,Ours,4.748000000000047
0.53614316668865,3,100,1000,5,1000,A3,Ours,4.748000000000047
10.653098319336568,3,100,1000,5,1000,core,Ours,4.748000000000047
6.627954993324435,3,100,1000,5,1000,A1,HOSVD,3.867999999999938
0.050503320347842134,3,100,1000,5,1000,A2,HOSVD,3.867999999999938
0.5342019706051707,3,100,1000,5,1000,A3,HOSVD,3.867999999999938
10.642171599620054,3,100,1000,5,1000,core,HOSVD,3.867999999999938
6.699674081063804,3,100,1000,5,1000,A1,HOOI,4.098999999999933
0.061337988464622045,3,100,1000,5,1000,A2,HOOI,4.098999999999933
0.4724229091440067,3,100,1000,5,1000,A3,HOOI,4.098999999999933
10.628276017951213,3,100,1000,5,1000,core,HOOI,4.098999999999933
8.369193365267632,3,100,1000,5,1000,A1,Olga,2.633000000000038
0.21442292491797837,3,100,1000,5,1000,A2,Olga,2.633000000000038
1.427851428333661,3,100,1000,5,1000,A3,Tracy,2.633000000000038
12.659495160184091,3,100,1000,5,1000,core,Tracy_Olga,2.633000000000038
17.330662313698888,3,100,4962,5,1000,A1,NTD,157.37199999999984
3.19677794234949,3,100,4962,5,1000,A2,NTD,157.37199999999984
4959.126312634317,3,100,4962,5,1000,A3,NTD,157.37199999999984
9.158026774902439,3,100,4962,5,1000,core,NTD,157.37199999999984
9.816207387694012,3,100,4962,5,1000,A1,Ours,5.333000000000084
0.17053972788929356,3,100,4962,5,1000,A2,Ours,5.333000000000084
2.816543364634747,3,100,4962,5,1000,A3,Ours,5.333000000000084
9.964356388448984,3,100,4962,5,1000,core,Ours,5.333000000000084
9.816207387694012,3,100,4962,5,1000,A1,HOSVD,2.73700000000008
0.17053972788929356,3,100,4962,5,1000,A2,HOSVD,2.73700000000008
2.5592380118501636,3,100,4962,5,1000,A3,HOSVD,2.73700000000008
12.46971478021874,3,100,4962,5,1000,core,HOSVD,2.73700000000008
8.833575227323557,3,100,4962,5,1000,A1,HOOI,5.305999999999813
0.12083441282459202,3,100,4962,5,1000,A2,HOOI,5.305999999999813
2.564123665965218,3,100,4962,5,1000,A3,HOOI,5.305999999999813
12.253892770316208,3,100,4962,5,1000,core,HOOI,5.305999999999813
10.953855966480619,3,100,4962,5,1000,A1,Olga,2.964999999999918
0.05771275583688357,3,100,4962,5,1000,A2,Olga,2.964999999999918
2.8836408062068126,3,100,4962,5,1000,A3,Tracy,2.964999999999918
12.582425870340876,3,100,4962,5,1000,core,Tracy_Olga,2.964999999999918
68.65420506103821,3,100,9816,5,1000,A1,NTD,321.49800000000005
2.1064258098089006,3,100,9816,5,1000,A2,NTD,321.49800000000005
9813.20623260822,3,100,9816,5,1000,A3,NTD,321.49800000000005
11.67656462691713,3,100,9816,5,1000,core,NTD,321.49800000000005
4.709251092309781,3,100,9816,5,1000,A1,Ours,13.5
0.03770017915565539,3,100,9816,5,1000,A2,Ours,13.5
5.232459533096816,3,100,9816,5,1000,A3,Ours,13.5
10.785793069654295,3,100,9816,5,1000,core,Ours,13.5
4.709251092309781,3,100,9816,5,1000,A1,HOSVD,5.569999999999936
0.03770017915565539,3,100,9816,5,1000,A2,HOSVD,5.569999999999936
2.5666681383543954,3,100,9816,5,1000,A3,HOSVD,5.569999999999936
10.695006290353952,3,100,9816,5,1000,core,HOSVD,5.569999999999936
4.709259490647277,3,100,9816,5,1000,A1,HOOI,13.66800000000012
0.02942282045622778,3,100,9816,5,1000,A2,HOOI,13.66800000000012
2.574614513454574,3,100,9816,5,1000,A3,HOOI,13.66800000000012
10.682998825266813,3,100,9816,5,1000,core,HOOI,13.66800000000012
11.54004143510571,3,100,9816,5,1000,A1,Olga,12.008000000000038
0.17602381662877867,3,100,9816,5,1000,A2,Olga,12.008000000000038
2.9199086115644524,3,100,9816,5,1000,A3,Tracy,12.008000000000038
12.605796627491845,3,100,9816,5,1000,core,Tracy_Olga,12.008000000000038
5.443049743910223,3,100,1000,5,2500,A1,NTD,28.083000000000084
4.039518548742577,3,100,1000,5,2500,A2,NTD,28.083000000000084
997.0006194429944,3,100,1000,5,2500,A3,NTD,28.083000000000084
8.983140159706581,3,100,1000,5,2500,core,NTD,28.083000000000084
4.267317018836215,3,100,1000,5,2500,A1,Ours,3.522999999999911
0.00767521626871855,3,100,1000,5,2500,A2,Ours,3.522999999999911
0.36703429927456727,3,100,1000,5,2500,A3,Ours,3.522999999999911
8.2978860016782,3,100,1000,5,2500,core,Ours,3.522999999999911
4.267317018836215,3,100,1000,5,2500,A1,HOSVD,4.508000000000038
0.00767521626871855,3,100,1000,5,2500,A2,HOSVD,4.508000000000038
0.3661731213512524,3,100,1000,5,2500,A3,HOSVD,4.508000000000038
8.297009111189798,3,100,1000,5,2500,core,HOSVD,4.508000000000038
4.223498561482774,3,100,1000,5,2500,A1,HOOI,5.008000000000038
0.008405536553071443,3,100,1000,5,2500,A2,HOOI,5.008000000000038
0.3761564125925476,3,100,1000,5,2500,A3,HOOI,5.008000000000038
8.297241255894765,3,100,1000,5,2500,core,HOOI,5.008000000000038
3.913250648883147,3,100,1000,5,2500,A1,Olga,5.518000000000029
0.2034938580892237,3,100,1000,5,2500,A2,Olga,5.518000000000029
1.3835639266445896,3,100,1000,5,2500,A3,Tracy,5.518000000000029
8.30661384830174,3,100,1000,5,2500,core,Tracy_Olga,5.518000000000029
1.9726580075892168,3,100,4985,5,2500,A1,NTD,158.76299999999992
3.9828792176048227,3,100,4985,5,2500,A2,NTD,158.76299999999992
4982.067640542321,3,100,4985,5,2500,A3,NTD,158.76299999999992
11.088165937895582,3,100,4985,5,2500,core,NTD,158.76299999999992
4.924613411869447,3,100,4985,5,2500,A1,Ours,5.566000000000258
0.07844115900303904,3,100,4985,5,2500,A2,Ours,5.566000000000258
2.570627735389443,3,100,4985,5,2500,A3,Ours,5.566000000000258
12.077817931760952,3,100,4985,5,2500,core,Ours,5.566000000000258
4.924613411869447,3,100,4985,5,2500,A1,HOSVD,1.8550000000000182
0.07844115900303904,3,100,4985,5,2500,A2,HOSVD,1.8550000000000182
2.540043877552839,3,100,4985,5,2500,A3,HOSVD,1.8550000000000182
12.066069523430698,3,100,4985,5,2500,core,HOSVD,1.8550000000000182
4.892112567480511,3,100,4985,5,2500,A1,HOOI,4.4979999999995925
0.06820356747423097,3,100,4985,5,2500,A2,HOOI,4.4979999999995925
2.5427413949251085,3,100,4985,5,2500,A3,HOOI,4.4979999999995925
13.718902927514925,3,100,4985,5,2500,core,HOOI,4.4979999999995925
4.572485732379626,3,100,4985,5,2500,A1,Olga,2.8849999999997635
0.09820732873531235,3,100,4985,5,2500,A2,Olga,2.8849999999997635
2.8804339431373496,3,100,4985,5,2500,A3,Tracy,2.8849999999997635
11.678510630253808,3,100,4985,5,2500,core,Tracy_Olga,2.8849999999997635
4.06692575864158,3,100,9937,5,2500,A1,NTD,338.06899999999996
1.2865215948129516,3,100,9937,5,2500,A2,NTD,338.06899999999996
9934.104731209609,3,100,9937,5,2500,A3,NTD,338.06899999999996
9.68313169487734,3,100,9937,5,2500,core,NTD,338.06899999999996
4.6142112265011805,3,100,9937,5,2500,A1,Ours,13.661999999999807
0.06132158796464097,3,100,9937,5,2500,A2,Ours,13.661999999999807
2.6808317659421528,3,100,9937,5,2500,A3,Ours,13.661999999999807
11.958092990118113,3,100,9937,5,2500,core,Ours,13.661999999999807
4.6142112265011805,3,100,9937,5,2500,A1,HOSVD,3.8450000000002547
0.06132158796464097,3,100,9937,5,2500,A2,HOSVD,3.8450000000002547
2.558134019980182,3,100,9937,5,2500,A3,HOSVD,3.8450000000002547
11.828791569660059,3,100,9937,5,2500,core,HOSVD,3.8450000000002547
4.629536756281965,3,100,9937,5,2500,A1,HOOI,11.472000000000207
0.05746036048435673,3,100,9937,5,2500,A2,HOOI,11.472000000000207
2.561191430721299,3,100,9937,5,2500,A3,HOOI,11.472000000000207
10.761418890495962,3,100,9937,5,2500,core,HOOI,11.472000000000207
3.9333450824840552,3,100,9937,5,2500,A1,Olga,6.73700000000008
0.13839327732085177,3,100,9937,5,2500,A2,Olga,6.73700000000008
2.895547688245485,3,100,9937,5,2500,A3,Tracy,6.73700000000008
11.655137215401519,3,100,9937,5,2500,core,Tracy_Olga,6.73700000000008
5.008485300125376,3,100,1000,5,5000,A1,NTD,28.814000000000306
4.324180040173582,3,100,1000,5,5000,A2,NTD,28.814000000000306
997.0000944787865,3,100,1000,5,5000,A3,NTD,28.814000000000306
10.510096073368029,3,100,1000,5,5000,core,NTD,28.814000000000306
3.5248197787582223,3,100,1000,5,5000,A1,Ours,0.5419999999999163
0.007866277294419481,3,100,1000,5,5000,A2,Ours,0.5419999999999163
0.18607749828260006,3,100,1000,5,5000,A3,Ours,0.5419999999999163
10.593915905357484,3,100,1000,5,5000,core,Ours,0.5419999999999163
3.5248197787582223,3,100,1000,5,5000,A1,HOSVD,0.5360000000000582
0.007866277294419481,3,100,1000,5,5000,A2,HOSVD,0.5360000000000582
0.1859883054527528,3,100,1000,5,5000,A3,HOSVD,0.5360000000000582
10.593905188743072,3,100,1000,5,5000,core,HOSVD,0.5360000000000582
3.504506250666755,3,100,1000,5,5000,A1,HOOI,0.7770000000000437
0.009511261657647135,3,100,1000,5,5000,A2,HOOI,0.7770000000000437
0.18814148206414963,3,100,1000,5,5000,A3,HOOI,0.7770000000000437
10.592949614007356,3,100,1000,5,5000,core,HOOI,0.7770000000000437
3.8554153146817107,3,100,1000,5,5000,A1,Olga,0.887000000000171
0.06595764113601409,3,100,1000,5,5000,A2,Olga,0.887000000000171
1.3405298755755386,3,100,1000,5,5000,A3,Tracy,0.887000000000171
10.633009120186076,3,100,1000,5,5000,core,Tracy_Olga,0.887000000000171
1.8845990224066398,3,100,4994,5,5000,A1,NTD,162.1199999999999
3.9111445001178273,3,100,4994,5,5000,A2,NTD,162.1199999999999
4991.032704513753,3,100,4994,5,5000,A3,NTD,162.1199999999999
12.233748679680692,3,100,4994,5,5000,core,NTD,162.1199999999999
4.036850877630824,3,100,4994,5,5000,A1,Ours,5.1909999999998035
0.021387038595490654,3,100,4994,5,5000,A2,Ours,5.1909999999998035
2.4979874557462045,3,100,4994,5,5000,A3,Ours,5.1909999999998035
8.756337341953802,3,100,4994,5,5000,core,Ours,5.1909999999998035
4.036850877630824,3,100,4994,5,5000,A1,HOSVD,1.694999999999709
0.021387038595490654,3,100,4994,5,5000,A2,HOSVD,1.694999999999709
2.4888710922921473,3,100,4994,5,5000,A3,HOSVD,1.694999999999709
8.751180237589859,3,100,4994,5,5000,core,HOSVD,1.694999999999709
4.010915250701882,3,100,4994,5,5000,A1,HOOI,4.824000000000069
0.022143592459983534,3,100,4994,5,5000,A2,HOOI,4.824000000000069
2.4914887492566544,3,100,4994,5,5000,A3,HOOI,4.824000000000069
8.741214761477535,3,100,4994,5,5000,core,HOOI,4.824000000000069
3.2607941125234166,3,100,4994,5,5000,A1,Olga,2.6109999999998763
0.058113893699082014,3,100,4994,5,5000,A2,Olga,2.6109999999998763
2.897936920273655,3,100,4994,5,5000,A3,Tracy,2.6109999999998763
8.715398121144508,3,100,4994,5,5000,core,Tracy_Olga,2.6109999999998763
2.000488597337293,3,100,9970,5,5000,A1,NTD,337.5430000000001
2.91204300414402,3,100,9970,5,5000,A2,NTD,337.5430000000001
9967.065006719024,3,100,9970,5,5000,A3,NTD,337.5430000000001
12.955779878183822,3,100,9970,5,5000,core,NTD,337.5430000000001
3.856308610483863,3,100,9970,5,5000,A1,Ours,13.536000000000058
0.06353602478078374,3,100,9970,5,5000,A2,Ours,13.536000000000058
2.5564011781092044,3,100,9970,5,5000,A3,Ours,13.536000000000058
9.869051188804233,3,100,9970,5,5000,core,Ours,13.536000000000058
3.856308610483863,3,100,9970,5,5000,A1,HOSVD,3.244999999999891
0.06353602478078374,3,100,9970,5,5000,A2,HOSVD,3.244999999999891
2.5264140764084178,3,100,9970,5,5000,A3,HOSVD,3.244999999999891
9.88701948073166,3,100,9970,5,5000,core,HOSVD,3.244999999999891
3.8528403660164425,3,100,9970,5,5000,A1,HOOI,11.33199999999988
0.053841312248018,3,100,9970,5,5000,A2,HOOI,11.33199999999988
2.531862971961108,3,100,9970,5,5000,A3,HOOI,11.33199999999988
8.690160240540587,3,100,9970,5,5000,core,HOOI,11.33199999999988
2.891103841507393,3,100,9970,5,5000,A1,Olga,6.705999999999676
0.07268248852253567,3,100,9970,5,5000,A2,Olga,6.705999999999676
2.870288533462062,3,100,9970,5,5000,A3,Tracy,6.705999999999676
11.640867952839368,3,100,9970,5,5000,core,Tracy_Olga,6.705999999999676
2.0325605825666533,3,100,1000,5,6000,A1,NTD,28.496000000000095
4.572960570204584,3,100,1000,5,6000,A2,NTD,28.496000000000095
997.0002304895455,3,100,1000,5,6000,A3,NTD,28.496000000000095
10.439953620613128,3,100,1000,5,6000,core,NTD,28.496000000000095
2.7828213766167114,3,100,1000,5,6000,A1,Ours,0.6520000000000437
0.03133815800880721,3,100,1000,5,6000,A2,Ours,0.6520000000000437
0.0907899046319246,3,100,1000,5,6000,A3,Ours,0.6520000000000437
8.608787719241393,3,100,1000,5,6000,core,Ours,0.6520000000000437
2.7828213766167114,3,100,1000,5,6000,A1,HOSVD,0.7240000000001601
0.03133815800880721,3,100,1000,5,6000,A2,HOSVD,0.7240000000001601
0.09062349454336412,3,100,1000,5,6000,A3,HOSVD,0.7240000000001601
8.608702523074662,3,100,1000,5,6000,core,HOSVD,0.7240000000001601
2.749713843265513,3,100,1000,5,6000,A1,HOOI,0.7830000000003565
0.024279462456566533,3,100,1000,5,6000,A2,HOOI,0.7830000000003565
0.09016675023213483,3,100,1000,5,6000,A3,HOOI,0.7830000000003565
8.608198410313639,3,100,1000,5,6000,core,HOOI,0.7830000000003565
2.6220924414271307,3,100,1000,5,6000,A1,Olga,0.4610000000002401
0.056301326495525536,3,100,1000,5,6000,A2,Olga,0.4610000000002401
1.3072172562003752,3,100,1000,5,6000,A3,Tracy,0.4610000000002401
8.56722155270537,3,100,1000,5,6000,core,Tracy_Olga,0.4610000000002401
1.9750039755078097,3,100,4994,5,6000,A1,NTD,155.712
0.034466161529560294,3,100,4994,5,6000,A2,NTD,155.712
4991.034609575719,3,100,4994,5,6000,A3,NTD,155.712
9.218525152655646,3,100,4994,5,6000,core,NTD,155.712
3.02105458457201,3,100,4994,5,6000,A1,Ours,4.967999999999847
0.056388179322780264,3,100,4994,5,6000,A2,Ours,4.967999999999847
2.490548501567421,3,100,4994,5,6000,A3,Ours,4.967999999999847
10.662607100759635,3,100,4994,5,6000,core,Ours,4.967999999999847
3.02105458457201,3,100,4994,5,6000,A1,HOSVD,1.669999999999618
0.056388179322780264,3,100,4994,5,6000,A2,HOSVD,1.669999999999618
2.484043831195526,3,100,4994,5,6000,A3,HOSVD,1.669999999999618
10.665109308923828,3,100,4994,5,6000,core,HOSVD,1.669999999999618
3.0340679855451587,3,100,4994,5,6000,A1,HOOI,4.275000000000091
0.04901219806310406,3,100,4994,5,6000,A2,HOOI,4.275000000000091
2.4883065544386054,3,100,4994,5,6000,A3,HOOI,4.275000000000091
8.77287031659344,3,100,4994,5,6000,core,HOOI,4.275000000000091
1.9942510833766642,3,100,4994,5,6000,A1,Olga,2.5300000000002
0.12404901609386286,3,100,4994,5,6000,A2,Olga,2.5300000000002
2.938247562157931,3,100,4994,5,6000,A3,Tracy,2.5300000000002
8.748954522744404,3,100,4994,5,6000,core,Tracy_Olga,2.5300000000002
2.2563580264447394,3,100,9970,5,6000,A1,NTD,320.7329999999997
3.911124243580884,3,100,9970,5,6000,A2,NTD,320.7329999999997
9967.052138655901,3,100,9970,5,6000,A3,NTD,320.7329999999997
9.943824746700956,3,100,9970,5,6000,core,NTD,320.7329999999997
3.3372500354182355,3,100,9970,5,6000,A1,Ours,13.014000000000124
0.043368945146184175,3,100,9970,5,6000,A2,Ours,13.014000000000124
2.5457318802021316,3,100,9970,5,6000,A3,Ours,13.014000000000124
8.592792941863463,3,100,9970,5,6000,core,Ours,13.014000000000124
3.3372500354182355,3,100,9970,5,6000,A1,HOSVD,3.480000000000018
0.043368945146184175,3,100,9970,5,6000,A2,HOSVD,3.480000000000018
2.5248131511879492,3,100,9970,5,6000,A3,HOSVD,3.480000000000018
8.57611326279191,3,100,9970,5,6000,core,HOSVD,3.480000000000018
3.3469462109034396,3,100,9970,5,6000,A1,HOOI,11.251000000000204
0.05047774804144247,3,100,9970,5,6000,A2,HOOI,11.251000000000204
2.5262168075787916,3,100,9970,5,6000,A3,HOOI,11.251000000000204
8.596036167201063,3,100,9970,5,6000,core,HOOI,11.251000000000204
3.4596989274983794,3,100,9970,5,6000,A1,Olga,6.342999999999847
0.099342976918420145,3,100,9970,5,6000,A2,Olga,6.342999999999847
2.873798188957502,3,100,9970,5,6000,A3,Tracy,6.342999999999847
10.706355636974545,3,100,9970,5,6000,core,Tracy_Olga,6.342999999999847
3.4065390384869594,3,100,1000,5,7000,A1,NTD,28.585000000000036
0.3061537954652051,3,100,1000,5,7000,A2,NTD,28.585000000000036
997.000069625907,3,100,1000,5,7000,A3,NTD,28.585000000000036
12.135089404114808,3,100,1000,5,7000,core,NTD,28.585000000000036
1.7676712710685163,3,100,1000,5,7000,A1,Ours,0.9050000000002001
0.043484851627758135,3,100,1000,5,7000,A2,Ours,0.9050000000002001
0.09242652272792763,3,100,1000,5,7000,A3,Ours,0.9050000000002001
10.703539992740321,3,100,1000,5,7000,core,Ours,0.9050000000002001
1.7676712710685163,3,100,1000,5,7000,A1,HOSVD,0.6929999999997563
0.043484851627758135,3,100,1000,5,7000,A2,HOSVD,0.6929999999997563
0.09236016603052168,3,100,1000,5,7000,A3,HOSVD,0.6929999999997563
10.703380553367607,3,100,1000,5,7000,core,HOSVD,0.6929999999997563
1.7611679122210877,3,100,1000,5,7000,A1,HOOI,0.9969999999998436
0.04154704535043307,3,100,1000,5,7000,A2,HOOI,0.9969999999998436
0.09074254556043103,3,100,1000,5,7000,A3,HOOI,0.9969999999998436
10.705193672504269,3,100,1000,5,7000,core,HOOI,0.9969999999998436
2.379405764111364,3,100,1000,5,7000,A1,Olga,0.8260000000000218
0.03290987302057841,3,100,1000,5,7000,A2,Olga,0.8260000000000218
1.3034426100499983,3,100,1000,5,7000,A3,Tracy,0.8260000000000218
10.662208392275412,3,100,1000,5,7000,core,Tracy_Olga,0.8260000000000218
2.333804679638255,3,100,4994,5,7000,A1,NTD,156.91499999999996
0.0857562724693075,3,100,4994,5,7000,A2,NTD,156.91499999999996
4991.026967906527,3,100,4994,5,7000,A3,NTD,156.91499999999996
10.660380858456563,3,100,4994,5,7000,core,NTD,156.91499999999996
4.29826502548201,3,100,4994,5,7000,A1,Ours,16.342999999999847
0.04995373105734255,3,100,4994,5,7000,A2,Ours,16.342999999999847
2.5397874772501496,3,100,4994,5,7000,A3,Ours,16.342999999999847
11.978358061984693,3,100,4994,5,7000,core,Ours,16.342999999999847
4.29826502548201,3,100,4994,5,7000,A1,HOSVD,13.861999999999625
0.04995373105734255,3,100,4994,5,7000,A2,HOSVD,13.861999999999625
2.538062634367697,3,100,4994,5,7000,A3,HOSVD,13.861999999999625
11.96982445439471,3,100,4994,5,7000,core,HOSVD,13.861999999999625
4.28522411760295,3,100,4994,5,7000,A1,HOOI,12.16800000000012
0.047603181218335275,3,100,4994,5,7000,A2,HOOI,12.16800000000012
2.534813359699193,3,100,4994,5,7000,A3,HOOI,12.16800000000012
11.959142184747245,3,100,4994,5,7000,core,HOOI,12.16800000000012
2.5686015533824365,3,100,4994,5,7000,A1,Olga,12.670000000000073
0.09351403541955722,3,100,4994,5,7000,A2,Olga,12.670000000000073
2.9709356210170275,3,100,4994,5,7000,A3,Tracy,12.670000000000073
10.364157760334024,3,100,4994,5,7000,core,Tracy_Olga,12.670000000000073
1.7967744276329083,3,100,9975,5,7000,A1,NTD,336.7430000000004
3.601151304866979,3,100,9975,5,7000,A2,NTD,336.7430000000004
9972.04918381866,3,100,9975,5,7000,A3,NTD,336.7430000000004
9.082663525635647,3,100,9975,5,7000,core,NTD,336.7430000000004
2.5459333727005964,3,100,9975,5,7000,A1,Ours,14.25500000000011
0.03123773652023866,3,100,9975,5,7000,A2,Ours,14.25500000000011
2.549468584284208,3,100,9975,5,7000,A3,Ours,14.25500000000011
8.64955687118883,3,100,9975,5,7000,core,Ours,14.25500000000011
2.5459333727005964,3,100,9975,5,7000,A1,HOSVD,3.729000000000269
0.03123773652023866,3,100,9975,5,7000,A2,HOSVD,3.729000000000269
2.5340746259740183,3,100,9975,5,7000,A3,HOSVD,3.729000000000269
8.63630650484922,3,100,9975,5,7000,core,HOSVD,3.729000000000269
2.561883767993714,3,100,9975,5,7000,A1,HOOI,11.640000000000327
0.041158962428919366,3,100,9975,5,7000,A2,HOOI,11.640000000000327
2.536895729016047,3,100,9975,5,7000,A3,HOOI,11.640000000000327
8.639754874595031,3,100,9975,5,7000,core,HOOI,11.640000000000327
2.2609464141604945,3,100,9975,5,7000,A1,Olga,6.726999999999862
0.12244232842127457,3,100,9975,5,7000,A2,Olga,6.726999999999862
2.877002808931577,3,100,9975,5,7000,A3,Tracy,6.726999999999862
10.724810572779948,3,100,9975,5,7000,core,Tracy_Olga,6.726999999999862
2.9423516281621116,3,100,1000,5,8000,A1,NTD,28.452000000000226
3.328606712035677,3,100,1000,5,8000,A2,NTD,28.452000000000226
997.0000514848441,3,100,1000,5,8000,A3,NTD,28.452000000000226
13.568842644255183,3,100,1000,5,8000,core,NTD,28.452000000000226
2.0528421194610913,3,100,1000,5,8000,A1,Ours,0.7200000000002547
0.019534055365998042,3,100,1000,5,8000,A2,Ours,0.7200000000002547
0.231012555343401,3,100,1000,5,8000,A3,Ours,0.7200000000002547
10.721495377556797,3,100,1000,5,8000,core,Ours,0.7200000000002547
2.0528421194610913,3,100,1000,5,8000,A1,HOSVD,0.5299999999997453
0.019534055365998042,3,100,1000,5,8000,A2,HOSVD,0.5299999999997453
0.23099805909849289,3,100,1000,5,8000,A3,HOSVD,0.5299999999997453
10.721496876817952,3,100,1000,5,8000,core,HOSVD,0.5299999999997453
2.048190551177906,3,100,1000,5,8000,A1,HOOI,0.9229999999997744
0.021802691294420154,3,100,1000,5,8000,A2,HOOI,0.9229999999997744
0.23120001044721705,3,100,1000,5,8000,A3,HOOI,0.9229999999997744
10.722453339014352,3,100,1000,5,8000,core,HOOI,0.9229999999997744
2.2180225870205064,3,100,1000,5,8000,A1,Olga,0.7470000000002983
0.019463198296316986,3,100,1000,5,8000,A2,Olga,0.7470000000002983
1.4016604714683438,3,100,1000,5,8000,A3,Tracy,0.7470000000002983
10.231177294225827,3,100,1000,5,8000,core,Tracy_Olga,0.7470000000002983
2.3463766656624383,3,100,4997,5,8000,A1,NTD,158.23300000000017
4.2764772667292394,3,100,4997,5,8000,A2,NTD,158.23300000000017
4994.024577215247,3,100,4997,5,8000,A3,NTD,158.23300000000017
14.417975310803783,3,100,4997,5,8000,core,NTD,158.23300000000017
2.650411690502117,3,100,4997,5,8000,A1,Ours,5.073999999999614
0.0037914585542582063,3,100,4997,5,8000,A2,Ours,5.073999999999614
2.5100785526605,3,100,4997,5,8000,A3,Ours,5.073999999999614
8.620776144919159,3,100,4997,5,8000,core,Ours,5.073999999999614
2.650411690502117,3,100,4997,5,8000,A1,HOSVD,2.9659999999994398
0.0037914585542582063,3,100,4997,5,8000,A2,HOSVD,2.9659999999994398
2.5071688498005273,3,100,4997,5,8000,A3,HOSVD,2.9659999999994398
8.618326177591824,3,100,4997,5,8000,core,HOSVD,2.9659999999994398
2.6573366651381756,3,100,4997,5,8000,A1,HOOI,4.560999999999694
0.00470281528950562,3,100,4997,5,8000,A2,HOOI,4.560999999999694
2.505464822110313,3,100,4997,5,8000,A3,HOOI,4.560999999999694
8.608984529223267,3,100,4997,5,8000,core,HOOI,4.560999999999694
2.1247712596542923,3,100,4997,5,8000,A1,Olga,2.688000000000102
0.05539165122614523,3,100,4997,5,8000,A2,Olga,2.688000000000102
2.85161372870992,3,100,4997,5,8000,A3,Tracy,2.688000000000102
11.688600770440404,3,100,4997,5,8000,core,Tracy_Olga,2.688000000000102
1.8898076553775358,3,100,9981,5,8000,A1,NTD,330.0100000000002
0.1010934265713266,3,100,9981,5,8000,A2,NTD,330.0100000000002
9978.043858136178,3,100,9981,5,8000,A3,NTD,330.0100000000002
11.452162170408648,3,100,9981,5,8000,core,NTD,330.0100000000002
2.734159562707779,3,100,9981,5,8000,A1,Ours,13.929000000000087
0.021988072465649242,3,100,9981,5,8000,A2,Ours,13.929000000000087
2.54697731948069,3,100,9981,5,8000,A3,Ours,13.929000000000087
10.716098168287763,3,100,9981,5,8000,core,Ours,13.929000000000087
2.734159562707779,3,100,9981,5,8000,A1,HOSVD,3.4880000000002838
0.021988072465649242,3,100,9981,5,8000,A2,HOSVD,3.4880000000002838
2.5351363253232524,3,100,9981,5,8000,A3,HOSVD,3.4880000000002838
10.71557851393651,3,100,9981,5,8000,core,HOSVD,3.4880000000002838
2.7623509789379583,3,100,9981,5,8000,A1,HOOI,11.243999999999687
0.04597342767631921,3,100,9981,5,8000,A2,HOOI,11.243999999999687
2.5370141412340708,3,100,9981,5,8000,A3,HOOI,11.243999999999687
10.71575974131949,3,100,9981,5,8000,core,HOOI,11.243999999999687
2.027793009310705,3,100,9981,5,8000,A1,Olga,6.3859999999995125
0.020789849445721726,3,100,9981,5,8000,A2,Olga,6.3859999999995125
2.873419707708565,3,100,9981,5,8000,A3,Tracy,6.3859999999995125
10.710900975115019,3,100,9981,5,8000,core,Tracy_Olga,6.3859999999995125
2.7041592539637245,3,100,1000,5,9000,A1,NTD,28.34599999999955
2.664199150502346,3,100,1000,5,9000,A2,NTD,28.34599999999955
997.0001026381312,3,100,1000,5,9000,A3,NTD,28.34599999999955
12.800127414298656,3,100,1000,5,9000,core,NTD,28.34599999999955
2.2640178974398797,3,100,1000,5,9000,A1,Ours,0.6900000000005093
0.013233057862768946,3,100,1000,5,9000,A2,Ours,0.6900000000005093
0.06655887945220575,3,100,1000,5,9000,A3,Ours,0.6900000000005093
8.59304153480328,3,100,1000,5,9000,core,Ours,0.6900000000005093
2.2640178974398797,3,100,1000,5,9000,A1,HOSVD,0.40499999999974534
0.013233057862768946,3,100,1000,5,9000,A2,HOSVD,0.40499999999974534
0.06655562543953433,3,100,1000,5,9000,A3,HOSVD,0.40499999999974534
8.593023239483124,3,100,1000,5,9000,core,HOSVD,0.40499999999974534
2.2670100800936295,3,100,1000,5,9000,A1,HOOI,0.7110000000002401
0.01086576357224757,3,100,1000,5,9000,A2,HOOI,0.7110000000002401
0.06663225428577202,3,100,1000,5,9000,A3,HOOI,0.7110000000002401
8.593230545445058,3,100,1000,5,9000,core,HOOI,0.7110000000002401
1.670447976074379,3,100,1000,5,9000,A1,Olga,0.4609999999993306
0.048519856422374295,3,100,1000,5,9000,A2,Olga,0.4609999999993306
1.302941423891248,3,100,1000,5,9000,A3,Tracy,0.4609999999993306
10.733619685445204,3,100,1000,5,9000,core,Tracy_Olga,0.4609999999993306
2.047188468581977,3,100,4998,5,9000,A1,NTD,155.2510000000002
2.7895544966602888,3,100,4998,5,9000,A2,NTD,155.2510000000002
4995.025454315111,3,100,4998,5,9000,A3,NTD,155.2510000000002
12.800586113611882,3,100,4998,5,9000,core,NTD,155.2510000000002
2.220296609839976,3,100,4998,5,9000,A1,Ours,4.652000000000044
0.009651925911945223,3,100,4998,5,9000,A2,Ours,4.652000000000044
2.4427651415947165,3,100,4998,5,9000,A3,Ours,4.652000000000044
10.669851618621133,3,100,4998,5,9000,core,Ours,4.652000000000044
2.220296609839976,3,100,4998,5,9000,A1,HOSVD,2.0359999999991487
0.009651925911945223,3,100,4998,5,9000,A2,HOSVD,2.0359999999991487
2.439457753395555,3,100,4998,5,9000,A3,HOSVD,2.0359999999991487
10.66991368019249,3,100,4998,5,9000,core,HOSVD,2.0359999999991487
2.22859737570273,3,100,4998,5,9000,A1,HOOI,4.766000000000531
0.009041950567169938,3,100,4998,5,9000,A2,HOOI,4.766000000000531
2.4420200897947772,3,100,4998,5,9000,A3,HOOI,4.766000000000531
10.676663464433972,3,100,4998,5,9000,core,HOOI,4.766000000000531
2.492122200239885,3,100,4998,5,9000,A1,Olga,2.545999999999367
0.031405745593278044,3,100,4998,5,9000,A2,Olga,2.545999999999367
2.945904508358852,3,100,4998,5,9000,A3,Tracy,2.545999999999367
10.65326118290141,3,100,4998,5,9000,core,Tracy_Olga,2.545999999999367
3.8950152608937114,3,100,9980,5,9000,A1,NTD,332.7610000000004
3.2939777709869196,3,100,9980,5,9000,A2,NTD,332.7610000000004
9977.03942371025,3,100,9980,5,9000,A3,NTD,332.7610000000004
12.276771616767617,3,100,9980,5,9000,core,NTD,332.7610000000004
2.4454002385685305,3,100,9980,5,9000,A1,Ours,13.54700000000048
0.003562210158492763,3,100,9980,5,9000,A2,Ours,13.54700000000048
2.509107530977467,3,100,9980,5,9000,A3,Ours,13.54700000000048
10.833273548973327,3,100,9980,5,9000,core,Ours,13.54700000000048
2.4454002385685305,3,100,9980,5,9000,A1,HOSVD,3.407000000000153
0.003562210158492763,3,100,9980,5,9000,A2,HOSVD,3.407000000000153
2.499078930871726,3,100,9980,5,9000,A3,HOSVD,3.407000000000153
10.832691708096702,3,100,9980,5,9000,core,HOSVD,3.407000000000153
2.458739266756672,3,100,9980,5,9000,A1,HOOI,10.020000000000437
0.004856228723171109,3,100,9980,5,9000,A2,HOOI,10.020000000000437
2.498752870010044,3,100,9980,5,9000,A3,HOOI,10.020000000000437
10.833110116220457,3,100,9980,5,9000,core,HOOI,10.020000000000437
2.0502638633470225,3,100,9980,5,9000,A1,Olga,7.1929999999993015
0.01696488062085475,3,100,9980,5,9000,A2,Olga,7.1929999999993015
2.897814199715136,3,100,9980,5,9000,A3,Tracy,7.1929999999993015
10.822286760386204,3,100,9980,5,9000,core,Tracy_Olga,7.1929999999993015
3.1394830105738696,3,100,1000,5,10000,A1,NTD,28.05200000000059
3.647106614493398,3,100,1000,5,10000,A2,NTD,28.05200000000059
997.0000766911744,3,100,1000,5,10000,A3,NTD,28.05200000000059
10.58801653567791,3,100,1000,5,10000,core,NTD,28.05200000000059
1.9807761856841324,3,100,1000,5,10000,A1,Ours,0.49499999999989086
0.045830528762795385,3,100,1000,5,10000,A2,Ours,0.49499999999989086
0.13723142483559328,3,100,1000,5,10000,A3,Ours,0.49499999999989086
10.677233974934115,3,100,1000,5,10000,core,Ours,0.49499999999989086
1.9807761856841324,3,100,1000,5,10000,A1,HOSVD,0.43699999999989814
0.045830528762795385,3,100,1000,5,10000,A2,HOSVD,0.43699999999989814
0.13723270031589468,3,100,1000,5,10000,A3,HOSVD,0.43699999999989814
10.677232929187756,3,100,1000,5,10000,core,HOSVD,0.43699999999989814
1.9834757558891043,3,100,1000,5,10000,A1,HOOI,1.0029999999997017
0.03865040208739564,3,100,1000,5,10000,A2,HOOI,1.0029999999997017
0.13776055074462182,3,100,1000,5,10000,A3,HOOI,1.0029999999997017
10.676214514039733,3,100,1000,5,10000,core,HOOI,1.0029999999997017
2.038999197490951,3,100,1000,5,10000,A1,Olga,0.6539999999995416
0.018330081147851188,3,100,1000,5,10000,A2,Olga,0.6539999999995416
1.3136343921206122,3,100,1000,5,10000,A3,Tracy,0.6539999999995416
10.711943240190504,3,100,1000,5,10000,core,Tracy_Olga,0.6539999999995416
8.389413591613236,3,100,4999,5,10000,A1,NTD,158.39900000000034
0.9124453529573239,3,100,4999,5,10000,A2,NTD,158.39900000000034
4996.016990962161,3,100,4999,5,10000,A3,NTD,158.39900000000034
9.610195658291097,3,100,4999,5,10000,core,NTD,158.39900000000034
2.2436996103857787,3,100,4999,5,10000,A1,Ours,5.014000000000124
0.00898896811801396,3,100,4999,5,10000,A2,Ours,5.014000000000124
2.5195757613816316,3,100,4999,5,10000,A3,Ours,5.014000000000124
10.806786427479597,3,100,4999,5,10000,core,Ours,5.014000000000124
2.2436996103857787,3,100,4999,5,10000,A1,HOSVD,1.7490000000007058
0.00898896811801396,3,100,4999,5,10000,A2,HOSVD,1.7490000000007058
2.5175046648076793,3,100,4999,5,10000,A3,HOSVD,1.7490000000007058
10.80667475707495,3,100,4999,5,10000,core,HOSVD,1.7490000000007058
2.2394088537984786,3,100,4999,5,10000,A1,HOOI,4.511000000000422
0.008358180411109056,3,100,4999,5,10000,A2,HOOI,4.511000000000422
2.5181221117303094,3,100,4999,5,10000,A3,HOOI,4.511000000000422
10.803559190855157,3,100,4999,5,10000,core,HOOI,4.511000000000422
1.986662113918614,3,100,4999,5,10000,A1,Olga,2.746999999999389
0.02242760102682445,3,100,4999,5,10000,A2,Olga,2.746999999999389
2.898950236821676,3,100,4999,5,10000,A3,Tracy,2.746999999999389
10.772724475162786,3,100,4999,5,10000,core,Tracy_Olga,2.746999999999389
5.009381138841241,3,100,9982,5,10000,A1,NTD,333.90499999999975
4.276161666713206,3,100,9982,5,10000,A2,NTD,333.90499999999975
9979.044005371672,3,100,9982,5,10000,A3,NTD,333.90499999999975
14.389951447549585,3,100,9982,5,10000,core,NTD,333.90499999999975
2.0927633877413365,3,100,9982,5,10000,A1,Ours,12.438000000000102
0.025324129536276295,3,100,9982,5,10000,A2,Ours,12.438000000000102
2.533096979815878,3,100,9982,5,10000,A3,Ours,12.438000000000102
10.706624805667362,3,100,9982,5,10000,core,Ours,12.438000000000102
2.0927633877413365,3,100,9982,5,10000,A1,HOSVD,3.0029999999997017
0.025324129536276295,3,100,9982,5,10000,A2,HOSVD,3.0029999999997017
2.5255779057416436,3,100,9982,5,10000,A3,HOSVD,3.0029999999997017
10.706362762883725,3,100,9982,5,10000,core,HOSVD,3.0029999999997017
2.093509530844207,3,100,9982,5,10000,A1,HOOI,10.756999999999607
0.0213025446145575,3,100,9982,5,10000,A2,HOOI,10.756999999999607
2.994726480442899,3,100,9982,5,10000,A3,HOOI,10.756999999999607
9.868718570993819,3,100,9982,5,10000,core,HOOI,10.756999999999607
1.8504860516714263,3,100,9982,5,10000,A1,Olga,5.837999999999738
0.055379224206269506,3,100,9982,5,10000,A2,Olga,5.837999999999738
2.8747065295256085,3,100,9982,5,10000,A3,Tracy,5.837999999999738
10.733625353044923,3,100,9982,5,10000,core,Tracy_Olga,5.837999999999738
