error,K,Q1,R,Q2,M,mode,method,time
47.16613268971844,3,100,986,5,100,A1,NTD,41.863
3.978171284335164,3,100,986,5,100,A2,NTD,41.863
983.2770974392733,3,100,986,5,100,A3,NTD,41.863
11.995385542513816,3,100,986,5,100,core,NTD,41.863
11.62613211210313,3,100,986,5,100,A1,Ours,8.326
0.08784821362309049,3,100,986,5,100,A2,Ours,8.326
3.2609245548750163,3,100,986,5,100,A3,Ours,8.326
10.2765152843618,3,100,986,5,100,core,Ours,8.326
11.62613211210313,3,100,986,5,100,A1,HOSVD,5.6469999999999985
0.08784821362309049,3,100,986,5,100,A2,HOSVD,5.6469999999999985
2.5659170596576626,3,100,986,5,100,A3,HOSVD,5.6469999999999985
14.334280144660333,3,100,986,5,100,core,HOSVD,5.6469999999999985
12.788627667147738,3,100,986,5,100,A1,HOOI,3.878
0.085715695083042,3,100,986,5,100,A2,HOOI,3.878
2.6100643804359662,3,100,986,5,100,A3,HOOI,3.878
14.109472775025601,3,100,986,5,100,core,HOOI,3.878
20.132296712176615,3,100,986,5,100,A1,Olga,0.9979999999999905
0.45123310995911126,3,100,986,5,100,A2,Olga,0.9979999999999905
2.8208971740443243,3,100,986,5,100,A3,Tracy,0.9979999999999905
12.361746287289368,3,100,986,5,100,core,Tracy_Olga,0.9979999999999905
92.60443748490746,3,100,4551,5,100,A1,NTD,170.175
2.042220564642412,3,100,4551,5,100,A2,NTD,170.175
4548.454934545523,3,100,4551,5,100,A3,NTD,170.175
9.261108660816177,3,100,4551,5,100,core,NTD,170.175
11.980109360671948,3,100,4551,5,100,A1,Ours,19.282999999999987
0.05912778556740598,3,100,4551,5,100,A2,Ours,19.282999999999987
4.662010142360853,3,100,4551,5,100,A3,Ours,19.282999999999987
13.081750968466373,3,100,4551,5,100,core,Ours,19.282999999999987
11.980109360671948,3,100,4551,5,100,A1,HOSVD,17.65700000000004
0.05912778556740598,3,100,4551,5,100,A2,HOSVD,17.65700000000004
2.708165282154665,3,100,4551,5,100,A3,HOSVD,17.65700000000004
13.979465211321427,3,100,4551,5,100,core,HOSVD,17.65700000000004
11.969260430107035,3,100,4551,5,100,A1,HOOI,15.850999999999999
0.08668214422791194,3,100,4551,5,100,A2,HOOI,15.850999999999999
4.169628281908046,3,100,4551,5,100,A3,HOOI,15.850999999999999
8.443414890392699,3,100,4551,5,100,core,HOOI,15.850999999999999
53.48625912775286,3,100,4551,5,100,A1,Olga,2.247000000000014
0.9180898867558757,3,100,4551,5,100,A2,Olga,2.247000000000014
3.0746813607075185,3,100,4551,5,100,A3,Tracy,2.247000000000014
14.957861230461704,3,100,4551,5,100,core,Tracy_Olga,2.247000000000014
113.0648095963592,3,100,8248,5,100,A1,NTD,286.29600000000005
4.042194620614513,3,100,8248,5,100,A2,NTD,286.29600000000005
8245.63100073694,3,100,8248,5,100,A3,NTD,286.29600000000005
10.586960909271504,3,100,8248,5,100,core,NTD,286.29600000000005
10.754978867446093,3,100,8248,5,100,A1,Ours,29.591000000000008
0.08159395902718264,3,100,8248,5,100,A2,Ours,29.591000000000008
4.975241427978511,3,100,8248,5,100,A3,Ours,29.591000000000008
11.890232144828841,3,100,8248,5,100,core,Ours,29.591000000000008
10.754978867446093,3,100,8248,5,100,A1,HOSVD,16.742999999999938
0.08159395902718264,3,100,8248,5,100,A2,HOSVD,16.742999999999938
3.9635624537845344,3,100,8248,5,100,A3,HOSVD,16.742999999999938
9.22352430126564,3,100,8248,5,100,core,HOSVD,16.742999999999938
10.942408877206097,3,100,8248,5,100,A1,HOOI,18.882999999999925
0.10414163058306104,3,100,8248,5,100,A2,HOOI,18.882999999999925
3.981197666998796,3,100,8248,5,100,A3,HOOI,18.882999999999925
9.938046008375979,3,100,8248,5,100,core,HOOI,18.882999999999925
3.0008401764614256,3,100,1000,5,500,A1,NTD,28.234000000000037
1.1548417717213308,3,100,1000,5,500,A2,NTD,28.234000000000037
997.0052135142884,3,100,1000,5,500,A3,NTD,28.234000000000037
13.432706675622077,3,100,1000,5,500,core,NTD,28.234000000000037
8.109913728536837,3,100,1000,5,500,A1,Ours,1.608000000000061
0.018764872808381836,3,100,1000,5,500,A2,Ours,1.608000000000061
1.0451420051535234,3,100,1000,5,500,A3,Ours,1.608000000000061
14.504265516947807,3,100,1000,5,500,core,Ours,1.608000000000061
8.109913728536837,3,100,1000,5,500,A1,HOSVD,1.7950000000000728
0.018764872808381836,3,100,1000,5,500,A2,HOSVD,1.7950000000000728
1.0210388817709128,3,100,1000,5,500,A3,HOSVD,1.7950000000000728
14.50635391053307,3,100,1000,5,500,core,HOSVD,1.7950000000000728
8.192648750323436,3,100,1000,5,500,A1,HOOI,1.9809999999999945
0.019402657375905054,3,100,1000,5,500,A2,HOOI,1.9809999999999945
1.0099062489583985,3,100,1000,5,500,A3,HOOI,1.9809999999999945
14.506479300264425,3,100,1000,5,500,core,HOOI,1.9809999999999945
6.490944242752256,3,100,1000,5,500,A1,Olga,0.6899999999999409
0.04916817165957843,3,100,1000,5,500,A2,Olga,0.6899999999999409
1.6487218675970081,3,100,1000,5,500,A3,Tracy,0.6899999999999409
12.749912526375303,3,100,1000,5,500,core,Tracy_Olga,0.6899999999999409
4.220055713867634,3,100,4909,5,500,A1,NTD,166.85300000000007
2.0383547161568702,3,100,4909,5,500,A2,NTD,166.85300000000007
4906.287498019127,3,100,4909,5,500,A3,NTD,166.85300000000007
10.347061921429969,3,100,4909,5,500,core,NTD,166.85300000000007
6.044067739718879,3,100,4909,5,500,A1,Ours,14.914999999999964
0.03733565313172418,3,100,4909,5,500,A2,Ours,14.914999999999964
3.84945029179743,3,100,4909,5,500,A3,Ours,14.914999999999964
11.587775666883365,3,100,4909,5,500,core,Ours,14.914999999999964
6.044067739718879,3,100,4909,5,500,A1,HOSVD,7.012000000000057
0.03733565313172418,3,100,4909,5,500,A2,HOSVD,7.012000000000057
2.5557675957849812,3,100,4909,5,500,A3,HOSVD,7.012000000000057
14.099386505354182,3,100,4909,5,500,core,HOSVD,7.012000000000057
6.599376663432152,3,100,4909,5,500,A1,HOOI,5.5190000000000055
0.029947237888276877,3,100,4909,5,500,A2,HOOI,5.5190000000000055
2.561666878467552,3,100,4909,5,500,A3,HOOI,5.5190000000000055
12.637097088094315,3,100,4909,5,500,core,HOOI,5.5190000000000055
9.762249820773686,3,100,4909,5,500,A1,Olga,4.640999999999963
0.5504560094357116,3,100,4909,5,500,A2,Olga,4.640999999999963
2.885850259050807,3,100,4909,5,500,A3,Tracy,4.640999999999963
11.562676103761278,3,100,4909,5,500,core,Tracy_Olga,4.640999999999963
34.09512011247915,3,100,9621,5,500,A1,NTD,328.0680000000001
4.042184375375854,3,100,9621,5,500,A2,NTD,328.0680000000001
9618.363652125472,3,100,9621,5,500,A3,NTD,328.0680000000001
12.576248381833997,3,100,9621,5,500,core,NTD,328.0680000000001
6.735405036458197,3,100,9621,5,500,A1,Ours,19.715000000000146
0.0493325117535087,3,100,9621,5,500,A2,Ours,19.715000000000146
3.7637077187578942,3,100,9621,5,500,A3,Ours,19.715000000000146
14.678493537513727,3,100,9621,5,500,core,Ours,19.715000000000146
6.735405036458197,3,100,9621,5,500,A1,HOSVD,7.01299999999992
0.0493325117535087,3,100,9621,5,500,A2,HOSVD,7.01299999999992
3.3918591170579333,3,100,9621,5,500,A3,HOSVD,7.01299999999992
9.473070379494079,3,100,9621,5,500,core,HOSVD,7.01299999999992
6.801270207468001,3,100,9621,5,500,A1,HOOI,17.079999999999927
0.05418554548707865,3,100,9621,5,500,A2,HOOI,17.079999999999927
3.8605096768059046,3,100,9621,5,500,A3,HOOI,17.079999999999927
12.999262616202683,3,100,9621,5,500,core,HOOI,17.079999999999927
12.557276561050507,3,100,9621,5,500,A1,Olga,9.529999999999973
0.2726842988915747,3,100,9621,5,500,A2,Olga,9.529999999999973
2.9502254038606024,3,100,9621,5,500,A3,Tracy,9.529999999999973
12.385253732682791,3,100,9621,5,500,core,Tracy_Olga,9.529999999999973
1.7388765980958303,3,100,1000,5,1000,A1,NTD,27.805000000000064
0.055041476643549775,3,100,1000,5,1000,A2,NTD,27.805000000000064
997.0013206415822,3,100,1000,5,1000,A3,NTD,27.805000000000064
11.389288254174994,3,100,1000,5,1000,core,NTD,27.805000000000064
4.43479823051076,3,100,1000,5,1000,A1,Ours,3.9049999999999727
0.024012390258509736,3,100,1000,5,1000,A2,Ours,3.9049999999999727
0.7045127284929157,3,100,1000,5,1000,A3,Ours,3.9049999999999727
12.334520048825764,3,100,1000,5,1000,core,Ours,3.9049999999999727
4.43479823051076,3,100,1000,5,1000,A1,HOSVD,3.428000000000111
0.024012390258509736,3,100,1000,5,1000,A2,HOSVD,3.428000000000111
0.697474811418126,3,100,1000,5,1000,A3,HOSVD,3.428000000000111
12.317941009897496,3,100,1000,5,1000,core,HOSVD,3.428000000000111
4.412681023617294,3,100,1000,5,1000,A1,HOOI,4.345000000000027
0.023590948312481645,3,100,1000,5,1000,A2,HOOI,4.345000000000027
0.6601099031284563,3,100,1000,5,1000,A3,HOOI,4.345000000000027
12.393982732163051,3,100,1000,5,1000,core,HOOI,4.345000000000027
5.002962332180703,3,100,1000,5,1000,A1,Olga,3.8819999999998345
0.03902036463892007,3,100,1000,5,1000,A2,Olga,3.8819999999998345
1.522045104721193,3,100,1000,5,1000,A3,Tracy,3.8819999999998345
12.462488263940276,3,100,1000,5,1000,core,Tracy_Olga,3.8819999999998345
2.3541545464997875,3,100,4959,5,1000,A1,NTD,158.34400000000005
1.981517231453197,3,100,4959,5,1000,A2,NTD,158.34400000000005
4956.10630433563,3,100,4959,5,1000,A3,NTD,158.34400000000005
10.451839132810756,3,100,4959,5,1000,core,NTD,158.34400000000005
6.286999242758311,3,100,4959,5,1000,A1,Ours,5.513000000000147
0.02141811497847144,3,100,4959,5,1000,A2,Ours,5.513000000000147
2.93804090095244,3,100,4959,5,1000,A3,Ours,5.513000000000147
13.124755733964635,3,100,4959,5,1000,core,Ours,5.513000000000147
6.286999242758311,3,100,4959,5,1000,A1,HOSVD,1.8859999999999673
0.02141811497847144,3,100,4959,5,1000,A2,HOSVD,1.8859999999999673
2.556966942316721,3,100,4959,5,1000,A3,HOSVD,1.8859999999999673
12.514813795749234,3,100,4959,5,1000,core,HOSVD,1.8859999999999673
6.271846710986847,3,100,4959,5,1000,A1,HOOI,4.761999999999944
0.022860057335597088,3,100,4959,5,1000,A2,HOOI,4.761999999999944
2.563540840169263,3,100,4959,5,1000,A3,HOOI,4.761999999999944
12.544383368252433,3,100,4959,5,1000,core,HOOI,4.761999999999944
5.154878146283988,3,100,4959,5,1000,A1,Olga,2.522999999999911
0.1444205106571612,3,100,4959,5,1000,A2,Olga,2.522999999999911
2.874981482215884,3,100,4959,5,1000,A3,Tracy,2.522999999999911
13.912304007122989,3,100,4959,5,1000,core,Tracy_Olga,2.522999999999911
5.064709854987611,3,100,9804,5,1000,A1,NTD,327.528
3.9815180884220065,3,100,9804,5,1000,A2,NTD,327.528
9801.206900245043,3,100,9804,5,1000,A3,NTD,327.528
9.594804266157096,3,100,9804,5,1000,core,NTD,327.528
4.539974419807666,3,100,9804,5,1000,A1,Ours,24.420000000000073
0.04503491136339302,3,100,9804,5,1000,A2,Ours,24.420000000000073
4.053129787233787,3,100,9804,5,1000,A3,Ours,24.420000000000073
10.55381300525908,3,100,9804,5,1000,core,Ours,24.420000000000073
4.539974419807666,3,100,9804,5,1000,A1,HOSVD,12.701999999999998
0.04503491136339302,3,100,9804,5,1000,A2,HOSVD,12.701999999999998
2.5644964496481784,3,100,9804,5,1000,A3,HOSVD,12.701999999999998
12.647770694865281,3,100,9804,5,1000,core,HOSVD,12.701999999999998
4.538685066737449,3,100,9804,5,1000,A1,HOOI,21.360000000000127
0.042577084328470474,3,100,9804,5,1000,A2,HOOI,21.360000000000127
3.8250061598414535,3,100,9804,5,1000,A3,HOOI,21.360000000000127
9.711573235860152,3,100,9804,5,1000,core,HOOI,21.360000000000127
6.848731510387199,3,100,9804,5,1000,A1,Olga,15.049000000000206
0.3332635325438867,3,100,9804,5,1000,A2,Olga,15.049000000000206
2.906330321752941,3,100,9804,5,1000,A3,Tracy,15.049000000000206
14.179003472162611,3,100,9804,5,1000,core,Tracy_Olga,15.049000000000206
1.7189509064010098,3,100,1000,5,2500,A1,NTD,27.363000000000056
0.08846032095554733,3,100,1000,5,2500,A2,NTD,27.363000000000056
997.0003627194519,3,100,1000,5,2500,A3,NTD,27.363000000000056
13.323669620029222,3,100,1000,5,2500,core,NTD,27.363000000000056
3.27345287944667,3,100,1000,5,2500,A1,Ours,6.25
0.020019742210247524,3,100,1000,5,2500,A2,Ours,6.25
0.16363795762287608,3,100,1000,5,2500,A3,Ours,6.25
12.02779426876325,3,100,1000,5,2500,core,Ours,6.25
3.27345287944667,3,100,1000,5,2500,A1,HOSVD,7.428000000000111
0.020019742210247524,3,100,1000,5,2500,A2,HOSVD,7.428000000000111
0.1637807834284744,3,100,1000,5,2500,A3,HOSVD,7.428000000000111
12.024913588164003,3,100,1000,5,2500,core,HOSVD,7.428000000000111
3.286472956324617,3,100,1000,5,2500,A1,HOOI,7.182999999999993
0.020424044484288636,3,100,1000,5,2500,A2,HOOI,7.182999999999993
0.16518578912832813,3,100,1000,5,2500,A3,HOOI,7.182999999999993
12.021227402667725,3,100,1000,5,2500,core,HOOI,7.182999999999993
3.1702358774997386,3,100,1000,5,2500,A1,Olga,6.22199999999998
0.016969853461235918,3,100,1000,5,2500,A2,Olga,6.22199999999998
1.337959193760727,3,100,1000,5,2500,A3,Tracy,6.22199999999998
12.056697912027639,3,100,1000,5,2500,core,Tracy_Olga,6.22199999999998
1.4529403626477138,3,100,4979,5,2500,A1,NTD,156.75099999999998
1.0522877107280757,3,100,4979,5,2500,A2,NTD,156.75099999999998
4976.1351527470515,3,100,4979,5,2500,A3,NTD,156.75099999999998
10.669683116597731,3,100,4979,5,2500,core,NTD,156.75099999999998
3.0237727274788284,3,100,4979,5,2500,A1,Ours,5.153999999999996
0.006203210491829141,3,100,4979,5,2500,A2,Ours,5.153999999999996
2.569180610774465,3,100,4979,5,2500,A3,Ours,5.153999999999996
12.693608757310908,3,100,4979,5,2500,core,Ours,5.153999999999996
3.0237727274788284,3,100,4979,5,2500,A1,HOSVD,2.2210000000000036
0.006203210491829141,3,100,4979,5,2500,A2,HOSVD,2.2210000000000036
2.5384941842509035,3,100,4979,5,2500,A3,HOSVD,2.2210000000000036
12.644888865619706,3,100,4979,5,2500,core,HOSVD,2.2210000000000036
3.0185172585925217,3,100,4979,5,2500,A1,HOOI,5.30199999999968
0.006549528417396612,3,100,4979,5,2500,A2,HOOI,5.30199999999968
2.5387344933264373,3,100,4979,5,2500,A3,HOOI,5.30199999999968
12.653587852586934,3,100,4979,5,2500,core,HOOI,5.30199999999968
2.620107812288652,3,100,4979,5,2500,A1,Olga,2.87099999999964
0.038827579016352774,3,100,4979,5,2500,A2,Olga,2.87099999999964
2.8685585840779027,3,100,4979,5,2500,A3,Tracy,2.87099999999964
12.650514860175836,3,100,4979,5,2500,core,Tracy_Olga,2.87099999999964
1.9749560333399185,3,100,9930,5,2500,A1,NTD,333.5409999999997
2.038352944736975,3,100,9930,5,2500,A2,NTD,333.5409999999997
9927.104926568527,3,100,9930,5,2500,A3,NTD,333.5409999999997
11.325651348625112,3,100,9930,5,2500,core,NTD,333.5409999999997
3.064717751172488,3,100,9930,5,2500,A1,Ours,13.682999999999993
0.004633244671755114,3,100,9930,5,2500,A2,Ours,13.682999999999993
2.906269942191577,3,100,9930,5,2500,A3,Ours,13.682999999999993
13.17570204414494,3,100,9930,5,2500,core,Ours,13.682999999999993
3.064717751172488,3,100,9930,5,2500,A1,HOSVD,3.3519999999998618
0.004633244671755114,3,100,9930,5,2500,A2,HOSVD,3.3519999999998618
2.5323882922315732,3,100,9930,5,2500,A3,HOSVD,3.3519999999998618
12.575834882129834,3,100,9930,5,2500,core,HOSVD,3.3519999999998618
3.0803103947092945,3,100,9930,5,2500,A1,HOOI,10.827999999999975
0.0046350401707410845,3,100,9930,5,2500,A2,HOOI,10.827999999999975
2.5328377070513315,3,100,9930,5,2500,A3,HOOI,10.827999999999975
12.607777348975192,3,100,9930,5,2500,core,HOOI,10.827999999999975
4.0984973574650025,3,100,9930,5,2500,A1,Olga,6.372000000000298
0.03525385791494277,3,100,9930,5,2500,A2,Olga,6.372000000000298
2.8672252950038226,3,100,9930,5,2500,A3,Tracy,6.372000000000298
12.680491762431464,3,100,9930,5,2500,core,Tracy_Olga,6.372000000000298
1.5106240836893434,3,100,1000,5,5000,A1,NTD,27.632000000000062
0.16956379308627686,3,100,1000,5,5000,A2,NTD,27.632000000000062
997.0002968539239,3,100,1000,5,5000,A3,NTD,27.632000000000062
12.043773488090936,3,100,1000,5,5000,core,NTD,27.632000000000062
2.6315744053184495,3,100,1000,5,5000,A1,Ours,0.5130000000003747
0.017037237465817583,3,100,1000,5,5000,A2,Ours,0.5130000000003747
0.1745097877506225,3,100,1000,5,5000,A3,Ours,0.5130000000003747
11.97675259243991,3,100,1000,5,5000,core,Ours,0.5130000000003747
2.6315744053184495,3,100,1000,5,5000,A1,HOSVD,0.5489999999999782
0.017037237465817583,3,100,1000,5,5000,A2,HOSVD,0.5489999999999782
0.17444080966351533,3,100,1000,5,5000,A3,HOSVD,0.5489999999999782
11.976816543135355,3,100,1000,5,5000,core,HOSVD,0.5489999999999782
2.630223086792623,3,100,1000,5,5000,A1,HOOI,1.2130000000001928
0.01593021388177744,3,100,1000,5,5000,A2,HOOI,1.2130000000001928
0.1735502677804749,3,100,1000,5,5000,A3,HOOI,1.2130000000001928
11.970812396391985,3,100,1000,5,5000,core,HOOI,1.2130000000001928
2.381131853202615,3,100,1000,5,5000,A1,Olga,0.819999999999709
0.008727177186034706,3,100,1000,5,5000,A2,Olga,0.819999999999709
1.3555808153788986,3,100,1000,5,5000,A3,Tracy,0.819999999999709
14.100779366724693,3,100,1000,5,5000,core,Tracy_Olga,0.819999999999709
1.4538038114035339,3,100,4996,5,5000,A1,NTD,157.6220000000003
0.03638024113546408,3,100,4996,5,5000,A2,NTD,157.6220000000003
4993.0271173690935,3,100,4996,5,5000,A3,NTD,157.6220000000003
12.971455358932168,3,100,4996,5,5000,core,NTD,157.6220000000003
2.6308782046866837,3,100,4996,5,5000,A1,Ours,5.036999999999807
0.009809080783111044,3,100,4996,5,5000,A2,Ours,5.036999999999807
2.5631149769209527,3,100,4996,5,5000,A3,Ours,5.036999999999807
12.694562396641961,3,100,4996,5,5000,core,Ours,5.036999999999807
2.6308782046866837,3,100,4996,5,5000,A1,HOSVD,1.8900000000003274
0.009809080783111044,3,100,4996,5,5000,A2,HOSVD,1.8900000000003274
2.5554603888211336,3,100,4996,5,5000,A3,HOSVD,1.8900000000003274
12.682707437660635,3,100,4996,5,5000,core,HOSVD,1.8900000000003274
2.633905843129368,3,100,4996,5,5000,A1,HOOI,4.216000000000349
0.010131845454021791,3,100,4996,5,5000,A2,HOOI,4.216000000000349
2.555253570205894,3,100,4996,5,5000,A3,HOOI,4.216000000000349
12.691364577214788,3,100,4996,5,5000,core,HOOI,4.216000000000349
2.025828759394373,3,100,4996,5,5000,A1,Olga,2.425000000000182
0.04275673390065413,3,100,4996,5,5000,A2,Olga,2.425000000000182
2.871532221315459,3,100,4996,5,5000,A3,Tracy,2.425000000000182
12.604061330795709,3,100,4996,5,5000,core,Tracy_Olga,2.425000000000182
6.908612094512156,3,100,9964,5,5000,A1,NTD,333.8620000000001
1.0569695323676864,3,100,9964,5,5000,A2,NTD,333.8620000000001
9961.071546792175,3,100,9964,5,5000,A3,NTD,333.8620000000001
13.80723424982627,3,100,9964,5,5000,core,NTD,333.8620000000001
1.776276992853474,3,100,9964,5,5000,A1,Ours,14.034000000000106
0.015456202555405198,3,100,9964,5,5000,A2,Ours,14.034000000000106
2.5577528604846504,3,100,9964,5,5000,A3,Ours,14.034000000000106
12.668749255667043,3,100,9964,5,5000,core,Ours,14.034000000000106
1.776276992853474,3,100,9964,5,5000,A1,HOSVD,3.5030000000001564
0.015456202555405198,3,100,9964,5,5000,A2,HOSVD,3.5030000000001564
2.5271425024631196,3,100,9964,5,5000,A3,HOSVD,3.5030000000001564
12.621699456637534,3,100,9964,5,5000,core,HOSVD,3.5030000000001564
1.7800421144678682,3,100,9964,5,5000,A1,HOOI,12.077999999999975
0.015328272106403681,3,100,9964,5,5000,A2,HOOI,12.077999999999975
2.5268293594327216,3,100,9964,5,5000,A3,HOOI,12.077999999999975
12.624471142466557,3,100,9964,5,5000,core,HOOI,12.077999999999975
2.459521880372039,3,100,9964,5,5000,A1,Olga,9.001000000000204
0.057105432033979456,3,100,9964,5,5000,A2,Olga,9.001000000000204
2.866731204369916,3,100,9964,5,5000,A3,Tracy,9.001000000000204
11.692409378518844,3,100,9964,5,5000,core,Tracy_Olga,9.001000000000204
3.970696705332315,3,100,1000,5,6000,A1,NTD,28.297000000000025
0.08227588237495308,3,100,1000,5,6000,A2,NTD,28.297000000000025
997.0007884773865,3,100,1000,5,6000,A3,NTD,28.297000000000025
6.463032664160977,3,100,1000,5,6000,core,NTD,28.297000000000025
1.949682856354359,3,100,1000,5,6000,A1,Ours,4.589999999999691
0.008663100492508867,3,100,1000,5,6000,A2,Ours,4.589999999999691
0.2938572570850072,3,100,1000,5,6000,A3,Ours,4.589999999999691
11.810274819202256,3,100,1000,5,6000,core,Ours,4.589999999999691
1.949682856354359,3,100,1000,5,6000,A1,HOSVD,2.461999999999989
0.008663100492508867,3,100,1000,5,6000,A2,HOSVD,2.461999999999989
0.29364681981837915,3,100,1000,5,6000,A3,HOSVD,2.461999999999989
11.810118236913102,3,100,1000,5,6000,core,HOSVD,2.461999999999989
1.9575731852250264,3,100,1000,5,6000,A1,HOOI,2.6700000000000728
0.007780497864466973,3,100,1000,5,6000,A2,HOOI,2.6700000000000728
0.28533132748555257,3,100,1000,5,6000,A3,HOOI,2.6700000000000728
11.820287776609636,3,100,1000,5,6000,core,HOOI,2.6700000000000728
2.245484895368844,3,100,1000,5,6000,A1,Olga,2.8079999999999927
0.01448359315443555,3,100,1000,5,6000,A2,Olga,2.8079999999999927
1.4049575509330274,3,100,1000,5,6000,A3,Tracy,2.8079999999999927
14.156031695492238,3,100,1000,5,6000,core,Tracy_Olga,2.8079999999999927
1.5134043279984513,3,100,4994,5,6000,A1,NTD,161.538
2.709363290865261,3,100,4994,5,6000,A2,NTD,161.538
4991.038246369137,3,100,4994,5,6000,A3,NTD,161.538
13.291968124712284,3,100,4994,5,6000,core,NTD,161.538
1.791568871940984,3,100,4994,5,6000,A1,Ours,4.746000000000095
0.008519831075970407,3,100,4994,5,6000,A2,Ours,4.746000000000095
2.509840685865601,3,100,4994,5,6000,A3,Ours,4.746000000000095
12.432678232978734,3,100,4994,5,6000,core,Ours,4.746000000000095
1.791568871940984,3,100,4994,5,6000,A1,HOSVD,1.84900000000016
0.008519831075970407,3,100,4994,5,6000,A2,HOSVD,1.84900000000016
2.503334330417313,3,100,4994,5,6000,A3,HOSVD,1.84900000000016
12.425828611536845,3,100,4994,5,6000,core,HOSVD,1.84900000000016
1.7879058612089425,3,100,4994,5,6000,A1,HOOI,4.394999999999982
0.008991223646266028,3,100,4994,5,6000,A2,HOOI,4.394999999999982
2.5011657162422796,3,100,4994,5,6000,A3,HOOI,4.394999999999982
12.4068432564497,3,100,4994,5,6000,core,HOOI,4.394999999999982
2.023832521304857,3,100,4994,5,6000,A1,Olga,2.64200000000028
0.02789294325709131,3,100,4994,5,6000,A2,Olga,2.64200000000028
2.9165030902691713,3,100,4994,5,6000,A3,Tracy,2.64200000000028
14.283667808500084,3,100,4994,5,6000,core,Tracy_Olga,2.64200000000028
1.2111409324541678,3,100,9963,5,6000,A1,NTD,339.05700000000024
0.9473395527776524,3,100,9963,5,6000,A2,NTD,339.05700000000024
9960.151404206277,3,100,9963,5,6000,A3,NTD,339.05700000000024
13.848575991620088,3,100,9963,5,6000,core,NTD,339.05700000000024
2.466464514019719,3,100,9963,5,6000,A1,Ours,14.125
0.018834784423447833,3,100,9963,5,6000,A2,Ours,14.125
2.5462477048408783,3,100,9963,5,6000,A3,Ours,14.125
12.686363887182281,3,100,9963,5,6000,core,Ours,14.125
2.466464514019719,3,100,9963,5,6000,A1,HOSVD,5.166999999999916
0.018834784423447833,3,100,9963,5,6000,A2,HOSVD,5.166999999999916
2.5250176094479224,3,100,9963,5,6000,A3,HOSVD,5.166999999999916
12.654134211559105,3,100,9963,5,6000,core,HOSVD,5.166999999999916
2.460940916782146,3,100,9963,5,6000,A1,HOOI,11.347000000000207
0.018941008185404236,3,100,9963,5,6000,A2,HOOI,11.347000000000207
2.5238565944261895,3,100,9963,5,6000,A3,HOOI,11.347000000000207
12.642382140949625,3,100,9963,5,6000,core,HOOI,11.347000000000207
1.9313708721877931,3,100,9963,5,6000,A1,Olga,6.782000000000153
0.013540471387355337,3,100,9963,5,6000,A2,Olga,6.782000000000153
2.8575829949252807,3,100,9963,5,6000,A3,Tracy,6.782000000000153
12.6666754995193,3,100,9963,5,6000,core,Tracy_Olga,6.782000000000153
1.7734642018132707,3,100,1000,5,7000,A1,NTD,28.584000000000287
0.11612392559670698,3,100,1000,5,7000,A2,NTD,28.584000000000287
997.0000923322455,3,100,1000,5,7000,A3,NTD,28.584000000000287
12.609900561077168,3,100,1000,5,7000,core,NTD,28.584000000000287
1.3711507748972687,3,100,1000,5,7000,A1,Ours,2.1419999999998254
0.018115561009018198,3,100,1000,5,7000,A2,Ours,2.1419999999998254
0.08212818236498322,3,100,1000,5,7000,A3,Ours,2.1419999999998254
12.044232658407012,3,100,1000,5,7000,core,Ours,2.1419999999998254
1.3711507748972687,3,100,1000,5,7000,A1,HOSVD,1.8159999999998035
0.018115561009018198,3,100,1000,5,7000,A2,HOSVD,1.8159999999998035
0.08211580501849718,3,100,1000,5,7000,A3,HOSVD,1.8159999999998035
12.044235005504484,3,100,1000,5,7000,core,HOSVD,1.8159999999998035
1.3699064257692792,3,100,1000,5,7000,A1,HOOI,2.3710000000000946
0.01912279248634079,3,100,1000,5,7000,A2,HOOI,2.3710000000000946
0.08209607730314629,3,100,1000,5,7000,A3,HOOI,2.3710000000000946
12.04408246999271,3,100,1000,5,7000,core,HOOI,2.3710000000000946
1.832708988626095,3,100,1000,5,7000,A1,Olga,2.1510000000002947
0.011335518593479494,3,100,1000,5,7000,A2,Olga,2.1510000000002947
1.319126189872882,3,100,1000,5,7000,A3,Tracy,2.1510000000002947
12.083105584832582,3,100,1000,5,7000,core,Tracy_Olga,2.1510000000002947
1.3197314528612512,3,100,4994,5,7000,A1,NTD,156.5630000000001
0.43597953680791557,3,100,4994,5,7000,A2,NTD,156.5630000000001
4991.037658107857,3,100,4994,5,7000,A3,NTD,156.5630000000001
8.511326358603156,3,100,4994,5,7000,core,NTD,156.5630000000001
2.2090202074344285,3,100,4994,5,7000,A1,Ours,12.17599999999993
0.00929517028592106,3,100,4994,5,7000,A2,Ours,12.17599999999993
2.479444183970692,3,100,4994,5,7000,A3,Ours,12.17599999999993
12.010763392764382,3,100,4994,5,7000,core,Ours,12.17599999999993
2.2090202074344285,3,100,4994,5,7000,A1,HOSVD,8.610999999999876
0.00929517028592106,3,100,4994,5,7000,A2,HOSVD,8.610999999999876
2.4778413296438226,3,100,4994,5,7000,A3,HOSVD,8.610999999999876
12.007820161784574,3,100,4994,5,7000,core,HOSVD,8.610999999999876
2.2048254122799316,3,100,4994,5,7000,A1,HOOI,9.40099999999984
0.009399376959513928,3,100,4994,5,7000,A2,HOOI,9.40099999999984
2.486920966986225,3,100,4994,5,7000,A3,HOOI,9.40099999999984
11.987843699273466,3,100,4994,5,7000,core,HOOI,9.40099999999984
1.7673610592266658,3,100,4994,5,7000,A1,Olga,8.433999999999742
0.01690187560352977,3,100,4994,5,7000,A2,Olga,8.433999999999742
2.9586072132981407,3,100,4994,5,7000,A3,Tracy,8.433999999999742
14.322321465428203,3,100,4994,5,7000,core,Tracy_Olga,8.433999999999742
2.18496159844012,3,100,9973,5,7000,A1,NTD,339.09699999999975
0.9589424695251175,3,100,9973,5,7000,A2,NTD,339.09699999999975
9970.055164002537,3,100,9973,5,7000,A3,NTD,339.09699999999975
11.57790005497063,3,100,9973,5,7000,core,NTD,339.09699999999975
1.4980261055832311,3,100,9973,5,7000,A1,Ours,15.521999999999935
0.00819653752263694,3,100,9973,5,7000,A2,Ours,15.521999999999935
2.5241867132685067,3,100,9973,5,7000,A3,Ours,15.521999999999935
12.615986438746392,3,100,9973,5,7000,core,Ours,15.521999999999935
1.4980261055832311,3,100,9973,5,7000,A1,HOSVD,3.746999999999389
0.00819653752263694,3,100,9973,5,7000,A2,HOSVD,3.746999999999389
2.5086491855106896,3,100,9973,5,7000,A3,HOSVD,3.746999999999389
12.593707929797358,3,100,9973,5,7000,core,HOSVD,3.746999999999389
1.497228144896682,3,100,9973,5,7000,A1,HOOI,11.302999999999884
0.008341347536878712,3,100,9973,5,7000,A2,HOOI,11.302999999999884
2.5103488885745144,3,100,9973,5,7000,A3,HOOI,11.302999999999884
12.609730837413585,3,100,9973,5,7000,core,HOOI,11.302999999999884
1.6306550603746222,3,100,9973,5,7000,A1,Olga,6.9909999999999854
0.03127272286391422,3,100,9973,5,7000,A2,Olga,6.9909999999999854
2.8441346202818076,3,100,9973,5,7000,A3,Tracy,6.9909999999999854
12.671157996738845,3,100,9973,5,7000,core,Tracy_Olga,6.9909999999999854
2.206618497702526,3,100,1000,5,8000,A1,NTD,28.521999999999935
0.22924315422451064,3,100,1000,5,8000,A2,NTD,28.521999999999935
997.0001013462004,3,100,1000,5,8000,A3,NTD,28.521999999999935
14.877499528248183,3,100,1000,5,8000,core,NTD,28.521999999999935
1.8914768544256855,3,100,1000,5,8000,A1,Ours,0.47299999999995634
0.006964931604747759,3,100,1000,5,8000,A2,Ours,0.47299999999995634
0.07764311312136024,3,100,1000,5,8000,A3,Ours,0.47299999999995634
12.061143452109134,3,100,1000,5,8000,core,Ours,0.47299999999995634
1.8914768544256855,3,100,1000,5,8000,A1,HOSVD,0.5069999999996071
0.006964931604747759,3,100,1000,5,8000,A2,HOSVD,0.5069999999996071
0.07763919343679573,3,100,1000,5,8000,A3,HOSVD,0.5069999999996071
12.061158099347969,3,100,1000,5,8000,core,HOSVD,0.5069999999996071
1.8916602961428504,3,100,1000,5,8000,A1,HOOI,0.7089999999998327
0.00680023225107893,3,100,1000,5,8000,A2,HOOI,0.7089999999998327
0.07752500318036055,3,100,1000,5,8000,A3,HOOI,0.7089999999998327
12.061237786495129,3,100,1000,5,8000,core,HOOI,0.7089999999998327
1.799713257874844,3,100,1000,5,8000,A1,Olga,0.5009999999992942
0.008628855515120704,3,100,1000,5,8000,A2,Olga,0.5009999999992942
1.31817387278473,3,100,1000,5,8000,A3,Tracy,0.5009999999992942
12.085372005865173,3,100,1000,5,8000,core,Tracy_Olga,0.5009999999992942
1.3197821449774625,3,100,4998,5,8000,A1,NTD,155.66199999999935
0.3514154916573007,3,100,4998,5,8000,A2,NTD,155.66199999999935
4995.032732782241,3,100,4998,5,8000,A3,NTD,155.66199999999935
13.881819321206786,3,100,4998,5,8000,core,NTD,155.66199999999935
1.9827357678058295,3,100,4998,5,8000,A1,Ours,5.543999999999869
0.003992901952574641,3,100,4998,5,8000,A2,Ours,5.543999999999869
2.5171708650334947,3,100,4998,5,8000,A3,Ours,5.543999999999869
12.771393603534992,3,100,4998,5,8000,core,Ours,5.543999999999869
1.9827357678058295,3,100,4998,5,8000,A1,HOSVD,2.9570000000003347
0.003992901952574641,3,100,4998,5,8000,A2,HOSVD,2.9570000000003347
2.5137996047913935,3,100,4998,5,8000,A3,HOSVD,2.9570000000003347
12.766781246104681,3,100,4998,5,8000,core,HOSVD,2.9570000000003347
1.985424813746392,3,100,4998,5,8000,A1,HOOI,5.024999999999636
0.0043267924010405205,3,100,4998,5,8000,A2,HOOI,5.024999999999636
2.5145112024535456,3,100,4998,5,8000,A3,HOOI,5.024999999999636
12.782489579608365,3,100,4998,5,8000,core,HOOI,5.024999999999636
1.6389890057847132,3,100,4998,5,8000,A1,Olga,2.6500000000005457
0.03180546496986136,3,100,4998,5,8000,A2,Olga,2.6500000000005457
2.873270325989239,3,100,4998,5,8000,A3,Tracy,2.6500000000005457
12.777814897959125,3,100,4998,5,8000,core,Tracy_Olga,2.6500000000005457
1.32400729825493,3,100,9973,5,8000,A1,NTD,338.7019999999993
3.488317350335363,3,100,9973,5,8000,A2,NTD,338.7019999999993
9970.04653926587,3,100,9973,5,8000,A3,NTD,338.7019999999993
11.897687851880216,3,100,9973,5,8000,core,NTD,338.7019999999993
2.0086115773372577,3,100,9973,5,8000,A1,Ours,13.845000000000255
0.010437637882070161,3,100,9973,5,8000,A2,Ours,13.845000000000255
2.52309252240952,3,100,9973,5,8000,A3,Ours,13.845000000000255
12.620454512801789,3,100,9973,5,8000,core,Ours,13.845000000000255
2.0086115773372577,3,100,9973,5,8000,A1,HOSVD,3.3060000000004948
0.010437637882070161,3,100,9973,5,8000,A2,HOSVD,3.3060000000004948
2.5112709490330856,3,100,9973,5,8000,A3,HOSVD,3.3060000000004948
12.603488333500854,3,100,9973,5,8000,core,HOSVD,3.3060000000004948
2.007949589332247,3,100,9973,5,8000,A1,HOOI,11.289999999999964
0.010672192271690343,3,100,9973,5,8000,A2,HOOI,11.289999999999964
2.511632526037577,3,100,9973,5,8000,A3,HOOI,11.289999999999964
12.614029696813104,3,100,9973,5,8000,core,HOOI,11.289999999999964
1.497819528847024,3,100,9973,5,8000,A1,Olga,7.7849999999998545
0.0061766520496187045,3,100,9973,5,8000,A2,Olga,7.7849999999998545
2.8442883836175,3,100,9973,5,8000,A3,Tracy,7.7849999999998545
12.659554018842812,3,100,9973,5,8000,core,Tracy_Olga,7.7849999999998545
1.9290524747622215,3,100,1000,5,9000,A1,NTD,28.533000000000357
0.219208053257738,3,100,1000,5,9000,A2,NTD,28.533000000000357
997.0000722293942,3,100,1000,5,9000,A3,NTD,28.533000000000357
8.948101677463422,3,100,1000,5,9000,core,NTD,28.533000000000357
1.7289633078998117,3,100,1000,5,9000,A1,Ours,0.5429999999996653
0.009987461875443577,3,100,1000,5,9000,A2,Ours,0.5429999999996653
0.0732653535889604,3,100,1000,5,9000,A3,Ours,0.5429999999996653
12.041877109718838,3,100,1000,5,9000,core,Ours,0.5429999999996653
1.7289633078998117,3,100,1000,5,9000,A1,HOSVD,0.5059999999994034
0.009987461875443577,3,100,1000,5,9000,A2,HOSVD,0.5059999999994034
0.07325831788391661,3,100,1000,5,9000,A3,HOSVD,0.5059999999994034
12.041877444831371,3,100,1000,5,9000,core,HOSVD,0.5059999999994034
1.730729953579889,3,100,1000,5,9000,A1,HOOI,0.9859999999998763
0.010413979542114775,3,100,1000,5,9000,A2,HOOI,0.9859999999998763
0.07316550129043624,3,100,1000,5,9000,A3,HOOI,0.9859999999998763
12.042002639201774,3,100,1000,5,9000,core,HOOI,0.9859999999998763
1.6835897938365485,3,100,1000,5,9000,A1,Olga,0.43699999999989814
0.003279543799134961,3,100,1000,5,9000,A2,Olga,0.43699999999989814
1.318819556854351,3,100,1000,5,9000,A3,Tracy,0.43699999999989814
12.074322492504448,3,100,1000,5,9000,core,Tracy_Olga,0.43699999999989814
1.3321676710513133,3,100,4996,5,9000,A1,NTD,150.86100000000079
0.032770999538493176,3,100,4996,5,9000,A2,NTD,150.86100000000079
4993.02035617408,3,100,4996,5,9000,A3,NTD,150.86100000000079
8.924575840186192,3,100,4996,5,9000,core,NTD,150.86100000000079
1.6928677199041393,3,100,4996,5,9000,A1,Ours,4.671999999999571
0.007328108392665608,3,100,4996,5,9000,A2,Ours,4.671999999999571
2.5262097763956817,3,100,4996,5,9000,A3,Ours,4.671999999999571
12.45010546163671,3,100,4996,5,9000,core,Ours,4.671999999999571
1.6928677199041393,3,100,4996,5,9000,A1,HOSVD,1.6599999999998545
0.007328108392665608,3,100,4996,5,9000,A2,HOSVD,1.6599999999998545
2.523376216472835,3,100,4996,5,9000,A3,HOSVD,1.6599999999998545
12.4461524629562,3,100,4996,5,9000,core,HOSVD,1.6599999999998545
1.6953719270873904,3,100,4996,5,9000,A1,HOOI,4.518000000000029
0.008052261890123216,3,100,4996,5,9000,A2,HOOI,4.518000000000029
2.523453780067745,3,100,4996,5,9000,A3,HOOI,4.518000000000029
12.445791694621239,3,100,4996,5,9000,core,HOOI,4.518000000000029
1.792004242804947,3,100,4996,5,9000,A1,Olga,2.7330000000001746
0.016607713361406203,3,100,4996,5,9000,A2,Olga,2.7330000000001746
2.9173519788657347,3,100,4996,5,9000,A3,Tracy,2.7330000000001746
12.508851399304662,3,100,4996,5,9000,core,Tracy_Olga,2.7330000000001746
1.3845503783351867,3,100,9974,5,9000,A1,NTD,322.6139999999996
0.044386944340997665,3,100,9974,5,9000,A2,NTD,322.6139999999996
9971.26004880958,3,100,9974,5,9000,A3,NTD,322.6139999999996
11.40912637472046,3,100,9974,5,9000,core,NTD,322.6139999999996
1.4723837578055448,3,100,9974,5,9000,A1,Ours,13.108000000000175
0.013536173178850105,3,100,9974,5,9000,A2,Ours,13.108000000000175
2.5226038283122674,3,100,9974,5,9000,A3,Ours,13.108000000000175
12.631811524585965,3,100,9974,5,9000,core,Ours,13.108000000000175
1.4723837578055448,3,100,9974,5,9000,A1,HOSVD,4.081000000000131
0.013536173178850105,3,100,9974,5,9000,A2,HOSVD,4.081000000000131
2.5131878634090272,3,100,9974,5,9000,A3,HOSVD,4.081000000000131
12.617799938867499,3,100,9974,5,9000,core,HOSVD,4.081000000000131
1.4701475078274306,3,100,9974,5,9000,A1,HOOI,11.608000000000175
0.013501753523009648,3,100,9974,5,9000,A2,HOOI,11.608000000000175
2.5134993836585493,3,100,9974,5,9000,A3,HOOI,11.608000000000175
12.62551976690774,3,100,9974,5,9000,core,HOOI,11.608000000000175
1.4716692184066524,3,100,9974,5,9000,A1,Olga,6.708000000000538
0.012561530502787868,3,100,9974,5,9000,A2,Olga,6.708000000000538
2.8555782587988734,3,100,9974,5,9000,A3,Tracy,6.708000000000538
12.635575439624887,3,100,9974,5,9000,core,Tracy_Olga,6.708000000000538
1.5222964012869056,3,100,1000,5,10000,A1,NTD,28.537999999999556
0.28136648627590444,3,100,1000,5,10000,A2,NTD,28.537999999999556
997.3724416080626,3,100,1000,5,10000,A3,NTD,28.537999999999556
15.22144758281876,3,100,1000,5,10000,core,NTD,28.537999999999556
1.783828068981611,3,100,1000,5,10000,A1,Ours,0.7470000000002983
0.0062035759717815235,3,100,1000,5,10000,A2,Ours,0.7470000000002983
0.1461312602630878,3,100,1000,5,10000,A3,Ours,0.7470000000002983
12.077053643671778,3,100,1000,5,10000,core,Ours,0.7470000000002983
1.783828068981611,3,100,1000,5,10000,A1,HOSVD,0.806999999999789
0.0062035759717815235,3,100,1000,5,10000,A2,HOSVD,0.806999999999789
0.14608550567857456,3,100,1000,5,10000,A3,HOSVD,0.806999999999789
12.07665579620583,3,100,1000,5,10000,core,HOSVD,0.806999999999789
1.7817685961663827,3,100,1000,5,10000,A1,HOOI,0.8340000000007421
0.006082986998526108,3,100,1000,5,10000,A2,HOOI,0.8340000000007421
0.145604520788782,3,100,1000,5,10000,A3,HOOI,0.8340000000007421
12.079905166183657,3,100,1000,5,10000,core,HOOI,0.8340000000007421
1.4171712115340438,3,100,1000,5,10000,A1,Olga,0.5120000000006257
0.007332016438718919,3,100,1000,5,10000,A2,Olga,0.5120000000006257
1.3253648143998584,3,100,1000,5,10000,A3,Tracy,0.5120000000006257
12.100683608076721,3,100,1000,5,10000,core,Tracy_Olga,0.5120000000006257
1.4653457097267666,3,100,4999,5,10000,A1,NTD,154.23399999999947
0.09610055850671916,3,100,4999,5,10000,A2,NTD,154.23399999999947
4996.024084049502,3,100,4999,5,10000,A3,NTD,154.23399999999947
12.166208225848491,3,100,4999,5,10000,core,NTD,154.23399999999947
1.763497283625506,3,100,4999,5,10000,A1,Ours,5.08600000000024
0.015761847931813195,3,100,4999,5,10000,A2,Ours,5.08600000000024
2.5313251523557465,3,100,4999,5,10000,A3,Ours,5.08600000000024
12.322802851178889,3,100,4999,5,10000,core,Ours,5.08600000000024
1.763497283625506,3,100,4999,5,10000,A1,HOSVD,1.654000000000451
0.015761847931813195,3,100,4999,5,10000,A2,HOSVD,1.654000000000451
2.529503203568977,3,100,4999,5,10000,A3,HOSVD,1.654000000000451
12.319600491028684,3,100,4999,5,10000,core,HOSVD,1.654000000000451
1.7626135088346362,3,100,4999,5,10000,A1,HOOI,4.972999999999956
0.015337899184868232,3,100,4999,5,10000,A2,HOOI,4.972999999999956
2.530213647331104,3,100,4999,5,10000,A3,HOOI,4.972999999999956
12.332913367796648,3,100,4999,5,10000,core,HOOI,4.972999999999956
1.340198977317207,3,100,4999,5,10000,A1,Olga,3.69800000000032
0.017132556694958254,3,100,4999,5,10000,A2,Olga,3.69800000000032
2.8862303636618605,3,100,4999,5,10000,A3,Tracy,3.69800000000032
12.357572689241875,3,100,4999,5,10000,core,Tracy_Olga,3.69800000000032
1.31395575298606,3,100,9984,5,10000,A1,NTD,320.0109999999995
0.8251727844230219,3,100,9984,5,10000,A2,NTD,320.0109999999995
9981.036767757576,3,100,9984,5,10000,A3,NTD,320.0109999999995
14.036568560389469,3,100,9984,5,10000,core,NTD,320.0109999999995
1.7740085932137777,3,100,9984,5,10000,A1,Ours,12.350999999999658
0.005298374287265125,3,100,9984,5,10000,A2,Ours,12.350999999999658
2.5219876328469204,3,100,9984,5,10000,A3,Ours,12.350999999999658
12.650730602523579,3,100,9984,5,10000,core,Ours,12.350999999999658
1.7740085932137777,3,100,9984,5,10000,A1,HOSVD,2.956999999999425
0.005298374287265125,3,100,9984,5,10000,A2,HOSVD,2.956999999999425
2.5141655929102664,3,100,9984,5,10000,A3,HOSVD,2.956999999999425
12.639250671528794,3,100,9984,5,10000,core,HOSVD,2.956999999999425
1.7752259340859107,3,100,9984,5,10000,A1,HOOI,9.621000000000095
0.005317789467641451,3,100,9984,5,10000,A2,HOOI,9.621000000000095
2.515071366605229,3,100,9984,5,10000,A3,HOOI,9.621000000000095
12.639776561913747,3,100,9984,5,10000,core,HOOI,9.621000000000095
1.529612115902366,3,100,9984,5,10000,A1,Olga,5.893000000000029
0.007766522784920487,3,100,9984,5,10000,A2,Olga,5.893000000000029
2.8626673681108423,3,100,9984,5,10000,A3,Tracy,5.893000000000029
12.611175472603728,3,100,9984,5,10000,core,Tracy_Olga,5.893000000000029
