error,K,Q1,R,Q2,M,mode,method,time
5.152108756362106,3,100,100,5,100,A1,NTD,4.211999999999999
4.081485684702253,3,100,100,5,100,A2,NTD,4.211999999999999
97.00466498435893,3,100,100,5,100,A3,NTD,4.211999999999999
10.66590634820608,3,100,100,5,100,core,NTD,4.211999999999999
13.779677576152782,3,100,100,5,100,A1,Ours,2.661999999999999
0.06227997006154299,3,100,100,5,100,A2,Ours,2.661999999999999
0.2035164793054095,3,100,100,5,100,A3,Ours,2.661999999999999
6.325303942108818,3,100,100,5,100,core,Ours,2.661999999999999
13.779677576152782,3,100,100,5,100,A1,HOSVD,2.1050000000000004
0.06227997006154299,3,100,100,5,100,A2,HOSVD,2.1050000000000004
0.20476128021663967,3,100,100,5,100,A3,HOSVD,2.1050000000000004
6.324843218550754,3,100,100,5,100,core,HOSVD,2.1050000000000004
13.849919962768716,3,100,100,5,100,A1,HOOI,2.186
0.0705016360224473,3,100,100,5,100,A2,HOOI,2.186
0.20192051031420266,3,100,100,5,100,A3,HOOI,2.186
6.33599599846581,3,100,100,5,100,core,HOOI,2.186
13.47072909940014,3,100,100,5,100,A1,Olga,1.9589999999999996
0.1538519044339202,3,100,100,5,100,A2,Olga,1.9589999999999996
1.0008261364020832,3,100,100,5,100,A3,Tracy,1.9589999999999996
15.844417571752906,3,100,100,5,100,core,Tracy_Olga,1.9589999999999996
5.249647136938583,3,100,499,5,100,A1,NTD,21.613999999999997
5.170640779609079,3,100,499,5,100,A2,NTD,21.613999999999997
496.16497819802953,3,100,499,5,100,A3,NTD,21.613999999999997
11.762162974222406,3,100,499,5,100,core,NTD,21.613999999999997
13.056334380022319,3,100,499,5,100,A1,Ours,3.5489999999999995
0.055315255996202045,3,100,499,5,100,A2,Ours,3.5489999999999995
2.552952093720729,3,100,499,5,100,A3,Ours,3.5489999999999995
6.319180651366302,3,100,499,5,100,core,Ours,3.5489999999999995
13.056334380022319,3,100,499,5,100,A1,HOSVD,4.759
0.055315255996202045,3,100,499,5,100,A2,HOSVD,4.759
2.372988804386591,3,100,499,5,100,A3,HOSVD,4.759
6.319180651366302,3,100,499,5,100,core,HOSVD,4.759
12.997576206349379,3,100,499,5,100,A1,HOOI,5.265000000000001
0.06768935517653929,3,100,499,5,100,A2,HOOI,5.265000000000001
2.391720622482551,3,100,499,5,100,A3,HOOI,5.265000000000001
6.319163908739704,3,100,499,5,100,core,HOOI,5.265000000000001
15.346393727716173,3,100,499,5,100,A1,Olga,2.213000000000001
0.773294801453809,3,100,499,5,100,A2,Olga,2.213000000000001
2.7414967061807745,3,100,499,5,100,A3,Tracy,2.213000000000001
9.891824727389873,3,100,499,5,100,core,Tracy_Olga,2.213000000000001
58.24609852634275,3,100,981,5,100,A1,NTD,38.544
3.6519558567123194,3,100,981,5,100,A2,NTD,38.544
978.1687005553966,3,100,981,5,100,A3,NTD,38.544
11.674298643969014,3,100,981,5,100,core,NTD,38.544
13.103799253377822,3,100,981,5,100,A1,Ours,10.701999999999998
0.0740291349170463,3,100,981,5,100,A2,Ours,10.701999999999998
5.022601514219273,3,100,981,5,100,A3,Ours,10.701999999999998
10.064329754270972,3,100,981,5,100,core,Ours,10.701999999999998
13.103799253377822,3,100,981,5,100,A1,HOSVD,11.64
0.0740291349170463,3,100,981,5,100,A2,HOSVD,11.64
2.5666763508449124,3,100,981,5,100,A3,HOSVD,11.64
6.319180651366302,3,100,981,5,100,core,HOSVD,11.64
14.66136578154103,3,100,981,5,100,A1,HOOI,10.322999999999993
0.0487759411004926,3,100,981,5,100,A2,HOOI,10.322999999999993
2.5872373983279116,3,100,981,5,100,A3,HOOI,10.322999999999993
6.319180651366302,3,100,981,5,100,core,HOOI,10.322999999999993
19.287458371053233,3,100,981,5,100,A1,Olga,7.9269999999999925
0.4867090884676751,3,100,981,5,100,A2,Olga,7.9269999999999925
2.8828410359279792,3,100,981,5,100,A3,Tracy,7.9269999999999925
9.90973529548539,3,100,981,5,100,core,Tracy_Olga,7.9269999999999925
16.39614394114027,3,100,2383,5,100,A1,NTD,89.554
2.348075754004487,3,100,2383,5,100,A2,NTD,89.554
2380.365234906354,3,100,2383,5,100,A3,NTD,89.554
12.801740086748962,3,100,2383,5,100,core,NTD,89.554
10.105455815121006,3,100,2383,5,100,A1,Ours,7.23599999999999
0.06848951243080012,3,100,2383,5,100,A2,Ours,7.23599999999999
4.445528544030301,3,100,2383,5,100,A3,Ours,7.23599999999999
12.624985623024473,3,100,2383,5,100,core,Ours,7.23599999999999
10.105455815121006,3,100,2383,5,100,A1,HOSVD,5.087999999999994
0.06848951243080012,3,100,2383,5,100,A2,HOSVD,5.087999999999994
2.5713909558164176,3,100,2383,5,100,A3,HOSVD,5.087999999999994
6.319163908739704,3,100,2383,5,100,core,HOSVD,5.087999999999994
10.162589198256331,3,100,2383,5,100,A1,HOOI,6.0190000000000055
0.05152936115483591,3,100,2383,5,100,A2,HOOI,6.0190000000000055
2.602326048503484,3,100,2383,5,100,A3,HOOI,6.0190000000000055
6.319180651366302,3,100,2383,5,100,core,HOOI,6.0190000000000055
102.10717116172,3,100,4553,5,100,A1,NTD,164.06199999999998
4.481221746236457,3,100,4553,5,100,A2,NTD,164.06199999999998
4550.449014263146,3,100,4553,5,100,A3,NTD,164.06199999999998
10.789799055448116,3,100,4553,5,100,core,NTD,164.06199999999998
15.662514900673022,3,100,4553,5,100,A1,Ours,18.40300000000002
0.04827633137891689,3,100,4553,5,100,A2,Ours,18.40300000000002
4.700259001489276,3,100,4553,5,100,A3,Ours,18.40300000000002
13.705875520926678,3,100,4553,5,100,core,Ours,18.40300000000002
15.662514900673022,3,100,4553,5,100,A1,HOSVD,18.079999999999984
0.04827633137891689,3,100,4553,5,100,A2,HOSVD,18.079999999999984
2.631993648777112,3,100,4553,5,100,A3,HOSVD,18.079999999999984
6.319180651366302,3,100,4553,5,100,core,HOSVD,18.079999999999984
40.46058155461833,3,100,4553,5,100,A1,Olga,8.947999999999979
4.136808365892681,3,100,4553,5,100,A2,Olga,8.947999999999979
3.0315510525232052,3,100,4553,5,100,A3,Tracy,8.947999999999979
9.728319548147175,3,100,4553,5,100,core,Tracy_Olga,8.947999999999979
121.30998629496463,3,100,5320,5,100,A1,NTD,181.91700000000003
4.481207552577787,3,100,5320,5,100,A2,NTD,181.91700000000003
5317.553415545991,3,100,5320,5,100,A3,NTD,181.91700000000003
11.685374072227178,3,100,5320,5,100,core,NTD,181.91700000000003
9.44594391115606,3,100,5320,5,100,A1,Ours,6.2000000000000455
0.09144059614252555,3,100,5320,5,100,A2,Ours,6.2000000000000455
4.734010513789434,3,100,5320,5,100,A3,Ours,6.2000000000000455
13.756115227331104,3,100,5320,5,100,core,Ours,6.2000000000000455
9.106136729047781,3,100,5320,5,100,A1,HOOI,15.044999999999959
0.09652815193302512,3,100,5320,5,100,A2,HOOI,15.044999999999959
2.7492819958227654,3,100,5320,5,100,A3,HOOI,15.044999999999959
15.966581002665588,3,100,5320,5,100,core,HOOI,15.044999999999959
41.27661748220488,3,100,5320,5,100,A1,Olga,9.481999999999971
4.271527373116954,3,100,5320,5,100,A2,Olga,9.481999999999971
3.108123331316586,3,100,5320,5,100,A3,Tracy,9.481999999999971
13.514532881589133,3,100,5320,5,100,core,Tracy_Olga,9.481999999999971
114.38983885801755,3,100,6094,5,100,A1,NTD,210.38800000000003
2.481194320899988,3,100,6094,5,100,A2,NTD,210.38800000000003
6091.561116914482,3,100,6094,5,100,A3,NTD,210.38800000000003
11.40923984520614,3,100,6094,5,100,core,NTD,210.38800000000003
12.052531448715744,3,100,6094,5,100,A1,Ours,7.018000000000029
0.011994176182899446,3,100,6094,5,100,A2,Ours,7.018000000000029
4.880601918666188,3,100,6094,5,100,A3,Ours,7.018000000000029
10.116456423828684,3,100,6094,5,100,core,Ours,7.018000000000029
10.391944149727278,3,100,6094,5,100,A1,HOOI,8.362999999999943
0.03947622760715036,3,100,6094,5,100,A2,HOOI,8.362999999999943
3.924000852273913,3,100,6094,5,100,A3,HOOI,8.362999999999943
7.90697837968172,3,100,6094,5,100,core,HOOI,8.362999999999943
43.254431167795175,3,100,6094,5,100,A1,Olga,5.130999999999972
3.7149494862098384,3,100,6094,5,100,A2,Olga,5.130999999999972
3.230620831036562,3,100,6094,5,100,A3,Tracy,5.130999999999972
15.139497257272769,3,100,6094,5,100,core,Tracy_Olga,5.130999999999972
105.70040436677543,3,100,6827,5,100,A1,NTD,229.47299999999996
2.3481001687868823,3,100,6827,5,100,A2,NTD,229.47299999999996
6824.55064000292,3,100,6827,5,100,A3,NTD,229.47299999999996
10.20610149574198,3,100,6827,5,100,core,NTD,229.47299999999996
11.496090223923373,3,100,6827,5,100,A1,Ours,13.274999999999864
0.04098357036923087,3,100,6827,5,100,A2,Ours,13.274999999999864
5.111470636028166,3,100,6827,5,100,A3,Ours,13.274999999999864
10.262714779214527,3,100,6827,5,100,core,Ours,13.274999999999864
11.496090223923373,3,100,6827,5,100,A1,HOSVD,9.335000000000036
0.04098357036923087,3,100,6827,5,100,A2,HOSVD,9.335000000000036
4.119450621292457,3,100,6827,5,100,A3,HOSVD,9.335000000000036
8.975968911291721,3,100,6827,5,100,core,HOSVD,9.335000000000036
11.525577004736757,3,100,6827,5,100,A1,HOOI,9.682999999999993
0.052880406270462754,3,100,6827,5,100,A2,HOOI,9.682999999999993
3.5281761954848325,3,100,6827,5,100,A3,HOOI,9.682999999999993
9.830609208790321,3,100,6827,5,100,core,HOOI,9.682999999999993
39.13717362073244,3,100,6827,5,100,A1,Olga,5.69399999999996
2.3305403018044974,3,100,6827,5,100,A2,Olga,5.69399999999996
4.4851471920804835,3,100,6827,5,100,A3,Tracy,5.69399999999996
8.940330084123014,3,100,6827,5,100,core,Tracy_Olga,5.69399999999996
99.78487543756545,3,100,7551,5,100,A1,NTD,242.76600000000008
3.1707253300920857,3,100,7551,5,100,A2,NTD,242.76600000000008
7548.593597546077,3,100,7551,5,100,A3,NTD,242.76600000000008
11.222861738750153,3,100,7551,5,100,core,NTD,242.76600000000008
10.042399789893768,3,100,7551,5,100,A1,Ours,12.054000000000087
0.18490749783701785,3,100,7551,5,100,A2,Ours,12.054000000000087
5.328810594652682,3,100,7551,5,100,A3,Ours,12.054000000000087
8.8978495662551,3,100,7551,5,100,core,Ours,12.054000000000087
10.042399789893768,3,100,7551,5,100,A1,HOSVD,4.703999999999951
0.18490749783701785,3,100,7551,5,100,A2,HOSVD,4.703999999999951
2.802539678939521,3,100,7551,5,100,A3,HOSVD,4.703999999999951
6.319180651366302,3,100,7551,5,100,core,HOSVD,4.703999999999951
9.214334639458226,3,100,7551,5,100,A1,HOOI,11.327999999999975
0.16751148762048318,3,100,7551,5,100,A2,HOOI,11.327999999999975
3.5541135808383713,3,100,7551,5,100,A3,HOOI,11.327999999999975
12.983888362717584,3,100,7551,5,100,core,HOOI,11.327999999999975
61.515310074578984,3,100,7551,5,100,A1,Olga,5.371999999999844
4.372733445169176,3,100,7551,5,100,A2,Olga,5.371999999999844
3.1851742757081434,3,100,7551,5,100,A3,Tracy,5.371999999999844
14.726559658446462,3,100,7551,5,100,core,Tracy_Olga,5.371999999999844
121.05845536172056,3,100,8244,5,100,A1,NTD,266.33899999999994
2.4811994141205878,3,100,8244,5,100,A2,NTD,266.33899999999994
8241.578169560944,3,100,8244,5,100,A3,NTD,266.33899999999994
12.108393096906322,3,100,8244,5,100,core,NTD,266.33899999999994
11.784500038070496,3,100,8244,5,100,A1,Ours,29.528999999999996
0.05109686316797721,3,100,8244,5,100,A2,Ours,29.528999999999996
5.249970930145324,3,100,8244,5,100,A3,Ours,29.528999999999996
10.272097288690546,3,100,8244,5,100,core,Ours,29.528999999999996
58.34655793985381,3,100,8244,5,100,A1,Olga,19.402000000000044
4.727183988736266,3,100,8244,5,100,A2,Olga,19.402000000000044
3.8523720478043457,3,100,8244,5,100,A3,Tracy,19.402000000000044
11.445555668977324,3,100,8244,5,100,core,Tracy_Olga,19.402000000000044
2.680327332259759,3,100,100,5,3000,A1,NTD,3.6440000000000055
0.38711765866532183,3,100,100,5,3000,A2,NTD,3.6440000000000055
97.00004665072623,3,100,100,5,3000,A3,NTD,3.6440000000000055
13.432523478152078,3,100,100,5,3000,core,NTD,3.6440000000000055
2.1604394719194278,3,100,100,5,3000,A1,Ours,3.6700000000000728
0.008935181817591691,3,100,100,5,3000,A2,Ours,3.6700000000000728
0.03451644055534159,3,100,100,5,3000,A3,Ours,3.6700000000000728
6.342668875128158,3,100,100,5,3000,core,Ours,3.6700000000000728
2.1604394719194278,3,100,100,5,3000,A1,HOSVD,2.688000000000102
0.008935181817591691,3,100,100,5,3000,A2,HOSVD,2.688000000000102
0.03451620483786457,3,100,100,5,3000,A3,HOSVD,2.688000000000102
6.3426675624145785,3,100,100,5,3000,core,HOSVD,2.688000000000102
2.142515780884873,3,100,100,5,3000,A1,HOOI,4.0300000000002
0.007484555256418182,3,100,100,5,3000,A2,HOOI,4.0300000000002
0.0343277076449124,3,100,100,5,3000,A3,HOOI,4.0300000000002
6.343783584145874,3,100,100,5,3000,core,HOOI,4.0300000000002
1.9683526653764427,3,100,100,5,3000,A1,Olga,1.77800000000002
0.01019523946115587,3,100,100,5,3000,A2,Olga,1.77800000000002
0.9616884913631067,3,100,100,5,3000,A3,Tracy,1.77800000000002
6.333247688361979,3,100,100,5,3000,core,Tracy_Olga,1.77800000000002
3.2135420008328603,3,100,500,5,3000,A1,NTD,14.61999999999989
0.17680971493755726,3,100,500,5,3000,A2,NTD,14.61999999999989
497.00006190401547,3,100,500,5,3000,A3,NTD,14.61999999999989
10.143588241319087,3,100,500,5,3000,core,NTD,14.61999999999989
2.1150123136778824,3,100,500,5,3000,A1,Ours,0.9940000000001419
0.029165489256636867,3,100,500,5,3000,A2,Ours,0.9940000000001419
0.07769931243288943,3,100,500,5,3000,A3,Ours,0.9940000000001419
6.357624702390186,3,100,500,5,3000,core,Ours,0.9940000000001419
2.1150123136778824,3,100,500,5,3000,A1,HOSVD,1.23700000000008
0.029165489256636867,3,100,500,5,3000,A2,HOSVD,1.23700000000008
0.0777024106848081,3,100,500,5,3000,A3,HOSVD,1.23700000000008
6.357606501518203,3,100,500,5,3000,core,HOSVD,1.23700000000008
2.094027100171413,3,100,500,5,3000,A1,HOOI,1.365000000000009
0.030125861272777107,3,100,500,5,3000,A2,HOOI,1.365000000000009
0.07753851739603396,3,100,500,5,3000,A3,HOOI,1.365000000000009
6.357814322076634,3,100,500,5,3000,core,HOOI,1.365000000000009
2.157533970415612,3,100,500,5,3000,A1,Olga,0.9340000000001965
0.010002595914740469,3,100,500,5,3000,A2,Olga,0.9340000000001965
1.2975139233469781,3,100,500,5,3000,A3,Tracy,0.9340000000001965
6.332767078049366,3,100,500,5,3000,core,Tracy_Olga,0.9340000000001965
2.991651302947933,3,100,1000,5,3000,A1,NTD,33.50999999999999
0.17186800154996656,3,100,1000,5,3000,A2,NTD,33.50999999999999
997.000178121046,3,100,1000,5,3000,A3,NTD,33.50999999999999
17.497484736014272,3,100,1000,5,3000,core,NTD,33.50999999999999
1.6820074620847023,3,100,1000,5,3000,A1,Ours,0.8089999999999691
0.006621925567598648,3,100,1000,5,3000,A2,Ours,0.8089999999999691
0.1424093950487651,3,100,1000,5,3000,A3,Ours,0.8089999999999691
6.340493918810008,3,100,1000,5,3000,core,Ours,0.8089999999999691
1.6820074620847023,3,100,1000,5,3000,A1,HOSVD,1.4269999999999072
0.006621925567598648,3,100,1000,5,3000,A2,HOSVD,1.4269999999999072
0.14221151219491313,3,100,1000,5,3000,A3,HOSVD,1.4269999999999072
6.342356701278131,3,100,1000,5,3000,core,HOSVD,1.4269999999999072
1.683307028730408,3,100,1000,5,3000,A1,HOOI,1.5910000000001219
0.00614162218063481,3,100,1000,5,3000,A2,HOOI,1.5910000000001219
0.14375247164965704,3,100,1000,5,3000,A3,HOOI,1.5910000000001219
6.3462736470812615,3,100,1000,5,3000,core,HOOI,1.5910000000001219
2.0683070826640795,3,100,1000,5,3000,A1,Olga,0.8350000000000364
0.022671458346114823,3,100,1000,5,3000,A2,Olga,0.8350000000000364
1.3734367820387599,3,100,1000,5,3000,A3,Tracy,0.8350000000000364
15.865585218434246,3,100,1000,5,3000,core,Tracy_Olga,0.8350000000000364
3.1225868249768096,3,100,2497,5,3000,A1,NTD,85.55499999999984
0.12608247064522227,3,100,2497,5,3000,A2,NTD,85.55499999999984
2494.047065331443,3,100,2497,5,3000,A3,NTD,85.55499999999984
9.950092580023554,3,100,2497,5,3000,core,NTD,85.55499999999984
2.6594659473582447,3,100,2497,5,3000,A1,Ours,2.8840000000000146
0.009415871243335082,3,100,2497,5,3000,A2,Ours,2.8840000000000146
2.5036645340282058,3,100,2497,5,3000,A3,Ours,2.8840000000000146
7.059169739367298,3,100,2497,5,3000,core,Ours,2.8840000000000146
2.6594659473582447,3,100,2497,5,3000,A1,HOSVD,1.8540000000000418
0.009415871243335082,3,100,2497,5,3000,A2,HOSVD,1.8540000000000418
2.5010502302094633,3,100,2497,5,3000,A3,HOSVD,1.8540000000000418
7.069352543415385,3,100,2497,5,3000,core,HOSVD,1.8540000000000418
2.6599643192205686,3,100,2497,5,3000,A1,HOOI,2.90099999999984
0.008663893582490433,3,100,2497,5,3000,A2,HOOI,2.90099999999984
2.4982451339945078,3,100,2497,5,3000,A3,HOOI,2.90099999999984
7.018125652160589,3,100,2497,5,3000,core,HOOI,2.90099999999984
3.0799174974490406,3,100,2497,5,3000,A1,Olga,2.1900000000000546
0.03191756920307141,3,100,2497,5,3000,A2,Olga,2.1900000000000546
2.9775149680335273,3,100,2497,5,3000,A3,Tracy,2.1900000000000546
15.673460019216321,3,100,2497,5,3000,core,Tracy_Olga,2.1900000000000546
3.008704115898932,3,100,4986,5,3000,A1,NTD,172.34699999999998
2.203082114072345,3,100,4986,5,3000,A2,NTD,172.34699999999998
4983.050725818373,3,100,4986,5,3000,A3,NTD,172.34699999999998
11.543694493598025,3,100,4986,5,3000,core,NTD,172.34699999999998
1.9110572836801436,3,100,4986,5,3000,A1,Ours,7.550999999999931
0.011709509285429956,3,100,4986,5,3000,A2,Ours,7.550999999999931
2.496338927640817,3,100,4986,5,3000,A3,Ours,7.550999999999931
6.316800971373542,3,100,4986,5,3000,core,Ours,7.550999999999931
1.9110572836801436,3,100,4986,5,3000,A1,HOSVD,4.1030000000000655
0.011709509285429956,3,100,4986,5,3000,A2,HOSVD,4.1030000000000655
2.474700528207369,3,100,4986,5,3000,A3,HOSVD,4.1030000000000655
6.319434164493384,3,100,4986,5,3000,core,HOSVD,4.1030000000000655
1.9182463035078965,3,100,4986,5,3000,A1,HOOI,6.677000000000135
0.01022144918576239,3,100,4986,5,3000,A2,HOOI,6.677000000000135
2.4760201404932074,3,100,4986,5,3000,A3,HOOI,6.677000000000135
6.313984414147653,3,100,4986,5,3000,core,HOOI,6.677000000000135
2.847651268889165,3,100,4986,5,3000,A1,Olga,4.184999999999945
0.07656213034242838,3,100,4986,5,3000,A2,Olga,4.184999999999945
2.8724488559740933,3,100,4986,5,3000,A3,Tracy,4.184999999999945
13.944928908853031,3,100,4986,5,3000,core,Tracy_Olga,4.184999999999945
2.8714360768108453,3,100,5979,5,3000,A1,NTD,200.94399999999996
4.829281508424383,3,100,5979,5,3000,A2,NTD,200.94399999999996
5976.064796024736,3,100,5979,5,3000,A3,NTD,200.94399999999996
7.998035762224714,3,100,5979,5,3000,core,NTD,200.94399999999996
2.7604644512432692,3,100,5979,5,3000,A1,Ours,11.61700000000019
0.025096948831682668,3,100,5979,5,3000,A2,Ours,11.61700000000019
2.538445108571907,3,100,5979,5,3000,A3,Ours,11.61700000000019
6.319180651366302,3,100,5979,5,3000,core,Ours,11.61700000000019
2.7604644512432692,3,100,5979,5,3000,A1,HOSVD,3.249000000000251
0.025096948831682668,3,100,5979,5,3000,A2,HOSVD,3.249000000000251
2.5087483499440606,3,100,5979,5,3000,A3,HOSVD,3.249000000000251
6.319180651366302,3,100,5979,5,3000,core,HOSVD,3.249000000000251
2.7651420613420563,3,100,5979,5,3000,A1,HOOI,6.7599999999997635
0.025587803464927356,3,100,5979,5,3000,A2,HOOI,6.7599999999997635
2.5103561264390817,3,100,5979,5,3000,A3,HOOI,6.7599999999997635
6.319180651366302,3,100,5979,5,3000,core,HOOI,6.7599999999997635
2.327334154499649,3,100,5979,5,3000,A1,Olga,4.0580000000004475
0.11563553083457313,3,100,5979,5,3000,A2,Olga,4.0580000000004475
2.8777759479631584,3,100,5979,5,3000,A3,Tracy,4.0580000000004475
15.966581002665588,3,100,5979,5,3000,core,Tracy_Olga,4.0580000000004475
3.1738791371415243,3,100,6973,5,3000,A1,NTD,229.1590000000001
3.184277397041082,3,100,6973,5,3000,A2,NTD,229.1590000000001
6970.065044842036,3,100,6973,5,3000,A3,NTD,229.1590000000001
10.955426851990003,3,100,6973,5,3000,core,NTD,229.1590000000001
2.4739275635897457,3,100,6973,5,3000,A1,Ours,10.065000000000055
0.006190576305187726,3,100,6973,5,3000,A2,Ours,10.065000000000055
2.5326424475766607,3,100,6973,5,3000,A3,Ours,10.065000000000055
6.319180651366302,3,100,6973,5,3000,core,Ours,10.065000000000055
2.4739275635897457,3,100,6973,5,3000,A1,HOSVD,3.0529999999998836
0.006190576305187726,3,100,6973,5,3000,A2,HOSVD,3.0529999999998836
2.4908795924456566,3,100,6973,5,3000,A3,HOSVD,3.0529999999998836
6.319180651366302,3,100,6973,5,3000,core,HOSVD,3.0529999999998836
2.4589721102259583,3,100,6973,5,3000,A1,HOOI,7.1909999999998035
0.007084566080500587,3,100,6973,5,3000,A2,HOOI,7.1909999999998035
2.489906157792089,3,100,6973,5,3000,A3,HOOI,7.1909999999998035
6.319180651366302,3,100,6973,5,3000,core,HOOI,7.1909999999998035
2.423197554450039,3,100,6973,5,3000,A1,Olga,4.497000000000298
0.13453724577853376,3,100,6973,5,3000,A2,Olga,4.497000000000298
2.8752718631316894,3,100,6973,5,3000,A3,Tracy,4.497000000000298
15.966581002665588,3,100,6973,5,3000,core,Tracy_Olga,4.497000000000298
3.0589884172002786,3,100,7961,5,3000,A1,NTD,250.5880000000002
4.829280044578517,3,100,7961,5,3000,A2,NTD,250.5880000000002
7958.078366890133,3,100,7961,5,3000,A3,NTD,250.5880000000002
13.679889410970185,3,100,7961,5,3000,core,NTD,250.5880000000002
3.0145003939548265,3,100,7961,5,3000,A1,Ours,15.944999999999709
0.026920064391808544,3,100,7961,5,3000,A2,Ours,15.944999999999709
2.5464269424990342,3,100,7961,5,3000,A3,Ours,15.944999999999709
6.319180651366302,3,100,7961,5,3000,core,Ours,15.944999999999709
3.0145003939548265,3,100,7961,5,3000,A1,HOSVD,5.516000000000076
0.026920064391808544,3,100,7961,5,3000,A2,HOSVD,5.516000000000076
2.4922090770998198,3,100,7961,5,3000,A3,HOSVD,5.516000000000076
6.319180651366302,3,100,7961,5,3000,core,HOSVD,5.516000000000076
3.0201247162372136,3,100,7961,5,3000,A1,HOOI,9.472999999999956
0.027513303687350787,3,100,7961,5,3000,A2,HOOI,9.472999999999956
2.4925714401631507,3,100,7961,5,3000,A3,HOOI,9.472999999999956
6.319180651366302,3,100,7961,5,3000,core,HOOI,9.472999999999956
2.8958509128699212,3,100,7961,5,3000,A1,Olga,5.165999999999713
0.15421105602060312,3,100,7961,5,3000,A2,Olga,5.165999999999713
2.884396605027613,3,100,7961,5,3000,A3,Tracy,5.165999999999713
15.966581002665588,3,100,7961,5,3000,core,Tracy_Olga,5.165999999999713
2.6485985952731776,3,100,8945,5,3000,A1,NTD,292.65499999999975
4.829288919402371,3,100,8945,5,3000,A2,NTD,292.65499999999975
8942.083504641496,3,100,8945,5,3000,A3,NTD,292.65499999999975
10.157869730609786,3,100,8945,5,3000,core,NTD,292.65499999999975
2.1342503085218967,3,100,8945,5,3000,A1,Ours,13.75
0.02147342405506083,3,100,8945,5,3000,A2,Ours,13.75
2.5919630588300375,3,100,8945,5,3000,A3,Ours,13.75
6.319180651366302,3,100,8945,5,3000,core,Ours,13.75
2.1342503085218967,3,100,8945,5,3000,A1,HOSVD,3.7799999999997453
0.02147342405506083,3,100,8945,5,3000,A2,HOSVD,3.7799999999997453
2.5244612162885156,3,100,8945,5,3000,A3,HOSVD,3.7799999999997453
6.319180651366302,3,100,8945,5,3000,core,HOSVD,3.7799999999997453
2.1384986583292744,3,100,8945,5,3000,A1,HOOI,11.182999999999993
0.020343636732196847,3,100,8945,5,3000,A2,HOOI,11.182999999999993
2.524250753759509,3,100,8945,5,3000,A3,HOOI,11.182999999999993
6.319180651366302,3,100,8945,5,3000,core,HOOI,11.182999999999993
2.290622121873836,3,100,8945,5,3000,A1,Olga,5.329000000000178
0.18636123921928371,3,100,8945,5,3000,A2,Olga,5.329000000000178
2.8968607647710107,3,100,8945,5,3000,A3,Tracy,5.329000000000178
15.966581002665588,3,100,8945,5,3000,core,Tracy_Olga,5.329000000000178
2.7373598248459556,3,100,9939,5,3000,A1,NTD,318.91499999999996
2.8440033244094147,3,100,9939,5,3000,A2,NTD,318.91499999999996
9936.081438317435,3,100,9939,5,3000,A3,NTD,318.91499999999996
14.470393070590996,3,100,9939,5,3000,core,NTD,318.91499999999996
1.957329696328886,3,100,9939,5,3000,A1,Ours,34.58600000000024
0.005853147690938392,3,100,9939,5,3000,A2,Ours,34.58600000000024
2.589103826099888,3,100,9939,5,3000,A3,Ours,34.58600000000024
6.319180651366302,3,100,9939,5,3000,core,Ours,34.58600000000024
1.957329696328886,3,100,9939,5,3000,A1,HOSVD,19.434999999999945
0.005853147690938392,3,100,9939,5,3000,A2,HOSVD,19.434999999999945
2.505940670217444,3,100,9939,5,3000,A3,HOSVD,19.434999999999945
6.319180651366302,3,100,9939,5,3000,core,HOSVD,19.434999999999945
1.9489669642242724,3,100,9939,5,3000,A1,HOOI,28.240999999999985
0.006462246669440813,3,100,9939,5,3000,A2,HOOI,28.240999999999985
2.505136049560292,3,100,9939,5,3000,A3,HOOI,28.240999999999985
6.319180651366302,3,100,9939,5,3000,core,HOOI,28.240999999999985
2.890611607249695,3,100,9939,5,3000,A1,Olga,19.20699999999988
0.24495003058061968,3,100,9939,5,3000,A2,Olga,19.20699999999988
2.8841181961227886,3,100,9939,5,3000,A3,Tracy,19.20699999999988
15.966581002665588,3,100,9939,5,3000,core,Tracy_Olga,19.20699999999988
3.9616698480224577,3,100,100,5,10000,A1,NTD,3.7229999999999563
0.436406106443186,3,100,100,5,10000,A2,NTD,3.7229999999999563
97,3,100,100,5,10000,A3,NTD,3.7229999999999563
11.651759962470754,3,100,100,5,10000,core,NTD,3.7229999999999563
1.4161444610620264,3,100,100,5,10000,A1,Ours,2.243999999999687
0.009419102665803798,3,100,100,5,10000,A2,Ours,2.243999999999687
0.01850700788572908,3,100,100,5,10000,A3,Ours,2.243999999999687
6.3404698205878285,3,100,100,5,10000,core,Ours,2.243999999999687
1.4161444610620264,3,100,100,5,10000,A1,HOSVD,3.1119999999996253
0.009419102665803798,3,100,100,5,10000,A2,HOSVD,3.1119999999996253
0.018507057552554017,3,100,100,5,10000,A3,HOSVD,3.1119999999996253
6.3404699976200485,3,100,100,5,10000,core,HOSVD,3.1119999999996253
1.4072680188099154,3,100,100,5,10000,A1,HOOI,2.45699999999988
0.008705518818673492,3,100,100,5,10000,A2,HOOI,2.45699999999988
0.01847833870722302,3,100,100,5,10000,A3,HOOI,2.45699999999988
6.3404029449057875,3,100,100,5,10000,core,HOOI,2.45699999999988
1.4185778852039173,3,100,100,5,10000,A1,Olga,2.9340000000001965
0.008959236726643725,3,100,100,5,10000,A2,Olga,2.9340000000001965
0.9586629020105475,3,100,100,5,10000,A3,Tracy,2.9340000000001965
6.343804396268205,3,100,100,5,10000,core,Tracy_Olga,2.9340000000001965
3.031150520024492,3,100,500,5,10000,A1,NTD,14.954999999999927
0.22138907687077694,3,100,500,5,10000,A2,NTD,14.954999999999927
497.00006849078125,3,100,500,5,10000,A3,NTD,14.954999999999927
8.274240794630511,3,100,500,5,10000,core,NTD,14.954999999999927
1.7144322393453568,3,100,500,5,10000,A1,Ours,0.7309999999997672
0.002053693218569072,3,100,500,5,10000,A2,Ours,0.7309999999997672
0.04114865185926697,3,100,500,5,10000,A3,Ours,0.7309999999997672
6.352371330985091,3,100,500,5,10000,core,Ours,0.7309999999997672
1.7144322393453568,3,100,500,5,10000,A1,HOSVD,0.3380000000001928
0.002053693218569072,3,100,500,5,10000,A2,HOSVD,0.3380000000001928
0.041146024248456974,3,100,500,5,10000,A3,HOSVD,0.3380000000001928
6.352369208210294,3,100,500,5,10000,core,HOSVD,0.3380000000001928
1.7178906791569177,3,100,500,5,10000,A1,HOOI,0.7689999999997781
0.0022147803919990985,3,100,500,5,10000,A2,HOOI,0.7689999999997781
0.04124359975000132,3,100,500,5,10000,A3,HOOI,0.7689999999997781
6.352502074702185,3,100,500,5,10000,core,HOOI,0.7689999999997781
1.3333572841975214,3,100,500,5,10000,A1,Olga,0.2719999999999345
0.004636663178463724,3,100,500,5,10000,A2,Olga,0.2719999999999345
1.2960447757490994,3,100,500,5,10000,A3,Tracy,0.2719999999999345
6.350904557215294,3,100,500,5,10000,core,Tracy_Olga,0.2719999999999345
3.0603257138570203,3,100,1000,5,10000,A1,NTD,32.432000000000244
2.9652600190217364,3,100,1000,5,10000,A2,NTD,32.432000000000244
997,3,100,1000,5,10000,A3,NTD,32.432000000000244
7.6654296936834525,3,100,1000,5,10000,core,NTD,32.432000000000244
1.1075705596374132,3,100,1000,5,10000,A1,Ours,0.81899999999996
0.004120029912692231,3,100,1000,5,10000,A2,Ours,0.81899999999996
0.058400549541351834,3,100,1000,5,10000,A3,Ours,0.81899999999996
6.354825838768777,3,100,1000,5,10000,core,Ours,0.81899999999996
1.1075705596374132,3,100,1000,5,10000,A1,HOSVD,0.81899999999996
0.004120029912692231,3,100,1000,5,10000,A2,HOSVD,0.81899999999996
0.058418896254454684,3,100,1000,5,10000,A3,HOSVD,0.81899999999996
6.354816912129112,3,100,1000,5,10000,core,HOSVD,0.81899999999996
1.1088792630267525,3,100,1000,5,10000,A1,HOOI,0.8289999999997235
0.004165266629131799,3,100,1000,5,10000,A2,HOOI,0.8289999999997235
0.0583570764846537,3,100,1000,5,10000,A3,HOOI,0.8289999999997235
6.355033080820274,3,100,1000,5,10000,core,HOOI,0.8289999999997235
1.2984768564062414,3,100,1000,5,10000,A1,Olga,0.5709999999999127
0.0062874776609793785,3,100,1000,5,10000,A2,Olga,0.5709999999999127
1.359406181253552,3,100,1000,5,10000,A3,Tracy,0.5709999999999127
6.346699475803948,3,100,1000,5,10000,core,Tracy_Olga,0.5709999999999127
2.818901919422658,3,100,2500,5,10000,A1,NTD,95.7199999999998
0.1963826576633597,3,100,2500,5,10000,A2,NTD,95.7199999999998
2497.0001505164723,3,100,2500,5,10000,A3,NTD,95.7199999999998
10.027129595941645,3,100,2500,5,10000,core,NTD,95.7199999999998
1.0919162909922122,3,100,2500,5,10000,A1,Ours,3.288000000000011
0.009486805953871885,3,100,2500,5,10000,A2,Ours,3.288000000000011
0.25294424605062654,3,100,2500,5,10000,A3,Ours,3.288000000000011
6.758105060784875,3,100,2500,5,10000,core,Ours,3.288000000000011
1.0919162909922122,3,100,2500,5,10000,A1,HOSVD,1.7100000000000364
0.009486805953871885,3,100,2500,5,10000,A2,HOSVD,1.7100000000000364
0.2526848840750396,3,100,2500,5,10000,A3,HOSVD,1.7100000000000364
6.758587315453687,3,100,2500,5,10000,core,HOSVD,1.7100000000000364
1.0926417747368122,3,100,2500,5,10000,A1,HOOI,2.894999999999982
0.008957602644411445,3,100,2500,5,10000,A2,HOOI,2.894999999999982
0.2541614093469947,3,100,2500,5,10000,A3,HOOI,2.894999999999982
6.758105284454109,3,100,2500,5,10000,core,HOOI,2.894999999999982
1.3050462023508098,3,100,2500,5,10000,A1,Olga,1.668999999999869
0.02380438237622187,3,100,2500,5,10000,A2,Olga,1.668999999999869
1.4417251358495962,3,100,2500,5,10000,A3,Tracy,1.668999999999869
15.714301386783,3,100,2500,5,10000,core,Tracy_Olga,1.668999999999869
2.7678754672685404,3,100,4997,5,10000,A1,NTD,185.4270000000006
0.1450858616867743,3,100,4997,5,10000,A2,NTD,185.4270000000006
4994.016857501208,3,100,4997,5,10000,A3,NTD,185.4270000000006
6.379011273013435,3,100,4997,5,10000,core,NTD,185.4270000000006
1.3838415668283834,3,100,4997,5,10000,A1,Ours,5.653000000000247
0.012250998797709103,3,100,4997,5,10000,A2,Ours,5.653000000000247
2.4402890205594208,3,100,4997,5,10000,A3,Ours,5.653000000000247
15.792424293552193,3,100,4997,5,10000,core,Ours,5.653000000000247
1.3838415668283834,3,100,4997,5,10000,A1,HOSVD,1.9929999999994834
0.012250998797709103,3,100,4997,5,10000,A2,HOSVD,1.9929999999994834
2.4378647096087938,3,100,4997,5,10000,A3,HOSVD,1.9929999999994834
15.791712753134258,3,100,4997,5,10000,core,HOSVD,1.9929999999994834
1.3843680742058357,3,100,4997,5,10000,A1,HOOI,7.041000000000167
0.012645827680552727,3,100,4997,5,10000,A2,HOOI,7.041000000000167
2.437785179511229,3,100,4997,5,10000,A3,HOOI,7.041000000000167
15.795365612048077,3,100,4997,5,10000,core,HOOI,7.041000000000167
1.1534383275653088,3,100,4997,5,10000,A1,Olga,3.8739999999997963
0.023877767943948577,3,100,4997,5,10000,A2,Olga,3.8739999999997963
3.0880297527636333,3,100,4997,5,10000,A3,Tracy,3.8739999999997963
6.676184812770073,3,100,4997,5,10000,core,Tracy_Olga,3.8739999999997963
2.9106797583289894,3,100,5997,5,10000,A1,NTD,201.98300000000017
4.583531645445069,3,100,5997,5,10000,A2,NTD,201.98300000000017
5994.024631513095,3,100,5997,5,10000,A3,NTD,201.98300000000017
13.845318507486715,3,100,5997,5,10000,core,NTD,201.98300000000017
0.9198123448159622,3,100,5997,5,10000,A1,Ours,7.707999999999629
0.006604926264321401,3,100,5997,5,10000,A2,Ours,7.707999999999629
2.4720477817012108,3,100,5997,5,10000,A3,Ours,7.707999999999629
6.319180651366302,3,100,5997,5,10000,core,Ours,7.707999999999629
0.9198123448159622,3,100,5997,5,10000,A1,HOSVD,3.0070000000005166
0.006604926264321401,3,100,5997,5,10000,A2,HOSVD,3.0070000000005166
2.469128224286131,3,100,5997,5,10000,A3,HOSVD,3.0070000000005166
6.319180651366302,3,100,5997,5,10000,core,HOSVD,3.0070000000005166
0.9185049334939069,3,100,5997,5,10000,A1,HOOI,6.331000000000131
0.006164453032638851,3,100,5997,5,10000,A2,HOOI,6.331000000000131
2.469820518703638,3,100,5997,5,10000,A3,HOOI,6.331000000000131
6.319180651366302,3,100,5997,5,10000,core,HOOI,6.331000000000131
1.1624504866292074,3,100,5997,5,10000,A1,Olga,3.213999999999942
0.03067865328626715,3,100,5997,5,10000,A2,Olga,3.213999999999942
2.876514377417739,3,100,5997,5,10000,A3,Tracy,3.213999999999942
14.091779848178295,3,100,5997,5,10000,core,Tracy_Olga,3.213999999999942
3.4173997302444286,3,100,6991,5,10000,A1,NTD,227.42600000000039
0.21467780974973985,3,100,6991,5,10000,A2,NTD,227.42600000000039
6988.022920749424,3,100,6991,5,10000,A3,NTD,227.42600000000039
8.09726922662451,3,100,6991,5,10000,core,NTD,227.42600000000039
1.5950496325958026,3,100,6991,5,10000,A1,Ours,9.095999999999549
0.004801869647462426,3,100,6991,5,10000,A2,Ours,9.095999999999549
2.4993347333827827,3,100,6991,5,10000,A3,Ours,9.095999999999549
6.319180651366302,3,100,6991,5,10000,core,Ours,9.095999999999549
1.5950496325958026,3,100,6991,5,10000,A1,HOSVD,4.442000000000007
0.004801869647462426,3,100,6991,5,10000,A2,HOSVD,4.442000000000007
2.4956552259571416,3,100,6991,5,10000,A3,HOSVD,4.442000000000007
6.319180651366302,3,100,6991,5,10000,core,HOSVD,4.442000000000007
1.5956672134282328,3,100,6991,5,10000,A1,HOOI,7.9320000000006985
0.005055616979786147,3,100,6991,5,10000,A2,HOOI,7.9320000000006985
2.4957438100779923,3,100,6991,5,10000,A3,HOOI,7.9320000000006985
6.319180651366302,3,100,6991,5,10000,core,HOOI,7.9320000000006985
1.2010937687392698,3,100,6991,5,10000,A1,Olga,4.639000000000124
0.048255698073518885,3,100,6991,5,10000,A2,Olga,4.639000000000124
2.875778843084441,3,100,6991,5,10000,A3,Tracy,4.639000000000124
16.028519413942462,3,100,6991,5,10000,core,Tracy_Olga,4.639000000000124
2.759624926686228,3,100,7994,5,10000,A1,NTD,254.8710000000001
2.3701096493480036,3,100,7994,5,10000,A2,NTD,254.8710000000001
7991.039145952893,3,100,7994,5,10000,A3,NTD,254.8710000000001
10.121215315090614,3,100,7994,5,10000,core,NTD,254.8710000000001
1.2349864220614652,3,100,7994,5,10000,A1,Ours,11.125999999999294
0.01605114184693952,3,100,7994,5,10000,A2,Ours,11.125999999999294
2.5240024399672634,3,100,7994,5,10000,A3,Ours,11.125999999999294
6.319180651366302,3,100,7994,5,10000,core,Ours,11.125999999999294
1.2349864220614652,3,100,7994,5,10000,A1,HOSVD,3.4459999999999127
0.01605114184693952,3,100,7994,5,10000,A2,HOSVD,3.4459999999999127
2.5192510951994436,3,100,7994,5,10000,A3,HOSVD,3.4459999999999127
6.319180651366302,3,100,7994,5,10000,core,HOSVD,3.4459999999999127
1.2362451660931548,3,100,7994,5,10000,A1,HOOI,10.085000000000036
0.015931869773092324,3,100,7994,5,10000,A2,HOOI,10.085000000000036
2.517782071911763,3,100,7994,5,10000,A3,HOOI,10.085000000000036
6.319180651366302,3,100,7994,5,10000,core,HOOI,10.085000000000036
1.0704680374898392,3,100,7994,5,10000,A1,Olga,4.998999999999796
0.04225034564472186,3,100,7994,5,10000,A2,Olga,4.998999999999796
2.883301361136164,3,100,7994,5,10000,A3,Tracy,4.998999999999796
6.319180651366302,3,100,7994,5,10000,core,Tracy_Olga,4.998999999999796
12.762482584645342,3,100,8987,5,10000,A1,NTD,278.0070000000005
0.6353831780809042,3,100,8987,5,10000,A2,NTD,278.0070000000005
8984.026914391103,3,100,8987,5,10000,A3,NTD,278.0070000000005
11.783488317952377,3,100,8987,5,10000,core,NTD,278.0070000000005
1.2431786244409206,3,100,8987,5,10000,A1,Ours,13.907000000000153
0.0016577602268774041,3,100,8987,5,10000,A2,Ours,13.907000000000153
2.501699434602155,3,100,8987,5,10000,A3,Ours,13.907000000000153
6.319180651366302,3,100,8987,5,10000,core,Ours,13.907000000000153
1.2431786244409206,3,100,8987,5,10000,A1,HOSVD,3.2950000000000728
0.0016577602268774041,3,100,8987,5,10000,A2,HOSVD,3.2950000000000728
2.495605628544027,3,100,8987,5,10000,A3,HOSVD,3.2950000000000728
6.319180651366302,3,100,8987,5,10000,core,HOSVD,3.2950000000000728
1.2446366818084895,3,100,8987,5,10000,A1,HOOI,11.519000000000233
0.002350064634674363,3,100,8987,5,10000,A2,HOOI,11.519000000000233
2.495784169316426,3,100,8987,5,10000,A3,HOOI,11.519000000000233
6.319180651366302,3,100,8987,5,10000,core,HOOI,11.519000000000233
1.2465071671516332,3,100,8987,5,10000,A1,Olga,5.593000000000757
0.060365431370970446,3,100,8987,5,10000,A2,Olga,5.593000000000757
2.8751047428107763,3,100,8987,5,10000,A3,Tracy,5.593000000000757
6.319180651366302,3,100,8987,5,10000,core,Tracy_Olga,5.593000000000757
2.909467237281578,3,100,9980,5,10000,A1,NTD,296.2520000000004
0.828183866782095,3,100,9980,5,10000,A2,NTD,296.2520000000004
9977.040860025692,3,100,9980,5,10000,A3,NTD,296.2520000000004
13.777644802696637,3,100,9980,5,10000,core,NTD,296.2520000000004
1.333414561937323,3,100,9980,5,10000,A1,Ours,14.441000000000713
0.004620915123736288,3,100,9980,5,10000,A2,Ours,14.441000000000713
2.4901549352757457,3,100,9980,5,10000,A3,Ours,14.441000000000713
6.319180651366302,3,100,9980,5,10000,core,Ours,14.441000000000713
1.333414561937323,3,100,9980,5,10000,A1,HOSVD,4.4650000000001455
0.004620915123736288,3,100,9980,5,10000,A2,HOSVD,4.4650000000001455
2.482100024927482,3,100,9980,5,10000,A3,HOSVD,4.4650000000001455
6.319180651366302,3,100,9980,5,10000,core,HOSVD,4.4650000000001455
1.3357417667789504,3,100,9980,5,10000,A1,HOOI,12.186999999999898
0.004453302347902162,3,100,9980,5,10000,A2,HOOI,12.186999999999898
2.483404546593323,3,100,9980,5,10000,A3,HOOI,12.186999999999898
6.319180651366302,3,100,9980,5,10000,core,HOOI,12.186999999999898
1.496761876896983,3,100,9980,5,10000,A1,Olga,7.434999999999491
0.05405235135921312,3,100,9980,5,10000,A2,Olga,7.434999999999491
2.9005177632513988,3,100,9980,5,10000,A3,Tracy,7.434999999999491
6.319180651366302,3,100,9980,5,10000,core,Tracy_Olga,7.434999999999491
