error,K,Q1,R,Q2,M,mode,method,time
5.26432095084374,3,100,100,5,100,A1,NTD,4.357
0.22457930766491746,3,100,100,5,100,A2,NTD,4.357
97.33381349127659,3,100,100,5,100,A3,NTD,4.357
9.482705891824617,3,100,100,5,100,core,NTD,4.357
15.964785246084261,3,100,100,5,100,A1,Ours,2.5749999999999993
0.10430695514001194,3,100,100,5,100,A2,Ours,2.5749999999999993
0.2277831639468086,3,100,100,5,100,A3,Ours,2.5749999999999993
10.120734136276928,3,100,100,5,100,core,Ours,2.5749999999999993
15.964785246084261,3,100,100,5,100,A1,HOSVD,1.939
0.10430695514001194,3,100,100,5,100,A2,HOSVD,1.939
0.23080025658165496,3,100,100,5,100,A3,HOSVD,1.939
10.117229625444972,3,100,100,5,100,core,HOSVD,1.939
15.450235253925195,3,100,100,5,100,A1,HOOI,1.2929999999999993
0.06467829818768489,3,100,100,5,100,A2,HOOI,1.2929999999999993
0.2218886890652305,3,100,100,5,100,A3,HOOI,1.2929999999999993
10.14403754992855,3,100,100,5,100,core,HOOI,1.2929999999999993
14.421600530717795,3,100,100,5,100,A1,Olga,1.4400000000000013
0.03782301877278437,3,100,100,5,100,A2,Olga,1.4400000000000013
1.0446680767215057,3,100,100,5,100,A3,Tracy,1.4400000000000013
10.109281768413592,3,100,100,5,100,core,Tracy_Olga,1.4400000000000013
4.356303287769945,3,100,499,5,100,A1,NTD,21.351000000000003
2.084030751304176,3,100,499,5,100,A2,NTD,21.351000000000003
496.16495524534344,3,100,499,5,100,A3,NTD,21.351000000000003
13.38067901255094,3,100,499,5,100,core,NTD,21.351000000000003
17.043238610434294,3,100,499,5,100,A1,Ours,0.4339999999999975
0.08946079350883468,3,100,499,5,100,A2,Ours,0.4339999999999975
2.9606868364939634,3,100,499,5,100,A3,Ours,0.4339999999999975
13.227639249838202,3,100,499,5,100,core,Ours,0.4339999999999975
17.043238610434294,3,100,499,5,100,A1,HOSVD,2.010000000000005
0.08946079350883468,3,100,499,5,100,A2,HOSVD,2.010000000000005
2.6016656500734325,3,100,499,5,100,A3,HOSVD,2.010000000000005
13.650516836340007,3,100,499,5,100,core,HOSVD,2.010000000000005
16.73676339078935,3,100,499,5,100,A1,HOOI,5.678999999999995
0.06628495757221782,3,100,499,5,100,A2,HOOI,5.678999999999995
2.461666862752083,3,100,499,5,100,A3,HOOI,5.678999999999995
9.621087847645345,3,100,499,5,100,core,HOOI,5.678999999999995
15.463751727972596,3,100,499,5,100,A1,Olga,3.9840000000000018
0.30690425953380485,3,100,499,5,100,A2,Olga,3.9840000000000018
2.777508865227196,3,100,499,5,100,A3,Tracy,3.9840000000000018
13.53058159713811,3,100,499,5,100,core,Tracy_Olga,3.9840000000000018
7.0356129582886835,3,100,984,5,100,A1,NTD,38.196999999999996
3.91093417247037,3,100,984,5,100,A2,NTD,38.196999999999996
981.3494520151501,3,100,984,5,100,A3,NTD,38.196999999999996
11.0782075779949,3,100,984,5,100,core,NTD,38.196999999999996
18.499430182541094,3,100,984,5,100,A1,Ours,9.961999999999989
0.054767550256100125,3,100,984,5,100,A2,Ours,9.961999999999989
3.3003275195990955,3,100,984,5,100,A3,Ours,9.961999999999989
10.903620638810986,3,100,984,5,100,core,Ours,9.961999999999989
18.499430182541094,3,100,984,5,100,A1,HOSVD,12.129999999999995
0.054767550256100125,3,100,984,5,100,A2,HOSVD,12.129999999999995
2.514514858769855,3,100,984,5,100,A3,HOSVD,12.129999999999995
13.114684648729918,3,100,984,5,100,core,HOSVD,12.129999999999995
15.833431939090211,3,100,984,5,100,A1,HOOI,13.016999999999982
0.1062658160940534,3,100,984,5,100,A2,HOOI,13.016999999999982
2.570569935020654,3,100,984,5,100,A3,HOOI,13.016999999999982
13.965961257432804,3,100,984,5,100,core,HOOI,13.016999999999982
23.15450240400427,3,100,984,5,100,A1,Olga,7.157000000000011
0.33063888437103955,3,100,984,5,100,A2,Olga,7.157000000000011
2.896233729174085,3,100,984,5,100,A3,Tracy,7.157000000000011
8.325205271456307,3,100,984,5,100,core,Tracy_Olga,7.157000000000011
68.14568114523979,3,100,2373,5,100,A1,NTD,88.39000000000001
3.917250201397516,3,100,2373,5,100,A2,NTD,88.39000000000001
2370.832346265798,3,100,2373,5,100,A3,NTD,88.39000000000001
9.754422544828556,3,100,2373,5,100,core,NTD,88.39000000000001
13.404498239940974,3,100,2373,5,100,A1,Ours,5.977000000000004
0.06278049072459614,3,100,2373,5,100,A2,Ours,5.977000000000004
5.256091971002883,3,100,2373,5,100,A3,Ours,5.977000000000004
8.964635614206253,3,100,2373,5,100,core,Ours,5.977000000000004
13.404498239940974,3,100,2373,5,100,A1,HOSVD,6.882000000000005
0.06278049072459614,3,100,2373,5,100,A2,HOSVD,6.882000000000005
2.560464919945958,3,100,2373,5,100,A3,HOSVD,6.882000000000005
11.045122616917103,3,100,2373,5,100,core,HOSVD,6.882000000000005
13.614059786135757,3,100,2373,5,100,A1,HOOI,6.169000000000011
0.10267475734618296,3,100,2373,5,100,A2,HOOI,6.169000000000011
2.5872018803323784,3,100,2373,5,100,A3,HOOI,6.169000000000011
9.252433682137205,3,100,2373,5,100,core,HOOI,6.169000000000011
30.646961112362604,3,100,2373,5,100,A1,Olga,3.686000000000007
0.35836927268914004,3,100,2373,5,100,A2,Olga,3.686000000000007
2.92939538015308,3,100,2373,5,100,A3,Tracy,3.686000000000007
8.364135139013138,3,100,2373,5,100,core,Tracy_Olga,3.686000000000007
122.40791416618315,3,100,4502,5,100,A1,NTD,157.63699999999997
3.9172427374861662,3,100,4502,5,100,A2,NTD,157.63699999999997
4499.885005343183,3,100,4502,5,100,A3,NTD,157.63699999999997
11.779189836487268,3,100,4502,5,100,core,NTD,157.63699999999997
10.727213885725199,3,100,4502,5,100,A1,Ours,11.328000000000031
0.0975769658022385,3,100,4502,5,100,A2,Ours,11.328000000000031
5.262963636475689,3,100,4502,5,100,A3,Ours,11.328000000000031
13.959215498725463,3,100,4502,5,100,core,Ours,11.328000000000031
10.727213885725199,3,100,4502,5,100,A1,HOSVD,13.622000000000014
0.0975769658022385,3,100,4502,5,100,A2,HOSVD,13.622000000000014
4.788229088754173,3,100,4502,5,100,A3,HOSVD,13.622000000000014
14.05595045969299,3,100,4502,5,100,core,HOSVD,13.622000000000014
10.784173245271889,3,100,4502,5,100,A1,HOOI,14.87299999999999
0.04517349291193544,3,100,4502,5,100,A2,HOOI,14.87299999999999
3.6073701081536367,3,100,4502,5,100,A3,HOOI,14.87299999999999
8.814289508165785,3,100,4502,5,100,core,HOOI,14.87299999999999
59.73051730962536,3,100,4502,5,100,A1,Olga,14.643000000000029
1.3533861677803833,3,100,4502,5,100,A2,Olga,14.643000000000029
3.094202517775464,3,100,4502,5,100,A3,Tracy,14.643000000000029
11.31885831441645,3,100,4502,5,100,core,Tracy_Olga,14.643000000000029
80.01925508069111,3,100,5330,5,100,A1,NTD,181.90999999999997
4.005019082500108,3,100,5330,5,100,A2,NTD,181.90999999999997
5327.933301514238,3,100,5330,5,100,A3,NTD,181.90999999999997
10.33927478154061,3,100,5330,5,100,core,NTD,181.90999999999997
14.776002205381884,3,100,5330,5,100,A1,Ours,6.7970000000000255
0.08335175974855835,3,100,5330,5,100,A2,Ours,6.7970000000000255
5.11600246280453,3,100,5330,5,100,A3,Ours,6.7970000000000255
10.212917061417883,3,100,5330,5,100,core,Ours,6.7970000000000255
14.776002205381884,3,100,5330,5,100,A1,HOSVD,2.076999999999998
0.08335175974855835,3,100,5330,5,100,A2,HOSVD,2.076999999999998
2.7302693300240555,3,100,5330,5,100,A3,HOSVD,2.076999999999998
10.09932651759755,3,100,5330,5,100,core,HOSVD,2.076999999999998
80.59200792024977,3,100,5330,5,100,A1,Olga,3.3670000000000755
0.5738134646695066,3,100,5330,5,100,A2,Olga,3.3670000000000755
3.1092483017565136,3,100,5330,5,100,A3,Tracy,3.3670000000000755
14.384887436933138,3,100,5330,5,100,core,Tracy_Olga,3.3670000000000755
109.08552567186378,3,100,6068,5,100,A1,NTD,214.79999999999995
4.086955873903117,3,100,6068,5,100,A2,NTD,214.79999999999995
6065.953031328555,3,100,6068,5,100,A3,NTD,214.79999999999995
11.86738749287501,3,100,6068,5,100,core,NTD,214.79999999999995
12.531117354565534,3,100,6068,5,100,A1,Ours,6.819000000000074
0.07971636221773458,3,100,6068,5,100,A2,Ours,6.819000000000074
5.299605616453917,3,100,6068,5,100,A3,Ours,6.819000000000074
9.952347679514713,3,100,6068,5,100,core,Ours,6.819000000000074
12.531117354565534,3,100,6068,5,100,A1,HOSVD,2.0750000000000455
0.07971636221773458,3,100,6068,5,100,A2,HOSVD,2.0750000000000455
4.400673009652244,3,100,6068,5,100,A3,HOSVD,2.0750000000000455
10.002793725547276,3,100,6068,5,100,core,HOSVD,2.0750000000000455
74.54529994737261,3,100,6068,5,100,A1,Olga,3.230000000000018
0.3364101108879037,3,100,6068,5,100,A2,Olga,3.230000000000018
3.847396559680809,3,100,6068,5,100,A3,Tracy,3.230000000000018
11.598650870953826,3,100,6068,5,100,core,Tracy_Olga,3.230000000000018
108.91264870238821,3,100,6798,5,100,A1,NTD,224.58900000000006
4.093221532767543,3,100,6798,5,100,A2,NTD,224.58900000000006
6795.6069285669755,3,100,6798,5,100,A3,NTD,224.58900000000006
11.265387485795044,3,100,6798,5,100,core,NTD,224.58900000000006
14.57788618492266,3,100,6798,5,100,A1,Ours,13.125
0.10291350043087558,3,100,6798,5,100,A2,Ours,13.125
5.306725060567868,3,100,6798,5,100,A3,Ours,13.125
15.455311089537597,3,100,6798,5,100,core,Ours,13.125
14.57788618492266,3,100,6798,5,100,A1,HOSVD,3.4780000000000655
0.10291350043087558,3,100,6798,5,100,A2,HOSVD,3.4780000000000655
2.7962784916337347,3,100,6798,5,100,A3,HOSVD,3.4780000000000655
10.214450372559751,3,100,6798,5,100,core,HOSVD,3.4780000000000655
14.699929826894593,3,100,6798,5,100,A1,HOOI,16.472999999999956
0.015827699529398127,3,100,6798,5,100,A2,HOOI,16.472999999999956
4.003256112969651,3,100,6798,5,100,A3,HOOI,16.472999999999956
8.671118784314428,3,100,6798,5,100,core,HOOI,16.472999999999956
126.96957499039902,3,100,7485,5,100,A1,NTD,243.87800000000016
4.084020121468432,3,100,7485,5,100,A2,NTD,243.87800000000016
7483.048252968158,3,100,7485,5,100,A3,NTD,243.87800000000016
11.817588226292758,3,100,7485,5,100,core,NTD,243.87800000000016
10.091238891702972,3,100,7485,5,100,A1,Ours,9.223999999999933
0.09235709088145308,3,100,7485,5,100,A2,Ours,9.223999999999933
5.261722652733382,3,100,7485,5,100,A3,Ours,9.223999999999933
10.212655335743444,3,100,7485,5,100,core,Ours,9.223999999999933
10.091238891702972,3,100,7485,5,100,A1,HOSVD,3.270999999999958
0.09235709088145308,3,100,7485,5,100,A2,HOSVD,3.270999999999958
3.7939322500187216,3,100,7485,5,100,A3,HOSVD,3.270999999999958
10.007178895789401,3,100,7485,5,100,core,HOSVD,3.270999999999958
76.0211215256013,3,100,7485,5,100,A1,Olga,4.750999999999976
3.9879465072639406,3,100,7485,5,100,A2,Olga,4.750999999999976
3.834840888958534,3,100,7485,5,100,A3,Tracy,4.750999999999976
10.494926441522226,3,100,7485,5,100,core,Tracy_Olga,4.750999999999976
81.69525224277469,3,100,8139,5,100,A1,NTD,256.73
2.0840335740859652,3,100,8139,5,100,A2,NTD,256.73
8137.017555278477,3,100,8139,5,100,A3,NTD,256.73
12.016604253540523,3,100,8139,5,100,core,NTD,256.73
14.652439691105599,3,100,8139,5,100,A1,Ours,21.254000000000133
0.18462612816432114,3,100,8139,5,100,A2,Ours,21.254000000000133
5.171401641057756,3,100,8139,5,100,A3,Ours,21.254000000000133
15.76810083489515,3,100,8139,5,100,core,Ours,21.254000000000133
71.17471750466207,3,100,8139,5,100,A1,Olga,17.833999999999833
0.8074762364331635,3,100,8139,5,100,A2,Olga,17.833999999999833
3.258870161700024,3,100,8139,5,100,A3,Tracy,17.833999999999833
11.429387670866511,3,100,8139,5,100,core,Tracy_Olga,17.833999999999833
1.5037632099658005,3,100,100,5,3000,A1,NTD,3.38799999999992
0.15302120576161152,3,100,100,5,3000,A2,NTD,3.38799999999992
97,3,100,100,5,3000,A3,NTD,3.38799999999992
12.698823955226615,3,100,100,5,3000,core,NTD,3.38799999999992
2.5840023850738985,3,100,100,5,3000,A1,Ours,5.132000000000062
0.009870079341840043,3,100,100,5,3000,A2,Ours,5.132000000000062
0.03653583869436155,3,100,100,5,3000,A3,Ours,5.132000000000062
10.31951456290543,3,100,100,5,3000,core,Ours,5.132000000000062
2.5840023850738985,3,100,100,5,3000,A1,HOSVD,6.366999999999962
0.009870079341840043,3,100,100,5,3000,A2,HOSVD,6.366999999999962
0.0365359896312093,3,100,100,5,3000,A3,HOSVD,6.366999999999962
10.319515611751186,3,100,100,5,3000,core,HOSVD,6.366999999999962
2.5661557060323914,3,100,100,5,3000,A1,HOOI,5.185999999999922
0.006371985836126917,3,100,100,5,3000,A2,HOOI,5.185999999999922
0.036167290911527115,3,100,100,5,3000,A3,HOOI,5.185999999999922
10.31924869387708,3,100,100,5,3000,core,HOOI,5.185999999999922
2.479535093480463,3,100,100,5,3000,A1,Olga,3.907000000000153
0.011026717533847066,3,100,100,5,3000,A2,Olga,3.907000000000153
1.0010389383920255,3,100,100,5,3000,A3,Tracy,3.907000000000153
10.283264197030674,3,100,100,5,3000,core,Tracy_Olga,3.907000000000153
1.823278122019606,3,100,500,5,3000,A1,NTD,14.238999999999805
2.1208148057578753,3,100,500,5,3000,A2,NTD,14.238999999999805
497.0065720661105,3,100,500,5,3000,A3,NTD,14.238999999999805
13.523366166173775,3,100,500,5,3000,core,NTD,14.238999999999805
2.2074220864415306,3,100,500,5,3000,A1,Ours,6.069000000000187
0.025818928691353566,3,100,500,5,3000,A2,Ours,6.069000000000187
0.08836889134168444,3,100,500,5,3000,A3,Ours,6.069000000000187
10.305344690751966,3,100,500,5,3000,core,Ours,6.069000000000187
2.2074220864415306,3,100,500,5,3000,A1,HOSVD,5.876999999999953
0.025818928691353566,3,100,500,5,3000,A2,HOSVD,5.876999999999953
0.08837825031504301,3,100,500,5,3000,A3,HOSVD,5.876999999999953
10.305287300813989,3,100,500,5,3000,core,HOSVD,5.876999999999953
2.211924289360512,3,100,500,5,3000,A1,HOOI,6.655999999999949
0.024694679927467083,3,100,500,5,3000,A2,HOOI,6.655999999999949
0.08791079014709746,3,100,500,5,3000,A3,HOOI,6.655999999999949
10.305809092095524,3,100,500,5,3000,core,HOOI,6.655999999999949
2.59225739787351,3,100,500,5,3000,A1,Olga,5.038999999999987
0.01828766445457155,3,100,500,5,3000,A2,Olga,5.038999999999987
1.261485854860775,3,100,500,5,3000,A3,Tracy,5.038999999999987
10.279865941348595,3,100,500,5,3000,core,Tracy_Olga,5.038999999999987
1.7481703555523551,3,100,1000,5,3000,A1,NTD,34.848000000000184
1.8988169612232784,3,100,1000,5,3000,A2,NTD,34.848000000000184
997.000208830348,3,100,1000,5,3000,A3,NTD,34.848000000000184
11.430479623245757,3,100,1000,5,3000,core,NTD,34.848000000000184
2.1677455137712127,3,100,1000,5,3000,A1,Ours,1.6399999999998727
0.015289266976745442,3,100,1000,5,3000,A2,Ours,1.6399999999998727
0.15061047298481905,3,100,1000,5,3000,A3,Ours,1.6399999999998727
10.279142326519965,3,100,1000,5,3000,core,Ours,1.6399999999998727
2.1677455137712127,3,100,1000,5,3000,A1,HOSVD,1.336999999999989
0.015289266976745442,3,100,1000,5,3000,A2,HOSVD,1.336999999999989
0.15058265402063423,3,100,1000,5,3000,A3,HOSVD,1.336999999999989
10.279202958489106,3,100,1000,5,3000,core,HOSVD,1.336999999999989
2.16043831684518,3,100,1000,5,3000,A1,HOOI,1.0989999999999327
0.015240435823861649,3,100,1000,5,3000,A2,HOOI,1.0989999999999327
0.15018311800255527,3,100,1000,5,3000,A3,HOOI,1.0989999999999327
10.281443423219626,3,100,1000,5,3000,core,HOOI,1.0989999999999327
2.728570949134221,3,100,1000,5,3000,A1,Olga,0.9689999999998236
0.03557549157289391,3,100,1000,5,3000,A2,Olga,0.9689999999998236
1.3830880484934374,3,100,1000,5,3000,A3,Tracy,0.9689999999998236
10.232653992400635,3,100,1000,5,3000,core,Tracy_Olga,0.9689999999998236
1.562183517307921,3,100,2498,5,3000,A1,NTD,83.1909999999998
0.39456706735561947,3,100,2498,5,3000,A2,NTD,83.1909999999998
2495.065259354196,3,100,2498,5,3000,A3,NTD,83.1909999999998
13.720670343111879,3,100,2498,5,3000,core,NTD,83.1909999999998
3.0748247163688296,3,100,2498,5,3000,A1,Ours,1.9759999999998854
0.005707403129993621,3,100,2498,5,3000,A2,Ours,1.9759999999998854
2.574682878100564,3,100,2498,5,3000,A3,Ours,1.9759999999998854
9.866652806658095,3,100,2498,5,3000,core,Ours,1.9759999999998854
3.0748247163688296,3,100,2498,5,3000,A1,HOSVD,0.95699999999988
0.005707403129993621,3,100,2498,5,3000,A2,HOSVD,0.95699999999988
2.446272831375574,3,100,2498,5,3000,A3,HOSVD,0.95699999999988
9.242110615620167,3,100,2498,5,3000,core,HOSVD,0.95699999999988
3.049902683383968,3,100,2498,5,3000,A1,HOOI,2.5419999999999163
0.006606867356415632,3,100,2498,5,3000,A2,HOOI,2.5419999999999163
2.555580547075651,3,100,2498,5,3000,A3,HOOI,2.5419999999999163
9.834478291507043,3,100,2498,5,3000,core,HOOI,2.5419999999999163
2.3496082099992814,3,100,2498,5,3000,A1,Olga,1.11200000000008
0.007576212850293411,3,100,2498,5,3000,A2,Olga,1.11200000000008
2.955234956207168,3,100,2498,5,3000,A3,Tracy,1.11200000000008
9.299792964692918,3,100,2498,5,3000,core,Tracy_Olga,1.11200000000008
2.3166775662811663,3,100,4984,5,3000,A1,NTD,166.69000000000005
1.094462557356234,3,100,4984,5,3000,A2,NTD,166.69000000000005
4981.149330544668,3,100,4984,5,3000,A3,NTD,166.69000000000005
14.373761111912566,3,100,4984,5,3000,core,NTD,166.69000000000005
3.380067322831917,3,100,4984,5,3000,A1,Ours,5.193000000000211
0.011370433881129223,3,100,4984,5,3000,A2,Ours,5.193000000000211
2.5241418524374972,3,100,4984,5,3000,A3,Ours,5.193000000000211
9.749127531907524,3,100,4984,5,3000,core,Ours,5.193000000000211
3.380067322831917,3,100,4984,5,3000,A1,HOSVD,1.7439999999996871
0.011370433881129223,3,100,4984,5,3000,A2,HOSVD,1.7439999999996871
2.498862060695601,3,100,4984,5,3000,A3,HOSVD,1.7439999999996871
9.776122687063495,3,100,4984,5,3000,core,HOSVD,1.7439999999996871
3.372413133361881,3,100,4984,5,3000,A1,HOOI,4.514999999999873
0.009899502008456216,3,100,4984,5,3000,A2,HOOI,4.514999999999873
2.467620519384018,3,100,4984,5,3000,A3,HOOI,4.514999999999873
9.288500422557451,3,100,4984,5,3000,core,HOOI,4.514999999999873
2.686478644505208,3,100,4984,5,3000,A1,Olga,2.6269999999999527
0.030487890135456948,3,100,4984,5,3000,A2,Olga,2.6269999999999527
2.920977291646293,3,100,4984,5,3000,A3,Tracy,2.6269999999999527
9.268908771746384,3,100,4984,5,3000,core,Tracy_Olga,2.6269999999999527
1.475940391674869,3,100,5979,5,3000,A1,NTD,200.67200000000003
3.0497603553221286,3,100,5979,5,3000,A2,NTD,200.67200000000003
5976.052994090852,3,100,5979,5,3000,A3,NTD,200.67200000000003
13.056238012215132,3,100,5979,5,3000,core,NTD,200.67200000000003
4.650899965213451,3,100,5979,5,3000,A1,Ours,9.378999999999905
0.025213184718528577,3,100,5979,5,3000,A2,Ours,9.378999999999905
2.5186215202426774,3,100,5979,5,3000,A3,Ours,9.378999999999905
10.243496172932744,3,100,5979,5,3000,core,Ours,9.378999999999905
4.650899965213451,3,100,5979,5,3000,A1,HOSVD,2.2829999999999018
0.025213184718528577,3,100,5979,5,3000,A2,HOSVD,2.2829999999999018
2.489119634371623,3,100,5979,5,3000,A3,HOSVD,2.2829999999999018
10.252102922821269,3,100,5979,5,3000,core,HOSVD,2.2829999999999018
4.6414627121119905,3,100,5979,5,3000,A1,HOOI,5.782999999999902
0.024735448738538435,3,100,5979,5,3000,A2,HOOI,5.782999999999902
2.4936060043743944,3,100,5979,5,3000,A3,HOOI,5.782999999999902
10.249479385991108,3,100,5979,5,3000,core,HOOI,5.782999999999902
2.869871012643468,3,100,5979,5,3000,A1,Olga,3.3669999999997344
0.02093397109950543,3,100,5979,5,3000,A2,Olga,3.3669999999997344
2.882558289873328,3,100,5979,5,3000,A3,Tracy,3.3669999999997344
10.28298064233886,3,100,5979,5,3000,core,Tracy_Olga,3.3669999999997344
1.4438569239308832,3,100,6965,5,3000,A1,NTD,222.9359999999997
1.2338683224521598,3,100,6965,5,3000,A2,NTD,222.9359999999997
6962.4692723961725,3,100,6965,5,3000,A3,NTD,222.9359999999997
12.26571660188289,3,100,6965,5,3000,core,NTD,222.9359999999997
4.065041068877461,3,100,6965,5,3000,A1,Ours,8.046000000000276
0.02073441876835252,3,100,6965,5,3000,A2,Ours,8.046000000000276
2.543619810936021,3,100,6965,5,3000,A3,Ours,8.046000000000276
10.261834194447443,3,100,6965,5,3000,core,Ours,8.046000000000276
4.065041068877461,3,100,6965,5,3000,A1,HOSVD,2.624000000000251
0.02073441876835252,3,100,6965,5,3000,A2,HOSVD,2.624000000000251
2.5031839670714144,3,100,6965,5,3000,A3,HOSVD,2.624000000000251
10.273616274385034,3,100,6965,5,3000,core,HOSVD,2.624000000000251
4.0524587109067545,3,100,6965,5,3000,A1,HOOI,6.3159999999998035
0.021674478295515966,3,100,6965,5,3000,A2,HOOI,6.3159999999998035
2.492417891954672,3,100,6965,5,3000,A3,HOOI,6.3159999999998035
10.301515179747323,3,100,6965,5,3000,core,HOOI,6.3159999999998035
3.11774199779501,3,100,6965,5,3000,A1,Olga,4.355000000000018
0.06256225212967378,3,100,6965,5,3000,A2,Olga,4.355000000000018
2.908109292597275,3,100,6965,5,3000,A3,Tracy,4.355000000000018
10.286025033995797,3,100,6965,5,3000,core,Tracy_Olga,4.355000000000018
1.5591934546569732,3,100,7963,5,3000,A1,NTD,252.16100000000006
3.348844432898438,3,100,7963,5,3000,A2,NTD,252.16100000000006
7960.475354130851,3,100,7963,5,3000,A3,NTD,252.16100000000006
10.844987157126152,3,100,7963,5,3000,core,NTD,252.16100000000006
2.8837145425434336,3,100,7963,5,3000,A1,Ours,10.575000000000273
0.02296760982426405,3,100,7963,5,3000,A2,Ours,10.575000000000273
2.528420392315614,3,100,7963,5,3000,A3,Ours,10.575000000000273
10.245595820726368,3,100,7963,5,3000,core,Ours,10.575000000000273
2.8837145425434336,3,100,7963,5,3000,A1,HOSVD,3.4659999999998945
0.02296760982426405,3,100,7963,5,3000,A2,HOSVD,3.4659999999998945
2.4755747501156957,3,100,7963,5,3000,A3,HOSVD,3.4659999999998945
10.262073839462067,3,100,7963,5,3000,core,HOSVD,3.4659999999998945
2.893529180814973,3,100,7963,5,3000,A1,HOOI,8.177000000000135
0.020263342211312624,3,100,7963,5,3000,A2,HOOI,8.177000000000135
2.475607233585411,3,100,7963,5,3000,A3,HOOI,8.177000000000135
10.281707729946648,3,100,7963,5,3000,core,HOOI,8.177000000000135
2.1529573349464917,3,100,7963,5,3000,A1,Olga,7.0590000000001965
0.025175599651899094,3,100,7963,5,3000,A2,Olga,7.0590000000001965
2.87628920914949,3,100,7963,5,3000,A3,Tracy,7.0590000000001965
10.254214594531916,3,100,7963,5,3000,core,Tracy_Olga,7.0590000000001965
1.7933894720820165,3,100,8951,5,3000,A1,NTD,279.6659999999997
2.6590441920940515,3,100,8951,5,3000,A2,NTD,279.6659999999997
8948.095636250882,3,100,8951,5,3000,A3,NTD,279.6659999999997
12.880126274484724,3,100,8951,5,3000,core,NTD,279.6659999999997
2.6532384789628516,3,100,8951,5,3000,A1,Ours,12.545999999999822
0.029383596176830326,3,100,8951,5,3000,A2,Ours,12.545999999999822
2.58796947521837,3,100,8951,5,3000,A3,Ours,12.545999999999822
10.270361231023262,3,100,8951,5,3000,core,Ours,12.545999999999822
2.6532384789628516,3,100,8951,5,3000,A1,HOSVD,3.099999999999909
0.029383596176830326,3,100,8951,5,3000,A2,HOSVD,3.099999999999909
2.5200821147332193,3,100,8951,5,3000,A3,HOSVD,3.099999999999909
10.288437924439892,3,100,8951,5,3000,core,HOSVD,3.099999999999909
2.8620223292550024,3,100,8951,5,3000,A1,HOOI,10.411000000000058
0.027339664486982183,3,100,8951,5,3000,A2,HOOI,10.411000000000058
2.5242710622989666,3,100,8951,5,3000,A3,HOOI,10.411000000000058
9.277108827687595,3,100,8951,5,3000,core,HOOI,10.411000000000058
2.580981255574807,3,100,8951,5,3000,A1,Olga,5.954000000000178
0.08149079397720853,3,100,8951,5,3000,A2,Olga,5.954000000000178
2.9223499430586117,3,100,8951,5,3000,A3,Tracy,5.954000000000178
9.299816325645912,3,100,8951,5,3000,core,Tracy_Olga,5.954000000000178
1.7538167160905276,3,100,9932,5,3000,A1,NTD,305.93700000000035
1.917301276434849,3,100,9932,5,3000,A2,NTD,305.93700000000035
9929.106229050478,3,100,9932,5,3000,A3,NTD,305.93700000000035
14.000569944510389,3,100,9932,5,3000,core,NTD,305.93700000000035
4.053074221935497,3,100,9932,5,3000,A1,Ours,14.058999999999742
0.010698044272661751,3,100,9932,5,3000,A2,Ours,14.058999999999742
2.5863227095719727,3,100,9932,5,3000,A3,Ours,14.058999999999742
10.212510424236934,3,100,9932,5,3000,core,Ours,14.058999999999742
4.053074221935497,3,100,9932,5,3000,A1,HOSVD,7.996000000000095
0.010698044272661751,3,100,9932,5,3000,A2,HOSVD,7.996000000000095
2.5029654915718647,3,100,9932,5,3000,A3,HOSVD,7.996000000000095
10.246706155375385,3,100,9932,5,3000,core,HOSVD,7.996000000000095
4.044895329141935,3,100,9932,5,3000,A1,HOOI,16.554999999999836
0.013809890487997483,3,100,9932,5,3000,A2,HOOI,16.554999999999836
2.504082676293263,3,100,9932,5,3000,A3,HOOI,16.554999999999836
10.259635595511591,3,100,9932,5,3000,core,HOOI,16.554999999999836
3.3766309749978918,3,100,9932,5,3000,A1,Olga,22.359999999999673
0.050214193268220804,3,100,9932,5,3000,A2,Olga,22.359999999999673
2.9102940310398626,3,100,9932,5,3000,A3,Tracy,22.359999999999673
10.243024998897699,3,100,9932,5,3000,core,Tracy_Olga,22.359999999999673
1.706541783586013,3,100,100,5,10000,A1,NTD,3.193000000000211
0.17415843098127298,3,100,100,5,10000,A2,NTD,3.193000000000211
97,3,100,100,5,10000,A3,NTD,3.193000000000211
15.593895671552849,3,100,100,5,10000,core,NTD,3.193000000000211
1.4824922609821043,3,100,100,5,10000,A1,Ours,9.863999999999578
0.006761135034748174,3,100,100,5,10000,A2,Ours,9.863999999999578
0.0232798286510074,3,100,100,5,10000,A3,Ours,9.863999999999578
10.312514987959991,3,100,100,5,10000,core,Ours,9.863999999999578
1.4824922609821043,3,100,100,5,10000,A1,HOSVD,7.032999999999902
0.006761135034748174,3,100,100,5,10000,A2,HOSVD,7.032999999999902
0.023279772039533533,3,100,100,5,10000,A3,HOSVD,7.032999999999902
10.312515197965384,3,100,100,5,10000,core,HOSVD,7.032999999999902
1.484985422737155,3,100,100,5,10000,A1,HOOI,4.3409999999998945
0.005775719366880556,3,100,100,5,10000,A2,HOOI,4.3409999999998945
0.022797836846606245,3,100,100,5,10000,A3,HOOI,4.3409999999998945
10.311239335760089,3,100,100,5,10000,core,HOOI,4.3409999999998945
1.8806098797973914,3,100,100,5,10000,A1,Olga,6.001000000000204
0.004550087239040237,3,100,100,5,10000,A2,Olga,6.001000000000204
1.0037094629612373,3,100,100,5,10000,A3,Tracy,6.001000000000204
10.261417616520966,3,100,100,5,10000,core,Tracy_Olga,6.001000000000204
1.4773521328939323,3,100,500,5,10000,A1,NTD,13.919999999999618
0.2583372559965081,3,100,500,5,10000,A2,NTD,13.919999999999618
497.4198313390767,3,100,500,5,10000,A3,NTD,13.919999999999618
13.002444500588004,3,100,500,5,10000,core,NTD,13.919999999999618
1.2719914106771397,3,100,500,5,10000,A1,Ours,7.333999999999833
0.00445885733668294,3,100,500,5,10000,A2,Ours,7.333999999999833
0.04814900445610035,3,100,500,5,10000,A3,Ours,7.333999999999833
10.308014225492965,3,100,500,5,10000,core,Ours,7.333999999999833
1.2719914106771397,3,100,500,5,10000,A1,HOSVD,5.373999999999796
0.00445885733668294,3,100,500,5,10000,A2,HOSVD,5.373999999999796
0.04815527092593416,3,100,500,5,10000,A3,HOSVD,5.373999999999796
10.308007197567658,3,100,500,5,10000,core,HOSVD,5.373999999999796
1.26730972243557,3,100,500,5,10000,A1,HOOI,4.101000000000113
0.004734478084969592,3,100,500,5,10000,A2,HOOI,4.101000000000113
0.04805286989709435,3,100,500,5,10000,A3,HOOI,4.101000000000113
10.308013940279688,3,100,500,5,10000,core,HOOI,4.101000000000113
1.0736981787505746,3,100,500,5,10000,A1,Olga,4.925999999999931
0.0029156552110354466,3,100,500,5,10000,A2,Olga,4.925999999999931
1.2537600610834698,3,100,500,5,10000,A3,Tracy,4.925999999999931
10.275523791559506,3,100,500,5,10000,core,Tracy_Olga,4.925999999999931
1.7783233990145004,3,100,1000,5,10000,A1,NTD,31.235999999999876
0.5825410427797382,3,100,1000,5,10000,A2,NTD,31.235999999999876
997.0000221862274,3,100,1000,5,10000,A3,NTD,31.235999999999876
6.2724129891745966,3,100,1000,5,10000,core,NTD,31.235999999999876
1.727559790554841,3,100,1000,5,10000,A1,Ours,8.266000000000076
0.006085122854998079,3,100,1000,5,10000,A2,Ours,8.266000000000076
0.11442249458003109,3,100,1000,5,10000,A3,Ours,8.266000000000076
10.264119652346336,3,100,1000,5,10000,core,Ours,8.266000000000076
1.727559790554841,3,100,1000,5,10000,A1,HOSVD,5.886999999999716
0.006085122854998079,3,100,1000,5,10000,A2,HOSVD,5.886999999999716
0.11439371246433913,3,100,1000,5,10000,A3,HOSVD,5.886999999999716
10.264126474246051,3,100,1000,5,10000,core,HOSVD,5.886999999999716
1.7278538926235218,3,100,1000,5,10000,A1,HOOI,6.739000000000033
0.00592433526730974,3,100,1000,5,10000,A2,HOOI,6.739000000000033
0.11361471873374619,3,100,1000,5,10000,A3,HOOI,6.739000000000033
10.264923023126585,3,100,1000,5,10000,core,HOOI,6.739000000000033
1.190278518433733,3,100,1000,5,10000,A1,Olga,5.068000000000211
0.004461001535590396,3,100,1000,5,10000,A2,Olga,5.068000000000211
1.3811850665582568,3,100,1000,5,10000,A3,Tracy,5.068000000000211
10.232078248846179,3,100,1000,5,10000,core,Tracy_Olga,5.068000000000211
1.7003001177974797,3,100,2500,5,10000,A1,NTD,90.54199999999992
3.36779140566606,3,100,2500,5,10000,A2,NTD,90.54199999999992
2497.0003481483404,3,100,2500,5,10000,A3,NTD,90.54199999999992
11.035872232489366,3,100,2500,5,10000,core,NTD,90.54199999999992
1.6706014545734598,3,100,2500,5,10000,A1,Ours,1.9090000000001055
0.008289149057927724,3,100,2500,5,10000,A2,Ours,1.9090000000001055
2.010337341360711,3,100,2500,5,10000,A3,Ours,1.9090000000001055
11.797867222196238,3,100,2500,5,10000,core,Ours,1.9090000000001055
1.6706014545734598,3,100,2500,5,10000,A1,HOSVD,0.8240000000000691
0.008289149057927724,3,100,2500,5,10000,A2,HOSVD,0.8240000000000691
2.0101606047454164,3,100,2500,5,10000,A3,HOSVD,0.8240000000000691
11.79777074322926,3,100,2500,5,10000,core,HOSVD,0.8240000000000691
1.671484906939754,3,100,2500,5,10000,A1,HOOI,2.2800000000002
0.007864413595461086,3,100,2500,5,10000,A2,HOOI,2.2800000000002
2.0089042140910762,3,100,2500,5,10000,A3,HOOI,2.2800000000002
11.803765268939841,3,100,2500,5,10000,core,HOOI,2.2800000000002
1.774732393858932,3,100,2500,5,10000,A1,Olga,1.0840000000002874
0.015707073727340915,3,100,2500,5,10000,A2,Olga,1.0840000000002874
1.4259958824990138,3,100,2500,5,10000,A3,Tracy,1.0840000000002874
10.312771666118271,3,100,2500,5,10000,core,Tracy_Olga,1.0840000000002874
1.4303134107590811,3,100,4999,5,10000,A1,NTD,172.38699999999972
0.6027531100252249,3,100,4999,5,10000,A2,NTD,172.38699999999972
4996.4116628248175,3,100,4999,5,10000,A3,NTD,172.38699999999972
12.713916471928414,3,100,4999,5,10000,core,NTD,172.38699999999972
1.8920379596757748,3,100,4999,5,10000,A1,Ours,5.869999999999891
0.009365182263816014,3,100,4999,5,10000,A2,Ours,5.869999999999891
2.4539445613644975,3,100,4999,5,10000,A3,Ours,5.869999999999891
9.35706506503396,3,100,4999,5,10000,core,Ours,5.869999999999891
1.8920379596757748,3,100,4999,5,10000,A1,HOSVD,1.624000000000251
0.009365182263816014,3,100,4999,5,10000,A2,HOSVD,1.624000000000251
2.451862412133768,3,100,4999,5,10000,A3,HOSVD,1.624000000000251
9.360538183166382,3,100,4999,5,10000,core,HOSVD,1.624000000000251
1.959248465866557,3,100,4999,5,10000,A1,HOOI,4.152000000000044
0.008727028756041838,3,100,4999,5,10000,A2,HOOI,4.152000000000044
2.451629083489558,3,100,4999,5,10000,A3,HOOI,4.152000000000044
9.352623759019213,3,100,4999,5,10000,core,HOOI,4.152000000000044
1.463525306466488,3,100,4999,5,10000,A1,Olga,2.7919999999999163
0.010627838143413204,3,100,4999,5,10000,A2,Olga,2.7919999999999163
2.9421601493056406,3,100,4999,5,10000,A3,Tracy,2.7919999999999163
9.361541814973252,3,100,4999,5,10000,core,Tracy_Olga,2.7919999999999163
1.428250900445167,3,100,5995,5,10000,A1,NTD,193.53700000000026
0.2830918542859893,3,100,5995,5,10000,A2,NTD,193.53700000000026
5992.039012640295,3,100,5995,5,10000,A3,NTD,193.53700000000026
6.267491740259499,3,100,5995,5,10000,core,NTD,193.53700000000026
2.828713691023242,3,100,5995,5,10000,A1,Ours,5.902000000000044
0.0038924895942160863,3,100,5995,5,10000,A2,Ours,5.902000000000044
2.8109414523436524,3,100,5995,5,10000,A3,Ours,5.902000000000044
10.461066365829298,3,100,5995,5,10000,core,Ours,5.902000000000044
2.828713691023242,3,100,5995,5,10000,A1,HOSVD,2.0230000000001382
0.0038924895942160863,3,100,5995,5,10000,A2,HOSVD,2.0230000000001382
2.8096523970329823,3,100,5995,5,10000,A3,HOSVD,2.0230000000001382
10.461066123927042,3,100,5995,5,10000,core,HOSVD,2.0230000000001382
2.8464942371523896,3,100,5995,5,10000,A1,HOOI,5.337999999999738
0.004045477559403431,3,100,5995,5,10000,A2,HOOI,5.337999999999738
2.8156315569300756,3,100,5995,5,10000,A3,HOOI,5.337999999999738
10.462120022164612,3,100,5995,5,10000,core,HOOI,5.337999999999738
1.647232670373262,3,100,5995,5,10000,A1,Olga,3.344000000000051
0.024914732063016296,3,100,5995,5,10000,A2,Olga,3.344000000000051
2.929140067824493,3,100,5995,5,10000,A3,Tracy,3.344000000000051
9.218474150605621,3,100,5995,5,10000,core,Tracy_Olga,3.344000000000051
1.5545949246711834,3,100,6992,5,10000,A1,NTD,219.2390000000005
0.0073471527154172584,3,100,6992,5,10000,A2,NTD,219.2390000000005
6989.106493996745,3,100,6992,5,10000,A3,NTD,219.2390000000005
13.9005352960169,3,100,6992,5,10000,core,NTD,219.2390000000005
1.163253909338831,3,100,6992,5,10000,A1,Ours,7.91399999999976
0.004192469811470696,3,100,6992,5,10000,A2,Ours,7.91399999999976
2.5402682159993724,3,100,6992,5,10000,A3,Ours,7.91399999999976
9.933045724121932,3,100,6992,5,10000,core,Ours,7.91399999999976
1.163253909338831,3,100,6992,5,10000,A1,HOSVD,2.2760000000007494
0.004192469811470696,3,100,6992,5,10000,A2,HOSVD,2.2760000000007494
2.53874571425003,3,100,6992,5,10000,A3,HOSVD,2.2760000000007494
9.937003017873838,3,100,6992,5,10000,core,HOSVD,2.2760000000007494
1.1637979043934519,3,100,6992,5,10000,A1,HOOI,6.113999999999578
0.004853574766523926,3,100,6992,5,10000,A2,HOOI,6.113999999999578
2.5080213352339076,3,100,6992,5,10000,A3,HOOI,6.113999999999578
9.812207192672803,3,100,6992,5,10000,core,HOOI,6.113999999999578
1.4029325564794553,3,100,6992,5,10000,A1,Olga,3.912000000000262
0.01271532576793178,3,100,6992,5,10000,A2,Olga,3.912000000000262
2.9268927790401107,3,100,6992,5,10000,A3,Tracy,3.912000000000262
9.293276221909837,3,100,6992,5,10000,core,Tracy_Olga,3.912000000000262
83.66231434652461,3,100,7990,5,10000,A1,NTD,239.67299999999977
0.22980157128139342,3,100,7990,5,10000,A2,NTD,239.67299999999977
7987.041716820013,3,100,7990,5,10000,A3,NTD,239.67299999999977
9.906229905499531,3,100,7990,5,10000,core,NTD,239.67299999999977
2.039136931797905,3,100,7990,5,10000,A1,Ours,9.673000000000684
0.013074230788029084,3,100,7990,5,10000,A2,Ours,9.673000000000684
2.502883812660224,3,100,7990,5,10000,A3,Ours,9.673000000000684
10.282837508257748,3,100,7990,5,10000,core,Ours,9.673000000000684
2.039136931797905,3,100,7990,5,10000,A1,HOSVD,3.8720000000002983
0.013074230788029084,3,100,7990,5,10000,A2,HOSVD,3.8720000000002983
2.498155762946707,3,100,7990,5,10000,A3,HOSVD,3.8720000000002983
10.283899101882549,3,100,7990,5,10000,core,HOSVD,3.8720000000002983
2.0348625898515595,3,100,7990,5,10000,A1,HOOI,8.47400000000016
0.013421373209234973,3,100,7990,5,10000,A2,HOOI,8.47400000000016
2.501097002117129,3,100,7990,5,10000,A3,HOOI,8.47400000000016
9.297533528123635,3,100,7990,5,10000,core,HOOI,8.47400000000016
1.6168583792450149,3,100,7990,5,10000,A1,Olga,5.142000000000735
0.009359435450876337,3,100,7990,5,10000,A2,Olga,5.142000000000735
2.8874036187481096,3,100,7990,5,10000,A3,Tracy,5.142000000000735
10.282526214232668,3,100,7990,5,10000,core,Tracy_Olga,5.142000000000735
1.8334488383099752,3,100,8984,5,10000,A1,NTD,277.1400000000003
0.07517686223905713,3,100,8984,5,10000,A2,NTD,277.1400000000003
8981.040091273895,3,100,8984,5,10000,A3,NTD,277.1400000000003
11.014752711111754,3,100,8984,5,10000,core,NTD,277.1400000000003
2.00912791183101,3,100,8984,5,10000,A1,Ours,11.648000000000138
0.0066085542310060615,3,100,8984,5,10000,A2,Ours,11.648000000000138
2.4763011769181795,3,100,8984,5,10000,A3,Ours,11.648000000000138
9.263728830453873,3,100,8984,5,10000,core,Ours,11.648000000000138
2.00912791183101,3,100,8984,5,10000,A1,HOSVD,3.019000000000233
0.0066085542310060615,3,100,8984,5,10000,A2,HOSVD,3.019000000000233
2.4695116789612785,3,100,8984,5,10000,A3,HOSVD,3.019000000000233
9.262915423587897,3,100,8984,5,10000,core,HOSVD,3.019000000000233
2.013922409219948,3,100,8984,5,10000,A1,HOOI,9.35399999999936
0.0066528173223417714,3,100,8984,5,10000,A2,HOOI,9.35399999999936
2.470176210734993,3,100,8984,5,10000,A3,HOOI,9.35399999999936
9.263990077140956,3,100,8984,5,10000,core,HOOI,9.35399999999936
1.3166569565072401,3,100,8984,5,10000,A1,Olga,5.588999999999942
0.025159224325894937,3,100,8984,5,10000,A2,Olga,5.588999999999942
2.913965987795027,3,100,8984,5,10000,A3,Tracy,5.588999999999942
9.268702295147108,3,100,8984,5,10000,core,Tracy_Olga,5.588999999999942
1.4272158082703617,3,100,9982,5,10000,A1,NTD,289.4960000000001
0.5999410594704453,3,100,9982,5,10000,A2,NTD,289.4960000000001
9979.042650966916,3,100,9982,5,10000,A3,NTD,289.4960000000001
12.521536411807652,3,100,9982,5,10000,core,NTD,289.4960000000001
1.4702639328032232,3,100,9982,5,10000,A1,Ours,11.856999999999971
0.011013475582140672,3,100,9982,5,10000,A2,Ours,11.856999999999971
2.484399393456026,3,100,9982,5,10000,A3,Ours,11.856999999999971
10.31681433123125,3,100,9982,5,10000,core,Ours,11.856999999999971
1.4702639328032232,3,100,9982,5,10000,A1,HOSVD,2.73700000000008
0.011013475582140672,3,100,9982,5,10000,A2,HOSVD,2.73700000000008
2.476516623406911,3,100,9982,5,10000,A3,HOSVD,2.73700000000008
10.318292754456795,3,100,9982,5,10000,core,HOSVD,2.73700000000008
1.4766519067798634,3,100,9982,5,10000,A1,HOOI,10.134000000000015
0.010180020898996537,3,100,9982,5,10000,A2,HOOI,10.134000000000015
2.478015815956124,3,100,9982,5,10000,A3,HOOI,10.134000000000015
10.317112481718112,3,100,9982,5,10000,core,HOOI,10.134000000000015
1.4478405474138594,3,100,9982,5,10000,A1,Olga,6.083000000000538
0.02146441571449436,3,100,9982,5,10000,A2,Olga,6.083000000000538
2.8942669883830874,3,100,9982,5,10000,A3,Tracy,6.083000000000538
10.290348848603688,3,100,9982,5,10000,core,Tracy_Olga,6.083000000000538
