error,K,Q1,R,Q2,M,mode,method,time
21.66423939768017,3,100,987,5,100,A1,NTD,41.859
4.583747884845508,3,100,987,5,100,A2,NTD,41.859
984.185221919558,3,100,987,5,100,A3,NTD,41.859
10.228736213805481,3,100,987,5,100,core,NTD,41.859
11.830745459505334,3,100,987,5,100,A1,Ours,5.350999999999999
4.094726858746013,3,100,987,5,100,A2,Ours,5.350999999999999
4.910274248901783,3,100,987,5,100,A3,Ours,5.350999999999999
11.804312576035965,3,100,987,5,100,core,Ours,5.350999999999999
11.830745459505334,3,100,987,5,100,A1,HOSVD,7.088000000000001
4.094726858746013,3,100,987,5,100,A2,HOSVD,7.088000000000001
2.5278989776428946,3,100,987,5,100,A3,HOSVD,7.088000000000001
12.146293437082988,3,100,987,5,100,core,HOSVD,7.088000000000001
11.734868380247347,3,100,987,5,100,A1,HOOI,5.9950000000000045
0.18433551098182627,3,100,987,5,100,A2,HOOI,5.9950000000000045
2.5532776990073147,3,100,987,5,100,A3,HOOI,5.9950000000000045
13.403485017950445,3,100,987,5,100,core,HOOI,5.9950000000000045
15.166590832291496,3,100,987,5,100,A1,Olga,1.8610000000000042
5.018420167177115,3,100,987,5,100,A2,Olga,1.8610000000000042
2.8892695812524964,3,100,987,5,100,A3,Tracy,1.8610000000000042
12.992896524906373,3,100,987,5,100,core,Tracy_Olga,1.8610000000000042
121.19259787254626,3,100,4546,5,100,A1,NTD,166.781
4.094741741171538,3,100,4546,5,100,A2,NTD,166.781
4543.45790435604,3,100,4546,5,100,A3,NTD,166.781
10.726556352799271,3,100,4546,5,100,core,NTD,166.781
12.290785087032198,3,100,4546,5,100,A1,Ours,12.103999999999985
3.3328665942866316,3,100,4546,5,100,A2,Ours,12.103999999999985
5.305099766194898,3,100,4546,5,100,A3,Ours,12.103999999999985
9.172475642539542,3,100,4546,5,100,core,Ours,12.103999999999985
12.290785087032198,3,100,4546,5,100,A1,HOSVD,16.798999999999978
3.3328665942866316,3,100,4546,5,100,A2,HOSVD,16.798999999999978
2.7033688978997956,3,100,4546,5,100,A3,HOSVD,16.798999999999978
12.264484793100369,3,100,4546,5,100,core,HOSVD,16.798999999999978
13.03182292216967,3,100,4546,5,100,A1,HOOI,17.865999999999985
0.5746099322740411,3,100,4546,5,100,A2,HOOI,17.865999999999985
3.7781473719874805,3,100,4546,5,100,A3,HOOI,17.865999999999985
10.16007726127165,3,100,4546,5,100,core,HOOI,17.865999999999985
37.50090281601947,3,100,4546,5,100,A1,Olga,9.510999999999967
5.926876878855745,3,100,4546,5,100,A2,Olga,9.510999999999967
3.072515530569616,3,100,4546,5,100,A3,Tracy,9.510999999999967
11.55537631890453,3,100,4546,5,100,core,Tracy_Olga,9.510999999999967
124.36419091290898,3,100,8209,5,100,A1,NTD,281.275
2.583896876569137,3,100,8209,5,100,A2,NTD,281.275
8206.610385739943,3,100,8209,5,100,A3,NTD,281.275
11.923046167165264,3,100,8209,5,100,core,NTD,281.275
11.039016032050041,3,100,8209,5,100,A1,Ours,33.899
3.163814005768526,3,100,8209,5,100,A2,Ours,33.899
5.406253713798244,3,100,8209,5,100,A3,Ours,33.899
8.149773206505788,3,100,8209,5,100,core,Ours,33.899
13.70220564152333,3,100,8209,5,100,A1,HOOI,20.938999999999965
1.7598004371525144,3,100,8209,5,100,A2,HOOI,20.938999999999965
4.03225466054053,3,100,8209,5,100,A3,HOOI,20.938999999999965
9.397954314271349,3,100,8209,5,100,core,HOOI,20.938999999999965
94.95246885428405,3,100,8209,5,100,A1,Olga,7.402000000000044
5.915816888575224,3,100,8209,5,100,A2,Olga,7.402000000000044
4.291076116534403,3,100,8209,5,100,A3,Tracy,7.402000000000044
9.61855380701406,3,100,8209,5,100,core,Tracy_Olga,7.402000000000044
9.594491450579076,3,100,1000,5,500,A1,NTD,27.947000000000003
4.389963960031324,3,100,1000,5,500,A2,NTD,27.947000000000003
997.1072771128177,3,100,1000,5,500,A3,NTD,27.947000000000003
12.847911834615502,3,100,1000,5,500,core,NTD,27.947000000000003
7.194836840332665,3,100,1000,5,500,A1,Ours,2.0780000000000882
1.8747463215943,3,100,1000,5,500,A2,Ours,2.0780000000000882
0.7824058034648622,3,100,1000,5,500,A3,Ours,2.0780000000000882
13.419643738381879,3,100,1000,5,500,core,Ours,2.0780000000000882
7.194836840332665,3,100,1000,5,500,A1,HOSVD,0.8600000000000136
1.8747463215943,3,100,1000,5,500,A2,HOSVD,0.8600000000000136
0.7572085859613555,3,100,1000,5,500,A3,HOSVD,0.8600000000000136
13.370294114043286,3,100,1000,5,500,core,HOSVD,0.8600000000000136
7.297023778539241,3,100,1000,5,500,A1,HOOI,1.0199999999999818
0.22163352151343355,3,100,1000,5,500,A2,HOOI,1.0199999999999818
0.7622763741693904,3,100,1000,5,500,A3,HOOI,1.0199999999999818
10.055004148424082,3,100,1000,5,500,core,HOOI,1.0199999999999818
7.303183715439298,3,100,1000,5,500,A1,Olga,0.8779999999999291
4.14681141129505,3,100,1000,5,500,A2,Olga,0.8779999999999291
1.5378875541129418,3,100,1000,5,500,A3,Tracy,0.8779999999999291
13.319287963856302,3,100,1000,5,500,core,Tracy_Olga,0.8779999999999291
8.469969382582015,3,100,4905,5,500,A1,NTD,165.485
4.486820612245515,3,100,4905,5,500,A2,NTD,165.485
4902.162142430847,3,100,4905,5,500,A3,NTD,165.485
11.423016627382593,3,100,4905,5,500,core,NTD,165.485
5.859810519033516,3,100,4905,5,500,A1,Ours,14.875
4.745237403505014,3,100,4905,5,500,A2,Ours,14.875
5.003289732709652,3,100,4905,5,500,A3,Ours,14.875
12.39206467154745,3,100,4905,5,500,core,Ours,14.875
5.859810519033516,3,100,4905,5,500,A1,HOSVD,6.739000000000033
4.745237403505014,3,100,4905,5,500,A2,HOSVD,6.739000000000033
2.548769023630946,3,100,4905,5,500,A3,HOSVD,6.739000000000033
10.195641624417043,3,100,4905,5,500,core,HOSVD,6.739000000000033
5.865546331042026,3,100,4905,5,500,A1,HOOI,6.464999999999918
0.2589567108079519,3,100,4905,5,500,A2,HOOI,6.464999999999918
2.563234606888213,3,100,4905,5,500,A3,HOOI,6.464999999999918
11.981337941298007,3,100,4905,5,500,core,HOOI,6.464999999999918
10.25230428676487,3,100,4905,5,500,A1,Olga,4.51400000000001
5.472578886178834,3,100,4905,5,500,A2,Olga,4.51400000000001
2.9143578754751838,3,100,4905,5,500,A3,Tracy,4.51400000000001
11.20565068637056,3,100,4905,5,500,core,Tracy_Olga,4.51400000000001
63.45871568130132,3,100,9618,5,500,A1,NTD,359.64699999999993
3.612361808635289,3,100,9618,5,500,A2,NTD,359.64699999999993
9615.23975628174,3,100,9618,5,500,A3,NTD,359.64699999999993
10.438928782823705,3,100,9618,5,500,core,NTD,359.64699999999993
5.237284400189231,3,100,9618,5,500,A1,Ours,17.610000000000127
1.548940059503983,3,100,9618,5,500,A2,Ours,17.610000000000127
5.289260125115208,3,100,9618,5,500,A3,Ours,17.610000000000127
11.999999826406325,3,100,9618,5,500,core,Ours,17.610000000000127
5.237284400189231,3,100,9618,5,500,A1,HOSVD,10.135999999999967
1.548940059503983,3,100,9618,5,500,A2,HOSVD,10.135999999999967
2.5797477761266827,3,100,9618,5,500,A3,HOSVD,10.135999999999967
12.175561198248616,3,100,9618,5,500,core,HOSVD,10.135999999999967
5.247504996967101,3,100,9618,5,500,A1,HOOI,15.723000000000184
0.5668384500860374,3,100,9618,5,500,A2,HOOI,15.723000000000184
3.313841987700162,3,100,9618,5,500,A3,HOOI,15.723000000000184
9.37768179455953,3,100,9618,5,500,core,HOOI,15.723000000000184
13.87095299520449,3,100,9618,5,500,A1,Olga,13.543999999999869
5.834723053573747,3,100,9618,5,500,A2,Olga,13.543999999999869
3.696790387344261,3,100,9618,5,500,A3,Tracy,13.543999999999869
10.289816094302882,3,100,9618,5,500,core,Tracy_Olga,13.543999999999869
7.619691730990575,3,100,1000,5,1000,A1,NTD,28.317999999999984
2.5360701041938576,3,100,1000,5,1000,A2,NTD,28.317999999999984
997.0015723561756,3,100,1000,5,1000,A3,NTD,28.317999999999984
11.616767908447466,3,100,1000,5,1000,core,NTD,28.317999999999984
3.6203332429484845,3,100,1000,5,1000,A1,Ours,2.645999999999958
0.9936786890490548,3,100,1000,5,1000,A2,Ours,2.645999999999958
0.6229274113320858,3,100,1000,5,1000,A3,Ours,2.645999999999958
10.75093386343201,3,100,1000,5,1000,core,Ours,2.645999999999958
3.6203332429484845,3,100,1000,5,1000,A1,HOSVD,1.272000000000162
0.9936786890490548,3,100,1000,5,1000,A2,HOSVD,1.272000000000162
0.6172166637828824,3,100,1000,5,1000,A3,HOSVD,1.272000000000162
10.750432865171398,3,100,1000,5,1000,core,HOSVD,1.272000000000162
3.571420278206642,3,100,1000,5,1000,A1,HOOI,1.33400000000006
0.33428810878581283,3,100,1000,5,1000,A2,HOOI,1.33400000000006
0.621949328163257,3,100,1000,5,1000,A3,HOOI,1.33400000000006
10.147668763430085,3,100,1000,5,1000,core,HOOI,1.33400000000006
3.5003439024803025,3,100,1000,5,1000,A1,Olga,0.7290000000000418
4.463128995927658,3,100,1000,5,1000,A2,Olga,0.7290000000000418
1.4642060860308057,3,100,1000,5,1000,A3,Tracy,0.7290000000000418
10.16269951700107,3,100,1000,5,1000,core,Tracy_Olga,0.7290000000000418
4.61321506955007,3,100,4946,5,1000,A1,NTD,157.2170000000001
4.389916801539548,3,100,4946,5,1000,A2,NTD,157.2170000000001
4943.076774081693,3,100,4946,5,1000,A3,NTD,157.2170000000001
11.844298000541626,3,100,4946,5,1000,core,NTD,157.2170000000001
4.875822428076907,3,100,4946,5,1000,A1,Ours,5.447000000000116
1.3477515392167898,3,100,4946,5,1000,A2,Ours,5.447000000000116
2.8982918339488553,3,100,4946,5,1000,A3,Ours,5.447000000000116
10.897373743269748,3,100,4946,5,1000,core,Ours,5.447000000000116
4.875822428076907,3,100,4946,5,1000,A1,HOSVD,1.765999999999849
1.3477515392167898,3,100,4946,5,1000,A2,HOSVD,1.765999999999849
2.521612262995448,3,100,4946,5,1000,A3,HOSVD,1.765999999999849
11.574851379560476,3,100,4946,5,1000,core,HOSVD,1.765999999999849
4.867763266062164,3,100,4946,5,1000,A1,HOOI,5.5060000000000855
0.5763520314126922,3,100,4946,5,1000,A2,HOOI,5.5060000000000855
2.53394146557179,3,100,4946,5,1000,A3,HOOI,5.5060000000000855
11.957431643281225,3,100,4946,5,1000,core,HOOI,5.5060000000000855
5.159832023399169,3,100,4946,5,1000,A1,Olga,2.55600000000004
4.484255552119627,3,100,4946,5,1000,A2,Olga,2.55600000000004
2.8955866514008286,3,100,4946,5,1000,A3,Tracy,2.55600000000004
10.339410386273109,3,100,4946,5,1000,core,Tracy_Olga,2.55600000000004
5.968028595115356,3,100,9813,5,1000,A1,NTD,338.46699999999987
2.389922597434071,3,100,9813,5,1000,A2,NTD,338.46699999999987
9810.141911492017,3,100,9813,5,1000,A3,NTD,338.46699999999987
10.94990320539853,3,100,9813,5,1000,core,NTD,338.46699999999987
3.723020907975605,3,100,9813,5,1000,A1,Ours,27.235999999999876
0.6723852490520134,3,100,9813,5,1000,A2,Ours,27.235999999999876
4.908593699055048,3,100,9813,5,1000,A3,Ours,27.235999999999876
12.853727654246713,3,100,9813,5,1000,core,Ours,27.235999999999876
3.723020907975605,3,100,9813,5,1000,A1,HOSVD,14.22700000000009
0.6723852490520134,3,100,9813,5,1000,A2,HOSVD,14.22700000000009
3.4585441423600636,3,100,9813,5,1000,A3,HOSVD,14.22700000000009
9.645331087843848,3,100,9813,5,1000,core,HOSVD,14.22700000000009
3.700478300901072,3,100,9813,5,1000,A1,HOOI,29.45600000000013
0.06388601070305222,3,100,9813,5,1000,A2,HOOI,29.45600000000013
3.6743646524618967,3,100,9813,5,1000,A3,HOOI,29.45600000000013
12.254126262132168,3,100,9813,5,1000,core,HOOI,29.45600000000013
5.750632503585995,3,100,9813,5,1000,A1,Olga,21.34199999999987
5.515431657197767,3,100,9813,5,1000,A2,Olga,21.34199999999987
4.644129524082661,3,100,9813,5,1000,A3,Tracy,21.34199999999987
9.787335771686708,3,100,9813,5,1000,core,Tracy_Olga,21.34199999999987
8.439905053585228,3,100,1000,5,2500,A1,NTD,27.670000000000073
4.122100617766968,3,100,1000,5,2500,A2,NTD,27.670000000000073
997.0013526520838,3,100,1000,5,2500,A3,NTD,27.670000000000073
9.974436419862254,3,100,1000,5,2500,core,NTD,27.670000000000073
2.893834883503957,3,100,1000,5,2500,A1,Ours,8.260999999999967
0.09474537402859289,3,100,1000,5,2500,A2,Ours,8.260999999999967
0.7685024264704873,3,100,1000,5,2500,A3,Ours,8.260999999999967
12.783387214400651,3,100,1000,5,2500,core,Ours,8.260999999999967
2.893834883503957,3,100,1000,5,2500,A1,HOSVD,6.586000000000013
0.09474537402859289,3,100,1000,5,2500,A2,HOSVD,6.586000000000013
0.7679828765667016,3,100,1000,5,2500,A3,HOSVD,6.586000000000013
12.782311140412903,3,100,1000,5,2500,core,HOSVD,6.586000000000013
2.864311535900733,3,100,1000,5,2500,A1,HOOI,6.836999999999989
0.027446373981055518,3,100,1000,5,2500,A2,HOOI,6.836999999999989
0.7621354415063463,3,100,1000,5,2500,A3,HOOI,6.836999999999989
12.762657784437225,3,100,1000,5,2500,core,HOOI,6.836999999999989
2.8011332432228593,3,100,1000,5,2500,A1,Olga,5.903999999999996
4.555419374254035,3,100,1000,5,2500,A2,Olga,5.903999999999996
1.4220851091349564,3,100,1000,5,2500,A3,Tracy,5.903999999999996
13.234588720742781,3,100,1000,5,2500,core,Tracy_Olga,5.903999999999996
8.0294963484129,3,100,4982,5,2500,A1,NTD,161.30800000000022
2.583892809083665,3,100,4982,5,2500,A2,NTD,161.30800000000022
4979.039030320918,3,100,4982,5,2500,A3,NTD,161.30800000000022
11.506899341021493,3,100,4982,5,2500,core,NTD,161.30800000000022
2.073168557859789,3,100,4982,5,2500,A1,Ours,5.798999999999978
0.043600676387642714,3,100,4982,5,2500,A2,Ours,5.798999999999978
2.5301610152585967,3,100,4982,5,2500,A3,Ours,5.798999999999978
12.00100578468187,3,100,4982,5,2500,core,Ours,5.798999999999978
2.073168557859789,3,100,4982,5,2500,A1,HOSVD,1.8909999999996217
0.043600676387642714,3,100,4982,5,2500,A2,HOSVD,1.8909999999996217
2.4968413871925046,3,100,4982,5,2500,A3,HOSVD,1.8909999999996217
12.013165066056974,3,100,4982,5,2500,core,HOSVD,1.8909999999996217
2.288940534573387,3,100,4982,5,2500,A1,HOOI,5.403000000000247
0.06229725213630723,3,100,4982,5,2500,A2,HOOI,5.403000000000247
3.847154969092368,3,100,4982,5,2500,A3,HOOI,5.403000000000247
10.99741208328187,3,100,4982,5,2500,core,HOOI,5.403000000000247
2.841024986670731,3,100,4982,5,2500,A1,Olga,2.5109999999999673
4.241741575283944,3,100,4982,5,2500,A2,Olga,2.5109999999999673
2.8899111054309707,3,100,4982,5,2500,A3,Tracy,2.5109999999999673
13.70056586033839,3,100,4982,5,2500,core,Tracy_Olga,2.5109999999999673
3.8056210283142464,3,100,9920,5,2500,A1,NTD,412.9659999999999
3.51529793784307,3,100,9920,5,2500,A2,NTD,412.9659999999999
9917.078081222346,3,100,9920,5,2500,A3,NTD,412.9659999999999
11.919107511958265,3,100,9920,5,2500,core,NTD,412.9659999999999
2.638344685622482,3,100,9920,5,2500,A1,Ours,16.05500000000029
0.3593692657638708,3,100,9920,5,2500,A2,Ours,16.05500000000029
2.8387540069396673,3,100,9920,5,2500,A3,Ours,16.05500000000029
11.630198948985829,3,100,9920,5,2500,core,Ours,16.05500000000029
2.638344685622482,3,100,9920,5,2500,A1,HOSVD,3.3730000000000473
0.3593692657638708,3,100,9920,5,2500,A2,HOSVD,3.3730000000000473
2.500030425407223,3,100,9920,5,2500,A3,HOSVD,3.3730000000000473
10.076419181397156,3,100,9920,5,2500,core,HOSVD,3.3730000000000473
2.6399402767761533,3,100,9920,5,2500,A1,HOOI,14.541000000000167
0.09877861545068198,3,100,9920,5,2500,A2,HOOI,14.541000000000167
2.505422685244698,3,100,9920,5,2500,A3,HOOI,14.541000000000167
10.076419181397156,3,100,9920,5,2500,core,HOOI,14.541000000000167
4.446590474162431,3,100,9920,5,2500,A1,Olga,7.3659999999999854
4.776816790817715,3,100,9920,5,2500,A2,Olga,7.3659999999999854
2.8839252799089445,3,100,9920,5,2500,A3,Tracy,7.3659999999999854
13.65884325646508,3,100,9920,5,2500,core,Tracy_Olga,7.3659999999999854
10.305164092750822,3,100,1000,5,5000,A1,NTD,29.1220000000003
3.630824576356969,3,100,1000,5,5000,A2,NTD,29.1220000000003
997.0001411901414,3,100,1000,5,5000,A3,NTD,29.1220000000003
13.091183960137618,3,100,1000,5,5000,core,NTD,29.1220000000003
2.4165028385760015,3,100,1000,5,5000,A1,Ours,0.4619999999999891
0.13246998745138366,3,100,1000,5,5000,A2,Ours,0.4619999999999891
0.17319160530188027,3,100,1000,5,5000,A3,Ours,0.4619999999999891
10.18868583226709,3,100,1000,5,5000,core,Ours,0.4619999999999891
2.4165028385760015,3,100,1000,5,5000,A1,HOSVD,0.5119999999997162
0.13246998745138366,3,100,1000,5,5000,A2,HOSVD,0.5119999999997162
0.17303898218938954,3,100,1000,5,5000,A3,HOSVD,0.5119999999997162
10.188548120956511,3,100,1000,5,5000,core,HOSVD,0.5119999999997162
2.4193976748060386,3,100,1000,5,5000,A1,HOOI,0.6899999999995998
0.11468435672019414,3,100,1000,5,5000,A2,HOOI,0.6899999999995998
0.16793948333764658,3,100,1000,5,5000,A3,HOOI,0.6899999999995998
10.18614809989002,3,100,1000,5,5000,core,HOOI,0.6899999999995998
2.0529581727443453,3,100,1000,5,5000,A1,Olga,0.4379999999996471
4.219608128748242,3,100,1000,5,5000,A2,Olga,0.4379999999996471
1.3568156767271795,3,100,1000,5,5000,A3,Tracy,0.4379999999996471
10.201288901073347,3,100,1000,5,5000,core,Tracy_Olga,0.4379999999996471
7.513979402172415,3,100,4991,5,5000,A1,NTD,153.80600000000004
2.4855886028942145,3,100,4991,5,5000,A2,NTD,153.80600000000004
4988.031909284653,3,100,4991,5,5000,A3,NTD,153.80600000000004
12.436406908873353,3,100,4991,5,5000,core,NTD,153.80600000000004
2.1218580883097165,3,100,4991,5,5000,A1,Ours,5.862999999999829
0.25463921640805415,3,100,4991,5,5000,A2,Ours,5.862999999999829
2.4926868050710245,3,100,4991,5,5000,A3,Ours,5.862999999999829
12.003914142695013,3,100,4991,5,5000,core,Ours,5.862999999999829
2.1218580883097165,3,100,4991,5,5000,A1,HOSVD,1.9039999999999964
0.25463921640805415,3,100,4991,5,5000,A2,HOSVD,1.9039999999999964
2.484372733163877,3,100,4991,5,5000,A3,HOSVD,1.9039999999999964
12.006977809572378,3,100,4991,5,5000,core,HOSVD,1.9039999999999964
2.116633157003287,3,100,4991,5,5000,A1,HOOI,4.483000000000175
0.03740828426772679,3,100,4991,5,5000,A2,HOOI,4.483000000000175
2.486518310777916,3,100,4991,5,5000,A3,HOOI,4.483000000000175
11.983185179446844,3,100,4991,5,5000,core,HOOI,4.483000000000175
1.499257379957172,3,100,4991,5,5000,A1,Olga,2.4659999999998945
4.134548216849932,3,100,4991,5,5000,A2,Olga,2.4659999999998945
2.868593944451911,3,100,4991,5,5000,A3,Tracy,2.4659999999998945
13.829502297100369,3,100,4991,5,5000,core,Tracy_Olga,2.4659999999998945
10.41524985196741,3,100,9956,5,5000,A1,NTD,324.2130000000002
2.387641303348636,3,100,9956,5,5000,A2,NTD,324.2130000000002
9953.0494309933,3,100,9956,5,5000,A3,NTD,324.2130000000002
11.606158727707326,3,100,9956,5,5000,core,NTD,324.2130000000002
1.6687049806542034,3,100,9956,5,5000,A1,Ours,15.403000000000247
0.13884455968008586,3,100,9956,5,5000,A2,Ours,15.403000000000247
2.546716866932375,3,100,9956,5,5000,A3,Ours,15.403000000000247
10.07867299161594,3,100,9956,5,5000,core,Ours,15.403000000000247
1.6687049806542034,3,100,9956,5,5000,A1,HOSVD,3.431999999999789
0.13884455968008586,3,100,9956,5,5000,A2,HOSVD,3.431999999999789
2.515208151418618,3,100,9956,5,5000,A3,HOSVD,3.431999999999789
10.076419181397156,3,100,9956,5,5000,core,HOSVD,3.431999999999789
1.6800472234259387,3,100,9956,5,5000,A1,HOOI,13.432999999999993
0.05440614607487643,3,100,9956,5,5000,A2,HOOI,13.432999999999993
2.5166965425701395,3,100,9956,5,5000,A3,HOOI,13.432999999999993
10.076419181397156,3,100,9956,5,5000,core,HOOI,13.432999999999993
2.009306066544492,3,100,9956,5,5000,A1,Olga,6.77599999999984
4.457634043314731,3,100,9956,5,5000,A2,Olga,6.77599999999984
2.8893487988730993,3,100,9956,5,5000,A3,Tracy,6.77599999999984
13.823236676491339,3,100,9956,5,5000,core,Tracy_Olga,6.77599999999984
10.30827707155199,3,100,1000,5,6000,A1,NTD,29.684999999999945
4.261003213438668,3,100,1000,5,6000,A2,NTD,29.684999999999945
997.0000505646794,3,100,1000,5,6000,A3,NTD,29.684999999999945
9.52810716258795,3,100,1000,5,6000,core,NTD,29.684999999999945
2.3495545959178026,3,100,1000,5,6000,A1,Ours,0.9349999999999454
0.39385681132795697,3,100,1000,5,6000,A2,Ours,0.9349999999999454
0.24788704483199706,3,100,1000,5,6000,A3,Ours,0.9349999999999454
10.203712385265968,3,100,1000,5,6000,core,Ours,0.9349999999999454
2.3495545959178026,3,100,1000,5,6000,A1,HOSVD,0.4359999999996944
0.39385681132795697,3,100,1000,5,6000,A2,HOSVD,0.4359999999996944
0.2477523765463956,3,100,1000,5,6000,A3,HOSVD,0.4359999999996944
10.203615318440605,3,100,1000,5,6000,core,HOSVD,0.4359999999996944
2.2833162610739692,3,100,1000,5,6000,A1,HOOI,0.8049999999998363
0.3117264630260286,3,100,1000,5,6000,A2,HOOI,0.8049999999998363
0.24670360691463947,3,100,1000,5,6000,A3,HOOI,0.8049999999998363
10.206745777564668,3,100,1000,5,6000,core,HOOI,0.8049999999998363
1.6809055294898558,3,100,1000,5,6000,A1,Olga,0.6550000000002001
4.090701936316913,3,100,1000,5,6000,A2,Olga,0.6550000000002001
1.3490499522214356,3,100,1000,5,6000,A3,Tracy,0.6550000000002001
13.026697900339187,3,100,1000,5,6000,core,Tracy_Olga,0.6550000000002001
9.563791920466448,3,100,4997,5,6000,A1,NTD,163.02700000000004
2.7791678194253304,3,100,4997,5,6000,A2,NTD,163.02700000000004
4994.029566961922,3,100,4997,5,6000,A3,NTD,163.02700000000004
12.761303985808732,3,100,4997,5,6000,core,NTD,163.02700000000004
2.9599244698020732,3,100,4997,5,6000,A1,Ours,5.750999999999749
0.19037610931533594,3,100,4997,5,6000,A2,Ours,5.750999999999749
2.5182978136956353,3,100,4997,5,6000,A3,Ours,5.750999999999749
11.748226616545026,3,100,4997,5,6000,core,Ours,5.750999999999749
2.9599244698020732,3,100,4997,5,6000,A1,HOSVD,1.8929999999995744
0.19037610931533594,3,100,4997,5,6000,A2,HOSVD,1.8929999999995744
2.5127321783361314,3,100,4997,5,6000,A3,HOSVD,1.8929999999995744
11.747502189138665,3,100,4997,5,6000,core,HOSVD,1.8929999999995744
2.9573827656933562,3,100,4997,5,6000,A1,HOOI,4.7590000000000146
0.19189403455310797,3,100,4997,5,6000,A2,HOOI,4.7590000000000146
2.5126197163842336,3,100,4997,5,6000,A3,HOOI,4.7590000000000146
11.74777958905909,3,100,4997,5,6000,core,HOOI,4.7590000000000146
2.0967339890576517,3,100,4997,5,6000,A1,Olga,2.594000000000051
3.8177113694883893,3,100,4997,5,6000,A2,Olga,2.594000000000051
2.9017327270091737,3,100,4997,5,6000,A3,Tracy,2.594000000000051
9.897528791287945,3,100,4997,5,6000,core,Tracy_Olga,2.594000000000051
9.956427895688448,3,100,9965,5,6000,A1,NTD,330.6149999999998
4.547247986973166,3,100,9965,5,6000,A2,NTD,330.6149999999998
9962.052214871304,3,100,9965,5,6000,A3,NTD,330.6149999999998
11.748352940281377,3,100,9965,5,6000,core,NTD,330.6149999999998
1.7557686402249517,3,100,9965,5,6000,A1,Ours,33.56999999999971
0.06451129174585957,3,100,9965,5,6000,A2,Ours,33.56999999999971
2.526901409552199,3,100,9965,5,6000,A3,Ours,33.56999999999971
11.940572680298729,3,100,9965,5,6000,core,Ours,33.56999999999971
1.7557686402249517,3,100,9965,5,6000,A1,HOSVD,16.88500000000022
0.06451129174585957,3,100,9965,5,6000,A2,HOSVD,16.88500000000022
2.505162981474018,3,100,9965,5,6000,A3,HOSVD,16.88500000000022
11.948770989895793,3,100,9965,5,6000,core,HOSVD,16.88500000000022
1.756584308214423,3,100,9965,5,6000,A1,HOOI,33.14500000000044
0.015917230270337483,3,100,9965,5,6000,A2,HOOI,33.14500000000044
2.507661611286984,3,100,9965,5,6000,A3,HOOI,33.14500000000044
11.961054786660437,3,100,9965,5,6000,core,HOOI,33.14500000000044
2.5612537342840507,3,100,9965,5,6000,A1,Olga,23.419999999999618
4.536252349193154,3,100,9965,5,6000,A2,Olga,23.419999999999618
2.881577188158938,3,100,9965,5,6000,A3,Tracy,23.419999999999618
13.84460910476721,3,100,9965,5,6000,core,Tracy_Olga,23.419999999999618
8.30186205626623,3,100,1000,5,7000,A1,NTD,29.40000000000009
3.286616461428298,3,100,1000,5,7000,A2,NTD,29.40000000000009
997.0001607641817,3,100,1000,5,7000,A3,NTD,29.40000000000009
12.703706939145652,3,100,1000,5,7000,core,NTD,29.40000000000009
1.359674086073738,3,100,1000,5,7000,A1,Ours,2.9270000000001346
0.07148427812290364,3,100,1000,5,7000,A2,Ours,2.9270000000001346
0.17149130228067855,3,100,1000,5,7000,A3,Ours,2.9270000000001346
11.940507291239964,3,100,1000,5,7000,core,Ours,2.9270000000001346
1.359674086073738,3,100,1000,5,7000,A1,HOSVD,4.06899999999996
0.07148427812290364,3,100,1000,5,7000,A2,HOSVD,4.06899999999996
0.17140284949577506,3,100,1000,5,7000,A3,HOSVD,4.06899999999996
11.940494335003224,3,100,1000,5,7000,core,HOSVD,4.06899999999996
1.3576208074429081,3,100,1000,5,7000,A1,HOOI,4.07300000000032
0.09336327079619353,3,100,1000,5,7000,A2,HOOI,4.07300000000032
0.17355112842151502,3,100,1000,5,7000,A3,HOOI,4.07300000000032
11.94392126087729,3,100,1000,5,7000,core,HOOI,4.07300000000032
1.3295952923243426,3,100,1000,5,7000,A1,Olga,3.6809999999995853
4.315165112044636,3,100,1000,5,7000,A2,Olga,3.6809999999995853
1.3619951436139397,3,100,1000,5,7000,A3,Tracy,3.6809999999995853
13.145291705347379,3,100,1000,5,7000,core,Tracy_Olga,3.6809999999995853
10.056225082076763,3,100,4996,5,7000,A1,NTD,165.20399999999972
0.7305936788000452,3,100,4996,5,7000,A2,NTD,165.20399999999972
4993.02184332306,3,100,4996,5,7000,A3,NTD,165.20399999999972
10.700886433004955,3,100,4996,5,7000,core,NTD,165.20399999999972
1.4890678296022943,3,100,4996,5,7000,A1,Ours,5.313999999999851
0.2556467849159625,3,100,4996,5,7000,A2,Ours,5.313999999999851
2.5902844879997877,3,100,4996,5,7000,A3,Ours,5.313999999999851
9.486002109617377,3,100,4996,5,7000,core,Ours,5.313999999999851
1.4890678296022943,3,100,4996,5,7000,A1,HOSVD,1.9389999999998508
0.2556467849159625,3,100,4996,5,7000,A2,HOSVD,1.9389999999998508
2.588361741292202,3,100,4996,5,7000,A3,HOSVD,1.9389999999998508
9.486002109617377,3,100,4996,5,7000,core,HOSVD,1.9389999999998508
1.481999338417803,3,100,4996,5,7000,A1,HOOI,4.948999999999614
0.21133583443417175,3,100,4996,5,7000,A2,HOOI,4.948999999999614
2.6088820222281814,3,100,4996,5,7000,A3,HOOI,4.948999999999614
9.486002109617377,3,100,4996,5,7000,core,HOOI,4.948999999999614
1.7155570559553288,3,100,4996,5,7000,A1,Olga,2.6909999999998035
3.9381823875389514,3,100,4996,5,7000,A2,Olga,2.6909999999998035
2.8918758333292254,3,100,4996,5,7000,A3,Tracy,2.6909999999998035
11.71790116571183,3,100,4996,5,7000,core,Tracy_Olga,2.6909999999998035
10.344878817834678,3,100,9972,5,7000,A1,NTD,340.0540000000001
2.8498511346504536,3,100,9972,5,7000,A2,NTD,340.0540000000001
9969.0221185086,3,100,9972,5,7000,A3,NTD,340.0540000000001
11.249332683220388,3,100,9972,5,7000,core,NTD,340.0540000000001
1.608724491975675,3,100,9972,5,7000,A1,Ours,17.932999999999993
0.17604372741790453,3,100,9972,5,7000,A2,Ours,17.932999999999993
2.502767887204847,3,100,9972,5,7000,A3,Ours,17.932999999999993
10.076419181397156,3,100,9972,5,7000,core,Ours,17.932999999999993
1.608724491975675,3,100,9972,5,7000,A1,HOSVD,3.3659999999999854
0.17604372741790453,3,100,9972,5,7000,A2,HOSVD,3.3659999999999854
2.486383936657228,3,100,9972,5,7000,A3,HOSVD,3.3659999999999854
10.076419181397156,3,100,9972,5,7000,core,HOSVD,3.3659999999999854
1.6069724308354416,3,100,9972,5,7000,A1,HOOI,17.186999999999898
0.13942434387784106,3,100,9972,5,7000,A2,HOOI,17.186999999999898
2.489524377631496,3,100,9972,5,7000,A3,HOOI,17.186999999999898
10.076419181397156,3,100,9972,5,7000,core,HOOI,17.186999999999898
1.6274023830991644,3,100,9972,5,7000,A1,Olga,7.125
4.547751581219834,3,100,9972,5,7000,A2,Olga,7.125
2.8688721647782023,3,100,9972,5,7000,A3,Tracy,7.125
13.861816564052406,3,100,9972,5,7000,core,Tracy_Olga,7.125
9.788544682365318,3,100,1000,5,8000,A1,NTD,29.58600000000024
3.7050444410296306,3,100,1000,5,8000,A2,NTD,29.58600000000024
997.0002468035785,3,100,1000,5,8000,A3,NTD,29.58600000000024
13.414085674646394,3,100,1000,5,8000,core,NTD,29.58600000000024
1.332812311452259,3,100,1000,5,8000,A1,Ours,0.5
0.13723256323676722,3,100,1000,5,8000,A2,Ours,0.5
0.072986168066714,3,100,1000,5,8000,A3,Ours,0.5
10.143999952058369,3,100,1000,5,8000,core,Ours,0.5
1.332812311452259,3,100,1000,5,8000,A1,HOSVD,0.3919999999998254
0.13723256323676722,3,100,1000,5,8000,A2,HOSVD,0.3919999999998254
0.07299101451856571,3,100,1000,5,8000,A3,HOSVD,0.3919999999998254
10.143994001631029,3,100,1000,5,8000,core,HOSVD,0.3919999999998254
1.3296603871943682,3,100,1000,5,8000,A1,HOOI,0.706000000000131
0.17587556425935094,3,100,1000,5,8000,A2,HOOI,0.706000000000131
0.07300567563080106,3,100,1000,5,8000,A3,HOOI,0.706000000000131
10.141002405982707,3,100,1000,5,8000,core,HOOI,0.706000000000131
1.582141551988867,3,100,1000,5,8000,A1,Olga,0.4679999999998472
4.434999229783585,3,100,1000,5,8000,A2,Olga,0.4679999999998472
1.3494258012333933,3,100,1000,5,8000,A3,Tracy,0.4679999999998472
12.993232850562332,3,100,1000,5,8000,core,Tracy_Olga,0.4679999999998472
10.14037553449631,3,100,4997,5,8000,A1,NTD,166.3810000000003
1.7954743808712683,3,100,4997,5,8000,A2,NTD,166.3810000000003
4994.026822177389,3,100,4997,5,8000,A3,NTD,166.3810000000003
10.801212763338613,3,100,4997,5,8000,core,NTD,166.3810000000003
1.2928024182152629,3,100,4997,5,8000,A1,Ours,6.458999999999833
0.1579828823184944,3,100,4997,5,8000,A2,Ours,6.458999999999833
2.5098218067952067,3,100,4997,5,8000,A3,Ours,6.458999999999833
9.86079329318474,3,100,4997,5,8000,core,Ours,6.458999999999833
1.2928024182152629,3,100,4997,5,8000,A1,HOSVD,2.0009999999992942
0.1579828823184944,3,100,4997,5,8000,A2,HOSVD,2.0009999999992942
2.5063786673573176,3,100,4997,5,8000,A3,HOSVD,2.0009999999992942
9.86081542073425,3,100,4997,5,8000,core,HOSVD,2.0009999999992942
1.2265455790281223,3,100,4997,5,8000,A1,HOOI,5.4080000000003565
0.048280149681104244,3,100,4997,5,8000,A2,HOOI,5.4080000000003565
2.5061972952746685,3,100,4997,5,8000,A3,HOOI,5.4080000000003565
9.867667083792881,3,100,4997,5,8000,core,HOOI,5.4080000000003565
1.1659009025246263,3,100,4997,5,8000,A1,Olga,2.632999999999811
3.9384968940799245,3,100,4997,5,8000,A2,Olga,2.632999999999811
2.902478499599581,3,100,4997,5,8000,A3,Tracy,2.632999999999811
10.333812452895792,3,100,4997,5,8000,core,Tracy_Olga,2.632999999999811
6.305685880945615,3,100,9974,5,8000,A1,NTD,343.89899999999943
4.3899476499148875,3,100,9974,5,8000,A2,NTD,343.89899999999943
9971.041996590464,3,100,9974,5,8000,A3,NTD,343.89899999999943
12.962560732253973,3,100,9974,5,8000,core,NTD,343.89899999999943
1.320701973194145,3,100,9974,5,8000,A1,Ours,16.430999999999585
0.09428550270045326,3,100,9974,5,8000,A2,Ours,16.430999999999585
2.513665244174842,3,100,9974,5,8000,A3,Ours,16.430999999999585
10.076419181397156,3,100,9974,5,8000,core,Ours,16.430999999999585
1.320701973194145,3,100,9974,5,8000,A1,HOSVD,3.7049999999999272
0.09428550270045326,3,100,9974,5,8000,A2,HOSVD,3.7049999999999272
2.5012354477719283,3,100,9974,5,8000,A3,HOSVD,3.7049999999999272
10.076419181397156,3,100,9974,5,8000,core,HOSVD,3.7049999999999272
1.3162669755841159,3,100,9974,5,8000,A1,HOOI,15.057999999999993
0.1236516941015198,3,100,9974,5,8000,A2,HOOI,15.057999999999993
2.5022681872681733,3,100,9974,5,8000,A3,HOOI,15.057999999999993
10.076419181397156,3,100,9974,5,8000,core,HOOI,15.057999999999993
1.5733744073652665,3,100,9974,5,8000,A1,Olga,6.748000000000502
4.6117484347571,3,100,9974,5,8000,A2,Olga,6.748000000000502
2.8803709980005565,3,100,9974,5,8000,A3,Tracy,6.748000000000502
10.12245087184055,3,100,9974,5,8000,core,Tracy_Olga,6.748000000000502
10.580238745557507,3,100,1000,5,9000,A1,NTD,29.842000000000553
3.857104386791731,3,100,1000,5,9000,A2,NTD,29.842000000000553
997.0000791637746,3,100,1000,5,9000,A3,NTD,29.842000000000553
11.836022562281043,3,100,1000,5,9000,core,NTD,29.842000000000553
1.291898578845779,3,100,1000,5,9000,A1,Ours,0.6850000000004002
0.06104608318107146,3,100,1000,5,9000,A2,Ours,0.6850000000004002
0.13428456398087343,3,100,1000,5,9000,A3,Ours,0.6850000000004002
10.170017216378225,3,100,1000,5,9000,core,Ours,0.6850000000004002
1.291898578845779,3,100,1000,5,9000,A1,HOSVD,0.48699999999917054
0.06104608318107146,3,100,1000,5,9000,A2,HOSVD,0.48699999999917054
0.13426162342031323,3,100,1000,5,9000,A3,HOSVD,0.48699999999917054
10.169995270941337,3,100,1000,5,9000,core,HOSVD,0.48699999999917054
1.2869147932524685,3,100,1000,5,9000,A1,HOOI,0.717000000000553
0.050442647057416024,3,100,1000,5,9000,A2,HOOI,0.717000000000553
0.13528022628476372,3,100,1000,5,9000,A3,HOOI,0.717000000000553
10.169731104431152,3,100,1000,5,9000,core,HOOI,0.717000000000553
1.2795883311141736,3,100,1000,5,9000,A1,Olga,0.5630000000001019
4.523286343239619,3,100,1000,5,9000,A2,Olga,0.5630000000001019
1.3500708076179648,3,100,1000,5,9000,A3,Tracy,0.5630000000001019
13.197404150648662,3,100,1000,5,9000,core,Tracy_Olga,0.5630000000001019
9.789952142414466,3,100,5000,5,9000,A1,NTD,158.5029999999997
4.58774249351615,3,100,5000,5,9000,A2,NTD,158.5029999999997
4997.000238437992,3,100,5000,5,9000,A3,NTD,158.5029999999997
10.211718034041853,3,100,5000,5,9000,core,NTD,158.5029999999997
1.423039142290426,3,100,5000,5,9000,A1,Ours,5.516999999999825
0.14508274745711428,3,100,5000,5,9000,A2,Ours,5.516999999999825
0.825278114618273,3,100,5000,5,9000,A3,Ours,5.516999999999825
10.160238268109534,3,100,5000,5,9000,core,Ours,5.516999999999825
1.423039142290426,3,100,5000,5,9000,A1,HOSVD,1.9089999999996508
0.14508274745711428,3,100,5000,5,9000,A2,HOSVD,1.9089999999996508
0.8234414134045941,3,100,5000,5,9000,A3,HOSVD,1.9089999999996508
10.161662164621418,3,100,5000,5,9000,core,HOSVD,1.9089999999996508
1.4214889053253894,3,100,5000,5,9000,A1,HOOI,4.085999999999331
0.12134505459978648,3,100,5000,5,9000,A2,HOOI,4.085999999999331
0.8232857428236467,3,100,5000,5,9000,A3,HOOI,4.085999999999331
10.166651492822941,3,100,5000,5,9000,core,HOOI,4.085999999999331
1.7286662470912193,3,100,5000,5,9000,A1,Olga,2.4810000000006767
4.315853107489753,3,100,5000,5,9000,A2,Olga,2.4810000000006767
1.6234906454732032,3,100,5000,5,9000,A3,Tracy,2.4810000000006767
13.660138477925349,3,100,5000,5,9000,core,Tracy_Olga,2.4810000000006767
5.927104639142243,3,100,9981,5,9000,A1,NTD,342.77599999999984
3.612998637389273,3,100,9981,5,9000,A2,NTD,342.77599999999984
9978.028283310829,3,100,9981,5,9000,A3,NTD,342.77599999999984
10.323891076359539,3,100,9981,5,9000,core,NTD,342.77599999999984
1.0466475125399013,3,100,9981,5,9000,A1,Ours,16.161000000000058
0.02894602176037147,3,100,9981,5,9000,A2,Ours,16.161000000000058
2.5063709098193687,3,100,9981,5,9000,A3,Ours,16.161000000000058
10.076419181397156,3,100,9981,5,9000,core,Ours,16.161000000000058
1.0466475125399013,3,100,9981,5,9000,A1,HOSVD,3.4799999999995634
0.02894602176037147,3,100,9981,5,9000,A2,HOSVD,3.4799999999995634
2.4965834363972217,3,100,9981,5,9000,A3,HOSVD,3.4799999999995634
10.076419181397156,3,100,9981,5,9000,core,HOSVD,3.4799999999995634
1.0455782766770658,3,100,9981,5,9000,A1,HOOI,14.365999999999985
0.028822325736459892,3,100,9981,5,9000,A2,HOOI,14.365999999999985
2.4945050381924285,3,100,9981,5,9000,A3,HOOI,14.365999999999985
10.076419181397156,3,100,9981,5,9000,core,HOOI,14.365999999999985
1.3421791547254356,3,100,9981,5,9000,A1,Olga,6.779999999999745
4.5366736153865705,3,100,9981,5,9000,A2,Olga,6.779999999999745
2.881172911059424,3,100,9981,5,9000,A3,Tracy,6.779999999999745
13.86305555240973,3,100,9981,5,9000,core,Tracy_Olga,6.779999999999745
10.699605108143995,3,100,1000,5,10000,A1,NTD,29.432999999999993
4.616792114052218,3,100,1000,5,10000,A2,NTD,29.432999999999993
997.0001439131632,3,100,1000,5,10000,A3,NTD,29.432999999999993
9.883752266864185,3,100,1000,5,10000,core,NTD,29.432999999999993
1.3354773262675823,3,100,1000,5,10000,A1,Ours,0.49399999999968713
0.022071144460927998,3,100,1000,5,10000,A2,Ours,0.49399999999968713
0.2963749877478018,3,100,1000,5,10000,A3,Ours,0.49399999999968713
10.276008836391746,3,100,1000,5,10000,core,Ours,0.49399999999968713
1.3354773262675823,3,100,1000,5,10000,A1,HOSVD,0.3780000000006112
0.022071144460927998,3,100,1000,5,10000,A2,HOSVD,0.3780000000006112
0.29633644134433657,3,100,1000,5,10000,A3,HOSVD,0.3780000000006112
10.275963755290434,3,100,1000,5,10000,core,HOSVD,0.3780000000006112
1.3371560201289612,3,100,1000,5,10000,A1,HOOI,0.6710000000002765
0.02225852835925155,3,100,1000,5,10000,A2,HOOI,0.6710000000002765
0.2898369337910767,3,100,1000,5,10000,A3,HOOI,0.6710000000002765
10.271979619395962,3,100,1000,5,10000,core,HOOI,0.6710000000002765
1.150691225814086,3,100,1000,5,10000,A1,Olga,0.5380000000004657
2.71109625054404,3,100,1000,5,10000,A2,Olga,0.5380000000004657
1.3869187942442909,3,100,1000,5,10000,A3,Tracy,0.5380000000004657
10.660139722682107,3,100,1000,5,10000,core,Tracy_Olga,0.5380000000004657
10.200994810124225,3,100,5000,5,10000,A1,NTD,160.89999999999964
2.8857779810658584,3,100,5000,5,10000,A2,NTD,160.89999999999964
4997.000526105281,3,100,5000,5,10000,A3,NTD,160.89999999999964
10.712042738200974,3,100,5000,5,10000,core,NTD,160.89999999999964
1.5835713277816035,3,100,5000,5,10000,A1,Ours,5.235999999999876
0.12744419568890855,3,100,5000,5,10000,A2,Ours,5.235999999999876
0.8690927113822075,3,100,5000,5,10000,A3,Ours,5.235999999999876
10.07641918139656,3,100,5000,5,10000,core,Ours,5.235999999999876
1.5835713277816035,3,100,5000,5,10000,A1,HOSVD,1.7530000000006112
0.12744419568890855,3,100,5000,5,10000,A2,HOSVD,1.7530000000006112
0.8676854807118076,3,100,5000,5,10000,A3,HOSVD,1.7530000000006112
10.07641918139656,3,100,5000,5,10000,core,HOSVD,1.7530000000006112
1.5859655913641133,3,100,5000,5,10000,A1,HOOI,4.337999999999738
0.08542538896757573,3,100,5000,5,10000,A2,HOOI,4.337999999999738
0.8682708223433289,3,100,5000,5,10000,A3,HOOI,4.337999999999738
10.030656134755013,3,100,5000,5,10000,core,HOOI,4.337999999999738
1.3402596918169347,3,100,5000,5,10000,A1,Olga,2.576000000000022
4.587131103476148,3,100,5000,5,10000,A2,Olga,2.576000000000022
1.6398049154763796,3,100,5000,5,10000,A3,Tracy,2.576000000000022
13.846851673264176,3,100,5000,5,10000,core,Tracy_Olga,2.576000000000022
5.865258417062202,3,100,9983,5,10000,A1,NTD,313.2510000000002
1.142702476182789,3,100,9983,5,10000,A2,NTD,313.2510000000002
9980.022024539954,3,100,9983,5,10000,A3,NTD,313.2510000000002
10.469470198744744,3,100,9983,5,10000,core,NTD,313.2510000000002
1.4095016565323821,3,100,9983,5,10000,A1,Ours,13.300000000000182
0.019644385221350532,3,100,9983,5,10000,A2,Ours,13.300000000000182
2.5215533832184587,3,100,9983,5,10000,A3,Ours,13.300000000000182
10.076419181397156,3,100,9983,5,10000,core,Ours,13.300000000000182
1.4095016565323821,3,100,9983,5,10000,A1,HOSVD,2.5390000000006694
0.019644385221350532,3,100,9983,5,10000,A2,HOSVD,2.5390000000006694
2.5135319989709393,3,100,9983,5,10000,A3,HOSVD,2.5390000000006694
10.076419181397156,3,100,9983,5,10000,core,HOSVD,2.5390000000006694
1.4141394965529603,3,100,9983,5,10000,A1,HOOI,10.490999999999985
0.045248727331713964,3,100,9983,5,10000,A2,HOOI,10.490999999999985
2.515112672800394,3,100,9983,5,10000,A3,HOOI,10.490999999999985
10.076419181397156,3,100,9983,5,10000,core,HOOI,10.490999999999985
1.4428601803897803,3,100,9983,5,10000,A1,Olga,5.1729999999997744
4.425013896637532,3,100,9983,5,10000,A2,Olga,5.1729999999997744
2.8938899900414192,3,100,9983,5,10000,A3,Tracy,5.1729999999997744
13.867708878190088,3,100,9983,5,10000,core,Tracy_Olga,5.1729999999997744
