error,K,Q1,R,Q2,M,mode,method,time
6.319757116411384,3,100,984,5,100,A1,NTD,36.742000000000004
0.3932894062340692,3,100,984,5,100,A2,NTD,36.742000000000004
981.2450714174511,3,100,984,5,100,A3,NTD,36.742000000000004
3.7895838678645366,3,100,984,5,100,core,NTD,36.742000000000004
12.008322484745209,3,100,984,5,100,A1,Ours,3.100999999999999
0.012306229329068719,3,100,984,5,100,A2,Ours,3.100999999999999
4.818004038508283,3,100,984,5,100,A3,Ours,3.100999999999999
12.603344268220695,3,100,984,5,100,core,Ours,3.100999999999999
12.008322484745209,3,100,984,5,100,A1,HOSVD,5.0859999999999985
0.012306229329068719,3,100,984,5,100,A2,HOSVD,5.0859999999999985
2.4710975273634923,3,100,984,5,100,A3,HOSVD,5.0859999999999985
12.912802287427585,3,100,984,5,100,core,HOSVD,5.0859999999999985
12.613927191279936,3,100,984,5,100,A1,HOOI,5.856000000000002
0.010415045206111499,3,100,984,5,100,A2,HOOI,5.856000000000002
2.4889227222961554,3,100,984,5,100,A3,HOOI,5.856000000000002
15.998966754416191,3,100,984,5,100,core,HOOI,5.856000000000002
15.993199291511054,3,100,984,5,100,A1,Olga,7.027999999999992
0.19722859619980507,3,100,984,5,100,A2,Olga,7.027999999999992
2.823659069577765,3,100,984,5,100,A3,Tracy,7.027999999999992
10.065944341720806,3,100,984,5,100,core,Tracy_Olga,7.027999999999992
105.42534411171741,3,100,4538,5,100,A1,NTD,160.958
4.178005973051098,3,100,4538,5,100,A2,NTD,160.958
4535.461720279264,3,100,4538,5,100,A3,NTD,160.958
10.519133467592946,3,100,4538,5,100,core,NTD,160.958
13.919266183986204,3,100,4538,5,100,A1,Ours,7.475999999999999
0.0816412217087674,3,100,4538,5,100,A2,Ours,7.475999999999999
5.195286090869801,3,100,4538,5,100,A3,Ours,7.475999999999999
10.217564622858433,3,100,4538,5,100,core,Ours,7.475999999999999
13.919266183986204,3,100,4538,5,100,A1,HOSVD,9.176999999999992
0.0816412217087674,3,100,4538,5,100,A2,HOSVD,9.176999999999992
2.632132591518262,3,100,4538,5,100,A3,HOSVD,9.176999999999992
10.989461626224069,3,100,4538,5,100,core,HOSVD,9.176999999999992
10.083631211650998,3,100,4538,5,100,A1,HOOI,13.754000000000019
0.07142732482082334,3,100,4538,5,100,A2,HOOI,13.754000000000019
2.656240392166935,3,100,4538,5,100,A3,HOOI,13.754000000000019
10.822686739699177,3,100,4538,5,100,core,HOOI,13.754000000000019
37.604482647093995,3,100,4538,5,100,A1,Olga,15.384000000000015
3.8533311789096474,3,100,4538,5,100,A2,Olga,15.384000000000015
3.045248969771104,3,100,4538,5,100,A3,Tracy,15.384000000000015
11.128656213017443,3,100,4538,5,100,core,Tracy_Olga,15.384000000000015
116.75995575183738,3,100,8212,5,100,A1,NTD,277.04400000000004
4.393258050929833,3,100,8212,5,100,A2,NTD,277.04400000000004
8209.570154463372,3,100,8212,5,100,A3,NTD,277.04400000000004
11.338444984223326,3,100,8212,5,100,core,NTD,277.04400000000004
10.577866525474867,3,100,8212,5,100,A1,Ours,11.279999999999973
0.057234786444052235,3,100,8212,5,100,A2,Ours,11.279999999999973
5.290827777223153,3,100,8212,5,100,A3,Ours,11.279999999999973
8.002157081380536,3,100,8212,5,100,core,Ours,11.279999999999973
10.577866525474867,3,100,8212,5,100,A1,HOSVD,10.266000000000076
0.057234786444052235,3,100,8212,5,100,A2,HOSVD,10.266000000000076
2.812464886966131,3,100,8212,5,100,A3,HOSVD,10.266000000000076
15.876990336973638,3,100,8212,5,100,core,HOSVD,10.266000000000076
10.69453548725316,3,100,8212,5,100,A1,HOOI,28.581999999999994
0.065459710044814,3,100,8212,5,100,A2,HOOI,28.581999999999994
3.8988982565062305,3,100,8212,5,100,A3,HOOI,28.581999999999994
11.957929219462303,3,100,8212,5,100,core,HOOI,28.581999999999994
52.11885449550418,3,100,8212,5,100,A1,Olga,21.692999999999984
2.7049023502243683,3,100,8212,5,100,A2,Olga,21.692999999999984
4.077482507312868,3,100,8212,5,100,A3,Tracy,21.692999999999984
11.040022680908741,3,100,8212,5,100,core,Tracy_Olga,21.692999999999984
2.8329481341341802,3,100,998,5,500,A1,NTD,28.380999999999972
0.39323730710827814,3,100,998,5,500,A2,NTD,28.380999999999972
995.0589663201886,3,100,998,5,500,A3,NTD,28.380999999999972
9.416408256198924,3,100,998,5,500,core,NTD,28.380999999999972
5.6163347995760144,3,100,998,5,500,A1,Ours,0.525000000000091
0.027973057046070265,3,100,998,5,500,A2,Ours,0.525000000000091
2.501995187268528,3,100,998,5,500,A3,Ours,0.525000000000091
11.461342219420441,3,100,998,5,500,core,Ours,0.525000000000091
5.6163347995760144,3,100,998,5,500,A1,HOSVD,0.39599999999995816
0.027973057046070265,3,100,998,5,500,A2,HOSVD,0.39599999999995816
2.4726018891869077,3,100,998,5,500,A3,HOSVD,0.39599999999995816
11.43646943937674,3,100,998,5,500,core,HOSVD,0.39599999999995816
5.669134297528514,3,100,998,5,500,A1,HOOI,1.5990000000000464
0.03401390621136094,3,100,998,5,500,A2,HOOI,1.5990000000000464
2.4678771573978304,3,100,998,5,500,A3,HOOI,1.5990000000000464
11.575385961390152,3,100,998,5,500,core,HOOI,1.5990000000000464
7.196055235627536,3,100,998,5,500,A1,Olga,1.4139999999999873
0.03917670661674708,3,100,998,5,500,A2,Olga,1.4139999999999873
2.862432795522121,3,100,998,5,500,A3,Tracy,1.4139999999999873
11.555785674783886,3,100,998,5,500,core,Tracy_Olga,1.4139999999999873
12.583030788276298,3,100,4913,5,500,A1,NTD,161.99900000000002
4.177998367965563,3,100,4913,5,500,A2,NTD,161.99900000000002
4910.1956601763595,3,100,4913,5,500,A3,NTD,161.99900000000002
9.669366889599022,3,100,4913,5,500,core,NTD,161.99900000000002
4.360406616092254,3,100,4913,5,500,A1,Ours,5.849000000000046
0.025371615971916346,3,100,4913,5,500,A2,Ours,5.849000000000046
5.08646543560091,3,100,4913,5,500,A3,Ours,5.849000000000046
11.51543968684973,3,100,4913,5,500,core,Ours,5.849000000000046
4.360406616092254,3,100,4913,5,500,A1,HOSVD,6.539999999999964
0.025371615971916346,3,100,4913,5,500,A2,HOSVD,6.539999999999964
2.507094532319721,3,100,4913,5,500,A3,HOSVD,6.539999999999964
12.912802287427585,3,100,4913,5,500,core,HOSVD,6.539999999999964
4.4180144779235695,3,100,4913,5,500,A1,HOOI,10.884000000000015
0.026702175661403614,3,100,4913,5,500,A2,HOOI,10.884000000000015
2.5144401378323122,3,100,4913,5,500,A3,HOOI,10.884000000000015
12.912802287427585,3,100,4913,5,500,core,HOOI,10.884000000000015
8.850316253073904,3,100,4913,5,500,A1,Olga,7.835000000000036
0.10330075434648645,3,100,4913,5,500,A2,Olga,7.835000000000036
2.9015483228790697,3,100,4913,5,500,A3,Tracy,7.835000000000036
15.849518517893282,3,100,4913,5,500,core,Tracy_Olga,7.835000000000036
21.380363371786828,3,100,9622,5,500,A1,NTD,322.5769999999999
2.17799118610459,3,100,9622,5,500,A2,NTD,322.5769999999999
9619.268199078337,3,100,9622,5,500,A3,NTD,322.5769999999999
11.922396864376111,3,100,9622,5,500,core,NTD,322.5769999999999
5.399892998053283,3,100,9622,5,500,A1,Ours,12.751999999999953
0.022998432481465537,3,100,9622,5,500,A2,Ours,12.751999999999953
3.6395637238487484,3,100,9622,5,500,A3,Ours,12.751999999999953
10.74120516678513,3,100,9622,5,500,core,Ours,12.751999999999953
5.399892998053283,3,100,9622,5,500,A1,HOSVD,3.1389999999998963
0.022998432481465537,3,100,9622,5,500,A2,HOSVD,3.1389999999998963
2.553310465869168,3,100,9622,5,500,A3,HOSVD,3.1389999999998963
15.892733217037652,3,100,9622,5,500,core,HOSVD,3.1389999999998963
5.355995250560334,3,100,9622,5,500,A1,HOOI,12.087999999999965
0.02228070234194573,3,100,9622,5,500,A2,HOOI,12.087999999999965
3.8838844075278076,3,100,9622,5,500,A3,HOOI,12.087999999999965
10.294591248487807,3,100,9622,5,500,core,HOOI,12.087999999999965
9.227997300787607,3,100,9622,5,500,A1,Olga,8.779999999999973
0.4180046793308171,3,100,9622,5,500,A2,Olga,8.779999999999973
4.190300318052262,3,100,9622,5,500,A3,Tracy,8.779999999999973
13.991620910627635,3,100,9622,5,500,core,Tracy_Olga,8.779999999999973
2.3111255990088075,3,100,1000,5,1000,A1,NTD,28.259000000000015
0.36978626515019547,3,100,1000,5,1000,A2,NTD,28.259000000000015
997.0026748119898,3,100,1000,5,1000,A3,NTD,28.259000000000015
9.15316737659609,3,100,1000,5,1000,core,NTD,28.259000000000015
5.057802309184693,3,100,1000,5,1000,A1,Ours,1.6829999999999927
0.0166346779287324,3,100,1000,5,1000,A2,Ours,1.6829999999999927
0.5609442253173498,3,100,1000,5,1000,A3,Ours,1.6829999999999927
15.133477898632723,3,100,1000,5,1000,core,Ours,1.6829999999999927
5.057802309184693,3,100,1000,5,1000,A1,HOSVD,2.040000000000191
0.0166346779287324,3,100,1000,5,1000,A2,HOSVD,2.040000000000191
0.5580407420103156,3,100,1000,5,1000,A3,HOSVD,2.040000000000191
15.120859239163343,3,100,1000,5,1000,core,HOSVD,2.040000000000191
5.079848376571246,3,100,1000,5,1000,A1,HOOI,1.9329999999999927
0.01684458873685877,3,100,1000,5,1000,A2,HOOI,1.9329999999999927
0.5974383741900429,3,100,1000,5,1000,A3,HOOI,1.9329999999999927
15.091295397190535,3,100,1000,5,1000,core,HOOI,1.9329999999999927
4.518507611206666,3,100,1000,5,1000,A1,Olga,1.1639999999999873
0.02233590726416792,3,100,1000,5,1000,A2,Olga,1.1639999999999873
1.5491464090226328,3,100,1000,5,1000,A3,Tracy,1.1639999999999873
15.058892641008162,3,100,1000,5,1000,core,Tracy_Olga,1.1639999999999873
2.651886375298235,3,100,4954,5,1000,A1,NTD,154.5039999999999
2.033875767100444,3,100,4954,5,1000,A2,NTD,154.5039999999999
4951.113906420462,3,100,4954,5,1000,A3,NTD,154.5039999999999
11.443818811292823,3,100,4954,5,1000,core,NTD,154.5039999999999
4.364592893172982,3,100,4954,5,1000,A1,Ours,5.29099999999994
0.020676072877079454,3,100,4954,5,1000,A2,Ours,5.29099999999994
2.6942360801100347,3,100,4954,5,1000,A3,Ours,5.29099999999994
15.729715438234448,3,100,4954,5,1000,core,Ours,5.29099999999994
4.364592893172982,3,100,4954,5,1000,A1,HOSVD,1.668999999999869
0.020676072877079454,3,100,4954,5,1000,A2,HOSVD,1.668999999999869
2.50602762065478,3,100,4954,5,1000,A3,HOSVD,1.668999999999869
15.773691613535721,3,100,4954,5,1000,core,HOSVD,1.668999999999869
4.388132962549436,3,100,4954,5,1000,A1,HOOI,4.414999999999964
0.01900228498467933,3,100,4954,5,1000,A2,HOOI,4.414999999999964
2.511449550662271,3,100,4954,5,1000,A3,HOOI,4.414999999999964
15.780111426792068,3,100,4954,5,1000,core,HOOI,4.414999999999964
5.371498822140428,3,100,4954,5,1000,A1,Olga,2.629000000000133
0.08264906449252611,3,100,4954,5,1000,A2,Olga,2.629000000000133
2.8963735489702698,3,100,4954,5,1000,A3,Tracy,2.629000000000133
10.196317029498125,3,100,4954,5,1000,core,Tracy_Olga,2.629000000000133
6.038717496469181,3,100,9820,5,1000,A1,NTD,334.53999999999996
4.177983902454569,3,100,9820,5,1000,A2,NTD,334.53999999999996
9817.172252337925,3,100,9820,5,1000,A3,NTD,334.53999999999996
11.363834532863006,3,100,9820,5,1000,core,NTD,334.53999999999996
3.435896702392005,3,100,9820,5,1000,A1,Ours,14.09699999999998
0.01614461896330865,3,100,9820,5,1000,A2,Ours,14.09699999999998
5.347925053995788,3,100,9820,5,1000,A3,Ours,14.09699999999998
13.9979953263245,3,100,9820,5,1000,core,Ours,14.09699999999998
3.435896702392005,3,100,9820,5,1000,A1,HOSVD,3.7690000000000055
0.01614461896330865,3,100,9820,5,1000,A2,HOSVD,3.7690000000000055
2.5207272590897194,3,100,9820,5,1000,A3,HOSVD,3.7690000000000055
15.816162790382316,3,100,9820,5,1000,core,HOSVD,3.7690000000000055
4.0783196043043,3,100,9820,5,1000,A1,HOOI,11.448000000000093
0.013750453832111233,3,100,9820,5,1000,A2,HOOI,11.448000000000093
2.52762345158052,3,100,9820,5,1000,A3,HOOI,11.448000000000093
15.817260329013335,3,100,9820,5,1000,core,HOOI,11.448000000000093
5.59384188339367,3,100,9820,5,1000,A1,Olga,7.604000000000042
0.10258073878182974,3,100,9820,5,1000,A2,Olga,7.604000000000042
2.9377036467736657,3,100,9820,5,1000,A3,Tracy,7.604000000000042
10.326114510836168,3,100,9820,5,1000,core,Tracy_Olga,7.604000000000042
2.420277460584471,3,100,1000,5,2500,A1,NTD,28.680000000000064
0.08394443629093835,3,100,1000,5,2500,A2,NTD,28.680000000000064
997.000329201629,3,100,1000,5,2500,A3,NTD,28.680000000000064
16.063399703132628,3,100,1000,5,2500,core,NTD,28.680000000000064
2.5264759113747606,3,100,1000,5,2500,A1,Ours,0.5670000000000073
0.01213728151316211,3,100,1000,5,2500,A2,Ours,0.5670000000000073
0.25172581743232486,3,100,1000,5,2500,A3,Ours,0.5670000000000073
15.341700027903931,3,100,1000,5,2500,core,Ours,0.5670000000000073
2.5264759113747606,3,100,1000,5,2500,A1,HOSVD,0.5750000000000455
0.01213728151316211,3,100,1000,5,2500,A2,HOSVD,0.5750000000000455
0.2512844795480171,3,100,1000,5,2500,A3,HOSVD,0.5750000000000455
15.339060339087732,3,100,1000,5,2500,core,HOSVD,0.5750000000000455
2.522284408728594,3,100,1000,5,2500,A1,HOOI,1.6329999999998108
0.011997915767235535,3,100,1000,5,2500,A2,HOOI,1.6329999999998108
0.24938407307842755,3,100,1000,5,2500,A3,HOOI,1.6329999999998108
15.363675216680743,3,100,1000,5,2500,core,HOOI,1.6329999999998108
3.4293408473524307,3,100,1000,5,2500,A1,Olga,1.9390000000000782
0.023266881285441385,3,100,1000,5,2500,A2,Olga,1.9390000000000782
1.413190455756463,3,100,1000,5,2500,A3,Tracy,1.9390000000000782
15.357620812624306,3,100,1000,5,2500,core,Tracy_Olga,1.9390000000000782
2.2972428867949457,3,100,4990,5,2500,A1,NTD,153.32899999999995
0.3932538051001054,3,100,4990,5,2500,A2,NTD,153.32899999999995
4987.062829336546,3,100,4990,5,2500,A3,NTD,153.32899999999995
10.14722001293406,3,100,4990,5,2500,core,NTD,153.32899999999995
2.258183978634879,3,100,4990,5,2500,A1,Ours,13.601000000000113
0.009325973903977295,3,100,4990,5,2500,A2,Ours,13.601000000000113
2.486559475523928,3,100,4990,5,2500,A3,Ours,13.601000000000113
15.86798747038915,3,100,4990,5,2500,core,Ours,13.601000000000113
2.258183978634879,3,100,4990,5,2500,A1,HOSVD,10.728000000000065
0.009325973903977295,3,100,4990,5,2500,A2,HOSVD,10.728000000000065
2.4556864594145575,3,100,4990,5,2500,A3,HOSVD,10.728000000000065
15.87029351612602,3,100,4990,5,2500,core,HOSVD,10.728000000000065
2.6154845458579454,3,100,4990,5,2500,A1,HOOI,9.544999999999845
0.008993361072185697,3,100,4990,5,2500,A2,HOOI,9.544999999999845
2.45441252955509,3,100,4990,5,2500,A3,HOOI,9.544999999999845
15.864443553654706,3,100,4990,5,2500,core,HOOI,9.544999999999845
2.776356811617139,3,100,4990,5,2500,A1,Olga,3.018000000000029
0.04530814146122616,3,100,4990,5,2500,A2,Olga,3.018000000000029
2.8917899877325786,3,100,4990,5,2500,A3,Tracy,3.018000000000029
10.269410774733247,3,100,4990,5,2500,core,Tracy_Olga,3.018000000000029
3.685258301774475,3,100,9941,5,2500,A1,NTD,336.201
1.4697585782485267,3,100,9941,5,2500,A2,NTD,336.201
9938.089483544518,3,100,9941,5,2500,A3,NTD,336.201
16.00574102321436,3,100,9941,5,2500,core,NTD,336.201
2.3534874217072113,3,100,9941,5,2500,A1,Ours,14.125
0.004286941550619619,3,100,9941,5,2500,A2,Ours,14.125
2.606755335705478,3,100,9941,5,2500,A3,Ours,14.125
15.807733342813473,3,100,9941,5,2500,core,Ours,14.125
2.3534874217072113,3,100,9941,5,2500,A1,HOSVD,3.7619999999997162
0.004286941550619619,3,100,9941,5,2500,A2,HOSVD,3.7619999999997162
2.486474629521312,3,100,9941,5,2500,A3,HOSVD,3.7619999999997162
15.825348882920697,3,100,9941,5,2500,core,HOSVD,3.7619999999997162
2.3462394515122083,3,100,9941,5,2500,A1,HOOI,11.17300000000023
0.0037969231292649423,3,100,9941,5,2500,A2,HOOI,11.17300000000023
2.4879048428140735,3,100,9941,5,2500,A3,HOOI,11.17300000000023
15.832228811938505,3,100,9941,5,2500,core,HOOI,11.17300000000023
3.1598951725613693,3,100,9941,5,2500,A1,Olga,6.80600000000004
0.05341491312963846,3,100,9941,5,2500,A2,Olga,6.80600000000004
2.89507603068797,3,100,9941,5,2500,A3,Tracy,6.80600000000004
10.313192641166308,3,100,9941,5,2500,core,Tracy_Olga,6.80600000000004
2.190945103288986,3,100,1000,5,5000,A1,NTD,28.68000000000029
0.021062530268372015,3,100,1000,5,5000,A2,NTD,28.68000000000029
997.0001978923209,3,100,1000,5,5000,A3,NTD,28.68000000000029
9.93205144592463,3,100,1000,5,5000,core,NTD,28.68000000000029
2.054300006673374,3,100,1000,5,5000,A1,Ours,0.5079999999998108
0.004383640779349931,3,100,1000,5,5000,A2,Ours,0.5079999999998108
0.07935674002333236,3,100,1000,5,5000,A3,Ours,0.5079999999998108
15.692373729753273,3,100,1000,5,5000,core,Ours,0.5079999999998108
2.054300006673374,3,100,1000,5,5000,A1,HOSVD,0.40499999999974534
0.004383640779349931,3,100,1000,5,5000,A2,HOSVD,0.40499999999974534
0.07926537732013862,3,100,1000,5,5000,A3,HOSVD,0.40499999999974534
15.692313617527468,3,100,1000,5,5000,core,HOSVD,0.40499999999974534
2.060148797243194,3,100,1000,5,5000,A1,HOOI,0.7260000000001128
0.004618719496632232,3,100,1000,5,5000,A2,HOOI,0.7260000000001128
0.07933608699824264,3,100,1000,5,5000,A3,HOOI,0.7260000000001128
15.692546094622774,3,100,1000,5,5000,core,HOOI,0.7260000000001128
2.3348244049368487,3,100,1000,5,5000,A1,Olga,0.45200000000022555
0.008855388398910634,3,100,1000,5,5000,A2,Olga,0.45200000000022555
1.354747177436513,3,100,1000,5,5000,A3,Tracy,0.45200000000022555
15.659262339126947,3,100,1000,5,5000,core,Tracy_Olga,0.45200000000022555
2.180504511599236,3,100,4995,5,5000,A1,NTD,151.30000000000018
0.32802653979768154,3,100,4995,5,5000,A2,NTD,151.30000000000018
4992.0558420362395,3,100,4995,5,5000,A3,NTD,151.30000000000018
5.990116445746734,3,100,4995,5,5000,core,NTD,151.30000000000018
1.4789729166191303,3,100,4995,5,5000,A1,Ours,7.038000000000011
0.01352251098348739,3,100,4995,5,5000,A2,Ours,7.038000000000011
2.461711405591592,3,100,4995,5,5000,A3,Ours,7.038000000000011
15.747571368481198,3,100,4995,5,5000,core,Ours,7.038000000000011
1.4789729166191303,3,100,4995,5,5000,A1,HOSVD,2.1650000000004184
0.01352251098348739,3,100,4995,5,5000,A2,HOSVD,2.1650000000004184
2.4533751959270678,3,100,4995,5,5000,A3,HOSVD,2.1650000000004184
15.747674099220127,3,100,4995,5,5000,core,HOSVD,2.1650000000004184
1.480659183953559,3,100,4995,5,5000,A1,HOOI,4.552999999999884
0.013355036798607448,3,100,4995,5,5000,A2,HOOI,4.552999999999884
2.4532812881389243,3,100,4995,5,5000,A3,HOOI,4.552999999999884
15.749843458569087,3,100,4995,5,5000,core,HOOI,4.552999999999884
1.7409296217932397,3,100,4995,5,5000,A1,Olga,2.7219999999997526
0.012766256081485555,3,100,4995,5,5000,A2,Olga,2.7219999999997526
2.920846932666706,3,100,4995,5,5000,A3,Tracy,2.7219999999997526
16.359356890112583,3,100,4995,5,5000,core,Tracy_Olga,2.7219999999997526
2.28065943234521,3,100,9965,5,5000,A1,NTD,338.855
0.39325286000635956,3,100,9965,5,5000,A2,NTD,338.855
9962.051868789596,3,100,9965,5,5000,A3,NTD,338.855
8.821159106338424,3,100,9965,5,5000,core,NTD,338.855
1.901851973725322,3,100,9965,5,5000,A1,Ours,14.740999999999985
0.008576799101163204,3,100,9965,5,5000,A2,Ours,14.740999999999985
2.517165089255162,3,100,9965,5,5000,A3,Ours,14.740999999999985
15.821724757164475,3,100,9965,5,5000,core,Ours,14.740999999999985
1.901851973725322,3,100,9965,5,5000,A1,HOSVD,3.7780000000002474
0.008576799101163204,3,100,9965,5,5000,A2,HOSVD,3.7780000000002474
2.4870767277508468,3,100,9965,5,5000,A3,HOSVD,3.7780000000002474
15.824275864483717,3,100,9965,5,5000,core,HOSVD,3.7780000000002474
1.9008973717841908,3,100,9965,5,5000,A1,HOOI,11.698999999999614
0.008973432612575367,3,100,9965,5,5000,A2,HOOI,11.698999999999614
3.4819446273894856,3,100,9965,5,5000,A3,HOOI,11.698999999999614
12.186488139868196,3,100,9965,5,5000,core,HOOI,11.698999999999614
1.8682016019975811,3,100,9965,5,5000,A1,Olga,6.311000000000149
0.01740395645955191,3,100,9965,5,5000,A2,Olga,6.311000000000149
2.912575363455194,3,100,9965,5,5000,A3,Tracy,6.311000000000149
11.827495128957256,3,100,9965,5,5000,core,Tracy_Olga,6.311000000000149
2.1778237675918994,3,100,1000,5,6000,A1,NTD,28.527000000000044
0.016884571595148657,3,100,1000,5,6000,A2,NTD,28.527000000000044
997.000077998354,3,100,1000,5,6000,A3,NTD,28.527000000000044
12.199072403327692,3,100,1000,5,6000,core,NTD,28.527000000000044
1.9410544663935885,3,100,1000,5,6000,A1,Ours,0.5050000000001091
0.0043713427446474985,3,100,1000,5,6000,A2,Ours,0.5050000000001091
0.1171349994522041,3,100,1000,5,6000,A3,Ours,0.5050000000001091
15.607134631612096,3,100,1000,5,6000,core,Ours,0.5050000000001091
1.9410544663935885,3,100,1000,5,6000,A1,HOSVD,0.4070000000001528
0.0043713427446474985,3,100,1000,5,6000,A2,HOSVD,0.4070000000001528
0.11712305816969039,3,100,1000,5,6000,A3,HOSVD,0.4070000000001528
15.606794853503414,3,100,1000,5,6000,core,HOSVD,0.4070000000001528
1.9374768228635892,3,100,1000,5,6000,A1,HOOI,0.7450000000003456
0.004432801678449981,3,100,1000,5,6000,A2,HOOI,0.7450000000003456
0.11587437277639724,3,100,1000,5,6000,A3,HOOI,0.7450000000003456
15.61523588393639,3,100,1000,5,6000,core,HOOI,0.7450000000003456
1.8162066278654305,3,100,1000,5,6000,A1,Olga,0.4659999999998945
0.004763395960349257,3,100,1000,5,6000,A2,Olga,0.4659999999998945
1.3654898270707945,3,100,1000,5,6000,A3,Tracy,0.4659999999998945
15.575508402376096,3,100,1000,5,6000,core,Tracy_Olga,0.4659999999998945
2.1911273364316126,3,100,4992,5,6000,A1,NTD,153.67099999999982
4.785180210218753,3,100,4992,5,6000,A2,NTD,153.67099999999982
4989.041439329265,3,100,4992,5,6000,A3,NTD,153.67099999999982
11.70572021647013,3,100,4992,5,6000,core,NTD,153.67099999999982
1.42860886284573,3,100,4992,5,6000,A1,Ours,5.268000000000029
0.006824974047502716,3,100,4992,5,6000,A2,Ours,5.268000000000029
2.4500746937600884,3,100,4992,5,6000,A3,Ours,5.268000000000029
15.748566122082881,3,100,4992,5,6000,core,Ours,5.268000000000029
1.42860886284573,3,100,4992,5,6000,A1,HOSVD,2.099999999999909
0.006824974047502716,3,100,4992,5,6000,A2,HOSVD,2.099999999999909
2.4444969759889914,3,100,4992,5,6000,A3,HOSVD,2.099999999999909
15.737508919529116,3,100,4992,5,6000,core,HOSVD,2.099999999999909
1.4292184748602241,3,100,4992,5,6000,A1,HOOI,4.873000000000047
0.006670498517732302,3,100,4992,5,6000,A2,HOOI,4.873000000000047
2.4458382016324443,3,100,4992,5,6000,A3,HOOI,4.873000000000047
15.732911976863871,3,100,4992,5,6000,core,HOOI,4.873000000000047
1.3285629954441622,3,100,4992,5,6000,A1,Olga,3.5670000000000073
0.012438323307172766,3,100,4992,5,6000,A2,Olga,3.5670000000000073
2.9503786698704237,3,100,4992,5,6000,A3,Tracy,3.5670000000000073
16.237091113044112,3,100,4992,5,6000,core,Tracy_Olga,3.5670000000000073
5.324279922017439,3,100,9971,5,6000,A1,NTD,341.56899999999996
0.39323380295543703,3,100,9971,5,6000,A2,NTD,341.56899999999996
9968.044050019087,3,100,9971,5,6000,A3,NTD,341.56899999999996
12.584550793132356,3,100,9971,5,6000,core,NTD,341.56899999999996
1.3974620283196502,3,100,9971,5,6000,A1,Ours,15.749000000000251
0.001464442980842839,3,100,9971,5,6000,A2,Ours,15.749000000000251
2.501857461386283,3,100,9971,5,6000,A3,Ours,15.749000000000251
15.815104223481612,3,100,9971,5,6000,core,Ours,15.749000000000251
1.3974620283196502,3,100,9971,5,6000,A1,HOSVD,3.5039999999999054
0.001464442980842839,3,100,9971,5,6000,A2,HOSVD,3.5039999999999054
2.4813089475304335,3,100,9971,5,6000,A3,HOSVD,3.5039999999999054
15.817362465729635,3,100,9971,5,6000,core,HOSVD,3.5039999999999054
1.3956501361027274,3,100,9971,5,6000,A1,HOOI,11.198999999999614
0.0018409975500584773,3,100,9971,5,6000,A2,HOOI,11.198999999999614
2.4814968392250982,3,100,9971,5,6000,A3,HOOI,11.198999999999614
15.809189740221296,3,100,9971,5,6000,core,HOOI,11.198999999999614
1.8734658284319308,3,100,9971,5,6000,A1,Olga,6.503000000000156
0.022304334387963774,3,100,9971,5,6000,A2,Olga,6.503000000000156
2.8900564804655366,3,100,9971,5,6000,A3,Tracy,6.503000000000156
11.804274447871242,3,100,9971,5,6000,core,Tracy_Olga,6.503000000000156
2.466688575367369,3,100,1000,5,7000,A1,NTD,27.813000000000102
0.009945110964148598,3,100,1000,5,7000,A2,NTD,27.813000000000102
997.0001051985214,3,100,1000,5,7000,A3,NTD,27.813000000000102
10.080117017185522,3,100,1000,5,7000,core,NTD,27.813000000000102
1.2708697836353728,3,100,1000,5,7000,A1,Ours,0.5460000000002765
0.008115464056994348,3,100,1000,5,7000,A2,Ours,0.5460000000002765
0.0816408263240749,3,100,1000,5,7000,A3,Ours,0.5460000000002765
15.713415765334865,3,100,1000,5,7000,core,Ours,0.5460000000002765
1.2708697836353728,3,100,1000,5,7000,A1,HOSVD,0.4800000000000182
0.008115464056994348,3,100,1000,5,7000,A2,HOSVD,0.4800000000000182
0.08159626011800472,3,100,1000,5,7000,A3,HOSVD,0.4800000000000182
15.713297886712448,3,100,1000,5,7000,core,HOSVD,0.4800000000000182
1.2691844529806964,3,100,1000,5,7000,A1,HOOI,0.8109999999996944
0.008152500372836649,3,100,1000,5,7000,A2,HOOI,0.8109999999996944
0.08238445702132528,3,100,1000,5,7000,A3,HOOI,0.8109999999996944
15.71523301561667,3,100,1000,5,7000,core,HOOI,0.8109999999996944
1.494332429398074,3,100,1000,5,7000,A1,Olga,0.5190000000002328
0.00437857331570348,3,100,1000,5,7000,A2,Olga,0.5190000000002328
1.358317758164078,3,100,1000,5,7000,A3,Tracy,0.5190000000002328
15.721525290206335,3,100,1000,5,7000,core,Tracy_Olga,0.5190000000002328
2.2134175895755948,3,100,4994,5,7000,A1,NTD,157.26700000000028
0.9636584016631686,3,100,4994,5,7000,A2,NTD,157.26700000000028
4991.032011238015,3,100,4994,5,7000,A3,NTD,157.26700000000028
10.802326572435673,3,100,4994,5,7000,core,NTD,157.26700000000028
1.5583356342153605,3,100,4994,5,7000,A1,Ours,17.929000000000087
0.008034803432342216,3,100,4994,5,7000,A2,Ours,17.929000000000087
2.4773907070457546,3,100,4994,5,7000,A3,Ours,17.929000000000087
15.746739464755432,3,100,4994,5,7000,core,Ours,17.929000000000087
1.5583356342153605,3,100,4994,5,7000,A1,HOSVD,12.808999999999742
0.008034803432342216,3,100,4994,5,7000,A2,HOSVD,12.808999999999742
2.473179758255015,3,100,4994,5,7000,A3,HOSVD,12.808999999999742
15.746951523828772,3,100,4994,5,7000,core,HOSVD,12.808999999999742
1.5578755151012984,3,100,4994,5,7000,A1,HOOI,16.4699999999998
0.00803638022293933,3,100,4994,5,7000,A2,HOOI,16.4699999999998
2.4731239198661683,3,100,4994,5,7000,A3,HOOI,16.4699999999998
15.756275951343234,3,100,4994,5,7000,core,HOOI,16.4699999999998
1.6042445508250864,3,100,4994,5,7000,A1,Olga,12.889999999999873
0.004957784954684068,3,100,4994,5,7000,A2,Olga,12.889999999999873
2.9305504701946177,3,100,4994,5,7000,A3,Tracy,12.889999999999873
16.359356890112583,3,100,4994,5,7000,core,Tracy_Olga,12.889999999999873
2.199679438584364,3,100,9975,5,7000,A1,NTD,348.96500000000015
4.086587991302988,3,100,9975,5,7000,A2,NTD,348.96500000000015
9972.039364336928,3,100,9975,5,7000,A3,NTD,348.96500000000015
13.82824133546257,3,100,9975,5,7000,core,NTD,348.96500000000015
1.5103260977578574,3,100,9975,5,7000,A1,Ours,14.530999999999949
0.007243464992780158,3,100,9975,5,7000,A2,Ours,14.530999999999949
2.5081830680776105,3,100,9975,5,7000,A3,Ours,14.530999999999949
15.814073123542551,3,100,9975,5,7000,core,Ours,14.530999999999949
1.5103260977578574,3,100,9975,5,7000,A1,HOSVD,3.4989999999997963
0.007243464992780158,3,100,9975,5,7000,A2,HOSVD,3.4989999999997963
2.4931854067003734,3,100,9975,5,7000,A3,HOSVD,3.4989999999997963
15.815653436790695,3,100,9975,5,7000,core,HOSVD,3.4989999999997963
1.5173039352777506,3,100,9975,5,7000,A1,HOOI,11.225000000000364
0.007138801079816703,3,100,9975,5,7000,A2,HOOI,11.225000000000364
2.49184662773142,3,100,9975,5,7000,A3,HOOI,11.225000000000364
15.817628150848966,3,100,9975,5,7000,core,HOOI,11.225000000000364
1.9921199990191625,3,100,9975,5,7000,A1,Olga,6.782000000000153
0.010965387051356273,3,100,9975,5,7000,A2,Olga,6.782000000000153
2.8973610362355875,3,100,9975,5,7000,A3,Tracy,6.782000000000153
15.80700150204849,3,100,9975,5,7000,core,Tracy_Olga,6.782000000000153
2.1491574015488077,3,100,1000,5,8000,A1,NTD,29.307999999999993
0.00462812640729895,3,100,1000,5,8000,A2,NTD,29.307999999999993
997.0000928203823,3,100,1000,5,8000,A3,NTD,29.307999999999993
5.880293433501101,3,100,1000,5,8000,core,NTD,29.307999999999993
1.8116174922171606,3,100,1000,5,8000,A1,Ours,0.5
0.003604043193268281,3,100,1000,5,8000,A2,Ours,0.5
0.06381558609488924,3,100,1000,5,8000,A3,Ours,0.5
15.67606721209803,3,100,1000,5,8000,core,Ours,0.5
1.8116174922171606,3,100,1000,5,8000,A1,HOSVD,0.9070000000001528
0.003604043193268281,3,100,1000,5,8000,A2,HOSVD,0.9070000000001528
0.0637865648888901,3,100,1000,5,8000,A3,HOSVD,0.9070000000001528
15.67605222039344,3,100,1000,5,8000,core,HOSVD,0.9070000000001528
1.8063994764570064,3,100,1000,5,8000,A1,HOOI,0.8840000000000146
0.0033624272584031403,3,100,1000,5,8000,A2,HOOI,0.8840000000000146
0.0639083619015216,3,100,1000,5,8000,A3,HOOI,0.8840000000000146
15.676222610083414,3,100,1000,5,8000,core,HOOI,0.8840000000000146
1.7555073931391751,3,100,1000,5,8000,A1,Olga,0.5610000000006039
0.004223873555893744,3,100,1000,5,8000,A2,Olga,0.5610000000006039
1.3550959816778836,3,100,1000,5,8000,A3,Tracy,0.5610000000006039
15.665724538133212,3,100,1000,5,8000,core,Tracy_Olga,0.5610000000006039
2.1774316370414426,3,100,4994,5,8000,A1,NTD,163.76999999999953
0.14228409353867616,3,100,4994,5,8000,A2,NTD,163.76999999999953
4991.029524962533,3,100,4994,5,8000,A3,NTD,163.76999999999953
10.807784004783601,3,100,4994,5,8000,core,NTD,163.76999999999953
1.3851121385229843,3,100,4994,5,8000,A1,Ours,4.655999999999949
0.0068161759398893615,3,100,4994,5,8000,A2,Ours,4.655999999999949
2.473321128904666,3,100,4994,5,8000,A3,Ours,4.655999999999949
15.910593980289356,3,100,4994,5,8000,core,Ours,4.655999999999949
1.3851121385229843,3,100,4994,5,8000,A1,HOSVD,2.3100000000004
0.0068161759398893615,3,100,4994,5,8000,A2,HOSVD,2.3100000000004
2.4700421560893315,3,100,4994,5,8000,A3,HOSVD,2.3100000000004
15.910640903442848,3,100,4994,5,8000,core,HOSVD,2.3100000000004
1.3824694309298278,3,100,4994,5,8000,A1,HOOI,5.427000000000589
0.006879847252098272,3,100,4994,5,8000,A2,HOOI,5.427000000000589
2.4701223775237557,3,100,4994,5,8000,A3,HOOI,5.427000000000589
15.91416556934545,3,100,4994,5,8000,core,HOOI,5.427000000000589
1.6905647611969206,3,100,4994,5,8000,A1,Olga,2.755000000000109
0.003246080133740913,3,100,4994,5,8000,A2,Olga,2.755000000000109
2.9278134327669365,3,100,4994,5,8000,A3,Tracy,2.755000000000109
15.854321365793432,3,100,4994,5,8000,core,Tracy_Olga,2.755000000000109
2.1444731788325626,3,100,9971,5,8000,A1,NTD,342.9430000000002
0.33388263846050265,3,100,9971,5,8000,A2,NTD,342.9430000000002
9968.036727706767,3,100,9971,5,8000,A3,NTD,342.9430000000002
10.269464553674728,3,100,9971,5,8000,core,NTD,342.9430000000002
1.420719756632265,3,100,9971,5,8000,A1,Ours,14.846999999999753
0.007973940787997347,3,100,9971,5,8000,A2,Ours,14.846999999999753
2.4909541636482655,3,100,9971,5,8000,A3,Ours,14.846999999999753
15.824841362356986,3,100,9971,5,8000,core,Ours,14.846999999999753
1.420719756632265,3,100,9971,5,8000,A1,HOSVD,3.673000000000684
0.007973940787997347,3,100,9971,5,8000,A2,HOSVD,3.673000000000684
2.4792783464318693,3,100,9971,5,8000,A3,HOSVD,3.673000000000684
15.826147936422958,3,100,9971,5,8000,core,HOSVD,3.673000000000684
1.4193080605110822,3,100,9971,5,8000,A1,HOOI,11.583999999999833
0.007766569184367334,3,100,9971,5,8000,A2,HOOI,11.583999999999833
2.479294037341455,3,100,9971,5,8000,A3,HOOI,11.583999999999833
15.823529943356494,3,100,9971,5,8000,core,HOOI,11.583999999999833
1.8105466277506805,3,100,9971,5,8000,A1,Olga,6.9520000000002256
0.006306112162623464,3,100,9971,5,8000,A2,Olga,6.9520000000002256
2.8909935154854858,3,100,9971,5,8000,A3,Tracy,6.9520000000002256
11.791560619002736,3,100,9971,5,8000,core,Tracy_Olga,6.9520000000002256
2.198045979823797,3,100,1000,5,9000,A1,NTD,29.284999999999854
0.02593891193880796,3,100,1000,5,9000,A2,NTD,29.284999999999854
997.0000276698692,3,100,1000,5,9000,A3,NTD,29.284999999999854
11.84919143382607,3,100,1000,5,9000,core,NTD,29.284999999999854
1.1687990604940455,3,100,1000,5,9000,A1,Ours,0.7069999999994252
0.001971702958353415,3,100,1000,5,9000,A2,Ours,0.7069999999994252
0.057713926634744964,3,100,1000,5,9000,A3,Ours,0.7069999999994252
15.689043523750309,3,100,1000,5,9000,core,Ours,0.7069999999994252
1.1687990604940455,3,100,1000,5,9000,A1,HOSVD,0.5079999999998108
0.001971702958353415,3,100,1000,5,9000,A2,HOSVD,0.5079999999998108
0.05769996976063898,3,100,1000,5,9000,A3,HOSVD,0.5079999999998108
15.689027403895905,3,100,1000,5,9000,core,HOSVD,0.5079999999998108
1.1650244193257577,3,100,1000,5,9000,A1,HOOI,1.0560000000004948
0.0021644011587943616,3,100,1000,5,9000,A2,HOOI,1.0560000000004948
0.05773890590607386,3,100,1000,5,9000,A3,HOOI,1.0560000000004948
15.68908712511239,3,100,1000,5,9000,core,HOOI,1.0560000000004948
1.2919101050394919,3,100,1000,5,9000,A1,Olga,0.6130000000002838
0.0019571290557255086,3,100,1000,5,9000,A2,Olga,0.6130000000002838
1.3531570730326656,3,100,1000,5,9000,A3,Tracy,0.6130000000002838
15.693848871816451,3,100,1000,5,9000,core,Tracy_Olga,0.6130000000002838
2.1881520284136076,3,100,4997,5,9000,A1,NTD,158.79799999999977
0.19188355908548763,3,100,4997,5,9000,A2,NTD,158.79799999999977
4994.051426334246,3,100,4997,5,9000,A3,NTD,158.79799999999977
7.623672171122613,3,100,4997,5,9000,core,NTD,158.79799999999977
1.8287467748256612,3,100,4997,5,9000,A1,Ours,5.226999999999862
0.009758875862954305,3,100,4997,5,9000,A2,Ours,5.226999999999862
2.471789189079652,3,100,4997,5,9000,A3,Ours,5.226999999999862
15.451058086844965,3,100,4997,5,9000,core,Ours,5.226999999999862
1.8287467748256612,3,100,4997,5,9000,A1,HOSVD,2.1260000000002037
0.009758875862954305,3,100,4997,5,9000,A2,HOSVD,2.1260000000002037
2.469189565700213,3,100,4997,5,9000,A3,HOSVD,2.1260000000002037
15.446206400248036,3,100,4997,5,9000,core,HOSVD,2.1260000000002037
1.8301745658095363,3,100,4997,5,9000,A1,HOOI,4.344000000000051
0.00979554578330661,3,100,4997,5,9000,A2,HOOI,4.344000000000051
2.4702807450358164,3,100,4997,5,9000,A3,HOOI,4.344000000000051
15.417966740717436,3,100,4997,5,9000,core,HOOI,4.344000000000051
1.3354770562873548,3,100,4997,5,9000,A1,Olga,3.157000000000153
0.009079718031425868,3,100,4997,5,9000,A2,Olga,3.157000000000153
2.9685832784916855,3,100,4997,5,9000,A3,Tracy,3.157000000000153
16.359356890112583,3,100,4997,5,9000,core,Tracy_Olga,3.157000000000153
2.101299776808821,3,100,9979,5,9000,A1,NTD,336.3090000000002
0.28889669721310113,3,100,9979,5,9000,A2,NTD,336.3090000000002
9976.036616008289,3,100,9979,5,9000,A3,NTD,336.3090000000002
9.393670128795561,3,100,9979,5,9000,core,NTD,336.3090000000002
1.1150362438343369,3,100,9979,5,9000,A1,Ours,14.692000000000007
0.003696657156109014,3,100,9979,5,9000,A2,Ours,14.692000000000007
2.4851087425802465,3,100,9979,5,9000,A3,Ours,14.692000000000007
15.830012880153298,3,100,9979,5,9000,core,Ours,14.692000000000007
1.1150362438343369,3,100,9979,5,9000,A1,HOSVD,3.4390000000003056
0.003696657156109014,3,100,9979,5,9000,A2,HOSVD,3.4390000000003056
2.4760681248591143,3,100,9979,5,9000,A3,HOSVD,3.4390000000003056
15.83089215970437,3,100,9979,5,9000,core,HOSVD,3.4390000000003056
1.1170392305650745,3,100,9979,5,9000,A1,HOOI,11.3799999999992
0.0036505145086793787,3,100,9979,5,9000,A2,HOOI,11.3799999999992
2.4765858125706,3,100,9979,5,9000,A3,HOOI,11.3799999999992
15.838731507582459,3,100,9979,5,9000,core,HOOI,11.3799999999992
1.2417332328330788,3,100,9979,5,9000,A1,Olga,6.368999999999687
0.008486174849214618,3,100,9979,5,9000,A2,Olga,6.368999999999687
2.883757292066185,3,100,9979,5,9000,A3,Tracy,6.368999999999687
11.805160922387412,3,100,9979,5,9000,core,Tracy_Olga,6.368999999999687
2.26946137684737,3,100,1000,5,10000,A1,NTD,28.33299999999963
0.09259100893918559,3,100,1000,5,10000,A2,NTD,28.33299999999963
997.0000176277246,3,100,1000,5,10000,A3,NTD,28.33299999999963
15.695264439623841,3,100,1000,5,10000,core,NTD,28.33299999999963
1.224522202706316,3,100,1000,5,10000,A1,Ours,1.3840000000000146
0.0028023700001663042,3,100,1000,5,10000,A2,Ours,1.3840000000000146
0.05773354593924755,3,100,1000,5,10000,A3,Ours,1.3840000000000146
15.695583693295042,3,100,1000,5,10000,core,Ours,1.3840000000000146
1.224522202706316,3,100,1000,5,10000,A1,HOSVD,0.4819999999999709
0.0028023700001663042,3,100,1000,5,10000,A2,HOSVD,0.4819999999999709
0.05772286921212716,3,100,1000,5,10000,A3,HOSVD,0.4819999999999709
15.695566975489438,3,100,1000,5,10000,core,HOSVD,0.4819999999999709
1.2229410156019525,3,100,1000,5,10000,A1,HOOI,0.7340000000003783
0.0029776747214454945,3,100,1000,5,10000,A2,HOOI,0.7340000000003783
0.05776786163446949,3,100,1000,5,10000,A3,HOOI,0.7340000000003783
15.695529395211068,3,100,1000,5,10000,core,HOOI,0.7340000000003783
1.2050057603172795,3,100,1000,5,10000,A1,Olga,0.44400000000041473
0.005173923713044507,3,100,1000,5,10000,A2,Olga,0.44400000000041473
1.352717023961466,3,100,1000,5,10000,A3,Tracy,0.44400000000041473
15.676904845490162,3,100,1000,5,10000,core,Tracy_Olga,0.44400000000041473
2.1397723026651962,3,100,4996,5,10000,A1,NTD,153.6240000000007
0.10546923193364598,3,100,4996,5,10000,A2,NTD,153.6240000000007
4993.025903669148,3,100,4996,5,10000,A3,NTD,153.6240000000007
8.822925588806752,3,100,4996,5,10000,core,NTD,153.6240000000007
1.3041784871542037,3,100,4996,5,10000,A1,Ours,4.755000000000109
0.0027024478834527196,3,100,4996,5,10000,A2,Ours,4.755000000000109
2.4609821357414154,3,100,4996,5,10000,A3,Ours,4.755000000000109
15.677001566988347,3,100,4996,5,10000,core,Ours,4.755000000000109
1.3041784871542037,3,100,4996,5,10000,A1,HOSVD,1.9809999999997672
0.0027024478834527196,3,100,4996,5,10000,A2,HOSVD,1.9809999999997672
2.458956652009846,3,100,4996,5,10000,A3,HOSVD,1.9809999999997672
15.67670286013585,3,100,4996,5,10000,core,HOSVD,1.9809999999997672
1.3049119722315092,3,100,4996,5,10000,A1,HOOI,4.631999999999607
0.0025576247732200345,3,100,4996,5,10000,A2,HOOI,4.631999999999607
2.4583633401997234,3,100,4996,5,10000,A3,HOOI,4.631999999999607
15.677922016793138,3,100,4996,5,10000,core,HOOI,4.631999999999607
1.2609178134634147,3,100,4996,5,10000,A1,Olga,2.368999999999687
0.0097780992119667,3,100,4996,5,10000,A2,Olga,2.368999999999687
2.930600927777027,3,100,4996,5,10000,A3,Tracy,2.368999999999687
15.699912020745487,3,100,4996,5,10000,core,Tracy_Olga,2.368999999999687
4.2043593448793395,3,100,9987,5,10000,A1,NTD,314.47399999999925
0.3019552056912947,3,100,9987,5,10000,A2,NTD,314.47399999999925
9984.032782979957,3,100,9987,5,10000,A3,NTD,314.47399999999925
10.995103645090834,3,100,9987,5,10000,core,NTD,314.47399999999925
1.2660139985669483,3,100,9987,5,10000,A1,Ours,12.417999999999665
0.006251081416907285,3,100,9987,5,10000,A2,Ours,12.417999999999665
2.4970774666043862,3,100,9987,5,10000,A3,Ours,12.417999999999665
15.841631238151967,3,100,9987,5,10000,core,Ours,12.417999999999665
1.2660139985669483,3,100,9987,5,10000,A1,HOSVD,3.149000000000342
0.006251081416907285,3,100,9987,5,10000,A2,HOSVD,3.149000000000342
2.4897257155368284,3,100,9987,5,10000,A3,HOSVD,3.149000000000342
15.842242625606803,3,100,9987,5,10000,core,HOSVD,3.149000000000342
1.261577635595901,3,100,9987,5,10000,A1,HOOI,10.778999999999542
0.006185449858826488,3,100,9987,5,10000,A2,HOOI,10.778999999999542
2.489391836585572,3,100,9987,5,10000,A3,HOOI,10.778999999999542
15.840565149623641,3,100,9987,5,10000,core,HOOI,10.778999999999542
1.463681063810845,3,100,9987,5,10000,A1,Olga,6.145000000000437
0.008463327259002154,3,100,9987,5,10000,A2,Olga,6.145000000000437
2.8949852533239726,3,100,9987,5,10000,A3,Tracy,6.145000000000437
11.811622185204653,3,100,9987,5,10000,core,Tracy_Olga,6.145000000000437
