error,K,Q1,R,Q2,M,mode,method,time
4.358768449966548,3,100,980,5,100,A1,NTD,40.371
2.156816125313171,3,100,980,5,100,A2,NTD,40.371
977.1712990216947,3,100,980,5,100,A3,NTD,40.371
14.859935868446499,3,100,980,5,100,core,NTD,40.371
17.467431707934903,3,100,980,5,100,A1,Ours,6.856999999999999
0.10486060437516326,3,100,980,5,100,A2,Ours,6.856999999999999
4.638667742473013,3,100,980,5,100,A3,Ours,6.856999999999999
11.659658406365727,3,100,980,5,100,core,Ours,6.856999999999999
17.467431707934903,3,100,980,5,100,A1,HOSVD,6.080999999999996
0.10486060437516326,3,100,980,5,100,A2,HOSVD,6.080999999999996
2.421301134970716,3,100,980,5,100,A3,HOSVD,6.080999999999996
13.026180298069887,3,100,980,5,100,core,HOSVD,6.080999999999996
17.374043623503137,3,100,980,5,100,A1,HOOI,5.140000000000008
0.10168213143524868,3,100,980,5,100,A2,HOOI,5.140000000000008
2.4757044664632972,3,100,980,5,100,A3,HOOI,5.140000000000008
13.026180298069887,3,100,980,5,100,core,HOOI,5.140000000000008
15.09221256498434,3,100,980,5,100,A1,Olga,3.887999999999991
4.547711841110362,3,100,980,5,100,A2,Olga,3.887999999999991
2.8080431120928298,3,100,980,5,100,A3,Tracy,3.887999999999991
12.531488269863287,3,100,980,5,100,core,Tracy_Olga,3.887999999999991
33.369148162748665,3,100,4525,5,100,A1,NTD,177.088
2.1398047315615765,3,100,4525,5,100,A2,NTD,177.088
4522.7127814114565,3,100,4525,5,100,A3,NTD,177.088
10.481512652388465,3,100,4525,5,100,core,NTD,177.088
15.044564704619651,3,100,4525,5,100,A1,Ours,21.086000000000013
0.12214956787497773,3,100,4525,5,100,A2,Ours,21.086000000000013
5.441648567767707,3,100,4525,5,100,A3,Ours,21.086000000000013
13.998101320642524,3,100,4525,5,100,core,Ours,21.086000000000013
15.044564704619651,3,100,4525,5,100,A1,HOSVD,16.614999999999952
0.12214956787497773,3,100,4525,5,100,A2,HOSVD,16.614999999999952
4.240094727982736,3,100,4525,5,100,A3,HOSVD,16.614999999999952
9.027145544375506,3,100,4525,5,100,core,HOSVD,16.614999999999952
15.244799005939251,3,100,4525,5,100,A1,HOOI,10.772999999999968
0.11205627912853329,3,100,4525,5,100,A2,HOOI,10.772999999999968
2.694504933328255,3,100,4525,5,100,A3,HOOI,10.772999999999968
13.026180298069887,3,100,4525,5,100,core,HOOI,10.772999999999968
123.55430536448931,3,100,8213,5,100,A1,NTD,291.10900000000004
4.122659828463763,3,100,8213,5,100,A2,NTD,291.10900000000004
8210.596090075278,3,100,8213,5,100,A3,NTD,291.10900000000004
9.914212257344351,3,100,8213,5,100,core,NTD,291.10900000000004
13.257255799298653,3,100,8213,5,100,A1,Ours,31.663999999999987
0.14691325568843555,3,100,8213,5,100,A2,Ours,31.663999999999987
5.335292362473329,3,100,8213,5,100,A3,Ours,31.663999999999987
12.008786460240156,3,100,8213,5,100,core,Ours,31.663999999999987
13.621808815559032,3,100,8213,5,100,A1,HOOI,17.79200000000003
0.10081405688040818,3,100,8213,5,100,A2,HOOI,17.79200000000003
3.807650115867109,3,100,8213,5,100,A3,HOOI,17.79200000000003
9.469895371677136,3,100,8213,5,100,core,HOOI,17.79200000000003
42.22426720166636,3,100,8213,5,100,A1,Olga,7.20799999999997
4.203775156671383,3,100,8213,5,100,A2,Olga,7.20799999999997
4.046718805340966,3,100,8213,5,100,A3,Tracy,7.20799999999997
9.958465582751229,3,100,8213,5,100,core,Tracy_Olga,7.20799999999997
2.7358122515105374,3,100,999,5,500,A1,NTD,30.21900000000005
2.017149209409626,3,100,999,5,500,A2,NTD,30.21900000000005
996.0850544409689,3,100,999,5,500,A3,NTD,30.21900000000005
12.02185266486621,3,100,999,5,500,core,NTD,30.21900000000005
4.225305779711101,3,100,999,5,500,A1,Ours,0.49900000000002365
0.06465708703009607,3,100,999,5,500,A2,Ours,0.49900000000002365
2.4880818634451103,3,100,999,5,500,A3,Ours,0.49900000000002365
12.41266588749311,3,100,999,5,500,core,Ours,0.49900000000002365
4.225305779711101,3,100,999,5,500,A1,HOSVD,0.46099999999989905
0.06465708703009607,3,100,999,5,500,A2,HOSVD,0.46099999999989905
2.4769723778065735,3,100,999,5,500,A3,HOSVD,0.46099999999989905
12.39933060659519,3,100,999,5,500,core,HOSVD,0.46099999999989905
4.244730409935267,3,100,999,5,500,A1,HOOI,0.9260000000000446
0.06404147613596886,3,100,999,5,500,A2,HOOI,0.9260000000000446
2.4221969000345562,3,100,999,5,500,A3,HOOI,0.9260000000000446
12.599826213185041,3,100,999,5,500,core,HOOI,0.9260000000000446
4.833330194678331,3,100,999,5,500,A1,Olga,0.47900000000004184
0.07354181777878799,3,100,999,5,500,A2,Olga,0.47900000000004184
2.8213916761503994,3,100,999,5,500,A3,Tracy,0.47900000000004184
13.026180298069887,3,100,999,5,500,core,Tracy_Olga,0.47900000000004184
8.300511492822777,3,100,4914,5,500,A1,NTD,177.58000000000004
3.8773350369670143,3,100,4914,5,500,A2,NTD,177.58000000000004
4911.194871181456,3,100,4914,5,500,A3,NTD,177.58000000000004
12.993075260103318,3,100,4914,5,500,core,NTD,177.58000000000004
5.5068826148484264,3,100,4914,5,500,A1,Ours,9.807000000000016
0.07582844857008725,3,100,4914,5,500,A2,Ours,9.807000000000016
5.261149724081612,3,100,4914,5,500,A3,Ours,9.807000000000016
8.377560719215817,3,100,4914,5,500,core,Ours,9.807000000000016
5.5068826148484264,3,100,4914,5,500,A1,HOSVD,3.490000000000009
0.07582844857008725,3,100,4914,5,500,A2,HOSVD,3.490000000000009
2.547440982582939,3,100,4914,5,500,A3,HOSVD,3.490000000000009
13.026180298069887,3,100,4914,5,500,core,HOSVD,3.490000000000009
5.556235919235768,3,100,4914,5,500,A1,HOOI,6.999000000000024
0.06957547571248035,3,100,4914,5,500,A2,HOOI,6.999000000000024
2.5609464374028206,3,100,4914,5,500,A3,HOOI,6.999000000000024
13.026180298069887,3,100,4914,5,500,core,HOOI,6.999000000000024
7.401949035538586,3,100,4914,5,500,A1,Olga,2.701999999999998
3.8912914772821763,3,100,4914,5,500,A2,Olga,2.701999999999998
2.9840682265096667,3,100,4914,5,500,A3,Tracy,2.701999999999998
13.437093066271368,3,100,4914,5,500,core,Tracy_Olga,2.701999999999998
19.240584030603788,3,100,9616,5,500,A1,NTD,332.7740000000001
3.877339208814869,3,100,9616,5,500,A2,NTD,332.7740000000001
9613.264154118144,3,100,9616,5,500,A3,NTD,332.7740000000001
11.459751001432082,3,100,9616,5,500,core,NTD,332.7740000000001
5.6619707392566765,3,100,9616,5,500,A1,Ours,18.662000000000035
0.08340356032822284,3,100,9616,5,500,A2,Ours,18.662000000000035
5.3820001380771005,3,100,9616,5,500,A3,Ours,18.662000000000035
13.997814495174751,3,100,9616,5,500,core,Ours,18.662000000000035
5.6619707392566765,3,100,9616,5,500,A1,HOSVD,9.605999999999995
0.08340356032822284,3,100,9616,5,500,A2,HOSVD,9.605999999999995
2.5616342826350924,3,100,9616,5,500,A3,HOSVD,9.605999999999995
13.026180298069887,3,100,9616,5,500,core,HOSVD,9.605999999999995
5.5624654193329555,3,100,9616,5,500,A1,HOOI,14.421000000000049
0.0920402191690604,3,100,9616,5,500,A2,HOOI,14.421000000000049
2.572837721776327,3,100,9616,5,500,A3,HOOI,14.421000000000049
13.026180298069887,3,100,9616,5,500,core,HOOI,14.421000000000049
6.979263295848433,3,100,9616,5,500,A1,Olga,14.9849999999999
4.169847707112274,3,100,9616,5,500,A2,Olga,14.9849999999999
3.02717208184677,3,100,9616,5,500,A3,Tracy,14.9849999999999
13.436791859395019,3,100,9616,5,500,core,Tracy_Olga,14.9849999999999
2.1404426547965096,3,100,1000,5,1000,A1,NTD,29.792000000000144
1.6185762811344018,3,100,1000,5,1000,A2,NTD,29.792000000000144
997.0006985196324,3,100,1000,5,1000,A3,NTD,29.792000000000144
13.175407195566775,3,100,1000,5,1000,core,NTD,29.792000000000144
3.321673822206923,3,100,1000,5,1000,A1,Ours,4.538000000000011
0.013908608115813834,3,100,1000,5,1000,A2,Ours,4.538000000000011
0.5612376566538947,3,100,1000,5,1000,A3,Ours,4.538000000000011
13.024281779336134,3,100,1000,5,1000,core,Ours,4.538000000000011
3.321673822206923,3,100,1000,5,1000,A1,HOSVD,3.9190000000000964
0.013908608115813834,3,100,1000,5,1000,A2,HOSVD,3.9190000000000964
0.5556804457962702,3,100,1000,5,1000,A3,HOSVD,3.9190000000000964
13.024281779336134,3,100,1000,5,1000,core,HOSVD,3.9190000000000964
3.33147796814544,3,100,1000,5,1000,A1,HOOI,2.6089999999999236
0.012843406217127476,3,100,1000,5,1000,A2,HOOI,2.6089999999999236
0.5634615830633736,3,100,1000,5,1000,A3,HOOI,2.6089999999999236
13.02423045505153,3,100,1000,5,1000,core,HOOI,2.6089999999999236
3.5566435760726454,3,100,1000,5,1000,A1,Olga,1.6599999999998545
0.0454921557707213,3,100,1000,5,1000,A2,Olga,1.6599999999998545
1.4468239434648043,3,100,1000,5,1000,A3,Tracy,1.6599999999998545
13.024281779336132,3,100,1000,5,1000,core,Tracy_Olga,1.6599999999998545
2.5479804045815646,3,100,4950,5,1000,A1,NTD,163.50300000000016
4.1226553262454635,3,100,4950,5,1000,A2,NTD,163.50300000000016
4947.1168660406975,3,100,4950,5,1000,A3,NTD,163.50300000000016
11.517985714977467,3,100,4950,5,1000,core,NTD,163.50300000000016
3.839122569923311,3,100,4950,5,1000,A1,Ours,5.879000000000133
0.020521826794078723,3,100,4950,5,1000,A2,Ours,5.879000000000133
2.9560816190363175,3,100,4950,5,1000,A3,Ours,5.879000000000133
12.826390776001988,3,100,4950,5,1000,core,Ours,5.879000000000133
3.839122569923311,3,100,4950,5,1000,A1,HOSVD,1.9739999999999327
0.020521826794078723,3,100,4950,5,1000,A2,HOSVD,1.9739999999999327
2.4918555577073582,3,100,4950,5,1000,A3,HOSVD,1.9739999999999327
13.026180298069887,3,100,4950,5,1000,core,HOSVD,1.9739999999999327
4.009881039265391,3,100,4950,5,1000,A1,HOOI,4.707999999999856
0.016606353268600875,3,100,4950,5,1000,A2,HOOI,4.707999999999856
3.9067394879410067,3,100,4950,5,1000,A3,HOOI,4.707999999999856
9.44400174033789,3,100,4950,5,1000,core,HOOI,4.707999999999856
4.548175775219413,3,100,4950,5,1000,A1,Olga,2.786000000000058
0.2744777012750773,3,100,4950,5,1000,A2,Olga,2.786000000000058
2.9436674261942093,3,100,4950,5,1000,A3,Tracy,2.786000000000058
13.026180298069887,3,100,4950,5,1000,core,Tracy_Olga,2.786000000000058
5.344676658248026,3,100,9822,5,1000,A1,NTD,344.1980000000001
3.9828610631862102,3,100,9822,5,1000,A2,NTD,344.1980000000001
9819.153989225424,3,100,9822,5,1000,A3,NTD,344.1980000000001
10.52186287789262,3,100,9822,5,1000,core,NTD,344.1980000000001
2.606946183215342,3,100,9822,5,1000,A1,Ours,27.445999999999913
0.017672836612015,3,100,9822,5,1000,A2,Ours,27.445999999999913
5.12704761819063,3,100,9822,5,1000,A3,Ours,27.445999999999913
10.046200207036128,3,100,9822,5,1000,core,Ours,27.445999999999913
2.606946183215342,3,100,9822,5,1000,A1,HOSVD,12.423000000000002
0.017672836612015,3,100,9822,5,1000,A2,HOSVD,12.423000000000002
2.5331051585250672,3,100,9822,5,1000,A3,HOSVD,12.423000000000002
13.026180298069887,3,100,9822,5,1000,core,HOSVD,12.423000000000002
5.807976021404836,3,100,9822,5,1000,A1,Olga,25.700000000000045
4.431568137595255,3,100,9822,5,1000,A2,Olga,25.700000000000045
2.9878232291811413,3,100,9822,5,1000,A3,Tracy,25.700000000000045
13.43710794334223,3,100,9822,5,1000,core,Tracy_Olga,25.700000000000045
2.277021600154492,3,100,999,5,2500,A1,NTD,29.34699999999998
0.13927875625360137,3,100,999,5,2500,A2,NTD,29.34699999999998
996.0323763463316,3,100,999,5,2500,A3,NTD,29.34699999999998
10.426639986594274,3,100,999,5,2500,core,NTD,29.34699999999998
2.0898852342574394,3,100,999,5,2500,A1,Ours,5.18100000000004
0.011609668747594998,3,100,999,5,2500,A2,Ours,5.18100000000004
2.352163791780948,3,100,999,5,2500,A3,Ours,5.18100000000004
13.022047301947326,3,100,999,5,2500,core,Ours,5.18100000000004
2.0898852342574394,3,100,999,5,2500,A1,HOSVD,5.610000000000127
0.011609668747594998,3,100,999,5,2500,A2,HOSVD,5.610000000000127
2.3510450487645116,3,100,999,5,2500,A3,HOSVD,5.610000000000127
13.021176536996547,3,100,999,5,2500,core,HOSVD,5.610000000000127
2.0831051338044966,3,100,999,5,2500,A1,HOOI,5.879999999999882
0.008890626934961012,3,100,999,5,2500,A2,HOOI,5.879999999999882
2.350798937286338,3,100,999,5,2500,A3,HOOI,5.879999999999882
13.023965360630468,3,100,999,5,2500,core,HOOI,5.879999999999882
2.054539792564641,3,100,999,5,2500,A1,Olga,5.384999999999991
0.02075689156440084,3,100,999,5,2500,A2,Olga,5.384999999999991
2.9447551332880986,3,100,999,5,2500,A3,Tracy,5.384999999999991
13.015200251545812,3,100,999,5,2500,core,Tracy_Olga,5.384999999999991
2.008661029455137,3,100,4986,5,2500,A1,NTD,164.79700000000025
1.1998936292421205,3,100,4986,5,2500,A2,NTD,164.79700000000025
4983.05634415564,3,100,4986,5,2500,A3,NTD,164.79700000000025
13.095389650690677,3,100,4986,5,2500,core,NTD,164.79700000000025
1.8137665170481314,3,100,4986,5,2500,A1,Ours,5.704000000000178
0.037325845027933686,3,100,4986,5,2500,A2,Ours,5.704000000000178
2.492309166942617,3,100,4986,5,2500,A3,Ours,5.704000000000178
13.026180298069887,3,100,4986,5,2500,core,Ours,5.704000000000178
1.8137665170481314,3,100,4986,5,2500,A1,HOSVD,1.9470000000001164
0.037325845027933686,3,100,4986,5,2500,A2,HOSVD,1.9470000000001164
2.460833756140091,3,100,4986,5,2500,A3,HOSVD,1.9470000000001164
13.026180298069887,3,100,4986,5,2500,core,HOSVD,1.9470000000001164
1.8097418833005923,3,100,4986,5,2500,A1,HOOI,4.997000000000298
0.038622437065163016,3,100,4986,5,2500,A2,HOOI,4.997000000000298
2.475897666977339,3,100,4986,5,2500,A3,HOOI,4.997000000000298
13.026180298069887,3,100,4986,5,2500,core,HOOI,4.997000000000298
2.856773515595452,3,100,4986,5,2500,A1,Olga,2.688999999999851
0.0680770224591483,3,100,4986,5,2500,A2,Olga,2.688999999999851
2.918890267855165,3,100,4986,5,2500,A3,Tracy,2.688999999999851
13.026180298069887,3,100,4986,5,2500,core,Tracy_Olga,2.688999999999851
2.0630834139194976,3,100,9932,5,2500,A1,NTD,353.15499999999975
3.877340819376952,3,100,9932,5,2500,A2,NTD,353.15499999999975
9929.101536469507,3,100,9932,5,2500,A3,NTD,353.15499999999975
10.77674056177727,3,100,9932,5,2500,core,NTD,353.15499999999975
3.1947224970687547,3,100,9932,5,2500,A1,Ours,16.917999999999665
0.00954920866248567,3,100,9932,5,2500,A2,Ours,16.917999999999665
2.6167215085872266,3,100,9932,5,2500,A3,Ours,16.917999999999665
13.026180298069887,3,100,9932,5,2500,core,Ours,16.917999999999665
3.1947224970687547,3,100,9932,5,2500,A1,HOSVD,4.2979999999997744
0.00954920866248567,3,100,9932,5,2500,A2,HOSVD,4.2979999999997744
2.49693007365493,3,100,9932,5,2500,A3,HOSVD,4.2979999999997744
13.026180298069887,3,100,9932,5,2500,core,HOSVD,4.2979999999997744
3.1924521387116247,3,100,9932,5,2500,A1,HOOI,19.69300000000021
0.007000722965199471,3,100,9932,5,2500,A2,HOOI,19.69300000000021
2.5015837648249515,3,100,9932,5,2500,A3,HOOI,19.69300000000021
13.026180298069887,3,100,9932,5,2500,core,HOOI,19.69300000000021
2.4097285157050847,3,100,9932,5,2500,A1,Olga,6.70699999999988
0.11025087584270245,3,100,9932,5,2500,A2,Olga,6.70699999999988
2.9644456591763166,3,100,9932,5,2500,A3,Tracy,6.70699999999988
13.026180298069887,3,100,9932,5,2500,core,Tracy_Olga,6.70699999999988
2.2116831779542547,3,100,1000,5,5000,A1,NTD,30.223999999999705
0.19718614666195436,3,100,1000,5,5000,A2,NTD,30.223999999999705
997.0002969574308,3,100,1000,5,5000,A3,NTD,30.223999999999705
11.907453638326418,3,100,1000,5,5000,core,NTD,30.223999999999705
1.9262237709431198,3,100,1000,5,5000,A1,Ours,0.5230000000001382
0.01576325633051385,3,100,1000,5,5000,A2,Ours,0.5230000000001382
0.08055359871464422,3,100,1000,5,5000,A3,Ours,0.5230000000001382
13.023969189669769,3,100,1000,5,5000,core,Ours,0.5230000000001382
1.9262237709431198,3,100,1000,5,5000,A1,HOSVD,0.42299999999977445
0.01576325633051385,3,100,1000,5,5000,A2,HOSVD,0.42299999999977445
0.08055348957874009,3,100,1000,5,5000,A3,HOSVD,0.42299999999977445
13.023924428430389,3,100,1000,5,5000,core,HOSVD,0.42299999999977445
1.9244273910288299,3,100,1000,5,5000,A1,HOOI,0.7159999999998945
0.017493279605630664,3,100,1000,5,5000,A2,HOOI,0.7159999999998945
0.08046517393584496,3,100,1000,5,5000,A3,HOOI,0.7159999999998945
13.024050227592404,3,100,1000,5,5000,core,HOOI,0.7159999999998945
1.4079198606627936,3,100,1000,5,5000,A1,Olga,0.6430000000000291
0.02358850886719547,3,100,1000,5,5000,A2,Olga,0.6430000000000291
1.3269458588313936,3,100,1000,5,5000,A3,Tracy,0.6430000000000291
13.024748308403485,3,100,1000,5,5000,core,Tracy_Olga,0.6430000000000291
2.618730992344404,3,100,4995,5,5000,A1,NTD,169.27199999999993
4.103900043339186,3,100,4995,5,5000,A2,NTD,169.27199999999993
4992.045458952735,3,100,4995,5,5000,A3,NTD,169.27199999999993
10.982899874886728,3,100,4995,5,5000,core,NTD,169.27199999999993
1.8942804639709414,3,100,4995,5,5000,A1,Ours,6.645999999999731
0.02289992801975297,3,100,4995,5,5000,A2,Ours,6.645999999999731
2.4671553896130716,3,100,4995,5,5000,A3,Ours,6.645999999999731
12.957451621950764,3,100,4995,5,5000,core,Ours,6.645999999999731
1.8942804639709414,3,100,4995,5,5000,A1,HOSVD,1.8690000000001419
0.02289992801975297,3,100,4995,5,5000,A2,HOSVD,1.8690000000001419
2.4591941197104936,3,100,4995,5,5000,A3,HOSVD,1.8690000000001419
12.952482055004921,3,100,4995,5,5000,core,HOSVD,1.8690000000001419
1.9007879462410653,3,100,4995,5,5000,A1,HOOI,5.175000000000182
0.023513633417834395,3,100,4995,5,5000,A2,HOOI,5.175000000000182
2.461332326984495,3,100,4995,5,5000,A3,HOOI,5.175000000000182
12.932033189401384,3,100,4995,5,5000,core,HOOI,5.175000000000182
2.1346744062694345,3,100,4995,5,5000,A1,Olga,2.824999999999818
0.008553327342673302,3,100,4995,5,5000,A2,Olga,2.824999999999818
2.9673566406736787,3,100,4995,5,5000,A3,Tracy,2.824999999999818
13.026180298069887,3,100,4995,5,5000,core,Tracy_Olga,2.824999999999818
1.9496210017567603,3,100,9966,5,5000,A1,NTD,337.0789999999997
4.139836075498852,3,100,9966,5,5000,A2,NTD,337.0789999999997
9963.077633749865,3,100,9966,5,5000,A3,NTD,337.0789999999997
13.077908228741416,3,100,9966,5,5000,core,NTD,337.0789999999997
1.7967294765879822,3,100,9966,5,5000,A1,Ours,17.471000000000004
0.011063087061516713,3,100,9966,5,5000,A2,Ours,17.471000000000004
2.509342063039092,3,100,9966,5,5000,A3,Ours,17.471000000000004
13.026180298069887,3,100,9966,5,5000,core,Ours,17.471000000000004
1.7967294765879822,3,100,9966,5,5000,A1,HOSVD,3.7359999999998763
0.011063087061516713,3,100,9966,5,5000,A2,HOSVD,3.7359999999998763
2.4798855681384255,3,100,9966,5,5000,A3,HOSVD,3.7359999999998763
13.026180298069887,3,100,9966,5,5000,core,HOSVD,3.7359999999998763
1.7942739993966417,3,100,9966,5,5000,A1,HOOI,16.832000000000335
0.01060402111474893,3,100,9966,5,5000,A2,HOOI,16.832000000000335
2.483773798140121,3,100,9966,5,5000,A3,HOOI,16.832000000000335
13.026180298069887,3,100,9966,5,5000,core,HOOI,16.832000000000335
1.7419084246458238,3,100,9966,5,5000,A1,Olga,7.550999999999931
0.0517457264655074,3,100,9966,5,5000,A2,Olga,7.550999999999931
2.9431460498417885,3,100,9966,5,5000,A3,Tracy,7.550999999999931
13.026180298069887,3,100,9966,5,5000,core,Tracy_Olga,7.550999999999931
2.1134764807664106,3,100,1000,5,6000,A1,NTD,31.027999999999793
0.1715107725658692,3,100,1000,5,6000,A2,NTD,31.027999999999793
997.0000680368056,3,100,1000,5,6000,A3,NTD,31.027999999999793
11.527438767417182,3,100,1000,5,6000,core,NTD,31.027999999999793
1.7832383815424435,3,100,1000,5,6000,A1,Ours,0.6069999999999709
0.004946894232767513,3,100,1000,5,6000,A2,Ours,0.6069999999999709
0.2440227200336437,3,100,1000,5,6000,A3,Ours,0.6069999999999709
12.756194714134418,3,100,1000,5,6000,core,Ours,0.6069999999999709
1.7832383815424435,3,100,1000,5,6000,A1,HOSVD,0.39600000000018554
0.004946894232767513,3,100,1000,5,6000,A2,HOSVD,0.39600000000018554
0.2439889077577955,3,100,1000,5,6000,A3,HOSVD,0.39600000000018554
12.75604563786259,3,100,1000,5,6000,core,HOSVD,0.39600000000018554
1.7796972431956364,3,100,1000,5,6000,A1,HOOI,0.68100000000004
0.004798534828715363,3,100,1000,5,6000,A2,HOOI,0.68100000000004
0.24672613630939622,3,100,1000,5,6000,A3,HOOI,0.68100000000004
12.750346012412546,3,100,1000,5,6000,core,HOOI,0.68100000000004
1.7498155043061603,3,100,1000,5,6000,A1,Olga,0.5090000000000146
0.010681490635104028,3,100,1000,5,6000,A2,Olga,0.5090000000000146
1.3266476583112754,3,100,1000,5,6000,A3,Tracy,0.5090000000000146
13.02134330293981,3,100,1000,5,6000,core,Tracy_Olga,0.5090000000000146
1.9885715892711184,3,100,4997,5,6000,A1,NTD,161.09699999999975
0.362470306188071,3,100,4997,5,6000,A2,NTD,161.09699999999975
4994.022295389844,3,100,4997,5,6000,A3,NTD,161.09699999999975
15.336182731864762,3,100,4997,5,6000,core,NTD,161.09699999999975
1.4723013067708852,3,100,4997,5,6000,A1,Ours,6.143000000000029
0.023019213608541002,3,100,4997,5,6000,A2,Ours,6.143000000000029
2.510213630359397,3,100,4997,5,6000,A3,Ours,6.143000000000029
12.781054454575816,3,100,4997,5,6000,core,Ours,6.143000000000029
1.4723013067708852,3,100,4997,5,6000,A1,HOSVD,2.0710000000003674
0.023019213608541002,3,100,4997,5,6000,A2,HOSVD,2.0710000000003674
2.5047510580762853,3,100,4997,5,6000,A3,HOSVD,2.0710000000003674
12.777680698532276,3,100,4997,5,6000,core,HOSVD,2.0710000000003674
1.4724539890144388,3,100,4997,5,6000,A1,HOOI,5.450000000000273
0.02257706864980189,3,100,4997,5,6000,A2,HOOI,5.450000000000273
2.5054768064604676,3,100,4997,5,6000,A3,HOOI,5.450000000000273
12.775216286961827,3,100,4997,5,6000,core,HOOI,5.450000000000273
1.6965189557519522,3,100,4997,5,6000,A1,Olga,2.5300000000002
0.005193217139037804,3,100,4997,5,6000,A2,Olga,2.5300000000002
3.0382051592629216,3,100,4997,5,6000,A3,Tracy,2.5300000000002
12.770238858745412,3,100,4997,5,6000,core,Tracy_Olga,2.5300000000002
1.9694310949674294,3,100,9972,5,6000,A1,NTD,346.4779999999996
4.0605253400966905,3,100,9972,5,6000,A2,NTD,346.4779999999996
9969.04591641113,3,100,9972,5,6000,A3,NTD,346.4779999999996
13.06318581847686,3,100,9972,5,6000,core,NTD,346.4779999999996
1.6135315751487704,3,100,9972,5,6000,A1,Ours,35.279999999999745
0.013117004153125899,3,100,9972,5,6000,A2,Ours,35.279999999999745
2.4959776601762287,3,100,9972,5,6000,A3,Ours,35.279999999999745
13.026180298069887,3,100,9972,5,6000,core,Ours,35.279999999999745
1.6135315751487704,3,100,9972,5,6000,A1,HOSVD,18.223999999999705
0.013117004153125899,3,100,9972,5,6000,A2,HOSVD,18.223999999999705
2.475561489049729,3,100,9972,5,6000,A3,HOSVD,18.223999999999705
13.026180298069887,3,100,9972,5,6000,core,HOSVD,18.223999999999705
1.6085740063986875,3,100,9972,5,6000,A1,HOOI,32.65000000000009
0.01383476347656238,3,100,9972,5,6000,A2,HOOI,32.65000000000009
2.475832248746866,3,100,9972,5,6000,A3,HOOI,32.65000000000009
13.026180298069887,3,100,9972,5,6000,core,HOOI,32.65000000000009
1.9048994509908976,3,100,9972,5,6000,A1,Olga,25.501999999999953
0.028902331565462323,3,100,9972,5,6000,A2,Olga,25.501999999999953
2.9383424723594516,3,100,9972,5,6000,A3,Tracy,25.501999999999953
13.026180298069887,3,100,9972,5,6000,core,Tracy_Olga,25.501999999999953
2.465999742335904,3,100,1000,5,7000,A1,NTD,31.83699999999999
0.3137390773964113,3,100,1000,5,7000,A2,NTD,31.83699999999999
997.0000367836287,3,100,1000,5,7000,A3,NTD,31.83699999999999
9.551767312368415,3,100,1000,5,7000,core,NTD,31.83699999999999
1.3904861026565762,3,100,1000,5,7000,A1,Ours,3.436999999999898
0.012613129912526626,3,100,1000,5,7000,A2,Ours,3.436999999999898
0.06695599972748871,3,100,1000,5,7000,A3,Ours,3.436999999999898
13.018284960423363,3,100,1000,5,7000,core,Ours,3.436999999999898
1.3904861026565762,3,100,1000,5,7000,A1,HOSVD,3.800999999999931
0.012613129912526626,3,100,1000,5,7000,A2,HOSVD,3.800999999999931
0.06692453064923708,3,100,1000,5,7000,A3,HOSVD,3.800999999999931
13.018264545683984,3,100,1000,5,7000,core,HOSVD,3.800999999999931
1.3885839601094025,3,100,1000,5,7000,A1,HOOI,4.925999999999931
0.012802081774118899,3,100,1000,5,7000,A2,HOOI,4.925999999999931
0.06691889969450442,3,100,1000,5,7000,A3,HOOI,4.925999999999931
13.018269131677924,3,100,1000,5,7000,core,HOOI,4.925999999999931
1.6073439629802018,3,100,1000,5,7000,A1,Olga,2.693000000000211
0.012301974387585719,3,100,1000,5,7000,A2,Olga,2.693000000000211
1.328423314189998,3,100,1000,5,7000,A3,Tracy,2.693000000000211
13.025607411707934,3,100,1000,5,7000,core,Tracy_Olga,2.693000000000211
1.9705748045351024,3,100,4998,5,7000,A1,NTD,162.98100000000022
0.03689044344964789,3,100,4998,5,7000,A2,NTD,162.98100000000022
4995.027016656237,3,100,4998,5,7000,A3,NTD,162.98100000000022
9.508181798927195,3,100,4998,5,7000,core,NTD,162.98100000000022
1.6989779554026259,3,100,4998,5,7000,A1,Ours,5.992000000000644
0.011575085729046227,3,100,4998,5,7000,A2,Ours,5.992000000000644
2.483691892175885,3,100,4998,5,7000,A3,Ours,5.992000000000644
13.026180298069887,3,100,4998,5,7000,core,Ours,5.992000000000644
1.6989779554026259,3,100,4998,5,7000,A1,HOSVD,1.6719999999995707
0.011575085729046227,3,100,4998,5,7000,A2,HOSVD,1.6719999999995707
2.479675759562492,3,100,4998,5,7000,A3,HOSVD,1.6719999999995707
13.026180298069887,3,100,4998,5,7000,core,HOSVD,1.6719999999995707
1.7050581470291277,3,100,4998,5,7000,A1,HOOI,5.1599999999998545
0.010762019517437426,3,100,4998,5,7000,A2,HOOI,5.1599999999998545
2.479077087389356,3,100,4998,5,7000,A3,HOOI,5.1599999999998545
13.026180298069887,3,100,4998,5,7000,core,HOOI,5.1599999999998545
1.261193266778435,3,100,4998,5,7000,A1,Olga,2.4520000000002256
0.012913913174198923,3,100,4998,5,7000,A2,Olga,2.4520000000002256
2.9719396229370267,3,100,4998,5,7000,A3,Tracy,2.4520000000002256
13.026180298069887,3,100,4998,5,7000,core,Tracy_Olga,2.4520000000002256
2.439581568158936,3,100,9974,5,7000,A1,NTD,342.78399999999965
0.26205984775421054,3,100,9974,5,7000,A2,NTD,342.78399999999965
9971.041948673577,3,100,9974,5,7000,A3,NTD,342.78399999999965
11.533134037730882,3,100,9974,5,7000,core,NTD,342.78399999999965
1.8932041674814604,3,100,9974,5,7000,A1,Ours,18.360999999999876
0.01393589041304646,3,100,9974,5,7000,A2,Ours,18.360999999999876
2.506089432332322,3,100,9974,5,7000,A3,Ours,18.360999999999876
13.026180298069887,3,100,9974,5,7000,core,Ours,18.360999999999876
1.8932041674814604,3,100,9974,5,7000,A1,HOSVD,4.300000000000182
0.01393589041304646,3,100,9974,5,7000,A2,HOSVD,4.300000000000182
2.490994462494177,3,100,9974,5,7000,A3,HOSVD,4.300000000000182
13.026180298069887,3,100,9974,5,7000,core,HOSVD,4.300000000000182
1.890920460700611,3,100,9974,5,7000,A1,HOOI,16.9399999999996
0.014710459844912831,3,100,9974,5,7000,A2,HOOI,16.9399999999996
2.4925760871346285,3,100,9974,5,7000,A3,HOOI,16.9399999999996
13.026180298069887,3,100,9974,5,7000,core,HOOI,16.9399999999996
1.4443818625420943,3,100,9974,5,7000,A1,Olga,6.807999999999993
0.006956191737614495,3,100,9974,5,7000,A2,Olga,6.807999999999993
2.952616666537634,3,100,9974,5,7000,A3,Tracy,6.807999999999993
13.026180298069887,3,100,9974,5,7000,core,Tracy_Olga,6.807999999999993
2.0630895058062224,3,100,1000,5,8000,A1,NTD,29.00999999999931
0.3535664001429098,3,100,1000,5,8000,A2,NTD,29.00999999999931
997.0000476392689,3,100,1000,5,8000,A3,NTD,29.00999999999931
11.947058139658067,3,100,1000,5,8000,core,NTD,29.00999999999931
1.3973540928186095,3,100,1000,5,8000,A1,Ours,0.535000000000764
0.013967515244107576,3,100,1000,5,8000,A2,Ours,0.535000000000764
0.06639058679300436,3,100,1000,5,8000,A3,Ours,0.535000000000764
13.01880857918668,3,100,1000,5,8000,core,Ours,0.535000000000764
1.3973540928186095,3,100,1000,5,8000,A1,HOSVD,0.41300000000046566
0.013967515244107576,3,100,1000,5,8000,A2,HOSVD,0.41300000000046566
0.06634786915230595,3,100,1000,5,8000,A3,HOSVD,0.41300000000046566
13.018790396062268,3,100,1000,5,8000,core,HOSVD,0.41300000000046566
1.4006317259681413,3,100,1000,5,8000,A1,HOOI,0.8850000000002183
0.014299062216328462,3,100,1000,5,8000,A2,HOOI,0.8850000000002183
0.06636332103619551,3,100,1000,5,8000,A3,HOOI,0.8850000000002183
13.018870397148689,3,100,1000,5,8000,core,HOOI,0.8850000000002183
1.1644157478660673,3,100,1000,5,8000,A1,Olga,0.4719999999997526
0.008764585922194963,3,100,1000,5,8000,A2,Olga,0.4719999999997526
1.3285436841839056,3,100,1000,5,8000,A3,Tracy,0.4719999999997526
13.023522278249684,3,100,1000,5,8000,core,Tracy_Olga,0.4719999999997526
2.2464045218112116,3,100,4998,5,8000,A1,NTD,152.03999999999996
4.1003647439170585,3,100,4998,5,8000,A2,NTD,152.03999999999996
4995.023782862004,3,100,4998,5,8000,A3,NTD,152.03999999999996
11.40222158981563,3,100,4998,5,8000,core,NTD,152.03999999999996
1.6546160175872857,3,100,4998,5,8000,A1,Ours,5.0590000000001965
0.009741307745811202,3,100,4998,5,8000,A2,Ours,5.0590000000001965
2.602405137021353,3,100,4998,5,8000,A3,Ours,5.0590000000001965
12.352367024074004,3,100,4998,5,8000,core,Ours,5.0590000000001965
1.6546160175872857,3,100,4998,5,8000,A1,HOSVD,2.071000000000822
0.009741307745811202,3,100,4998,5,8000,A2,HOSVD,2.071000000000822
2.601057868135356,3,100,4998,5,8000,A3,HOSVD,2.071000000000822
12.351321551082368,3,100,4998,5,8000,core,HOSVD,2.071000000000822
1.6582061026473724,3,100,4998,5,8000,A1,HOOI,4.529000000000451
0.008584664144026909,3,100,4998,5,8000,A2,HOOI,4.529000000000451
2.6026595927464338,3,100,4998,5,8000,A3,HOOI,4.529000000000451
12.348657768594824,3,100,4998,5,8000,core,HOOI,4.529000000000451
1.3251890657690442,3,100,4998,5,8000,A1,Olga,3.774000000000342
0.008472014637008803,3,100,4998,5,8000,A2,Olga,3.774000000000342
3.0025445329233267,3,100,4998,5,8000,A3,Tracy,3.774000000000342
13.024281779336134,3,100,4998,5,8000,core,Tracy_Olga,3.774000000000342
1.9535892557510401,3,100,9983,5,8000,A1,NTD,333.10399999999936
0.11378536731256848,3,100,9983,5,8000,A2,NTD,333.10399999999936
9980.046324091767,3,100,9983,5,8000,A3,NTD,333.10399999999936
5.660423438364115,3,100,9983,5,8000,core,NTD,333.10399999999936
1.485903049512417,3,100,9983,5,8000,A1,Ours,19.197000000000116
0.014821660500403075,3,100,9983,5,8000,A2,Ours,19.197000000000116
2.47961143247899,3,100,9983,5,8000,A3,Ours,19.197000000000116
13.026180298069887,3,100,9983,5,8000,core,Ours,19.197000000000116
1.485903049512417,3,100,9983,5,8000,A1,HOSVD,3.2429999999994834
0.014821660500403075,3,100,9983,5,8000,A2,HOSVD,3.2429999999994834
2.4679795975195224,3,100,9983,5,8000,A3,HOSVD,3.2429999999994834
13.026180298069887,3,100,9983,5,8000,core,HOSVD,3.2429999999994834
1.4831621994150506,3,100,9983,5,8000,A1,HOOI,16.786000000000058
0.014597592747717443,3,100,9983,5,8000,A2,HOOI,16.786000000000058
2.469385579916779,3,100,9983,5,8000,A3,HOOI,16.786000000000058
13.026180298069887,3,100,9983,5,8000,core,HOOI,16.786000000000058
1.2737474547025505,3,100,9983,5,8000,A1,Olga,7.443000000000211
0.009368517075099277,3,100,9983,5,8000,A2,Olga,7.443000000000211
2.9304352030404925,3,100,9983,5,8000,A3,Tracy,7.443000000000211
13.026180298069887,3,100,9983,5,8000,core,Tracy_Olga,7.443000000000211
1.9645527371399958,3,100,1000,5,9000,A1,NTD,29.396999999999935
0.2558325446313484,3,100,1000,5,9000,A2,NTD,29.396999999999935
997.000034897841,3,100,1000,5,9000,A3,NTD,29.396999999999935
12.415614368415653,3,100,1000,5,9000,core,NTD,29.396999999999935
1.3052371734213863,3,100,1000,5,9000,A1,Ours,0.5479999999997744
0.007712054030431522,3,100,1000,5,9000,A2,Ours,0.5479999999997744
0.05812847703307359,3,100,1000,5,9000,A3,Ours,0.5479999999997744
13.022687575118233,3,100,1000,5,9000,core,Ours,0.5479999999997744
1.3052371734213863,3,100,1000,5,9000,A1,HOSVD,0.38799999999991996
0.007712054030431522,3,100,1000,5,9000,A2,HOSVD,0.38799999999991996
0.05810331482794173,3,100,1000,5,9000,A3,HOSVD,0.38799999999991996
13.02266954054307,3,100,1000,5,9000,core,HOSVD,0.38799999999991996
1.3044169358001816,3,100,1000,5,9000,A1,HOOI,0.7150000000001455
0.007361068402138063,3,100,1000,5,9000,A2,HOOI,0.7150000000001455
0.058132655300149674,3,100,1000,5,9000,A3,HOOI,0.7150000000001455
13.02282322941871,3,100,1000,5,9000,core,HOOI,0.7150000000001455
1.382366805256449,3,100,1000,5,9000,A1,Olga,0.6279999999997017
0.009588244053883654,3,100,1000,5,9000,A2,Olga,0.6279999999997017
1.3244983867591855,3,100,1000,5,9000,A3,Tracy,0.6279999999997017
13.022890822695814,3,100,1000,5,9000,core,Tracy_Olga,0.6279999999997017
2.0241222168933874,3,100,4999,5,9000,A1,NTD,159.6279999999997
0.33961875863797464,3,100,4999,5,9000,A2,NTD,159.6279999999997
4996.026349344384,3,100,4999,5,9000,A3,NTD,159.6279999999997
10.854965301385821,3,100,4999,5,9000,core,NTD,159.6279999999997
1.3653194007687537,3,100,4999,5,9000,A1,Ours,5.255000000000109
0.007242160853881893,3,100,4999,5,9000,A2,Ours,5.255000000000109
2.4992808145941323,3,100,4999,5,9000,A3,Ours,5.255000000000109
13.026180298069887,3,100,4999,5,9000,core,Ours,5.255000000000109
1.3653194007687537,3,100,4999,5,9000,A1,HOSVD,1.6489999999994325
0.007242160853881893,3,100,4999,5,9000,A2,HOSVD,1.6489999999994325
2.496957888635702,3,100,4999,5,9000,A3,HOSVD,1.6489999999994325
13.026180298069887,3,100,4999,5,9000,core,HOSVD,1.6489999999994325
1.366250924847757,3,100,4999,5,9000,A1,HOOI,4.621000000000095
0.008184105378998115,3,100,4999,5,9000,A2,HOOI,4.621000000000095
2.491438644159797,3,100,4999,5,9000,A3,HOOI,4.621000000000095
12.988734012951172,3,100,4999,5,9000,core,HOOI,4.621000000000095
1.3139639855923915,3,100,4999,5,9000,A1,Olga,2.5979999999999563
0.009824580353451939,3,100,4999,5,9000,A2,Olga,2.5979999999999563
2.9588185059271663,3,100,4999,5,9000,A3,Tracy,2.5979999999999563
13.026180298069887,3,100,4999,5,9000,core,Tracy_Olga,2.5979999999999563
1.9553348527512007,3,100,9979,5,9000,A1,NTD,346.3620000000001
0.8688017521987927,3,100,9979,5,9000,A2,NTD,346.3620000000001
9976.042115270111,3,100,9979,5,9000,A3,NTD,346.3620000000001
12.831671753117824,3,100,9979,5,9000,core,NTD,346.3620000000001
1.2478857382098765,3,100,9979,5,9000,A1,Ours,17.460000000000036
0.012947589186678782,3,100,9979,5,9000,A2,Ours,17.460000000000036
2.492212494181504,3,100,9979,5,9000,A3,Ours,17.460000000000036
13.026180298069887,3,100,9979,5,9000,core,Ours,17.460000000000036
1.2478857382098765,3,100,9979,5,9000,A1,HOSVD,3.082999999999629
0.012947589186678782,3,100,9979,5,9000,A2,HOSVD,3.082999999999629
2.4826841140027245,3,100,9979,5,9000,A3,HOSVD,3.082999999999629
13.026180298069887,3,100,9979,5,9000,core,HOSVD,3.082999999999629
1.249382267423133,3,100,9979,5,9000,A1,HOOI,15.006999999999607
0.012501649705975643,3,100,9979,5,9000,A2,HOOI,15.006999999999607
2.4805891252788532,3,100,9979,5,9000,A3,HOOI,15.006999999999607
13.026180298069887,3,100,9979,5,9000,core,HOOI,15.006999999999607
1.20277966932986,3,100,9979,5,9000,A1,Olga,7.164999999999964
0.015670967620400062,3,100,9979,5,9000,A2,Olga,7.164999999999964
2.9542075079484422,3,100,9979,5,9000,A3,Tracy,7.164999999999964
13.026180298069887,3,100,9979,5,9000,core,Tracy_Olga,7.164999999999964
2.0767827423904426,3,100,1000,5,10000,A1,NTD,28.782999999999447
0.28708530155839324,3,100,1000,5,10000,A2,NTD,28.782999999999447
997.0000561496611,3,100,1000,5,10000,A3,NTD,28.782999999999447
11.978802767017699,3,100,1000,5,10000,core,NTD,28.782999999999447
1.0535736090849452,3,100,1000,5,10000,A1,Ours,0.5540000000000873
0.0096656961472289,3,100,1000,5,10000,A2,Ours,0.5540000000000873
0.05577083536394589,3,100,1000,5,10000,A3,Ours,0.5540000000000873
13.020784869917808,3,100,1000,5,10000,core,Ours,0.5540000000000873
1.0535736090849452,3,100,1000,5,10000,A1,HOSVD,0.5460000000002765
0.0096656961472289,3,100,1000,5,10000,A2,HOSVD,0.5460000000002765
0.05579329754221559,3,100,1000,5,10000,A3,HOSVD,0.5460000000002765
13.020768370301925,3,100,1000,5,10000,core,HOSVD,0.5460000000002765
1.0558845112997473,3,100,1000,5,10000,A1,HOOI,0.7220000000006621
0.009059353224162589,3,100,1000,5,10000,A2,HOOI,0.7220000000006621
0.05567727979553571,3,100,1000,5,10000,A3,HOOI,0.7220000000006621
13.020894550369759,3,100,1000,5,10000,core,HOOI,0.7220000000006621
0.9322524960226689,3,100,1000,5,10000,A1,Olga,0.42399999999997817
0.006634333901381456,3,100,1000,5,10000,A2,Olga,0.42399999999997817
1.3264499636543359,3,100,1000,5,10000,A3,Tracy,0.42399999999997817
13.023872299416766,3,100,1000,5,10000,core,Tracy_Olga,0.42399999999997817
2.0664195564877286,3,100,4998,5,10000,A1,NTD,155.09900000000016
2.228792020702535,3,100,4998,5,10000,A2,NTD,155.09900000000016
4995.014452393872,3,100,4998,5,10000,A3,NTD,155.09900000000016
11.852281298500426,3,100,4998,5,10000,core,NTD,155.09900000000016
1.1475970544442065,3,100,4998,5,10000,A1,Ours,4.572000000000116
0.002415704359176056,3,100,4998,5,10000,A2,Ours,4.572000000000116
2.4826269196605804,3,100,4998,5,10000,A3,Ours,4.572000000000116
13.026180298069887,3,100,4998,5,10000,core,Ours,4.572000000000116
1.1475970544442065,3,100,4998,5,10000,A1,HOSVD,1.5450000000000728
0.002415704359176056,3,100,4998,5,10000,A2,HOSVD,1.5450000000000728
2.480686898560087,3,100,4998,5,10000,A3,HOSVD,1.5450000000000728
13.026180298069887,3,100,4998,5,10000,core,HOSVD,1.5450000000000728
1.146900080974806,3,100,4998,5,10000,A1,HOOI,4.72400000000016
0.0026022637973747696,3,100,4998,5,10000,A2,HOOI,4.72400000000016
2.481295388914474,3,100,4998,5,10000,A3,HOOI,4.72400000000016
13.026180298069887,3,100,4998,5,10000,core,HOOI,4.72400000000016
1.160116211051757,3,100,4998,5,10000,A1,Olga,2.4840000000003783
0.012673176612322035,3,100,4998,5,10000,A2,Olga,2.4840000000003783
2.967182481071033,3,100,4998,5,10000,A3,Tracy,2.4840000000003783
13.026180298069887,3,100,4998,5,10000,core,Tracy_Olga,2.4840000000003783
2.0085919355403576,3,100,9981,5,10000,A1,NTD,348.9969999999994
0.8450234034346162,3,100,9981,5,10000,A2,NTD,348.9969999999994
9978.032999446124,3,100,9981,5,10000,A3,NTD,348.9969999999994
11.3801600849958,3,100,9981,5,10000,core,NTD,348.9969999999994
1.015321480831579,3,100,9981,5,10000,A1,Ours,17.09600000000046
0.023866432506989745,3,100,9981,5,10000,A2,Ours,17.09600000000046
2.4737849108831913,3,100,9981,5,10000,A3,Ours,17.09600000000046
13.026180298069887,3,100,9981,5,10000,core,Ours,17.09600000000046
1.015321480831579,3,100,9981,5,10000,A1,HOSVD,3.0670000000000073
0.023866432506989745,3,100,9981,5,10000,A2,HOSVD,3.0670000000000073
2.4661162696581695,3,100,9981,5,10000,A3,HOSVD,3.0670000000000073
13.026180298069887,3,100,9981,5,10000,core,HOSVD,3.0670000000000073
1.012979137731589,3,100,9981,5,10000,A1,HOOI,14.140999999999622
0.02391371508964152,3,100,9981,5,10000,A2,HOOI,14.140999999999622
2.4664571939587008,3,100,9981,5,10000,A3,HOOI,14.140999999999622
13.026180298069887,3,100,9981,5,10000,core,HOOI,14.140999999999622
1.2744739320944236,3,100,9981,5,10000,A1,Olga,6.6599999999998545
0.009802634784514347,3,100,9981,5,10000,A2,Olga,6.6599999999998545
2.945588322054839,3,100,9981,5,10000,A3,Tracy,6.6599999999998545
13.026180298069887,3,100,9981,5,10000,core,Tracy_Olga,6.6599999999998545
