error,K,Q1,R,Q2,M,mode,method,time
10.88327769313355,3,100,979,5,100,A1,NTD,79.397
4.245112624205556,3,100,979,5,100,A2,NTD,79.397
976.205464775592,3,100,979,5,100,A3,NTD,79.397
11.463059272714633,3,100,979,5,100,core,NTD,79.397
14.395842946478503,3,100,979,5,100,A1,Ours,2.192999999999998
0.1426783505676379,3,100,979,5,100,A2,Ours,2.192999999999998
3.2852426059727775,3,100,979,5,100,A3,Ours,2.192999999999998
10.56557999962581,3,100,979,5,100,core,Ours,2.192999999999998
14.395842946478503,3,100,979,5,100,A1,HOSVD,0.875
0.1426783505676379,3,100,979,5,100,A2,HOSVD,0.875
2.505834132369941,3,100,979,5,100,A3,HOSVD,0.875
12.98342898870016,3,100,979,5,100,core,HOSVD,0.875
14.86468096365074,3,100,979,5,100,A1,HOOI,1.9140000000000015
0.11580147218071499,3,100,979,5,100,A2,HOOI,1.9140000000000015
2.5345178717701433,3,100,979,5,100,A3,HOOI,1.9140000000000015
12.983935139107595,3,100,979,5,100,core,HOOI,1.9140000000000015
26.165580830949608,3,100,979,5,100,A1,Olga,0.953000000000003
4.072478772860888,3,100,979,5,100,A2,Olga,0.953000000000003
2.8882063092146772,3,100,979,5,100,A3,Tracy,0.953000000000003
12.722233611175342,3,100,979,5,100,core,Tracy_Olga,0.953000000000003
119.0371208675277,3,100,4519,5,100,A1,NTD,333.786
4.24529000949487,3,100,4519,5,100,A2,NTD,333.786
4516.479302805896,3,100,4519,5,100,A3,NTD,333.786
9.313049486279414,3,100,4519,5,100,core,NTD,333.786
17.20131521922784,3,100,4519,5,100,A1,Ours,8.709000000000003
0.28614528916850407,3,100,4519,5,100,A2,Ours,8.709000000000003
4.799172452391908,3,100,4519,5,100,A3,Ours,8.709000000000003
9.533394713272276,3,100,4519,5,100,core,Ours,8.709000000000003
17.20131521922784,3,100,4519,5,100,A1,HOSVD,3.134999999999991
0.28614528916850407,3,100,4519,5,100,A2,HOSVD,3.134999999999991
2.691017648566723,3,100,4519,5,100,A3,HOSVD,3.134999999999991
12.609391632523163,3,100,4519,5,100,core,HOSVD,3.134999999999991
16.222529507074505,3,100,4519,5,100,A1,HOOI,10.848000000000013
0.2423778511136426,3,100,4519,5,100,A2,HOOI,10.848000000000013
4.95138034012726,3,100,4519,5,100,A3,HOOI,10.848000000000013
10.203173322567627,3,100,4519,5,100,core,HOOI,10.848000000000013
46.54315358320053,3,100,4519,5,100,A1,Olga,4.536999999999978
4.002254841882334,3,100,4519,5,100,A2,Olga,4.536999999999978
3.082247195158006,3,100,4519,5,100,A3,Tracy,4.536999999999978
11.804015910960151,3,100,4519,5,100,core,Tracy_Olga,4.536999999999978
122.11266336810088,3,100,8272,5,100,A1,NTD,577.8999999999999
3.928806610753593,3,100,8272,5,100,A2,NTD,577.8999999999999
8269.610537108952,3,100,8272,5,100,A3,NTD,577.8999999999999
11.63931042736565,3,100,8272,5,100,core,NTD,577.8999999999999
17.93218310862472,3,100,8272,5,100,A1,Ours,19.689000000000078
0.1751738527115604,3,100,8272,5,100,A2,Ours,19.689000000000078
5.403470049678996,3,100,8272,5,100,A3,Ours,19.689000000000078
8.241592928386087,3,100,8272,5,100,core,Ours,19.689000000000078
17.93218310862472,3,100,8272,5,100,A1,HOSVD,5.817999999999984
0.1751738527115604,3,100,8272,5,100,A2,HOSVD,5.817999999999984
3.8560627925213824,3,100,8272,5,100,A3,HOSVD,5.817999999999984
9.824501680595334,3,100,8272,5,100,core,HOSVD,5.817999999999984
14.837251701828574,3,100,8272,5,100,A1,HOOI,22.480000000000018
0.11418671817388759,3,100,8272,5,100,A2,HOOI,22.480000000000018
3.9037482062114415,3,100,8272,5,100,A3,HOOI,22.480000000000018
11.106121980724376,3,100,8272,5,100,core,HOOI,22.480000000000018
84.8733031176958,3,100,8272,5,100,A1,Olga,11.289999999999964
4.010069951825742,3,100,8272,5,100,A2,Olga,11.289999999999964
4.1590127527817256,3,100,8272,5,100,A3,Tracy,11.289999999999964
12.917802045662174,3,100,8272,5,100,core,Tracy_Olga,11.289999999999964
4.08115759836738,3,100,996,5,500,A1,NTD,64.02099999999996
0.4052438031301575,3,100,996,5,500,A2,NTD,64.02099999999996
993.1045739470625,3,100,996,5,500,A3,NTD,64.02099999999996
8.83259410467646,3,100,996,5,500,core,NTD,64.02099999999996
8.740935695857074,3,100,996,5,500,A1,Ours,1.0509999999999309
0.07838070737621172,3,100,996,5,500,A2,Ours,1.0509999999999309
2.7451153908982677,3,100,996,5,500,A3,Ours,1.0509999999999309
13.364849723507362,3,100,996,5,500,core,Ours,1.0509999999999309
8.740935695857074,3,100,996,5,500,A1,HOSVD,0.849999999999909
0.07838070737621172,3,100,996,5,500,A2,HOSVD,0.849999999999909
2.729467679945556,3,100,996,5,500,A3,HOSVD,0.849999999999909
13.342123311010296,3,100,996,5,500,core,HOSVD,0.849999999999909
8.654684642078433,3,100,996,5,500,A1,HOOI,1.816000000000031
0.03827307911992962,3,100,996,5,500,A2,HOOI,1.816000000000031
2.7397560048845784,3,100,996,5,500,A3,HOOI,1.816000000000031
13.343472181234503,3,100,996,5,500,core,HOOI,1.816000000000031
8.208073081522139,3,100,996,5,500,A1,Olga,0.9579999999998563
3.7183289616907933,3,100,996,5,500,A2,Olga,0.9579999999998563
2.9380115809417138,3,100,996,5,500,A3,Tracy,0.9579999999998563
11.599063722885214,3,100,996,5,500,core,Tracy_Olga,0.9579999999998563
15.630942280827613,3,100,4916,5,500,A1,NTD,342.47799999999984
2.139391183931911,3,100,4916,5,500,A2,NTD,342.47799999999984
4913.194317319353,3,100,4916,5,500,A3,NTD,342.47799999999984
11.556145286859449,3,100,4916,5,500,core,NTD,342.47799999999984
12.209165717762557,3,100,4916,5,500,A1,Ours,9.627999999999929
0.0759968213753212,3,100,4916,5,500,A2,Ours,9.627999999999929
5.017695609934778,3,100,4916,5,500,A3,Ours,9.627999999999929
10.32302141462531,3,100,4916,5,500,core,Ours,9.627999999999929
12.209165717762557,3,100,4916,5,500,A1,HOSVD,3.7110000000000127
0.0759968213753212,3,100,4916,5,500,A2,HOSVD,3.7110000000000127
2.5389255759004588,3,100,4916,5,500,A3,HOSVD,3.7110000000000127
13.272714923618857,3,100,4916,5,500,core,HOSVD,3.7110000000000127
12.25583394684236,3,100,4916,5,500,A1,HOOI,9.9210000000000491
0.07766070482829728,3,100,4916,5,500,A2,HOOI,9.9210000000000491
2.5468298291368656,3,100,4916,5,500,A3,HOOI,9.9210000000000491
13.326694012567637,3,100,4916,5,500,core,HOOI,9.9210000000000491
10.738942929746004,3,100,4916,5,500,A1,Olga,5.354000000000042
3.9181180959711353,3,100,4916,5,500,A2,Olga,5.354000000000042
2.945425088108115,3,100,4916,5,500,A3,Tracy,5.354000000000042
13.279002166266206,3,100,4916,5,500,core,Tracy_Olga,5.354000000000042
81.99305304112202,3,100,9609,5,500,A1,NTD,727.4789999999998
3.9288021652436744,3,100,9609,5,500,A2,NTD,727.4789999999998
9606.2972665967,3,100,9609,5,500,A3,NTD,727.4789999999998
10.687003036256309,3,100,9609,5,500,core,NTD,727.4789999999998
9.422372975227749,3,100,9609,5,500,A1,Ours,28.30500000000029
0.034231722934214275,3,100,9609,5,500,A2,Ours,28.30500000000029
3.7627442286633146,3,100,9609,5,500,A3,Ours,28.30500000000029
11.83552421196496,3,100,9609,5,500,core,Ours,28.30500000000029
9.422372975227749,3,100,9609,5,500,A1,HOSVD,6.643000000000029
0.034231722934214275,3,100,9609,5,500,A2,HOSVD,6.643000000000029
2.575620454386294,3,100,9609,5,500,A3,HOSVD,6.643000000000029
13.063741170582384,3,100,9609,5,500,core,HOSVD,6.643000000000029
9.446257754404506,3,100,9609,5,500,A1,HOOI,20.79599999999982
0.03053580453773672,3,100,9609,5,500,A2,HOOI,20.79599999999982
3.8517215946374423,3,100,9609,5,500,A3,HOOI,20.79599999999982
7.964363982320659,3,100,9609,5,500,core,HOOI,20.79599999999982
12.022248538426355,3,100,9609,5,500,A1,Olga,16.875
3.872650646892447,3,100,9609,5,500,A2,Olga,16.875
3.007329925546137,3,100,9609,5,500,A3,Tracy,16.875
11.916255673805992,3,100,9609,5,500,core,Tracy_Olga,16.875
5.954071929635498,3,100,1000,5,1000,A1,NTD,63.21100000000024
1.3209626130132013,3,100,1000,5,1000,A2,NTD,63.21100000000024
997.0013713568965,3,100,1000,5,1000,A3,NTD,63.21100000000024
10.569994402714203,3,100,1000,5,1000,core,NTD,63.21100000000024
4.739396776556392,3,100,1000,5,1000,A1,Ours,1.0349999999998545
0.09639309826194332,3,100,1000,5,1000,A2,Ours,1.0349999999998545
0.731804589262273,3,100,1000,5,1000,A3,Ours,1.0349999999998545
13.455205757696394,3,100,1000,5,1000,core,Ours,1.0349999999998545
4.739396776556392,3,100,1000,5,1000,A1,HOSVD,0.8659999999999854
0.09639309826194332,3,100,1000,5,1000,A2,HOSVD,0.8659999999999854
0.7265118793708581,3,100,1000,5,1000,A3,HOSVD,0.8659999999999854
13.445390714352833,3,100,1000,5,1000,core,HOSVD,0.8659999999999854
4.66647033007286,3,100,1000,5,1000,A1,HOOI,1.7440000000001419
0.07848813909371001,3,100,1000,5,1000,A2,HOOI,1.7440000000001419
1.1061600281649933,3,100,1000,5,1000,A3,HOOI,1.7440000000001419
11.96162914559052,3,100,1000,5,1000,core,HOOI,1.7440000000001419
5.47993933443926,3,100,1000,5,1000,A1,Olga,1.0109999999999673
0.13280690794034744,3,100,1000,5,1000,A2,Olga,1.0109999999999673
1.5053374367322967,3,100,1000,5,1000,A3,Tracy,1.0109999999999673
13.263057461626476,3,100,1000,5,1000,core,Tracy_Olga,1.0109999999999673
17.963698635798348,3,100,4956,5,1000,A1,NTD,331.81799999999976
3.8758453379283195,3,100,4956,5,1000,A2,NTD,331.81799999999976
4953.120487665736,3,100,4956,5,1000,A3,NTD,331.81799999999976
11.262870667184007,3,100,4956,5,1000,core,NTD,331.81799999999976
4.489458178396649,3,100,4956,5,1000,A1,Ours,9.728999999999814
0.08102653193321335,3,100,4956,5,1000,A2,Ours,9.728999999999814
2.888744697082617,3,100,4956,5,1000,A3,Ours,9.728999999999814
12.98679944466642,3,100,4956,5,1000,core,Ours,9.728999999999814
4.489458178396649,3,100,4956,5,1000,A1,HOSVD,3.5589999999997417
0.08102653193321335,3,100,4956,5,1000,A2,HOSVD,3.5589999999997417
2.5349884187853586,3,100,4956,5,1000,A3,HOSVD,3.5589999999997417
12.989330635023155,3,100,4956,5,1000,core,HOSVD,3.5589999999997417
4.614253686701908,3,100,4956,5,1000,A1,HOOI,9.312000000000353
0.07662017125440407,3,100,4956,5,1000,A2,HOOI,9.312000000000353
2.5376236205921856,3,100,4956,5,1000,A3,HOOI,9.312000000000353
13.006110083022321,3,100,4956,5,1000,core,HOOI,9.312000000000353
6.603762005103514,3,100,4956,5,1000,A1,Olga,5.786000000000058
3.9662757742369346,3,100,4956,5,1000,A2,Olga,5.786000000000058
2.9392895592340262,3,100,4956,5,1000,A3,Tracy,5.786000000000058
13.368924562782055,3,100,4956,5,1000,core,Tracy_Olga,5.786000000000058
15.322490920674042,3,100,9814,5,1000,A1,NTD,779.906
2.139391380791363,3,100,9814,5,1000,A2,NTD,779.906
9811.173926229576,3,100,9814,5,1000,A3,NTD,779.906
13.461492283594215,3,100,9814,5,1000,core,NTD,779.906
6.252895461481457,3,100,9814,5,1000,A1,Ours,31.75099999999975
0.01800305687942133,3,100,9814,5,1000,A2,Ours,31.75099999999975
5.1493975689113185,3,100,9814,5,1000,A3,Ours,31.75099999999975
10.930396524699713,3,100,9814,5,1000,core,Ours,31.75099999999975
6.252895461481457,3,100,9814,5,1000,A1,HOSVD,7.794000000000324
0.01800305687942133,3,100,9814,5,1000,A2,HOSVD,7.794000000000324
2.528984782251347,3,100,9814,5,1000,A3,HOSVD,7.794000000000324
13.0042671597036,3,100,9814,5,1000,core,HOSVD,7.794000000000324
6.187748229485828,3,100,9814,5,1000,A1,HOOI,26.229999999999563
0.020771408220139603,3,100,9814,5,1000,A2,HOOI,26.229999999999563
4.918500399012493,3,100,9814,5,1000,A3,HOOI,26.229999999999563
10.379902861522808,3,100,9814,5,1000,core,HOOI,26.229999999999563
6.486715449706176,3,100,9814,5,1000,A1,Olga,14.2199999999998
3.93542322737061,3,100,9814,5,1000,A2,Olga,14.2199999999998
2.942196263017555,3,100,9814,5,1000,A3,Tracy,14.2199999999998
13.379722788322644,3,100,9814,5,1000,core,Tracy_Olga,14.2199999999998
2.85706665028457,3,100,998,5,2500,A1,NTD,63.79899999999998
0.17077882262987293,3,100,998,5,2500,A2,NTD,63.79899999999998
995.0339725137184,3,100,998,5,2500,A3,NTD,63.79899999999998
12.935697665305721,3,100,998,5,2500,core,NTD,63.79899999999998
4.0765250113300935,3,100,998,5,2500,A1,Ours,1.5479999999997744
0.0165571254233078,3,100,998,5,2500,A2,Ours,1.5479999999997744
2.4494486024460946,3,100,998,5,2500,A3,Ours,1.5479999999997744
13.078384928331651,3,100,998,5,2500,core,Ours,1.5479999999997744
4.0765250113300935,3,100,998,5,2500,A1,HOSVD,2.5949999999998
0.0165571254233078,3,100,998,5,2500,A2,HOSVD,2.5949999999998
2.447799478396141,3,100,998,5,2500,A3,HOSVD,2.5949999999998
13.077886340197427,3,100,998,5,2500,core,HOSVD,2.5949999999998
4.114789177991429,3,100,998,5,2500,A1,HOOI,4.164999999999964
0.023131551847930736,3,100,998,5,2500,A2,HOOI,4.164999999999964
2.4491800152441225,3,100,998,5,2500,A3,HOOI,4.164999999999964
13.083184617629893,3,100,998,5,2500,core,HOOI,4.164999999999964
3.6036815543194685,3,100,998,5,2500,A1,Olga,2.9850000000001273
0.035183626254579006,3,100,998,5,2500,A2,Olga,2.9850000000001273
3.007314306438324,3,100,998,5,2500,A3,Tracy,2.9850000000001273
13.101596643130502,3,100,998,5,2500,core,Tracy_Olga,2.9850000000001273
2.5228730224613627,3,100,4984,5,2500,A1,NTD,333.23799999999983
2.158748541814461,3,100,4984,5,2500,A2,NTD,333.23799999999983
4981.07144295189,3,100,4984,5,2500,A3,NTD,333.23799999999983
11.926825215443142,3,100,4984,5,2500,core,NTD,333.23799999999983
3.878665112221648,3,100,4984,5,2500,A1,Ours,10.217000000000098
0.0062563606712903366,3,100,4984,5,2500,A2,Ours,10.217000000000098
2.5320402983777193,3,100,4984,5,2500,A3,Ours,10.217000000000098
13.006079903417017,3,100,4984,5,2500,core,Ours,10.217000000000098
3.878665112221648,3,100,4984,5,2500,A1,HOSVD,3.65099999999984
0.0062563606712903366,3,100,4984,5,2500,A2,HOSVD,3.65099999999984
2.502553760843452,3,100,4984,5,2500,A3,HOSVD,3.65099999999984
12.990676056711923,3,100,4984,5,2500,core,HOSVD,3.65099999999984
3.876439565613946,3,100,4984,5,2500,A1,HOOI,8.418999999999869
0.005898959497045885,3,100,4984,5,2500,A2,HOOI,8.418999999999869
2.502532423038403,3,100,4984,5,2500,A3,HOOI,8.418999999999869
12.985479584471237,3,100,4984,5,2500,core,HOOI,8.418999999999869
4.095483964859966,3,100,4984,5,2500,A1,Olga,5.489999999999782
3.9441406632143834,3,100,4984,5,2500,A2,Olga,5.489999999999782
2.8950221426489313,3,100,4984,5,2500,A3,Tracy,5.489999999999782
11.543610989015626,3,100,4984,5,2500,core,Tracy_Olga,5.489999999999782
3.1013163362218275,3,100,9935,5,2500,A1,NTD,704.5789999999997
1.36707934618391,3,100,9935,5,2500,A2,NTD,704.5789999999997
9932.114455723799,3,100,9935,5,2500,A3,NTD,704.5789999999997
10.05064461292049,3,100,9935,5,2500,core,NTD,704.5789999999997
2.8981658048665997,3,100,9935,5,2500,A1,Ours,34.44599999999991
0.043815850844137985,3,100,9935,5,2500,A2,Ours,34.44599999999991
2.620999858089695,3,100,9935,5,2500,A3,Ours,34.44599999999991
13.04372081541514,3,100,9935,5,2500,core,Ours,34.44599999999991
2.8981658048665997,3,100,9935,5,2500,A1,HOSVD,6.386999999999716
0.043815850844137985,3,100,9935,5,2500,A2,HOSVD,6.386999999999716
2.500442142439809,3,100,9935,5,2500,A3,HOSVD,6.386999999999716
12.968932875619155,3,100,9935,5,2500,core,HOSVD,6.386999999999716
2.889750087642119,3,100,9935,5,2500,A1,HOOI,30.284999999999854
0.043564434926735174,3,100,9935,5,2500,A2,HOOI,30.284999999999854
2.502037981900724,3,100,9935,5,2500,A3,HOOI,30.284999999999854
12.984229017677695,3,100,9935,5,2500,core,HOOI,30.284999999999854
4.203047648769293,3,100,9935,5,2500,A1,Olga,14.182999999999993
3.8927834074096914,3,100,9935,5,2500,A2,Olga,14.182999999999993
2.910661635216035,3,100,9935,5,2500,A3,Tracy,14.182999999999993
13.387214391520017,3,100,9935,5,2500,core,Tracy_Olga,14.182999999999993
4.189390968780204,3,100,1000,5,5000,A1,NTD,64.60699999999997
0.5098402043981906,3,100,1000,5,5000,A2,NTD,64.60699999999997
997.0001250532423,3,100,1000,5,5000,A3,NTD,64.60699999999997
10.688559171420414,3,100,1000,5,5000,core,NTD,64.60699999999997
2.072863350721137,3,100,1000,5,5000,A1,Ours,1.217000000000553
0.02130249147328997,3,100,1000,5,5000,A2,Ours,1.217000000000553
0.2647090582108233,3,100,1000,5,5000,A3,Ours,1.217000000000553
13.171528281222733,3,100,1000,5,5000,core,Ours,1.217000000000553
2.072863350721137,3,100,1000,5,5000,A1,HOSVD,1.037000000000262
0.02130249147328997,3,100,1000,5,5000,A2,HOSVD,1.037000000000262
0.264617277912267,3,100,1000,5,5000,A3,HOSVD,1.037000000000262
13.171361595442637,3,100,1000,5,5000,core,HOSVD,1.037000000000262
2.0833467457461263,3,100,1000,5,5000,A1,HOOI,1.6900000000005093
0.019557232655438187,3,100,1000,5,5000,A2,HOOI,1.6900000000005093
0.26611698453757093,3,100,1000,5,5000,A3,HOOI,1.6900000000005093
13.16714662169252,3,100,1000,5,5000,core,HOOI,1.6900000000005093
2.7563650034458016,3,100,1000,5,5000,A1,Olga,1.1350000000002183
0.025197223923277005,3,100,1000,5,5000,A2,Olga,1.1350000000002183
1.3727046542851893,3,100,1000,5,5000,A3,Tracy,1.1350000000002183
13.14189928517153,3,100,1000,5,5000,core,Tracy_Olga,1.1350000000002183
5.018713608434705,3,100,4992,5,5000,A1,NTD,334.66100000000006
0.23913842319875045,3,100,4992,5,5000,A2,NTD,334.66100000000006
4989.041248447789,3,100,4992,5,5000,A3,NTD,334.66100000000006
10.755285989576468,3,100,4992,5,5000,core,NTD,334.66100000000006
2.104489375814514,3,100,4992,5,5000,A1,Ours,10.55200000000059
0.011953346588812787,3,100,4992,5,5000,A2,Ours,10.55200000000059
2.4954888323450293,3,100,4992,5,5000,A3,Ours,10.55200000000059
13.014598457127963,3,100,4992,5,5000,core,Ours,10.55200000000059
2.104489375814514,3,100,4992,5,5000,A1,HOSVD,3.9309999999995853
0.011953346588812787,3,100,4992,5,5000,A2,HOSVD,3.9309999999995853
2.4874070697509874,3,100,4992,5,5000,A3,HOSVD,3.9309999999995853
13.01110543725384,3,100,4992,5,5000,core,HOSVD,3.9309999999995853
2.1184443482098767,3,100,4992,5,5000,A1,HOOI,9.503999999999905
0.015998108765806828,3,100,4992,5,5000,A2,HOOI,9.503999999999905
2.488345666284241,3,100,4992,5,5000,A3,HOOI,9.503999999999905
13.003714095744424,3,100,4992,5,5000,core,HOOI,9.503999999999905
2.331553455557774,3,100,4992,5,5000,A1,Olga,6.185999999999694
0.06477283007323995,3,100,4992,5,5000,A2,Olga,6.185999999999694
2.935993279793297,3,100,4992,5,5000,A3,Tracy,6.185999999999694
12.994006370265605,3,100,4992,5,5000,core,Tracy_Olga,6.185999999999694
3.689213534488799,3,100,9962,5,5000,A1,NTD,706.6680000000006
3.8758329080821494,3,100,9962,5,5000,A2,NTD,706.6680000000006
9959.064980020914,3,100,9962,5,5000,A3,NTD,706.6680000000006
11.126184407424969,3,100,9962,5,5000,core,NTD,706.6680000000006
3.526222935622349,3,100,9962,5,5000,A1,Ours,33.061000000000604
0.015115272544238521,3,100,9962,5,5000,A2,Ours,33.061000000000604
2.523803481028838,3,100,9962,5,5000,A3,Ours,33.061000000000604
13.060735465132558,3,100,9962,5,5000,core,Ours,33.061000000000604
3.526222935622349,3,100,9962,5,5000,A1,HOSVD,6.463999999999942
0.015115272544238521,3,100,9962,5,5000,A2,HOSVD,6.463999999999942
2.4943301918449268,3,100,9962,5,5000,A3,HOSVD,6.463999999999942
13.044177528729607,3,100,9962,5,5000,core,HOSVD,6.463999999999942
3.5307752168419873,3,100,9962,5,5000,A1,HOOI,30.63499999999931
0.022051770705427944,3,100,9962,5,5000,A2,HOOI,30.63499999999931
2.494527311074579,3,100,9962,5,5000,A3,HOOI,30.63499999999931
13.049251947235158,3,100,9962,5,5000,core,HOOI,30.63499999999931
3.0095018395809388,3,100,9962,5,5000,A1,Olga,14.228000000000065
3.5433709210677997,3,100,9962,5,5000,A2,Olga,14.228000000000065
2.910874624498883,3,100,9962,5,5000,A3,Tracy,14.228000000000065
11.860111500898638,3,100,9962,5,5000,core,Tracy_Olga,14.228000000000065
3.0334251212219394,3,100,1000,5,6000,A1,NTD,63.198999999999614
0.5992413327230361,3,100,1000,5,6000,A2,NTD,63.198999999999614
997.000069270821,3,100,1000,5,6000,A3,NTD,63.198999999999614
11.221691694163454,3,100,1000,5,6000,core,NTD,63.198999999999614
2.9389318596200957,3,100,1000,5,6000,A1,Ours,1.0629999999991924
0.01375701580355066,3,100,1000,5,6000,A2,Ours,1.0629999999991924
0.5528210392992381,3,100,1000,5,6000,A3,Ours,1.0629999999991924
12.98418611954176,3,100,1000,5,6000,core,Ours,1.0629999999991924
2.9389318596200957,3,100,1000,5,6000,A1,HOSVD,0.8739999999997963
0.01375701580355066,3,100,1000,5,6000,A2,HOSVD,0.8739999999997963
0.5527302724318299,3,100,1000,5,6000,A3,HOSVD,0.8739999999997963
12.983702053903674,3,100,1000,5,6000,core,HOSVD,0.8739999999997963
2.939907293700924,3,100,1000,5,6000,A1,HOOI,1.4960000000000946
0.013797567337782457,3,100,1000,5,6000,A2,HOOI,1.4960000000000946
0.548518714578491,3,100,1000,5,6000,A3,HOOI,1.4960000000000946
12.978749477619377,3,100,1000,5,6000,core,HOOI,1.4960000000000946
1.9412407049587692,3,100,1000,5,6000,A1,Olga,0.9549999999999272
0.025691572341323108,3,100,1000,5,6000,A2,Olga,0.9549999999999272
1.3163351673853518,3,100,1000,5,6000,A3,Tracy,0.9549999999999272
13.037185543495822,3,100,1000,5,6000,core,Tracy_Olga,0.9549999999999272
4.791449845870886,3,100,4991,5,6000,A1,NTD,327.16100000000006
0.4254537520125529,3,100,4991,5,6000,A2,NTD,327.16100000000006
4988.0426340982485,3,100,4991,5,6000,A3,NTD,327.16100000000006
11.923698467238609,3,100,4991,5,6000,core,NTD,327.16100000000006
2.359476035604915,3,100,4991,5,6000,A1,Ours,9.988000000000284
0.03415987063629506,3,100,4991,5,6000,A2,Ours,9.988000000000284
2.4859606784726287,3,100,4991,5,6000,A3,Ours,9.988000000000284
13.43428326623338,3,100,4991,5,6000,core,Ours,9.988000000000284
2.359476035604915,3,100,4991,5,6000,A1,HOSVD,3.405999999999949
0.03415987063629506,3,100,4991,5,6000,A2,HOSVD,3.405999999999949
2.480006614533118,3,100,4991,5,6000,A3,HOSVD,3.405999999999949
13.432143372393666,3,100,4991,5,6000,core,HOSVD,3.405999999999949
2.3444067086110554,3,100,4991,5,6000,A1,HOOI,8.50500000000011
0.033383808338840214,3,100,4991,5,6000,A2,HOOI,8.50500000000011
2.4801349830406543,3,100,4991,5,6000,A3,HOOI,8.50500000000011
13.429768795295075,3,100,4991,5,6000,core,HOOI,8.50500000000011
2.3213910337806705,3,100,4991,5,6000,A1,Olga,5.261999999999716
0.04705010311564241,3,100,4991,5,6000,A2,Olga,5.261999999999716
2.9538272050104246,3,100,4991,5,6000,A3,Tracy,5.261999999999716
13.418229556855461,3,100,4991,5,6000,core,Tracy_Olga,5.261999999999716
6.925793430005053,3,100,9980,5,6000,A1,NTD,678.768
0.2417757134407551,3,100,9980,5,6000,A2,NTD,678.768
9977.05379089624,3,100,9980,5,6000,A3,NTD,678.768
12.106621596704802,3,100,9980,5,6000,core,NTD,678.768
2.262047152415126,3,100,9980,5,6000,A1,Ours,28.711999999999534
0.013188912213182085,3,100,9980,5,6000,A2,Ours,28.711999999999534
2.500617849314881,3,100,9980,5,6000,A3,Ours,28.711999999999534
13.01125712281308,3,100,9980,5,6000,core,Ours,28.711999999999534
2.262047152415126,3,100,9980,5,6000,A1,HOSVD,6.4539999999997235
0.013188912213182085,3,100,9980,5,6000,A2,HOSVD,6.4539999999997235
2.480156100606882,3,100,9980,5,6000,A3,HOSVD,6.4539999999997235
13.000829297742142,3,100,9980,5,6000,core,HOSVD,6.4539999999997235
2.265811773981434,3,100,9980,5,6000,A1,HOOI,25.766999999999825
0.013727092147436818,3,100,9980,5,6000,A2,HOOI,25.766999999999825
2.4810831182979425,3,100,9980,5,6000,A3,HOOI,25.766999999999825
13.001236182235628,3,100,9980,5,6000,core,HOOI,25.766999999999825
2.358575420332402,3,100,9980,5,6000,A1,Olga,13.451000000000022
0.2532394078959775,3,100,9980,5,6000,A2,Olga,13.451000000000022
2.8981445320743475,3,100,9980,5,6000,A3,Tracy,13.451000000000022
12.969865060867635,3,100,9980,5,6000,core,Tracy_Olga,13.451000000000022
2.560871423713152,3,100,1000,5,7000,A1,NTD,63.26099999999951
0.41051803422884464,3,100,1000,5,7000,A2,NTD,63.26099999999951
997.0002054886301,3,100,1000,5,7000,A3,NTD,63.26099999999951
10.198752148279109,3,100,1000,5,7000,core,NTD,63.26099999999951
2.5747736405646227,3,100,1000,5,7000,A1,Ours,1.037000000000262
0.014016367403751109,3,100,1000,5,7000,A2,Ours,1.037000000000262
0.07198401659373742,3,100,1000,5,7000,A3,Ours,1.037000000000262
12.707482598417275,3,100,1000,5,7000,core,Ours,1.037000000000262
2.5747736405646227,3,100,1000,5,7000,A1,HOSVD,0.863999999999578
0.014016367403751109,3,100,1000,5,7000,A2,HOSVD,0.863999999999578
0.07194378131534802,3,100,1000,5,7000,A3,HOSVD,0.863999999999578
12.707412883543041,3,100,1000,5,7000,core,HOSVD,0.863999999999578
2.57696049752635,3,100,1000,5,7000,A1,HOOI,1.4859999999998763
0.016150441795992558,3,100,1000,5,7000,A2,HOOI,1.4859999999998763
0.07200559391891853,3,100,1000,5,7000,A3,HOOI,1.4859999999998763
12.707403058765541,3,100,1000,5,7000,core,HOOI,1.4859999999998763
2.0036521346112397,3,100,1000,5,7000,A1,Olga,0.9630000000006476
0.0050847778750556455,3,100,1000,5,7000,A2,Olga,0.9630000000006476
1.393535330877141,3,100,1000,5,7000,A3,Tracy,0.9630000000006476
13.042920175241742,3,100,1000,5,7000,core,Tracy_Olga,0.9630000000006476
2.515905917516258,3,100,4993,5,7000,A1,NTD,333.826
0.16436210786954505,3,100,4993,5,7000,A2,NTD,333.826
4990.038593234952,3,100,4993,5,7000,A3,NTD,333.826
12.708164300775763,3,100,4993,5,7000,core,NTD,333.826
2.281570978333165,3,100,4993,5,7000,A1,Ours,9.833999999999833
0.016021826023162242,3,100,4993,5,7000,A2,Ours,9.833999999999833
2.4947595607219117,3,100,4993,5,7000,A3,Ours,9.833999999999833
13.011854879537823,3,100,4993,5,7000,core,Ours,9.833999999999833
2.281570978333165,3,100,4993,5,7000,A1,HOSVD,3.355999999999767
0.016021826023162242,3,100,4993,5,7000,A2,HOSVD,3.355999999999767
2.4909505315167912,3,100,4993,5,7000,A3,HOSVD,3.355999999999767
13.009931168082081,3,100,4993,5,7000,core,HOSVD,3.355999999999767
2.2864456983621797,3,100,4993,5,7000,A1,HOOI,8.552999999999884
0.01513725516848878,3,100,4993,5,7000,A2,HOOI,8.552999999999884
2.4906878161284522,3,100,4993,5,7000,A3,HOOI,8.552999999999884
12.998944045106036,3,100,4993,5,7000,core,HOOI,8.552999999999884
1.9542887561559108,3,100,4993,5,7000,A1,Olga,5.299999999999272
0.05156401191966778,3,100,4993,5,7000,A2,Olga,5.299999999999272
2.8967858523204773,3,100,4993,5,7000,A3,Tracy,5.299999999999272
12.97855705568999,3,100,4993,5,7000,core,Tracy_Olga,5.299999999999272
7.0574374879991355,3,100,9975,5,7000,A1,NTD,692.271999999999
0.6583379204426677,3,100,9975,5,7000,A2,NTD,692.271999999999
9972.045869995083,3,100,9975,5,7000,A3,NTD,692.271999999999
9.828008797596526,3,100,9975,5,7000,core,NTD,692.271999999999
2.8345299577691314,3,100,9975,5,7000,A1,Ours,32.8809999999994
0.018634931479727036,3,100,9975,5,7000,A2,Ours,32.8809999999994
2.5001349408524756,3,100,9975,5,7000,A3,Ours,32.8809999999994
12.997247691328829,3,100,9975,5,7000,core,Ours,32.8809999999994
2.8345299577691314,3,100,9975,5,7000,A1,HOSVD,6.390999999999622
0.018634931479727036,3,100,9975,5,7000,A2,HOSVD,6.390999999999622
2.4849484599921077,3,100,9975,5,7000,A3,HOSVD,6.390999999999622
12.989539795165781,3,100,9975,5,7000,core,HOSVD,6.390999999999622
2.830111763589183,3,100,9975,5,7000,A1,HOOI,29.295000000000073
0.018052329274702107,3,100,9975,5,7000,A2,HOOI,29.295000000000073
2.4857507632021125,3,100,9975,5,7000,A3,HOOI,29.295000000000073
12.987854895351282,3,100,9975,5,7000,core,HOOI,29.295000000000073
2.6485425554160757,3,100,9975,5,7000,A1,Olga,13.822000000000116
0.2910229779404963,3,100,9975,5,7000,A2,Olga,13.822000000000116
2.9078689972406355,3,100,9975,5,7000,A3,Tracy,13.822000000000116
13.42479829129911,3,100,9975,5,7000,core,Tracy_Olga,13.822000000000116
19.186072815718912,3,100,1000,5,8000,A1,NTD,63.07800000000134
0.41373381162039685,3,100,1000,5,8000,A2,NTD,63.07800000000134
997.0000289644756,3,100,1000,5,8000,A3,NTD,63.07800000000134
10.578363024155651,3,100,1000,5,8000,core,NTD,63.07800000000134
2.102139345366225,3,100,1000,5,8000,A1,Ours,1.0300000000006548
0.014448052680263494,3,100,1000,5,8000,A2,Ours,1.0300000000006548
0.13936230629003052,3,100,1000,5,8000,A3,Ours,1.0300000000006548
12.80252005570438,3,100,1000,5,8000,core,Ours,1.0300000000006548
2.102139345366225,3,100,1000,5,8000,A1,HOSVD,0.8659999999999854
0.014448052680263494,3,100,1000,5,8000,A2,HOSVD,0.8659999999999854
0.1393274073278086,3,100,1000,5,8000,A3,HOSVD,0.8659999999999854
12.802471271464404,3,100,1000,5,8000,core,HOSVD,0.8659999999999854
2.107709837337427,3,100,1000,5,8000,A1,HOOI,1.4650000000001455
0.012754201772801918,3,100,1000,5,8000,A2,HOOI,1.4650000000001455
0.14347134557652383,3,100,1000,5,8000,A3,HOOI,1.4650000000001455
12.80509618363661,3,100,1000,5,8000,core,HOOI,1.4650000000001455
1.851641134175132,3,100,1000,5,8000,A1,Olga,0.9590000000007421
0.029443235962387772,3,100,1000,5,8000,A2,Olga,0.9590000000007421
1.3360645468613008,3,100,1000,5,8000,A3,Tracy,0.9590000000007421
12.908881447909327,3,100,1000,5,8000,core,Tracy_Olga,0.9590000000007421
2.6614984714257766,3,100,4993,5,8000,A1,NTD,325.634
2.1150172130849936,3,100,4993,5,8000,A2,NTD,325.634
4990.035697187749,3,100,4993,5,8000,A3,NTD,325.634
12.997198944535812,3,100,4993,5,8000,core,NTD,325.634
1.8960297113387012,3,100,4993,5,8000,A1,Ours,9.818999999999505
0.006769892725531705,3,100,4993,5,8000,A2,Ours,9.818999999999505
2.4929663992948057,3,100,4993,5,8000,A3,Ours,9.818999999999505
12.92074799731773,3,100,4993,5,8000,core,Ours,9.818999999999505
1.8960297113387012,3,100,4993,5,8000,A1,HOSVD,3.4179999999996653
0.006769892725531705,3,100,4993,5,8000,A2,HOSVD,3.4179999999996653
2.481697844401114,3,100,4993,5,8000,A3,HOSVD,3.4179999999996653
12.983359773584214,3,100,4993,5,8000,core,HOSVD,3.4179999999996653
1.876847145632959,3,100,4993,5,8000,A1,HOOI,8.72400000000016
0.005357716449552939,3,100,4993,5,8000,A2,HOOI,8.72400000000016
2.4820160246287686,3,100,4993,5,8000,A3,HOOI,8.72400000000016
12.987718147551691,3,100,4993,5,8000,core,HOOI,8.72400000000016
1.9449096219729172,3,100,4993,5,8000,A1,Olga,5.2520000000004075
0.019288638379048532,3,100,4993,5,8000,A2,Olga,5.2520000000004075
2.94500762066004,3,100,4993,5,8000,A3,Tracy,5.2520000000004075
12.901465324967086,3,100,4993,5,8000,core,Tracy_Olga,5.2520000000004075
2.4737366890297428,3,100,9983,5,8000,A1,NTD,724.5419999999995
1.3087497987852563,3,100,9983,5,8000,A2,NTD,724.5419999999995
9980.043754139897,3,100,9983,5,8000,A3,NTD,724.5419999999995
11.69133290250573,3,100,9983,5,8000,core,NTD,724.5419999999995
2.1893220140600262,3,100,9983,5,8000,A1,Ours,28.627999999998792
0.013986214093895272,3,100,9983,5,8000,A2,Ours,28.627999999998792
2.479246441807529,3,100,9983,5,8000,A3,Ours,28.627999999998792
12.984701860560824,3,100,9983,5,8000,core,Ours,28.627999999998792
2.1893220140600262,3,100,9983,5,8000,A1,HOSVD,6.131999999999607
0.013986214093895272,3,100,9983,5,8000,A2,HOSVD,6.131999999999607
2.467804003734466,3,100,9983,5,8000,A3,HOSVD,6.131999999999607
12.979081977481922,3,100,9983,5,8000,core,HOSVD,6.131999999999607
2.184419834802994,3,100,9983,5,8000,A1,HOOI,21.546000000000276
0.014440189910599581,3,100,9983,5,8000,A2,HOOI,21.546000000000276
2.4684190755539626,3,100,9983,5,8000,A3,HOOI,21.546000000000276
12.983330650858319,3,100,9983,5,8000,core,HOOI,21.546000000000276
2.292909907127517,3,100,9983,5,8000,A1,Olga,13.781999999999243
0.1205914545710526,3,100,9983,5,8000,A2,Olga,13.781999999999243
2.8849756543316563,3,100,9983,5,8000,A3,Tracy,13.781999999999243
12.954499936335223,3,100,9983,5,8000,core,Tracy_Olga,13.781999999999243
3.702320241372701,3,100,1000,5,9000,A1,NTD,63.71600000000035
1.7931824242642262,3,100,1000,5,9000,A2,NTD,63.71600000000035
997.0001109551768,3,100,1000,5,9000,A3,NTD,63.71600000000035
12.89905922477554,3,100,1000,5,9000,core,NTD,63.71600000000035
2.011525525803319,3,100,1000,5,9000,A1,Ours,1.1159999999999854
0.021594378781951484,3,100,1000,5,9000,A2,Ours,1.1159999999999854
0.3701300907706124,3,100,1000,5,9000,A3,Ours,1.1159999999999854
13.0557686603679,3,100,1000,5,9000,core,Ours,1.1159999999999854
2.011525525803319,3,100,1000,5,9000,A1,HOSVD,0.8729999999995925
0.021594378781951484,3,100,1000,5,9000,A2,HOSVD,0.8729999999995925
0.3700774088950434,3,100,1000,5,9000,A3,HOSVD,0.8729999999995925
13.055723331579905,3,100,1000,5,9000,core,HOSVD,0.8729999999995925
2.009463408133431,3,100,1000,5,9000,A1,HOOI,1.4750000000003638
0.01968699267781949,3,100,1000,5,9000,A2,HOOI,1.4750000000003638
0.3733956777899524,3,100,1000,5,9000,A3,HOOI,1.4750000000003638
13.056935263489294,3,100,1000,5,9000,core,HOOI,1.4750000000003638
1.8154543239035061,3,100,1000,5,9000,A1,Olga,0.9539999999997235
0.009106118842460034,3,100,1000,5,9000,A2,Olga,0.9539999999997235
1.4399630688472809,3,100,1000,5,9000,A3,Tracy,0.9539999999997235
13.06944660848863,3,100,1000,5,9000,core,Tracy_Olga,0.9539999999997235
