error,K,Q1,R,Q2,M,mode,method,time
6.403832351947159,3,100,100,5,100,A1,NTD,4.430999999999999
2.564211736800257,3,100,100,5,100,A2,NTD,4.430999999999999
97.00973142546293,3,100,100,5,100,A3,NTD,4.430999999999999
10.971263835028418,3,100,100,5,100,core,NTD,4.430999999999999
17.422017563337814,3,100,100,5,100,A1,Ours,3.2560000000000002
0.06794495765891186,3,100,100,5,100,A2,Ours,3.2560000000000002
0.4058847524001161,3,100,100,5,100,A3,Ours,3.2560000000000002
6.595429348725302,3,100,100,5,100,core,Ours,3.2560000000000002
17.422017563337814,3,100,100,5,100,A1,HOSVD,2.263
0.06794495765891186,3,100,100,5,100,A2,HOSVD,2.263
0.42506409214330493,3,100,100,5,100,A3,HOSVD,2.263
6.577929378289294,3,100,100,5,100,core,HOSVD,2.263
15.979496700840611,3,100,100,5,100,A1,HOOI,2.394000000000002
0.05118046315165296,3,100,100,5,100,A2,HOOI,2.394000000000002
0.32834857938390327,3,100,100,5,100,A3,HOOI,2.394000000000002
11.13476638280584,3,100,100,5,100,core,HOOI,2.394000000000002
19.305549316216197,3,100,100,5,100,A1,Olga,1.779
0.14338804154982962,3,100,100,5,100,A2,Olga,1.779
1.0599584561061999,3,100,100,5,100,A3,Tracy,1.779
8.522629447560584,3,100,100,5,100,core,Tracy_Olga,1.779
6.2876624150801375,3,100,499,5,100,A1,NTD,20.501
3.882053157868694,3,100,499,5,100,A2,NTD,20.501
496.1959141541065,3,100,499,5,100,A3,NTD,20.501
9.41303903448087,3,100,499,5,100,core,NTD,20.501
18.985997657571524,3,100,499,5,100,A1,Ours,3.1539999999999964
0.07078335436416747,3,100,499,5,100,A2,Ours,3.1539999999999964
2.912953515709617,3,100,499,5,100,A3,Ours,3.1539999999999964
10.216194366726324,3,100,499,5,100,core,Ours,3.1539999999999964
18.985997657571524,3,100,499,5,100,A1,HOSVD,3.977000000000004
0.07078335436416747,3,100,499,5,100,A2,HOSVD,3.977000000000004
2.5000628241663847,3,100,499,5,100,A3,HOSVD,3.977000000000004
11.497997768817571,3,100,499,5,100,core,HOSVD,3.977000000000004
18.402019905905735,3,100,499,5,100,A1,HOOI,4.283999999999999
0.07230084055121634,3,100,499,5,100,A2,HOOI,4.283999999999999
2.5682127911790245,3,100,499,5,100,A3,HOOI,4.283999999999999
11.94568566062413,3,100,499,5,100,core,HOOI,4.283999999999999
17.617953428547427,3,100,499,5,100,A1,Olga,2.783999999999999
0.23084509221811098,3,100,499,5,100,A2,Olga,2.783999999999999
2.7863287183405623,3,100,499,5,100,A3,Tracy,2.783999999999999
6.265998115122829,3,100,499,5,100,core,Tracy_Olga,2.783999999999999
15.391675759415282,3,100,982,5,100,A1,NTD,38.756
4.414570366565557,3,100,982,5,100,A2,NTD,38.756
979.2574615369375,3,100,982,5,100,A3,NTD,38.756
10.112430708159721,3,100,982,5,100,core,NTD,38.756
17.913380274377044,3,100,982,5,100,A1,Ours,11.156000000000006
0.11999425586304384,3,100,982,5,100,A2,Ours,11.156000000000006
3.450080981983545,3,100,982,5,100,A3,Ours,11.156000000000006
10.000015881763341,3,100,982,5,100,core,Ours,11.156000000000006
17.913380274377044,3,100,982,5,100,A1,HOSVD,10.290999999999997
0.11999425586304384,3,100,982,5,100,A2,HOSVD,10.290999999999997
2.6623299387842545,3,100,982,5,100,A3,HOSVD,10.290999999999997
12.188741600029934,3,100,982,5,100,core,HOSVD,10.290999999999997
18.073283702615175,3,100,982,5,100,A1,HOOI,11.549999999999983
0.07884606324206268,3,100,982,5,100,A2,HOOI,11.549999999999983
2.9011118117702113,3,100,982,5,100,A3,HOOI,11.549999999999983
11.134578476079009,3,100,982,5,100,core,HOOI,11.549999999999983
34.078515579261236,3,100,982,5,100,A1,Olga,6.595999999999975
1.0898824814814756,3,100,982,5,100,A2,Olga,6.595999999999975
2.8864401900762973,3,100,982,5,100,A3,Tracy,6.595999999999975
6.397601638947045,3,100,982,5,100,core,Tracy_Olga,6.595999999999975
76.74492338986259,3,100,2382,5,100,A1,NTD,85.51500000000001
4.134051059689317,3,100,2382,5,100,A2,NTD,85.51500000000001
2379.3764320367486,3,100,2382,5,100,A3,NTD,85.51500000000001
8.924822440848608,3,100,2382,5,100,core,NTD,85.51500000000001
22.843464528928884,3,100,2382,5,100,A1,Ours,1.7660000000000196
0.1027550039578816,3,100,2382,5,100,A2,Ours,1.7660000000000196
4.387536612023911,3,100,2382,5,100,A3,Ours,1.7660000000000196
14.340312190623699,3,100,2382,5,100,core,Ours,1.7660000000000196
22.843464528928884,3,100,2382,5,100,A1,HOSVD,1.1839999999999975
0.1027550039578816,3,100,2382,5,100,A2,HOSVD,1.1839999999999975
3.0087480708952707,3,100,2382,5,100,A3,HOSVD,1.1839999999999975
12.176394572672807,3,100,2382,5,100,core,HOSVD,1.1839999999999975
22.622712011185495,3,100,2382,5,100,A1,HOOI,7.7690000000000055
0.10661437410674235,3,100,2382,5,100,A2,HOOI,7.7690000000000055
4.334671203164345,3,100,2382,5,100,A3,HOOI,7.7690000000000055
7.219042266105113,3,100,2382,5,100,core,HOOI,7.7690000000000055
39.86451263922953,3,100,2382,5,100,A1,Olga,4.634999999999991
1.501723623903125,3,100,2382,5,100,A2,Olga,4.634999999999991
2.952717816446804,3,100,2382,5,100,A3,Tracy,4.634999999999991
8.57327239934747,3,100,2382,5,100,core,Tracy_Olga,4.634999999999991
116.0586935340743,3,100,4528,5,100,A1,NTD,162.75400000000002
2.565980322408391,3,100,4528,5,100,A2,NTD,162.75400000000002
4525.478812146731,3,100,4528,5,100,A3,NTD,162.75400000000002
9.666470056153912,3,100,4528,5,100,core,NTD,162.75400000000002
17.352587930735496,3,100,4528,5,100,A1,Ours,6.2620000000000005
0.1037887155695018,3,100,4528,5,100,A2,Ours,6.2620000000000005
5.300245878645089,3,100,4528,5,100,A3,Ours,6.2620000000000005
12.929662987308904,3,100,4528,5,100,core,Ours,6.2620000000000005
17.352587930735496,3,100,4528,5,100,A1,HOSVD,5.109000000000037
0.1037887155695018,3,100,4528,5,100,A2,HOSVD,5.109000000000037
3.104901926514807,3,100,4528,5,100,A3,HOSVD,5.109000000000037
12.704047748369542,3,100,4528,5,100,core,HOSVD,5.109000000000037
17.21800982150408,3,100,4528,5,100,A1,HOOI,13.649000000000001
0.10528396419423028,3,100,4528,5,100,A2,HOOI,13.649000000000001
3.905446726666462,3,100,4528,5,100,A3,HOOI,13.649000000000001
14.169667476526714,3,100,4528,5,100,core,HOOI,13.649000000000001
73.0226198142428,3,100,4528,5,100,A1,Olga,15.867999999999995
2.7023250417966356,3,100,4528,5,100,A2,Olga,15.867999999999995
3.053296024443603,3,100,4528,5,100,A3,Tracy,15.867999999999995
9.142326314062098,3,100,4528,5,100,core,Tracy_Olga,15.867999999999995
113.49438366731427,3,100,5313,5,100,A1,NTD,190.18900000000002
2.5659694626784226,3,100,5313,5,100,A2,NTD,190.18900000000002
5310.557082458221,3,100,5313,5,100,A3,NTD,190.18900000000002
9.885478982120263,3,100,5313,5,100,core,NTD,190.18900000000002
19.24373455853647,3,100,5313,5,100,A1,Ours,6.246999999999957
0.19618294446744458,3,100,5313,5,100,A2,Ours,6.246999999999957
4.2427917828096176,3,100,5313,5,100,A3,Ours,6.246999999999957
11.921419828218696,3,100,5313,5,100,core,Ours,6.246999999999957
19.24373455853647,3,100,5313,5,100,A1,HOSVD,2.33299999999997
0.19618294446744458,3,100,5313,5,100,A2,HOSVD,2.33299999999997
3.7387391571262465,3,100,5313,5,100,A3,HOSVD,2.33299999999997
9.119207975003652,3,100,5313,5,100,core,HOSVD,2.33299999999997
19.24495254227515,3,100,5313,5,100,A1,HOOI,7.5330000000000155
0.12418661781736176,3,100,5313,5,100,A2,HOOI,7.5330000000000155
3.397161672055893,3,100,5313,5,100,A3,HOOI,7.5330000000000155
8.974254824278713,3,100,5313,5,100,core,HOOI,7.5330000000000155
60.88602914438802,3,100,5313,5,100,A1,Olga,2.62600000000009
2.246647992039292,3,100,5313,5,100,A2,Olga,2.62600000000009
3.033701053444567,3,100,5313,5,100,A3,Tracy,2.62600000000009
6.217180555352047,3,100,5313,5,100,core,Tracy_Olga,2.62600000000009
109.91964101524943,3,100,6085,5,100,A1,NTD,207.15100000000007
2.5659433870865946,3,100,6085,5,100,A2,NTD,207.15100000000007
6082.502616491838,3,100,6085,5,100,A3,NTD,207.15100000000007
9.61084022829137,3,100,6085,5,100,core,NTD,207.15100000000007
18.84865226989644,3,100,6085,5,100,A1,Ours,6.559999999999945
0.14781562411654692,3,100,6085,5,100,A2,Ours,6.559999999999945
5.422377315926569,3,100,6085,5,100,A3,Ours,6.559999999999945
9.8439010433868,3,100,6085,5,100,core,Ours,6.559999999999945
18.84865226989644,3,100,6085,5,100,A1,HOSVD,2.005999999999972
0.14781562411654692,3,100,6085,5,100,A2,HOSVD,2.005999999999972
3.8249644236311693,3,100,6085,5,100,A3,HOSVD,2.005999999999972
7.1519460436119084,3,100,6085,5,100,core,HOSVD,2.005999999999972
18.915406017868047,3,100,6085,5,100,A1,HOOI,8.279999999999973
0.05337957816681267,3,100,6085,5,100,A2,HOOI,8.279999999999973
4.915010864900083,3,100,6085,5,100,A3,HOOI,8.279999999999973
10.996556226084852,3,100,6085,5,100,core,HOOI,8.279999999999973
66.9714774140505,3,100,6085,5,100,A1,Olga,3.312999999999988
2.4817269873148167,3,100,6085,5,100,A2,Olga,3.312999999999988
3.9855027380781403,3,100,6085,5,100,A3,Tracy,3.312999999999988
8.114906405147808,3,100,6085,5,100,core,Tracy_Olga,3.312999999999988
116.52098596187683,3,100,6799,5,100,A1,NTD,218.8069999999999
1.7037850077421137,3,100,6799,5,100,A2,NTD,218.8069999999999
6796.583273691038,3,100,6799,5,100,A3,NTD,218.8069999999999
9.553733086762792,3,100,6799,5,100,core,NTD,218.8069999999999
21.976245642300242,3,100,6799,5,100,A1,Ours,11.671000000000049
0.06811791268530984,3,100,6799,5,100,A2,Ours,11.671000000000049
4.637093649133467,3,100,6799,5,100,A3,Ours,11.671000000000049
8.733239206281928,3,100,6799,5,100,core,Ours,11.671000000000049
21.976245642300242,3,100,6799,5,100,A1,HOSVD,6.089999999999918
0.06811791268530984,3,100,6799,5,100,A2,HOSVD,6.089999999999918
2.894241634503271,3,100,6799,5,100,A3,HOSVD,6.089999999999918
11.912224151321006,3,100,6799,5,100,core,HOSVD,6.089999999999918
20.793721760528452,3,100,6799,5,100,A1,HOOI,15.051999999999907
0.07063122103995376,3,100,6799,5,100,A2,HOOI,15.051999999999907
4.160423385472509,3,100,6799,5,100,A3,HOOI,15.051999999999907
7.224675479874863,3,100,6799,5,100,core,HOOI,15.051999999999907
73.08540998631284,3,100,6799,5,100,A1,Olga,4.310999999999922
2.4630879687167107,3,100,6799,5,100,A2,Olga,4.310999999999922
3.9501913061176572,3,100,6799,5,100,A3,Tracy,4.310999999999922
9.155212439359099,3,100,6799,5,100,core,Tracy_Olga,4.310999999999922
114.32258525287634,3,100,7540,5,100,A1,NTD,238.75599999999986
4.5659383666946525,3,100,7540,5,100,A2,NTD,238.75599999999986
7537.57247002193,3,100,7540,5,100,A3,NTD,238.75599999999986
8.837818841838708,3,100,7540,5,100,core,NTD,238.75599999999986
23.587091326487663,3,100,7540,5,100,A1,Ours,8.982999999999947
0.05636293978823441,3,100,7540,5,100,A2,Ours,8.982999999999947
5.2601694994408845,3,100,7540,5,100,A3,Ours,8.982999999999947
11.02941051844009,3,100,7540,5,100,core,Ours,8.982999999999947
23.587091326487663,3,100,7540,5,100,A1,HOSVD,2.93100000000004
0.05636293978823441,3,100,7540,5,100,A2,HOSVD,2.93100000000004
3.171431091277029,3,100,7540,5,100,A3,HOSVD,2.93100000000004
12.438361021850488,3,100,7540,5,100,core,HOSVD,2.93100000000004
23.11830963598134,3,100,7540,5,100,A1,HOOI,9.63000000000011
0.0844110490740104,3,100,7540,5,100,A2,HOOI,9.63000000000011
3.865686966569948,3,100,7540,5,100,A3,HOOI,9.63000000000011
8.235313625577723,3,100,7540,5,100,core,HOOI,9.63000000000011
78.72327767794668,3,100,7540,5,100,A1,Olga,4.360000000000127
2.6192857094615705,3,100,7540,5,100,A2,Olga,4.360000000000127
3.237488017269613,3,100,7540,5,100,A3,Tracy,4.360000000000127
10.216858045918944,3,100,7540,5,100,core,Tracy_Olga,4.360000000000127
120.71947038867486,3,100,8185,5,100,A1,NTD,261.66599999999994
4.565953127777068,3,100,8185,5,100,A2,NTD,261.66599999999994
8182.604776864888,3,100,8185,5,100,A3,NTD,261.66599999999994
9.545213955624583,3,100,8185,5,100,core,NTD,261.66599999999994
22.545011759234704,3,100,8185,5,100,A1,Ours,20.037000000000035
0.06637828801633458,3,100,8185,5,100,A2,Ours,20.037000000000035
4.564602628411572,3,100,8185,5,100,A3,Ours,20.037000000000035
10.999651428653182,3,100,8185,5,100,core,Ours,20.037000000000035
22.290283457000466,3,100,8185,5,100,A1,HOOI,24.269999999999982
0.06767384627640491,3,100,8185,5,100,A2,HOOI,24.269999999999982
3.3577759121074275,3,100,8185,5,100,A3,HOOI,24.269999999999982
8.944572114806792,3,100,8185,5,100,core,HOOI,24.269999999999982
84.2549389814582,3,100,8185,5,100,A1,Olga,13.573000000000093
2.6255712641824522,3,100,8185,5,100,A2,Olga,13.573000000000093
4.292149826788126,3,100,8185,5,100,A3,Tracy,13.573000000000093
8.9488148132103,3,100,8185,5,100,core,Tracy_Olga,13.573000000000093
5.853437404288027,3,100,100,5,3000,A1,NTD,3.6740000000002055
0.32506627353015516,3,100,100,5,3000,A2,NTD,3.6740000000002055
97.00002138439963,3,100,100,5,3000,A3,NTD,3.6740000000002055
10.518541119441903,3,100,100,5,3000,core,NTD,3.6740000000002055
3.081950482034039,3,100,100,5,3000,A1,Ours,3.7789999999999964
0.0068289161305574745,3,100,100,5,3000,A2,Ours,3.7789999999999964
0.05183442741213792,3,100,100,5,3000,A3,Ours,3.7789999999999964
6.757816444400687,3,100,100,5,3000,core,Ours,3.7789999999999964
3.081950482034039,3,100,100,5,3000,A1,HOSVD,4.819999999999936
0.0068289161305574745,3,100,100,5,3000,A2,HOSVD,4.819999999999936
0.05182768812563349,3,100,100,5,3000,A3,HOSVD,4.819999999999936
6.757790128384334,3,100,100,5,3000,core,HOSVD,4.819999999999936
3.0543919005528815,3,100,100,5,3000,A1,HOOI,5.2849999999998545
0.005882747173819154,3,100,100,5,3000,A2,HOOI,5.2849999999998545
0.05249242641574826,3,100,100,5,3000,A3,HOOI,5.2849999999998545
6.7628489233035936,3,100,100,5,3000,core,HOOI,5.2849999999998545
3.124882999036285,3,100,100,5,3000,A1,Olga,3.1019999999998618
0.013781115938358785,3,100,100,5,3000,A2,Olga,3.1019999999998618
0.92667479054338,3,100,100,5,3000,A3,Tracy,3.1019999999998618
11.86757988050156,3,100,100,5,3000,core,Tracy_Olga,3.1019999999998618
1.9763718168481215,3,100,500,5,3000,A1,NTD,14.178000000000111
0.28285981355831963,3,100,500,5,3000,A2,NTD,14.178000000000111
497.00001972860645,3,100,500,5,3000,A3,NTD,14.178000000000111
9.846780191670403,3,100,500,5,3000,core,NTD,14.178000000000111
3.3194494806368047,3,100,500,5,3000,A1,Ours,4.058999999999969
0.0014315145322211966,3,100,500,5,3000,A2,Ours,4.058999999999969
0.37465237678287383,3,100,500,5,3000,A3,Ours,4.058999999999969
11.785746555715157,3,100,500,5,3000,core,Ours,4.058999999999969
3.3194494806368047,3,100,500,5,3000,A1,HOSVD,6.007999999999811
0.0014315145322211966,3,100,500,5,3000,A2,HOSVD,6.007999999999811
0.37431708286680365,3,100,500,5,3000,A3,HOSVD,6.007999999999811
11.786039381565637,3,100,500,5,3000,core,HOSVD,6.007999999999811
3.3210434801502906,3,100,500,5,3000,A1,HOOI,7.617999999999938
0.004861900596316425,3,100,500,5,3000,A2,HOOI,7.617999999999938
0.33478420176082474,3,100,500,5,3000,A3,HOOI,7.617999999999938
11.810883030546247,3,100,500,5,3000,core,HOOI,7.617999999999938
2.9500347125457917,3,100,500,5,3000,A1,Olga,7.002999999999929
0.013732264835235283,3,100,500,5,3000,A2,Olga,7.002999999999929
1.3407155021007233,3,100,500,5,3000,A3,Tracy,7.002999999999929
11.726824911894967,3,100,500,5,3000,core,Tracy_Olga,7.002999999999929
3.7434079160101845,3,100,1000,5,3000,A1,NTD,32.63200000000006
0.13557852717844374,3,100,1000,5,3000,A2,NTD,32.63200000000006
997.000538162319,3,100,1000,5,3000,A3,NTD,32.63200000000006
8.736988731042194,3,100,1000,5,3000,core,NTD,32.63200000000006
4.096869042089502,3,100,1000,5,3000,A1,Ours,5.1440000000000055
0.01857244101959153,3,100,1000,5,3000,A2,Ours,5.1440000000000055
0.21989570057822116,3,100,1000,5,3000,A3,Ours,5.1440000000000055
11.937649538051362,3,100,1000,5,3000,core,Ours,5.1440000000000055
4.096869042089502,3,100,1000,5,3000,A1,HOSVD,6.45900000000006
0.01857244101959153,3,100,1000,5,3000,A2,HOSVD,6.45900000000006
0.2192839848520147,3,100,1000,5,3000,A3,HOSVD,6.45900000000006
11.938437517741036,3,100,1000,5,3000,core,HOSVD,6.45900000000006
4.0762874084334495,3,100,1000,5,3000,A1,HOOI,6.912000000000035
0.019064250991495606,3,100,1000,5,3000,A2,HOOI,6.912000000000035
0.2039533482829473,3,100,1000,5,3000,A3,HOOI,6.912000000000035
11.944978036066624,3,100,1000,5,3000,core,HOOI,6.912000000000035
2.5701811381082496,3,100,1000,5,3000,A1,Olga,4.863000000000056
0.0234285362123566,3,100,1000,5,3000,A2,Olga,4.863000000000056
1.3737036496388728,3,100,1000,5,3000,A3,Tracy,4.863000000000056
11.863932271955484,3,100,1000,5,3000,core,Tracy_Olga,4.863000000000056
59.80463309577998,3,100,2498,5,3000,A1,NTD,87.04899999999998
0.41018574045494627,3,100,2498,5,3000,A2,NTD,87.04899999999998
2495.023812784089,3,100,2498,5,3000,A3,NTD,87.04899999999998
8.684934215740562,3,100,2498,5,3000,core,NTD,87.04899999999998
4.072998316691579,3,100,2498,5,3000,A1,Ours,1.8659999999999854
0.026095832721201813,3,100,2498,5,3000,A2,Ours,1.8659999999999854
2.6059631379509534,3,100,2498,5,3000,A3,Ours,1.8659999999999854
11.65288577225782,3,100,2498,5,3000,core,Ours,1.8659999999999854
4.072998316691579,3,100,2498,5,3000,A1,HOSVD,0.8840000000000146
0.026095832721201813,3,100,2498,5,3000,A2,HOSVD,0.8840000000000146
2.599109069675093,3,100,2498,5,3000,A3,HOSVD,0.8840000000000146
11.65949917366767,3,100,2498,5,3000,core,HOSVD,0.8840000000000146
4.046165088759823,3,100,2498,5,3000,A1,HOOI,2.3250000000000455
0.024216735793253875,3,100,2498,5,3000,A2,HOOI,2.3250000000000455
2.6015746348480198,3,100,2498,5,3000,A3,HOOI,2.3250000000000455
11.63364424433617,3,100,2498,5,3000,core,HOOI,2.3250000000000455
3.616200476961303,3,100,2498,5,3000,A1,Olga,1.1599999999998545
0.07088944687149293,3,100,2498,5,3000,A2,Olga,1.1599999999998545
2.8751014608256433,3,100,2498,5,3000,A3,Tracy,1.1599999999998545
11.631896015317956,3,100,2498,5,3000,core,Tracy_Olga,1.1599999999998545
61.83214382159096,3,100,4986,5,3000,A1,NTD,179.69899999999984
2.3778612727029453,3,100,4986,5,3000,A2,NTD,179.69899999999984
4983.040769088976,3,100,4986,5,3000,A3,NTD,179.69899999999984
10.979714434401114,3,100,4986,5,3000,core,NTD,179.69899999999984
4.152401460841949,3,100,4986,5,3000,A1,Ours,5.2409999999999854
0.026740531344419814,3,100,4986,5,3000,A2,Ours,5.2409999999999854
2.599717839961111,3,100,4986,5,3000,A3,Ours,5.2409999999999854
11.483025870842903,3,100,4986,5,3000,core,Ours,5.2409999999999854
4.152401460841949,3,100,4986,5,3000,A1,HOSVD,1.5830000000000837
0.026740531344419814,3,100,4986,5,3000,A2,HOSVD,1.5830000000000837
2.5734683433997265,3,100,4986,5,3000,A3,HOSVD,1.5830000000000837
11.486170787037423,3,100,4986,5,3000,core,HOSVD,1.5830000000000837
3.021963801348944,3,100,4986,5,3000,A1,HOOI,4.675999999999931
0.02659451560392132,3,100,4986,5,3000,A2,HOOI,4.675999999999931
2.5749659990794362,3,100,4986,5,3000,A3,HOOI,4.675999999999931
11.503158486379302,3,100,4986,5,3000,core,HOOI,4.675999999999931
3.0114886127057217,3,100,4986,5,3000,A1,Olga,2.813000000000102
0.11420289012163788,3,100,4986,5,3000,A2,Olga,2.813000000000102
2.8676954691576064,3,100,4986,5,3000,A3,Tracy,2.813000000000102
11.484705270779209,3,100,4986,5,3000,core,Tracy_Olga,2.813000000000102
1.949763509111126,3,100,5981,5,3000,A1,NTD,201.26899999999978
0.5659639111463411,3,100,5981,5,3000,A2,NTD,201.26899999999978
5978.05080585016,3,100,5981,5,3000,A3,NTD,201.26899999999978
11.886962526365355,3,100,5981,5,3000,core,NTD,201.26899999999978
3.384116612673859,3,100,5981,5,3000,A1,Ours,6.507000000000062
0.014254333652445696,3,100,5981,5,3000,A2,Ours,6.507000000000062
2.783964741884035,3,100,5981,5,3000,A3,Ours,6.507000000000062
12.375564584618703,3,100,5981,5,3000,core,Ours,6.507000000000062
3.384116612673859,3,100,5981,5,3000,A1,HOSVD,5.2590000000000146
0.014254333652445696,3,100,5981,5,3000,A2,HOSVD,5.2590000000000146
2.764911330173917,3,100,5981,5,3000,A3,HOSVD,5.2590000000000146
12.384438232493645,3,100,5981,5,3000,core,HOSVD,5.2590000000000146
3.186584858674736,3,100,5981,5,3000,A1,HOOI,6.435999999999694
0.015759266252355703,3,100,5981,5,3000,A2,HOOI,6.435999999999694
2.8037054893588786,3,100,5981,5,3000,A3,HOOI,6.435999999999694
12.434168650183704,3,100,5981,5,3000,core,HOOI,6.435999999999694
3.588846922149731,3,100,5981,5,3000,A1,Olga,3.673000000000229
0.13211774944260438,3,100,5981,5,3000,A2,Olga,3.673000000000229
2.8492745181393673,3,100,5981,5,3000,A3,Tracy,3.673000000000229
6.216469481011557,3,100,5981,5,3000,core,Tracy_Olga,3.673000000000229
9.964432259107843,3,100,6971,5,3000,A1,NTD,223.22299999999996
4.5659647182478755,3,100,6971,5,3000,A2,NTD,223.22299999999996
6968.075797521046,3,100,6971,5,3000,A3,NTD,223.22299999999996
9.886706349725628,3,100,6971,5,3000,core,NTD,223.22299999999996
4.594779805653654,3,100,6971,5,3000,A1,Ours,8.402000000000044
0.022671040739995107,3,100,6971,5,3000,A2,Ours,8.402000000000044
2.8048194061353526,3,100,6971,5,3000,A3,Ours,8.402000000000044
6.285257043301796,3,100,6971,5,3000,core,Ours,8.402000000000044
4.594779805653654,3,100,6971,5,3000,A1,HOSVD,2.281999999999698
0.022671040739995107,3,100,6971,5,3000,A2,HOSVD,2.281999999999698
2.8198748168268195,3,100,6971,5,3000,A3,HOSVD,2.281999999999698
12.44450968239176,3,100,6971,5,3000,core,HOSVD,2.281999999999698
4.604597759310609,3,100,6971,5,3000,A1,HOOI,7.173999999999978
0.021280282261960846,3,100,6971,5,3000,A2,HOOI,7.173999999999978
2.7931498118093643,3,100,6971,5,3000,A3,HOOI,7.173999999999978
12.407258278691092,3,100,6971,5,3000,core,HOOI,7.173999999999978
3.86832613573461,3,100,6971,5,3000,A1,Olga,4.539999999999964
0.14452442057472867,3,100,6971,5,3000,A2,Olga,4.539999999999964
2.8479722662099314,3,100,6971,5,3000,A3,Tracy,4.539999999999964
6.296375092096545,3,100,6971,5,3000,core,Tracy_Olga,4.539999999999964
6.08732818629964,3,100,7958,5,3000,A1,NTD,253.75
0.9711835761760272,3,100,7958,5,3000,A2,NTD,253.75
7955.100397898778,3,100,7958,5,3000,A3,NTD,253.75
11.545856034503263,3,100,7958,5,3000,core,NTD,253.75
3.6332300973697813,3,100,7958,5,3000,A1,Ours,9.850999999999658
0.012738681248357982,3,100,7958,5,3000,A2,Ours,9.850999999999658
2.8433158754573524,3,100,7958,5,3000,A3,Ours,9.850999999999658
10.489149273324424,3,100,7958,5,3000,core,Ours,9.850999999999658
3.6332300973697813,3,100,7958,5,3000,A1,HOSVD,3.0350000000003092
0.012738681248357982,3,100,7958,5,3000,A2,HOSVD,3.0350000000003092
2.734148360825257,3,100,7958,5,3000,A3,HOSVD,3.0350000000003092
12.334907435704846,3,100,7958,5,3000,core,HOSVD,3.0350000000003092
3.6709745916387737,3,100,7958,5,3000,A1,HOOI,8.29800000000023
0.012287500749852092,3,100,7958,5,3000,A2,HOOI,8.29800000000023
2.776273649168522,3,100,7958,5,3000,A3,HOOI,8.29800000000023
12.399355538241393,3,100,7958,5,3000,core,HOOI,8.29800000000023
4.046173735501179,3,100,7958,5,3000,A1,Olga,4.664000000000215
0.18463293684194815,3,100,7958,5,3000,A2,Olga,4.664000000000215
2.8512729860670682,3,100,7958,5,3000,A3,Tracy,4.664000000000215
6.293567437174684,3,100,7958,5,3000,core,Tracy_Olga,4.664000000000215
18.96102010556602,3,100,8954,5,3000,A1,NTD,282.18499999999995
3.4512560570757826,3,100,8954,5,3000,A2,NTD,282.18499999999995
8951.058006683372,3,100,8954,5,3000,A3,NTD,282.18499999999995
10.958267716487867,3,100,8954,5,3000,core,NTD,282.18499999999995
3.553397741154789,3,100,8954,5,3000,A1,Ours,11.884000000000015
0.008795522339485698,3,100,8954,5,3000,A2,Ours,11.884000000000015
2.831857182116131,3,100,8954,5,3000,A3,Ours,11.884000000000015
11.80663930395126,3,100,8954,5,3000,core,Ours,11.884000000000015
3.553397741154789,3,100,8954,5,3000,A1,HOSVD,3.236000000000331
0.008795522339485698,3,100,8954,5,3000,A2,HOSVD,3.236000000000331
2.775135751451052,3,100,8954,5,3000,A3,HOSVD,3.236000000000331
12.4038988635856,3,100,8954,5,3000,core,HOSVD,3.236000000000331
3.5538041610745608,3,100,8954,5,3000,A1,HOOI,9.559999999999945
0.007332474981867652,3,100,8954,5,3000,A2,HOOI,9.559999999999945
3.584650574773492,3,100,8954,5,3000,A3,HOOI,9.559999999999945
12.311484710694028,3,100,8954,5,3000,core,HOOI,9.559999999999945
3.3535425744769305,3,100,8954,5,3000,A1,Olga,5.288000000000011
0.20011313551131432,3,100,8954,5,3000,A2,Olga,5.288000000000011
2.84464645284479,3,100,8954,5,3000,A3,Tracy,5.288000000000011
6.297854233194596,3,100,8954,5,3000,core,Tracy_Olga,5.288000000000011
1.8086466225033333,3,100,9930,5,3000,A1,NTD,301.2130000000002
0.5659699217562917,3,100,9930,5,3000,A2,NTD,301.2130000000002
9927.05788558734,3,100,9930,5,3000,A3,NTD,301.2130000000002
14.502796704133793,3,100,9930,5,3000,core,NTD,301.2130000000002
4.616610357533394,3,100,9930,5,3000,A1,Ours,13.384999999999764
0.010456053379983305,3,100,9930,5,3000,A2,Ours,13.384999999999764
2.8479243721685745,3,100,9930,5,3000,A3,Ours,13.384999999999764
11.678954928786824,3,100,9930,5,3000,core,Ours,13.384999999999764
4.616610357533394,3,100,9930,5,3000,A1,HOSVD,3.3090000000001965
0.010456053379983305,3,100,9930,5,3000,A2,HOSVD,3.3090000000001965
2.813781377065471,3,100,9930,5,3000,A3,HOSVD,3.3090000000001965
12.455377867046135,3,100,9930,5,3000,core,HOSVD,3.3090000000001965
4.6133726407274835,3,100,9930,5,3000,A1,HOOI,15.04300000000012
0.009240381880638308,3,100,9930,5,3000,A2,HOOI,15.04300000000012
2.7864860175496586,3,100,9930,5,3000,A3,HOOI,15.04300000000012
12.419390867590094,3,100,9930,5,3000,core,HOOI,15.04300000000012
3.3574627362996647,3,100,9930,5,3000,A1,Olga,12.299999999999727
0.1925543841422245,3,100,9930,5,3000,A2,Olga,12.299999999999727
2.8615910132827214,3,100,9930,5,3000,A3,Tracy,12.299999999999727
6.300951537719946,3,100,9930,5,3000,core,Tracy_Olga,12.299999999999727
6.12716088941105,3,100,100,5,10000,A1,NTD,3.7220000000002074
1.6871856986409357,3,100,100,5,10000,A2,NTD,3.7220000000002074
97,3,100,100,5,10000,A3,NTD,3.7220000000002074
9.79265417675354,3,100,100,5,10000,core,NTD,3.7220000000002074
1.8092347275949876,3,100,100,5,10000,A1,Ours,1.418999999999869
0.01057632251737124,3,100,100,5,10000,A2,Ours,1.418999999999869
0.03059653937320121,3,100,100,5,10000,A3,Ours,1.418999999999869
6.765012939965001,3,100,100,5,10000,core,Ours,1.418999999999869
1.8092347275949876,3,100,100,5,10000,A1,HOSVD,1.3559999999997672
0.01057632251737124,3,100,100,5,10000,A2,HOSVD,1.3559999999997672
0.030596936118653408,3,100,100,5,10000,A3,HOSVD,1.3559999999997672
6.765010825659314,3,100,100,5,10000,core,HOSVD,1.3559999999997672
1.8069631345501405,3,100,100,5,10000,A1,HOOI,0.49099999999998545
0.010654124422129188,3,100,100,5,10000,A2,HOOI,0.49099999999998545
0.030389849752559695,3,100,100,5,10000,A3,HOOI,0.49099999999998545
6.766111695378914,3,100,100,5,10000,core,HOOI,0.49099999999998545
1.356817312858237,3,100,100,5,10000,A1,Olga,0.5040000000003602
0.007963526853626645,3,100,100,5,10000,A2,Olga,0.5040000000003602
0.9271148091589392,3,100,100,5,10000,A3,Tracy,0.5040000000003602
11.882429345104434,3,100,100,5,10000,core,Tracy_Olga,0.5040000000003602
1.727913678161647,3,100,500,5,10000,A1,NTD,14.126999999999953
0.3948474891568861,3,100,500,5,10000,A2,NTD,14.126999999999953
497.0000290551296,3,100,500,5,10000,A3,NTD,14.126999999999953
8.154131770867089,3,100,500,5,10000,core,NTD,14.126999999999953
2.171168896457382,3,100,500,5,10000,A1,Ours,6.628999999999905
0.009670120014708595,3,100,500,5,10000,A2,Ours,6.628999999999905
0.11724578659299237,3,100,500,5,10000,A3,Ours,6.628999999999905
11.924082014877953,3,100,500,5,10000,core,Ours,6.628999999999905
2.171168896457382,3,100,500,5,10000,A1,HOSVD,7.7960000000002765
0.009670120014708595,3,100,500,5,10000,A2,HOSVD,7.7960000000002765
0.11724369811533811,3,100,500,5,10000,A3,HOSVD,7.7960000000002765
11.92406554875824,3,100,500,5,10000,core,HOSVD,7.7960000000002765
2.1629869643373993,3,100,500,5,10000,A1,HOOI,8.01700000000028
0.009600447407012117,3,100,500,5,10000,A2,HOOI,8.01700000000028
0.11538289473812303,3,100,500,5,10000,A3,HOOI,8.01700000000028
11.921653024013061,3,100,500,5,10000,core,HOOI,8.01700000000028
1.8003696561824485,3,100,500,5,10000,A1,Olga,6.364000000000033
0.007596602939127077,3,100,500,5,10000,A2,Olga,6.364000000000033
1.284898337184778,3,100,500,5,10000,A3,Tracy,6.364000000000033
11.866597880100421,3,100,500,5,10000,core,Tracy_Olga,6.364000000000033
1.59386169740862,3,100,1000,5,10000,A1,NTD,29.91000000000031
0.22485344784681222,3,100,1000,5,10000,A2,NTD,29.91000000000031
997.0000388901938,3,100,1000,5,10000,A3,NTD,29.91000000000031
8.81068847713044,3,100,1000,5,10000,core,NTD,29.91000000000031
2.6255854157776595,3,100,1000,5,10000,A1,Ours,5.757999999999811
0.012041883583560465,3,100,1000,5,10000,A2,Ours,5.757999999999811
0.16684080300196835,3,100,1000,5,10000,A3,Ours,5.757999999999811
11.980179501359139,3,100,1000,5,10000,core,Ours,5.757999999999811
2.6255854157776595,3,100,1000,5,10000,A1,HOSVD,7.4090000000001055
0.012041883583560465,3,100,1000,5,10000,A2,HOSVD,7.4090000000001055
0.166738021973631,3,100,1000,5,10000,A3,HOSVD,7.4090000000001055
11.980214881432484,3,100,1000,5,10000,core,HOSVD,7.4090000000001055
2.6265721162215834,3,100,1000,5,10000,A1,HOOI,5.641999999999825
0.012472350712469153,3,100,1000,5,10000,A2,HOOI,5.641999999999825
0.1657997552373003,3,100,1000,5,10000,A3,HOOI,5.641999999999825
11.986161585522407,3,100,1000,5,10000,core,HOOI,5.641999999999825
1.8437965607567905,3,100,1000,5,10000,A1,Olga,5.763999999999669
0.014314729054530335,3,100,1000,5,10000,A2,Olga,5.763999999999669
1.3601866914390963,3,100,1000,5,10000,A3,Tracy,5.763999999999669
11.935704012462146,3,100,1000,5,10000,core,Tracy_Olga,5.763999999999669
6.567217534187443,3,100,2500,5,10000,A1,NTD,90.81799999999976
0.10298092457550581,3,100,2500,5,10000,A2,NTD,90.81799999999976
2497.000722260267,3,100,2500,5,10000,A3,NTD,90.81799999999976
8.411791210962932,3,100,2500,5,10000,core,NTD,90.81799999999976
1.8709765842150308,3,100,2500,5,10000,A1,Ours,3.2530000000001564
0.012912370688934185,3,100,2500,5,10000,A2,Ours,3.2530000000001564
0.5223957632673483,3,100,2500,5,10000,A3,Ours,3.2530000000001564
12.206922428309912,3,100,2500,5,10000,core,Ours,3.2530000000001564
1.8709765842150308,3,100,2500,5,10000,A1,HOSVD,1.294999999999618
0.012912370688934185,3,100,2500,5,10000,A2,HOSVD,1.294999999999618
0.5218691625385679,3,100,2500,5,10000,A3,HOSVD,1.294999999999618
12.20657714179532,3,100,2500,5,10000,core,HOSVD,1.294999999999618
1.8715074998779329,3,100,2500,5,10000,A1,HOOI,2.5690000000004147
0.012890774796313316,3,100,2500,5,10000,A2,HOOI,2.5690000000004147
0.5089401028727709,3,100,2500,5,10000,A3,HOOI,2.5690000000004147
12.202119983489053,3,100,2500,5,10000,core,HOOI,2.5690000000004147
1.5404258029514089,3,100,2500,5,10000,A1,Olga,1.1770000000001346
0.019732504686866437,3,100,2500,5,10000,A2,Olga,1.1770000000001346
1.641106185041612,3,100,2500,5,10000,A3,Tracy,1.1770000000001346
6.942422795011069,3,100,2500,5,10000,core,Tracy_Olga,1.1770000000001346
5.485432502620832,3,100,4997,5,10000,A1,NTD,183.74500000000035
0.1177390927247336,3,100,4997,5,10000,A2,NTD,183.74500000000035
4994.025770445988,3,100,4997,5,10000,A3,NTD,183.74500000000035
13.59872609285385,3,100,4997,5,10000,core,NTD,183.74500000000035
2.948211726181161,3,100,4997,5,10000,A1,Ours,5.583000000000084
0.005791020872241671,3,100,4997,5,10000,A2,Ours,5.583000000000084
2.571393084685788,3,100,4997,5,10000,A3,Ours,5.583000000000084
11.70729126142986,3,100,4997,5,10000,core,Ours,5.583000000000084
2.948211726181161,3,100,4997,5,10000,A1,HOSVD,1.6159999999999854
0.005791020872241671,3,100,4997,5,10000,A2,HOSVD,1.6159999999999854
2.568881914527633,3,100,4997,5,10000,A3,HOSVD,1.6159999999999854
11.709744756226309,3,100,4997,5,10000,core,HOSVD,1.6159999999999854
2.944325889000945,3,100,4997,5,10000,A1,HOOI,4.996999999999844
0.005365373305219422,3,100,4997,5,10000,A2,HOOI,4.996999999999844
2.566801672420772,3,100,4997,5,10000,A3,HOOI,4.996999999999844
11.722578297585544,3,100,4997,5,10000,core,HOOI,4.996999999999844
2.309847573173947,3,100,4997,5,10000,A1,Olga,3.4789999999998145
0.0361046783863561,3,100,4997,5,10000,A2,Olga,3.4789999999998145
2.872529422788059,3,100,4997,5,10000,A3,Tracy,3.4789999999998145
11.676071029712629,3,100,4997,5,10000,core,Tracy_Olga,3.4789999999998145
1.933666562915769,3,100,5996,5,10000,A1,NTD,204.45499999999993
0.23831196743825694,3,100,5996,5,10000,A2,NTD,204.45499999999993
5993.076243872675,3,100,5996,5,10000,A3,NTD,204.45499999999993
12.707073148330677,3,100,5996,5,10000,core,NTD,204.45499999999993
1.680456492882512,3,100,5996,5,10000,A1,Ours,7.036000000000058
0.006641506499602688,3,100,5996,5,10000,A2,Ours,7.036000000000058
2.5609060275827153,3,100,5996,5,10000,A3,Ours,7.036000000000058
11.71019400497128,3,100,5996,5,10000,core,Ours,7.036000000000058
1.680456492882512,3,100,5996,5,10000,A1,HOSVD,1.9219999999995707
0.006641506499602688,3,100,5996,5,10000,A2,HOSVD,1.9219999999995707
2.557451117311767,3,100,5996,5,10000,A3,HOSVD,1.9219999999995707
11.713657329670493,3,100,5996,5,10000,core,HOSVD,1.9219999999995707
1.6799385443614534,3,100,5996,5,10000,A1,HOOI,5.597999999999956
0.0071134717961043505,3,100,5996,5,10000,A2,HOOI,5.597999999999956
2.556562648731206,3,100,5996,5,10000,A3,HOOI,5.597999999999956
11.730741600008145,3,100,5996,5,10000,core,HOOI,5.597999999999956
2.20143416985266,3,100,5996,5,10000,A1,Olga,3.7849999999998545
0.04643810790516054,3,100,5996,5,10000,A2,Olga,3.7849999999998545
2.8565988522141663,3,100,5996,5,10000,A3,Tracy,3.7849999999998545
6.176794269450932,3,100,5996,5,10000,core,Tracy_Olga,3.7849999999998545
1.460597484295268,3,100,6995,5,10000,A1,NTD,221.39499999999953
4.52602665084277,3,100,6995,5,10000,A2,NTD,221.39499999999953
6992.0471846776445,3,100,6995,5,10000,A3,NTD,221.39499999999953
11.15136800130421,3,100,6995,5,10000,core,NTD,221.39499999999953
2.099499713981546,3,100,6995,5,10000,A1,Ours,7.804000000000087
0.008865246177999345,3,100,6995,5,10000,A2,Ours,7.804000000000087
2.5879131458662927,3,100,6995,5,10000,A3,Ours,7.804000000000087
12.075169744495001,3,100,6995,5,10000,core,Ours,7.804000000000087
2.099499713981546,3,100,6995,5,10000,A1,HOSVD,2.2269999999998618
0.008865246177999345,3,100,6995,5,10000,A2,HOSVD,2.2269999999998618
2.5826056199107406,3,100,6995,5,10000,A3,HOSVD,2.2269999999998618
12.077591115340041,3,100,6995,5,10000,core,HOSVD,2.2269999999998618
2.1020592453255347,3,100,6995,5,10000,A1,HOOI,6.70299999999952
0.008687918016071591,3,100,6995,5,10000,A2,HOOI,6.70299999999952
2.5981663336866654,3,100,6995,5,10000,A3,HOOI,6.70299999999952
12.102566938873313,3,100,6995,5,10000,core,HOOI,6.70299999999952
1.6160173874449275,3,100,6995,5,10000,A1,Olga,3.7409999999999854
0.05418412092065734,3,100,6995,5,10000,A2,Olga,3.7409999999999854
2.8580799088859687,3,100,6995,5,10000,A3,Tracy,3.7409999999999854
6.147424734414791,3,100,6995,5,10000,core,Tracy_Olga,3.7409999999999854
4.4134102766567596,3,100,7993,5,10000,A1,NTD,254.55099999999948
0.551824713640285,3,100,7993,5,10000,A2,NTD,254.55099999999948
7990.036764418059,3,100,7993,5,10000,A3,NTD,254.55099999999948
6.774633502246288,3,100,7993,5,10000,core,NTD,254.55099999999948
2.692798559156311,3,100,7993,5,10000,A1,Ours,10.817000000000007
0.0033389657009398554,3,100,7993,5,10000,A2,Ours,10.817000000000007
2.7994876368791286,3,100,7993,5,10000,A3,Ours,10.817000000000007
12.437766793591123,3,100,7993,5,10000,core,Ours,10.817000000000007
2.692798559156311,3,100,7993,5,10000,A1,HOSVD,3.8710000000000946
0.0033389657009398554,3,100,7993,5,10000,A2,HOSVD,3.8710000000000946
2.7978382797011467,3,100,7993,5,10000,A3,HOSVD,3.8710000000000946
12.438029980649638,3,100,7993,5,10000,core,HOSVD,3.8710000000000946
2.69091129683051,3,100,7993,5,10000,A1,HOOI,8.422999999999774
0.004217422693847907,3,100,7993,5,10000,A2,HOOI,8.422999999999774
2.7764579786688746,3,100,7993,5,10000,A3,HOOI,8.422999999999774
12.40407417084084,3,100,7993,5,10000,core,HOOI,8.422999999999774
1.6606573798022448,3,100,7993,5,10000,A1,Olga,5.381999999999607
0.05645542906714868,3,100,7993,5,10000,A2,Olga,5.381999999999607
2.858177849322608,3,100,7993,5,10000,A3,Tracy,5.381999999999607
6.2272691382387295,3,100,7993,5,10000,core,Tracy_Olga,5.381999999999607
10.35842464845508,3,100,8988,5,10000,A1,NTD,273.10099999999966
0.41531931326744703,3,100,8988,5,10000,A2,NTD,273.10099999999966
8985.050630151081,3,100,8988,5,10000,A3,NTD,273.10099999999966
8.8849966664659,3,100,8988,5,10000,core,NTD,273.10099999999966
2.312552634186524,3,100,8988,5,10000,A1,Ours,11.722999999999956
0.007609797210337813,3,100,8988,5,10000,A2,Ours,11.722999999999956
2.5732147244223755,3,100,8988,5,10000,A3,Ours,11.722999999999956
11.818785914826758,3,100,8988,5,10000,core,Ours,11.722999999999956
2.312552634186524,3,100,8988,5,10000,A1,HOSVD,2.956000000000131
0.007609797210337813,3,100,8988,5,10000,A2,HOSVD,2.956000000000131
2.5661021388087653,3,100,8988,5,10000,A3,HOSVD,2.956000000000131
11.82815939376064,3,100,8988,5,10000,core,HOSVD,2.956000000000131
2.3129163226476774,3,100,8988,5,10000,A1,HOOI,9.33600000000024
0.007135918652357656,3,100,8988,5,10000,A2,HOOI,9.33600000000024
2.5681065503480736,3,100,8988,5,10000,A3,HOOI,9.33600000000024
11.823874154257444,3,100,8988,5,10000,core,HOOI,9.33600000000024
1.6237404478988238,3,100,8988,5,10000,A1,Olga,5.551000000000386
0.07313111567813518,3,100,8988,5,10000,A2,Olga,5.551000000000386
2.837453405450677,3,100,8988,5,10000,A3,Tracy,5.551000000000386
6.19803695790287,3,100,8988,5,10000,core,Tracy_Olga,5.551000000000386
2.344853392607556,3,100,9984,5,10000,A1,NTD,298.0060000000003
0.5468269738394186,3,100,9984,5,10000,A2,NTD,298.0060000000003
9981.062763913755,3,100,9984,5,10000,A3,NTD,298.0060000000003
12.875185139719985,3,100,9984,5,10000,core,NTD,298.0060000000003
1.6847474664303856,3,100,9984,5,10000,A1,Ours,12.312000000000808
0.014587457126747947,3,100,9984,5,10000,A2,Ours,12.312000000000808
2.589109527512417,3,100,9984,5,10000,A3,Ours,12.312000000000808
12.092253926987176,3,100,9984,5,10000,core,Ours,12.312000000000808
1.6847474664303856,3,100,9984,5,10000,A1,HOSVD,3.257999999999811
0.014587457126747947,3,100,9984,5,10000,A2,HOSVD,3.257999999999811
2.5782246906695714,3,100,9984,5,10000,A3,HOSVD,3.257999999999811
12.097087366060109,3,100,9984,5,10000,core,HOSVD,3.257999999999811
1.6779569466487938,3,100,9984,5,10000,A1,HOOI,10.333999999999833
0.013968839629341838,3,100,9984,5,10000,A2,HOOI,10.333999999999833
2.576259981547779,3,100,9984,5,10000,A3,HOOI,10.333999999999833
12.097059884048246,3,100,9984,5,10000,core,HOOI,10.333999999999833
2.054725231514141,3,100,9984,5,10000,A1,Olga,6.119000000000597
0.07383925682630128,3,100,9984,5,10000,A2,Olga,6.119000000000597
2.8442078876531065,3,100,9984,5,10000,A3,Tracy,6.119000000000597
6.25315102059366,3,100,9984,5,10000,core,Tracy_Olga,6.119000000000597
