error,K,Q1,R,Q2,M,mode,method,time
7.429314775037208,3,100,987,5,100,A1,NTD,41.798
3.4242956220779925,3,100,987,5,100,A2,NTD,41.798
984.2132163865775,3,100,987,5,100,A3,NTD,41.798
11.389485998342598,3,100,987,5,100,core,NTD,41.798
13.10487712214317,3,100,987,5,100,A1,Ours,7.93
0.07969307491542607,3,100,987,5,100,A2,Ours,7.93
4.662340085258245,3,100,987,5,100,A3,Ours,7.93
11.978827318523642,3,100,987,5,100,core,Ours,7.93
13.10487712214317,3,100,987,5,100,A1,HOSVD,5.224000000000004
0.07969307491542607,3,100,987,5,100,A2,HOSVD,5.224000000000004
2.5512665968951835,3,100,987,5,100,A3,HOSVD,5.224000000000004
12.429672492092653,3,100,987,5,100,core,HOSVD,5.224000000000004
12.60624114765785,3,100,987,5,100,A1,HOOI,4.302999999999997
0.10333105441664536,3,100,987,5,100,A2,HOOI,4.302999999999997
2.5957027838458746,3,100,987,5,100,A3,HOOI,4.302999999999997
12.77697151003516,3,100,987,5,100,core,HOOI,4.302999999999997
23.08568563175739,3,100,987,5,100,A1,Olga,1.4359999999999928
0.9691969851045423,3,100,987,5,100,A2,Olga,1.4359999999999928
2.8632459273611444,3,100,987,5,100,A3,Tracy,1.4359999999999928
16.879733860200933,3,100,987,5,100,core,Tracy_Olga,1.4359999999999928
109.0095541403871,3,100,4480,5,100,A1,NTD,164.544
3.0746652419701896,3,100,4480,5,100,A2,NTD,164.544
4477.470078414305,3,100,4480,5,100,A3,NTD,164.544
10.816906833365598,3,100,4480,5,100,core,NTD,164.544
17.446152157994582,3,100,4480,5,100,A1,Ours,12.882999999999981
0.10134048118942666,3,100,4480,5,100,A2,Ours,12.882999999999981
5.177250844300815,3,100,4480,5,100,A3,Ours,12.882999999999981
11.844441416579699,3,100,4480,5,100,core,Ours,12.882999999999981
17.446152157994582,3,100,4480,5,100,A1,HOSVD,17.944999999999965
0.10134048118942666,3,100,4480,5,100,A2,HOSVD,17.944999999999965
2.6987048082610294,3,100,4480,5,100,A3,HOSVD,17.944999999999965
12.677871590277727,3,100,4480,5,100,core,HOSVD,17.944999999999965
17.280357288934745,3,100,4480,5,100,A1,HOOI,20.920000000000016
0.08650303106368361,3,100,4480,5,100,A2,HOOI,20.920000000000016
3.922860977885142,3,100,4480,5,100,A3,HOOI,20.920000000000016
11.639926264410914,3,100,4480,5,100,core,HOOI,20.920000000000016
38.07012293805213,3,100,4480,5,100,A1,Olga,6.956000000000017
2.3896589035913123,3,100,4480,5,100,A2,Olga,6.956000000000017
3.039571016648667,3,100,4480,5,100,A3,Tracy,6.956000000000017
14.142540770280297,3,100,4480,5,100,core,Tracy_Olga,6.956000000000017
110.62671940734563,3,100,8232,5,100,A1,NTD,286.59800000000007
3.7427058878054447,3,100,8232,5,100,A2,NTD,286.59800000000007
8229.587554542215,3,100,8232,5,100,A3,NTD,286.59800000000007
11.884078917096266,3,100,8232,5,100,core,NTD,286.59800000000007
15.339178076574232,3,100,8232,5,100,A1,Ours,30.843999999999937
0.1423510244545,3,100,8232,5,100,A2,Ours,30.843999999999937
5.323471711371867,3,100,8232,5,100,A3,Ours,30.843999999999937
9.064167749241557,3,100,8232,5,100,core,Ours,30.843999999999937
15.339178076574232,3,100,8232,5,100,A1,HOSVD,17.408000000000015
0.1423510244545,3,100,8232,5,100,A2,HOSVD,17.408000000000015
4.380058962312529,3,100,8232,5,100,A3,HOSVD,17.408000000000015
13.485644690150977,3,100,8232,5,100,core,HOSVD,17.408000000000015
14.829217561729342,3,100,8232,5,100,A1,HOOI,19.198999999999955
0.11642643422158613,3,100,8232,5,100,A2,HOOI,19.198999999999955
3.975257475145884,3,100,8232,5,100,A3,HOOI,19.198999999999955
9.625580206408923,3,100,8232,5,100,core,HOOI,19.198999999999955
62.380989464490966,3,100,8232,5,100,A1,Olga,5.796000000000049
2.907781880496889,3,100,8232,5,100,A2,Olga,5.796000000000049
4.588408678457111,3,100,8232,5,100,A3,Tracy,5.796000000000049
9.739134295730842,3,100,8232,5,100,core,Tracy_Olga,5.796000000000049
2.0670352468929973,3,100,999,5,500,A1,NTD,28.427999999999997
1.0746557453364836,3,100,999,5,500,A2,NTD,28.427999999999997
996.1075983242769,3,100,999,5,500,A3,NTD,28.427999999999997
10.945344243699521,3,100,999,5,500,core,NTD,28.427999999999997
7.625062184389398,3,100,999,5,500,A1,Ours,1.6829999999999927
0.029287915449008158,3,100,999,5,500,A2,Ours,1.6829999999999927
2.575863727458678,3,100,999,5,500,A3,Ours,1.6829999999999927
11.813605864150905,3,100,999,5,500,core,Ours,1.6829999999999927
7.625062184389398,3,100,999,5,500,A1,HOSVD,1.8909999999999627
0.029287915449008158,3,100,999,5,500,A2,HOSVD,1.8909999999999627
2.537708520085611,3,100,999,5,500,A3,HOSVD,1.8909999999999627
11.74895161415215,3,100,999,5,500,core,HOSVD,1.8909999999999627
7.57171545452571,3,100,999,5,500,A1,HOOI,0.9249999999999545
0.036320500001853,3,100,999,5,500,A2,HOOI,0.9249999999999545
2.55258110129527,3,100,999,5,500,A3,HOOI,0.9249999999999545
11.747345364612427,3,100,999,5,500,core,HOOI,0.9249999999999545
6.799503649785885,3,100,999,5,500,A1,Olga,0.45100000000002183
0.10994723943514689,3,100,999,5,500,A2,Olga,0.45100000000002183
2.9883929261071485,3,100,999,5,500,A3,Tracy,0.45100000000002183
11.80543817117767,3,100,999,5,500,core,Tracy_Olga,0.45100000000002183
16.819650378787486,3,100,4905,5,500,A1,NTD,165.75600000000009
3.424232363136561,3,100,4905,5,500,A2,NTD,165.75600000000009
4902.17750654211,3,100,4905,5,500,A3,NTD,165.75600000000009
12.088653552343079,3,100,4905,5,500,core,NTD,165.75600000000009
7.054989589687657,3,100,4905,5,500,A1,Ours,14.162000000000035
0.03301990297994838,3,100,4905,5,500,A2,Ours,14.162000000000035
5.088915067102881,3,100,4905,5,500,A3,Ours,14.162000000000035
14.253780350892555,3,100,4905,5,500,core,Ours,14.162000000000035
7.054989589687657,3,100,4905,5,500,A1,HOSVD,7.54200000000003
0.03301990297994838,3,100,4905,5,500,A2,HOSVD,7.54200000000003
2.534173337191822,3,100,4905,5,500,A3,HOSVD,7.54200000000003
11.773545400196163,3,100,4905,5,500,core,HOSVD,7.54200000000003
6.894376949043033,3,100,4905,5,500,A1,HOOI,6.451999999999998
0.033252340544841434,3,100,4905,5,500,A2,HOOI,6.451999999999998
3.836472645231459,3,100,4905,5,500,A3,HOOI,6.451999999999998
9.614203443401681,3,100,4905,5,500,core,HOOI,6.451999999999998
8.74283356615646,3,100,4905,5,500,A1,Olga,4.995999999999981
0.25305865232877217,3,100,4905,5,500,A2,Olga,4.995999999999981
2.8568368862397553,3,100,4905,5,500,A3,Tracy,4.995999999999981
12.069306601949963,3,100,4905,5,500,core,Tracy_Olga,4.995999999999981
41.69244982757903,3,100,9619,5,500,A1,NTD,318.97400000000005
3.0746504434612945,3,100,9619,5,500,A2,NTD,318.97400000000005
9616.29496600126,3,100,9619,5,500,A3,NTD,318.97400000000005
11.580103485585745,3,100,9619,5,500,core,NTD,318.97400000000005
5.501519022157119,3,100,9619,5,500,A1,Ours,16.935000000000173
0.04144786217818698,3,100,9619,5,500,A2,Ours,16.935000000000173
5.315264161471767,3,100,9619,5,500,A3,Ours,16.935000000000173
11.838055392036527,3,100,9619,5,500,core,Ours,16.935000000000173
5.501519022157119,3,100,9619,5,500,A1,HOSVD,9.755999999999858
0.04144786217818698,3,100,9619,5,500,A2,HOSVD,9.755999999999858
2.5986628580857922,3,100,9619,5,500,A3,HOSVD,9.755999999999858
12.589302098162586,3,100,9619,5,500,core,HOSVD,9.755999999999858
5.641510863015495,3,100,9619,5,500,A1,HOOI,19.804000000000087
0.039325031064380025,3,100,9619,5,500,A2,HOOI,19.804000000000087
2.608687607718452,3,100,9619,5,500,A3,HOOI,19.804000000000087
12.592624024052588,3,100,9619,5,500,core,HOOI,19.804000000000087
10.088016749041294,3,100,9619,5,500,A1,Olga,10.863999999999805
3.6425205428648506,3,100,9619,5,500,A2,Olga,10.863999999999805
2.923882117449151,3,100,9619,5,500,A3,Tracy,10.863999999999805
9.973302821992524,3,100,9619,5,500,core,Tracy_Olga,10.863999999999805
1.629346956257767,3,100,1000,5,1000,A1,NTD,27.740999999999985
0.23760439033485886,3,100,1000,5,1000,A2,NTD,27.740999999999985
997.001271204938,3,100,1000,5,1000,A3,NTD,27.740999999999985
13.344560090218646,3,100,1000,5,1000,core,NTD,27.740999999999985
4.967114766024923,3,100,1000,5,1000,A1,Ours,2.1520000000000437
0.02028110225670426,3,100,1000,5,1000,A2,Ours,2.1520000000000437
0.793495039154634,3,100,1000,5,1000,A3,Ours,2.1520000000000437
12.120443409833584,3,100,1000,5,1000,core,Ours,2.1520000000000437
4.967114766024923,3,100,1000,5,1000,A1,HOSVD,3.046000000000049
0.02028110225670426,3,100,1000,5,1000,A2,HOSVD,3.046000000000049
0.7878501275683029,3,100,1000,5,1000,A3,HOSVD,3.046000000000049
12.121171558541135,3,100,1000,5,1000,core,HOSVD,3.046000000000049
4.928615493600908,3,100,1000,5,1000,A1,HOOI,4.3409999999998945
0.01947925647404437,3,100,1000,5,1000,A2,HOOI,4.3409999999998945
0.8228907433752256,3,100,1000,5,1000,A3,HOOI,4.3409999999998945
12.153627793973186,3,100,1000,5,1000,core,HOOI,4.3409999999998945
5.063301378821447,3,100,1000,5,1000,A1,Olga,3.9809999999999945
0.031968390312878535,3,100,1000,5,1000,A2,Olga,3.9809999999999945
1.6140275383192795,3,100,1000,5,1000,A3,Tracy,3.9809999999999945
7.3697763853156,3,100,1000,5,1000,core,Tracy_Olga,3.9809999999999945
1.914084644292985,3,100,4959,5,1000,A1,NTD,156.86099999999988
2.754687581956223,3,100,4959,5,1000,A2,NTD,156.86099999999988
4956.1267670309335,3,100,4959,5,1000,A3,NTD,156.86099999999988
9.506203153319209,3,100,4959,5,1000,core,NTD,156.86099999999988
3.2208542250674435,3,100,4959,5,1000,A1,Ours,4.983999999999924
0.03102786001746631,3,100,4959,5,1000,A2,Ours,4.983999999999924
2.8669543643568702,3,100,4959,5,1000,A3,Ours,4.983999999999924
13.025826521857931,3,100,4959,5,1000,core,Ours,4.983999999999924
3.2208542250674435,3,100,4959,5,1000,A1,HOSVD,1.7300000000000182
0.03102786001746631,3,100,4959,5,1000,A2,HOSVD,1.7300000000000182
2.5369309779240687,3,100,4959,5,1000,A3,HOSVD,1.7300000000000182
12.567348794064348,3,100,4959,5,1000,core,HOSVD,1.7300000000000182
3.2597028602349893,3,100,4959,5,1000,A1,HOOI,4.586999999999989
0.03446342287361338,3,100,4959,5,1000,A2,HOOI,4.586999999999989
2.5430789544464463,3,100,4959,5,1000,A3,HOOI,4.586999999999989
12.618400928431363,3,100,4959,5,1000,core,HOOI,4.586999999999989
6.632835541623647,3,100,4959,5,1000,A1,Olga,2.532000000000153
0.17400896904359917,3,100,4959,5,1000,A2,Olga,2.532000000000153
2.8387317788269395,3,100,4959,5,1000,A3,Tracy,2.532000000000153
12.611974438829414,3,100,4959,5,1000,core,Tracy_Olga,2.532000000000153
3.889080683831889,3,100,9816,5,1000,A1,NTD,329.16600000000017
2.941103673279877,3,100,9816,5,1000,A2,NTD,329.16600000000017
9813.187337733656,3,100,9816,5,1000,A3,NTD,329.16600000000017
11.767781172915114,3,100,9816,5,1000,core,NTD,329.16600000000017
3.899526210948518,3,100,9816,5,1000,A1,Ours,16.065000000000055
0.02522793686217393,3,100,9816,5,1000,A2,Ours,16.065000000000055
5.206956761226779,3,100,9816,5,1000,A3,Ours,16.065000000000055
11.841168650738853,3,100,9816,5,1000,core,Ours,16.065000000000055
3.899526210948518,3,100,9816,5,1000,A1,HOSVD,14.298999999999978
0.02522793686217393,3,100,9816,5,1000,A2,HOSVD,14.298999999999978
2.5863643618786685,3,100,9816,5,1000,A3,HOSVD,14.298999999999978
12.62475328255906,3,100,9816,5,1000,core,HOSVD,14.298999999999978
3.8758825863212842,3,100,9816,5,1000,A1,HOOI,19.401000000000067
0.026160321744061237,3,100,9816,5,1000,A2,HOOI,19.401000000000067
2.593450937094316,3,100,9816,5,1000,A3,HOOI,19.401000000000067
12.632043866414227,3,100,9816,5,1000,core,HOOI,19.401000000000067
6.320246440766944,3,100,9816,5,1000,A1,Olga,19.653999999999996
0.30056470989844525,3,100,9816,5,1000,A2,Olga,19.653999999999996
2.8948454559639702,3,100,9816,5,1000,A3,Tracy,19.653999999999996
6.671451390974275,3,100,9816,5,1000,core,Tracy_Olga,19.653999999999996
1.5442072550129093,3,100,1000,5,2500,A1,NTD,27.001999999999953
0.2136216856962023,3,100,1000,5,2500,A2,NTD,27.001999999999953
997.0004408681119,3,100,1000,5,2500,A3,NTD,27.001999999999953
10.839223868333606,3,100,1000,5,2500,core,NTD,27.001999999999953
3.2504237463779315,3,100,1000,5,2500,A1,Ours,5.324000000000069
0.003488401816465254,3,100,1000,5,2500,A2,Ours,5.324000000000069
0.4874124109326106,3,100,1000,5,2500,A3,Ours,5.324000000000069
11.460323971384165,3,100,1000,5,2500,core,Ours,5.324000000000069
3.2504237463779315,3,100,1000,5,2500,A1,HOSVD,5.884999999999991
0.003488401816465254,3,100,1000,5,2500,A2,HOSVD,5.884999999999991
0.4868286779991089,3,100,1000,5,2500,A3,HOSVD,5.884999999999991
11.457640135957815,3,100,1000,5,2500,core,HOSVD,5.884999999999991
3.2586161539599536,3,100,1000,5,2500,A1,HOOI,7.400000000000091
0.0037318735907764635,3,100,1000,5,2500,A2,HOOI,7.400000000000091
0.4072768109223905,3,100,1000,5,2500,A3,HOOI,7.400000000000091
11.689216501675563,3,100,1000,5,2500,core,HOOI,7.400000000000091
3.2245187351930964,3,100,1000,5,2500,A1,Olga,8.253999999999905
0.011569567857311532,3,100,1000,5,2500,A2,Olga,8.253999999999905
1.483397474752274,3,100,1000,5,2500,A3,Tracy,8.253999999999905
11.45574469839024,3,100,1000,5,2500,core,Tracy_Olga,8.253999999999905
1.4876895516382291,3,100,4979,5,2500,A1,NTD,157.231
1.9900251629923826,3,100,4979,5,2500,A2,NTD,157.231
4976.066121862392,3,100,4979,5,2500,A3,NTD,157.231
6.72433415397538,3,100,4979,5,2500,core,NTD,157.231
2.470434303210339,3,100,4979,5,2500,A1,Ours,5.0090000000000146
0.011597742177602014,3,100,4979,5,2500,A2,Ours,5.0090000000000146
2.549781450199901,3,100,4979,5,2500,A3,Ours,5.0090000000000146
12.641254649314924,3,100,4979,5,2500,core,Ours,5.0090000000000146
2.470434303210339,3,100,4979,5,2500,A1,HOSVD,1.719000000000051
0.011597742177602014,3,100,4979,5,2500,A2,HOSVD,1.719000000000051
2.5200598193256667,3,100,4979,5,2500,A3,HOSVD,1.719000000000051
12.594266689028421,3,100,4979,5,2500,core,HOSVD,1.719000000000051
2.453787245311967,3,100,4979,5,2500,A1,HOOI,4.486000000000331
0.013310482335189699,3,100,4979,5,2500,A2,HOOI,4.486000000000331
2.521714031550741,3,100,4979,5,2500,A3,HOOI,4.486000000000331
12.638551460451925,3,100,4979,5,2500,core,HOOI,4.486000000000331
3.6393601426037505,3,100,4979,5,2500,A1,Olga,3.00400000000036
0.06208705431503036,3,100,4979,5,2500,A2,Olga,3.00400000000036
2.821753255811604,3,100,4979,5,2500,A3,Tracy,3.00400000000036
12.643294256953453,3,100,4979,5,2500,core,Tracy_Olga,3.00400000000036
1.7523407367270842,3,100,9930,5,2500,A1,NTD,332.5909999999999
4.94110689560442,3,100,9930,5,2500,A2,NTD,332.5909999999999
9927.130344403111,3,100,9930,5,2500,A3,NTD,332.5909999999999
9.302844209323435,3,100,9930,5,2500,core,NTD,332.5909999999999
3.492871135665602,3,100,9930,5,2500,A1,Ours,13.274999999999636
0.012009463699554034,3,100,9930,5,2500,A2,Ours,13.274999999999636
2.6429177813444054,3,100,9930,5,2500,A3,Ours,13.274999999999636
12.735715761857701,3,100,9930,5,2500,core,Ours,13.274999999999636
3.492871135665602,3,100,9930,5,2500,A1,HOSVD,3.3279999999999745
0.012009463699554034,3,100,9930,5,2500,A2,HOSVD,3.3279999999999745
2.520873573205991,3,100,9930,5,2500,A3,HOSVD,3.3279999999999745
12.588218692803112,3,100,9930,5,2500,core,HOSVD,3.3279999999999745
3.488467126422961,3,100,9930,5,2500,A1,HOOI,11.605000000000018
0.011328126519132451,3,100,9930,5,2500,A2,HOOI,11.605000000000018
4.16588756682044,3,100,9930,5,2500,A3,HOOI,11.605000000000018
9.714310750045787,3,100,9930,5,2500,core,HOOI,11.605000000000018
3.311900312699421,3,100,9930,5,2500,A1,Olga,7.778999999999996
0.1491206095367761,3,100,9930,5,2500,A2,Olga,7.778999999999996
2.8391408289916575,3,100,9930,5,2500,A3,Tracy,7.778999999999996
12.604096225113722,3,100,9930,5,2500,core,Tracy_Olga,7.778999999999996
1.3209854705540085,3,100,1000,5,5000,A1,NTD,28.40099999999984
0.2903862281487666,3,100,1000,5,5000,A2,NTD,28.40099999999984
997.0003401673647,3,100,1000,5,5000,A3,NTD,28.40099999999984
10.293680053655875,3,100,1000,5,5000,core,NTD,28.40099999999984
2.8740366589430244,3,100,1000,5,5000,A1,Ours,1.4909999999999854
0.012279028874843521,3,100,1000,5,5000,A2,Ours,1.4909999999999854
0.1019051448518985,3,100,1000,5,5000,A3,Ours,1.4909999999999854
11.779630941178368,3,100,1000,5,5000,core,Ours,1.4909999999999854
2.8740366589430244,3,100,1000,5,5000,A1,HOSVD,1.9820000000004256
0.012279028874843521,3,100,1000,5,5000,A2,HOSVD,1.9820000000004256
0.1017811628622398,3,100,1000,5,5000,A3,HOSVD,1.9820000000004256
11.779133793961273,3,100,1000,5,5000,core,HOSVD,1.9820000000004256
2.8693406644379538,3,100,1000,5,5000,A1,HOOI,2.36200000000008
0.011951732335462668,3,100,1000,5,5000,A2,HOOI,2.36200000000008
0.09972368258682418,3,100,1000,5,5000,A3,HOOI,2.36200000000008
11.767649183089537,3,100,1000,5,5000,core,HOOI,2.36200000000008
2.3795712855814175,3,100,1000,5,5000,A1,Olga,1.8549999999995634
0.014621746229100056,3,100,1000,5,5000,A2,Olga,1.8549999999995634
1.3453105044014309,3,100,1000,5,5000,A3,Tracy,1.8549999999995634
11.75423071659494,3,100,1000,5,5000,core,Tracy_Olga,1.8549999999995634
1.4181891177987958,3,100,4990,5,5000,A1,NTD,160.78899999999976
0.22769699365513016,3,100,4990,5,5000,A2,NTD,160.78899999999976
4987.037989868974,3,100,4990,5,5000,A3,NTD,160.78899999999976
10.124298760290683,3,100,4990,5,5000,core,NTD,160.78899999999976
1.985063530091008,3,100,4990,5,5000,A1,Ours,5.03899999999976
0.008304099688603673,3,100,4990,5,5000,A2,Ours,5.03899999999976
2.5332203290196245,3,100,4990,5,5000,A3,Ours,5.03899999999976
11.389950458009736,3,100,4990,5,5000,core,Ours,5.03899999999976
1.985063530091008,3,100,4990,5,5000,A1,HOSVD,1.6720000000000255
0.008304099688603673,3,100,4990,5,5000,A2,HOSVD,1.6720000000000255
2.5295034072639986,3,100,4990,5,5000,A3,HOSVD,1.6720000000000255
11.38441639220315,3,100,4990,5,5000,core,HOSVD,1.6720000000000255
1.9924638153343355,3,100,4990,5,5000,A1,HOOI,4.260999999999967
0.008103290892911796,3,100,4990,5,5000,A2,HOOI,4.260999999999967
2.553302032571677,3,100,4990,5,5000,A3,HOOI,4.260999999999967
11.348138367683033,3,100,4990,5,5000,core,HOOI,4.260999999999967
2.3706211655195535,3,100,4990,5,5000,A1,Olga,2.5960000000000036
0.03243277839727021,3,100,4990,5,5000,A2,Olga,2.5960000000000036
2.8528202966559157,3,100,4990,5,5000,A3,Tracy,2.5960000000000036
14.618691794219737,3,100,4990,5,5000,core,Tracy_Olga,2.5960000000000036
1.3802614469512575,3,100,9969,5,5000,A1,NTD,325.57400000000007
3.2632555908471037,3,100,9969,5,5000,A2,NTD,325.57400000000007
9966.079409934302,3,100,9969,5,5000,A3,NTD,325.57400000000007
9.621522380425974,3,100,9969,5,5000,core,NTD,325.57400000000007
2.31517884578598,3,100,9969,5,5000,A1,Ours,13.75799999999981
0.009196642695511412,3,100,9969,5,5000,A2,Ours,13.75799999999981
2.5681311677004444,3,100,9969,5,5000,A3,Ours,13.75799999999981
12.630008034546098,3,100,9969,5,5000,core,Ours,13.75799999999981
2.31517884578598,3,100,9969,5,5000,A1,HOSVD,3.548999999999978
0.009196642695511412,3,100,9969,5,5000,A2,HOSVD,3.548999999999978
2.538094315797309,3,100,9969,5,5000,A3,HOSVD,3.548999999999978
12.600304620483676,3,100,9969,5,5000,core,HOSVD,3.548999999999978
2.319447259948643,3,100,9969,5,5000,A1,HOOI,12.058999999999742
0.007888995837614305,3,100,9969,5,5000,A2,HOOI,12.058999999999742
2.5403633010674986,3,100,9969,5,5000,A3,HOOI,12.058999999999742
12.60948576494323,3,100,9969,5,5000,core,HOOI,12.058999999999742
2.6543029452152793,3,100,9969,5,5000,A1,Olga,8.511999999999716
0.04839565280329284,3,100,9969,5,5000,A2,Olga,8.511999999999716
2.845027902181093,3,100,9969,5,5000,A3,Tracy,8.511999999999716
12.570600097006029,3,100,9969,5,5000,core,Tracy_Olga,8.511999999999716
1.4843820853566247,3,100,1000,5,6000,A1,NTD,28.49200000000019
0.33620575873081754,3,100,1000,5,6000,A2,NTD,28.49200000000019
997.0000479680518,3,100,1000,5,6000,A3,NTD,28.49200000000019
10.001675036577895,3,100,1000,5,6000,core,NTD,28.49200000000019
3.0132332747083015,3,100,1000,5,6000,A1,Ours,1.268000000000029
0.004918958842386218,3,100,1000,5,6000,A2,Ours,1.268000000000029
0.3019557478854849,3,100,1000,5,6000,A3,Ours,1.268000000000029
11.399721409112413,3,100,1000,5,6000,core,Ours,1.268000000000029
3.0132332747083015,3,100,1000,5,6000,A1,HOSVD,0.5349999999998545
0.004918958842386218,3,100,1000,5,6000,A2,HOSVD,0.5349999999998545
0.3018880637723456,3,100,1000,5,6000,A3,HOSVD,0.5349999999998545
11.399361501116887,3,100,1000,5,6000,core,HOSVD,0.5349999999998545
3.006274187458407,3,100,1000,5,6000,A1,HOOI,0.9050000000002001
0.005035123538505263,3,100,1000,5,6000,A2,HOOI,0.9050000000002001
0.30000268850209594,3,100,1000,5,6000,A3,HOOI,0.9050000000002001
11.397542978636455,3,100,1000,5,6000,core,HOOI,0.9050000000002001
1.9085872761293774,3,100,1000,5,6000,A1,Olga,1.2950000000000728
0.008972311060523847,3,100,1000,5,6000,A2,Olga,1.2950000000000728
1.4166330038766826,3,100,1000,5,6000,A3,Tracy,1.2950000000000728
11.362416374857842,3,100,1000,5,6000,core,Tracy_Olga,1.2950000000000728
1.340332032884283,3,100,4993,5,6000,A1,NTD,157.08199999999988
0.17513280262244255,3,100,4993,5,6000,A2,NTD,157.08199999999988
4990.037383472178,3,100,4993,5,6000,A3,NTD,157.08199999999988
12.730258838206039,3,100,4993,5,6000,core,NTD,157.08199999999988
2.718168840650137,3,100,4993,5,6000,A1,Ours,5.273000000000138
0.005472845741944094,3,100,4993,5,6000,A2,Ours,5.273000000000138
2.484427179301543,3,100,4993,5,6000,A3,Ours,5.273000000000138
12.268413041504573,3,100,4993,5,6000,core,Ours,5.273000000000138
2.718168840650137,3,100,4993,5,6000,A1,HOSVD,1.5529999999998836
0.005472845741944094,3,100,4993,5,6000,A2,HOSVD,1.5529999999998836
2.4780580704226214,3,100,4993,5,6000,A3,HOSVD,1.5529999999998836
12.262112297156328,3,100,4993,5,6000,core,HOSVD,1.5529999999998836
2.714612844441849,3,100,4993,5,6000,A1,HOOI,4.309999999999945
0.005182413995295921,3,100,4993,5,6000,A2,HOOI,4.309999999999945
2.479842158699658,3,100,4993,5,6000,A3,HOOI,4.309999999999945
12.276445112782385,3,100,4993,5,6000,core,HOOI,4.309999999999945
1.8811069429241838,3,100,4993,5,6000,A1,Olga,2.461999999999989
0.02029532349256826,3,100,4993,5,6000,A2,Olga,2.461999999999989
2.8725553165425386,3,100,4993,5,6000,A3,Tracy,2.461999999999989
6.974888293570191,3,100,4993,5,6000,core,Tracy_Olga,2.461999999999989
1.3413633739911457,3,100,9969,5,6000,A1,NTD,323.36799999999994
4.22615431459837,3,100,9969,5,6000,A2,NTD,323.36799999999994
9966.059924212166,3,100,9969,5,6000,A3,NTD,323.36799999999994
8.721313154361054,3,100,9969,5,6000,core,NTD,323.36799999999994
2.1921974999795912,3,100,9969,5,6000,A1,Ours,13.584000000000287
0.011308380554770492,3,100,9969,5,6000,A2,Ours,13.584000000000287
2.5513530449300665,3,100,9969,5,6000,A3,Ours,13.584000000000287
12.630180574074364,3,100,9969,5,6000,core,Ours,13.584000000000287
2.1921974999795912,3,100,9969,5,6000,A1,HOSVD,3.2630000000003747
0.011308380554770492,3,100,9969,5,6000,A2,HOSVD,3.2630000000003747
2.529954517766674,3,100,9969,5,6000,A3,HOSVD,3.2630000000003747
12.59803996884073,3,100,9969,5,6000,core,HOSVD,3.2630000000003747
2.246763444576826,3,100,9969,5,6000,A1,HOOI,11.326000000000022
0.011944331729721055,3,100,9969,5,6000,A2,HOOI,11.326000000000022
2.5303532172822676,3,100,9969,5,6000,A3,HOOI,11.326000000000022
12.607350379859788,3,100,9969,5,6000,core,HOOI,11.326000000000022
2.110670525349094,3,100,9969,5,6000,A1,Olga,6.358999999999924
0.04339558999291362,3,100,9969,5,6000,A2,Olga,6.358999999999924
2.84636810605326,3,100,9969,5,6000,A3,Tracy,6.358999999999924
12.630680000481762,3,100,9969,5,6000,core,Tracy_Olga,6.358999999999924
1.4597812735530047,3,100,1000,5,7000,A1,NTD,28.38299999999981
0.36401355647617883,3,100,1000,5,7000,A2,NTD,28.38299999999981
997.0001503649786,3,100,1000,5,7000,A3,NTD,28.38299999999981
6.997100492113788,3,100,1000,5,7000,core,NTD,28.38299999999981
1.5352718068353883,3,100,1000,5,7000,A1,Ours,0.47499999999990905
0.016140590226180203,3,100,1000,5,7000,A2,Ours,0.47499999999990905
0.07425374781078488,3,100,1000,5,7000,A3,Ours,0.47499999999990905
11.70600808595554,3,100,1000,5,7000,core,Ours,0.47499999999990905
1.5352718068353883,3,100,1000,5,7000,A1,HOSVD,0.43699999999989814
0.016140590226180203,3,100,1000,5,7000,A2,HOSVD,0.43699999999989814
0.07426521539926338,3,100,1000,5,7000,A3,HOSVD,0.43699999999989814
11.70597927426774,3,100,1000,5,7000,core,HOSVD,0.43699999999989814
1.5326347962775129,3,100,1000,5,7000,A1,HOOI,0.8229999999998654
0.016128347138267773,3,100,1000,5,7000,A2,HOOI,0.8229999999998654
0.07410307355569477,3,100,1000,5,7000,A3,HOOI,0.8229999999998654
11.707179824072691,3,100,1000,5,7000,core,HOOI,0.8229999999998654
1.7335783286956845,3,100,1000,5,7000,A1,Olga,0.5219999999999345
0.00669446884849191,3,100,1000,5,7000,A2,Olga,0.5219999999999345
1.3393055884688592,3,100,1000,5,7000,A3,Tracy,0.5219999999999345
11.71916829748698,3,100,1000,5,7000,core,Tracy_Olga,0.5219999999999345
1.3267494227804253,3,100,4996,5,7000,A1,NTD,154.00199999999995
0.12634871163249625,3,100,4996,5,7000,A2,NTD,154.00199999999995
4993.039806971946,3,100,4996,5,7000,A3,NTD,154.00199999999995
9.483018276085826,3,100,4996,5,7000,core,NTD,154.00199999999995
1.757020305298002,3,100,4996,5,7000,A1,Ours,15.155999999999949
0.002139912739138562,3,100,4996,5,7000,A2,Ours,15.155999999999949
2.505840802255398,3,100,4996,5,7000,A3,Ours,15.155999999999949
12.578484298444808,3,100,4996,5,7000,core,Ours,15.155999999999949
1.757020305298002,3,100,4996,5,7000,A1,HOSVD,12.894000000000233
0.002139912739138562,3,100,4996,5,7000,A2,HOSVD,12.894000000000233
2.502026747775724,3,100,4996,5,7000,A3,HOSVD,12.894000000000233
12.572983436782707,3,100,4996,5,7000,core,HOSVD,12.894000000000233
1.7579664539557807,3,100,4996,5,7000,A1,HOOI,15.87900000000036
0.0022794346422900036,3,100,4996,5,7000,A2,HOOI,15.87900000000036
2.502161180778035,3,100,4996,5,7000,A3,HOOI,15.87900000000036
12.58466360168232,3,100,4996,5,7000,core,HOOI,15.87900000000036
2.2762916005216116,3,100,4996,5,7000,A1,Olga,11.99200000000019
0.01810190764067811,3,100,4996,5,7000,A2,Olga,11.99200000000019
2.8018993632656066,3,100,4996,5,7000,A3,Tracy,11.99200000000019
12.565609091673574,3,100,4996,5,7000,core,Tracy_Olga,11.99200000000019
1.3873113647969868,3,100,9982,5,7000,A1,NTD,335.10099999999966
0.7302887374929454,3,100,9982,5,7000,A2,NTD,335.10099999999966
9979.049499992345,3,100,9982,5,7000,A3,NTD,335.10099999999966
14.702440758646391,3,100,9982,5,7000,core,NTD,335.10099999999966
1.9978157808617556,3,100,9982,5,7000,A1,Ours,13.668999999999869
0.004182067053801971,3,100,9982,5,7000,A2,Ours,13.668999999999869
2.543101286688411,3,100,9982,5,7000,A3,Ours,13.668999999999869
12.612740242605117,3,100,9982,5,7000,core,Ours,13.668999999999869
1.9978157808617556,3,100,9982,5,7000,A1,HOSVD,4.257999999999811
0.004182067053801971,3,100,9982,5,7000,A2,HOSVD,4.257999999999811
2.5278255765902617,3,100,9982,5,7000,A3,HOSVD,4.257999999999811
12.589833512512023,3,100,9982,5,7000,core,HOSVD,4.257999999999811
1.9901053176020498,3,100,9982,5,7000,A1,HOOI,11.443000000000211
0.005161089820715542,3,100,9982,5,7000,A2,HOOI,11.443000000000211
2.5270987484589527,3,100,9982,5,7000,A3,HOOI,11.443000000000211
12.570952810428544,3,100,9982,5,7000,core,HOOI,11.443000000000211
1.4702720857751796,3,100,9982,5,7000,A1,Olga,8.309000000000196
0.045833864285327104,3,100,9982,5,7000,A2,Olga,8.309000000000196
2.8349542702025805,3,100,9982,5,7000,A3,Tracy,8.309000000000196
12.572434085084835,3,100,9982,5,7000,core,Tracy_Olga,8.309000000000196
1.4340835581832367,3,100,1000,5,8000,A1,NTD,28.608000000000175
0.35430007053617296,3,100,1000,5,8000,A2,NTD,28.608000000000175
997.0001720709502,3,100,1000,5,8000,A3,NTD,28.608000000000175
9.636634789994899,3,100,1000,5,8000,core,NTD,28.608000000000175
2.393125257956789,3,100,1000,5,8000,A1,Ours,0.6050000000004729
0.010805882059854681,3,100,1000,5,8000,A2,Ours,0.6050000000004729
0.17640328725028773,3,100,1000,5,8000,A3,Ours,0.6050000000004729
11.879783822219503,3,100,1000,5,8000,core,Ours,0.6050000000004729
2.393125257956789,3,100,1000,5,8000,A1,HOSVD,0.43800000000010186
0.010805882059854681,3,100,1000,5,8000,A2,HOSVD,0.43800000000010186
0.1763958997598425,3,100,1000,5,8000,A3,HOSVD,0.43800000000010186
11.879822676713966,3,100,1000,5,8000,core,HOSVD,0.43800000000010186
2.394938593368524,3,100,1000,5,8000,A1,HOOI,0.8280000000004293
0.010643845817175172,3,100,1000,5,8000,A2,HOOI,0.8280000000004293
0.1875298178681003,3,100,1000,5,8000,A3,HOOI,0.8280000000004293
11.815192928884802,3,100,1000,5,8000,core,HOOI,0.8280000000004293
1.5850241593598486,3,100,1000,5,8000,A1,Olga,0.4420000000000073
0.00552266171503335,3,100,1000,5,8000,A2,Olga,0.4420000000000073
1.3724615375164586,3,100,1000,5,8000,A3,Tracy,0.4420000000000073
11.880644099798106,3,100,1000,5,8000,core,Tracy_Olga,0.4420000000000073
4.193264001879521,3,100,4996,5,8000,A1,NTD,157.1270000000004
0.07302275966796379,3,100,4996,5,8000,A2,NTD,157.1270000000004
4993.02866177713,3,100,4996,5,8000,A3,NTD,157.1270000000004
13.176093831328666,3,100,4996,5,8000,core,NTD,157.1270000000004
2.753628306102378,3,100,4996,5,8000,A1,Ours,4.739999999999782
0.005070118218676112,3,100,4996,5,8000,A2,Ours,4.739999999999782
2.4728391286954094,3,100,4996,5,8000,A3,Ours,4.739999999999782
12.324182388491582,3,100,4996,5,8000,core,Ours,4.739999999999782
2.753628306102378,3,100,4996,5,8000,A1,HOSVD,1.751999999999498
0.005070118218676112,3,100,4996,5,8000,A2,HOSVD,1.751999999999498
2.4694448540723326,3,100,4996,5,8000,A3,HOSVD,1.751999999999498
12.320410256483353,3,100,4996,5,8000,core,HOSVD,1.751999999999498
2.753885886043844,3,100,4996,5,8000,A1,HOOI,4.3659999999999854
0.00483264181200433,3,100,4996,5,8000,A2,HOOI,4.3659999999999854
2.4699715283423496,3,100,4996,5,8000,A3,HOOI,4.3659999999999854
12.331654805647476,3,100,4996,5,8000,core,HOOI,4.3659999999999854
1.78669397078107,3,100,4996,5,8000,A1,Olga,2.514999999999418
0.026234384592472324,3,100,4996,5,8000,A2,Olga,2.514999999999418
2.839379549317894,3,100,4996,5,8000,A3,Tracy,2.514999999999418
12.308915974346368,3,100,4996,5,8000,core,Tracy_Olga,2.514999999999418
1.2649576759295964,3,100,9984,5,8000,A1,NTD,338.52099999999973
0.6005909346667965,3,100,9984,5,8000,A2,NTD,338.52099999999973
9981.048880261682,3,100,9984,5,8000,A3,NTD,338.52099999999973
11.067116492448063,3,100,9984,5,8000,core,NTD,338.52099999999973
1.3958344940125567,3,100,9984,5,8000,A1,Ours,13.748999999999796
0.006471000957898345,3,100,9984,5,8000,A2,Ours,13.748999999999796
2.5435241602070997,3,100,9984,5,8000,A3,Ours,13.748999999999796
12.606503495951078,3,100,9984,5,8000,core,Ours,13.748999999999796
1.3958344940125567,3,100,9984,5,8000,A1,HOSVD,3.142000000000735
0.006471000957898345,3,100,9984,5,8000,A2,HOSVD,3.142000000000735
2.5316523450544515,3,100,9984,5,8000,A3,HOSVD,3.142000000000735
12.588665915516913,3,100,9984,5,8000,core,HOSVD,3.142000000000735
1.3952017765135505,3,100,9984,5,8000,A1,HOOI,10.70299999999952
0.006194019583238566,3,100,9984,5,8000,A2,HOOI,10.70299999999952
2.531430524941692,3,100,9984,5,8000,A3,HOOI,10.70299999999952
12.585377148520866,3,100,9984,5,8000,core,HOOI,10.70299999999952
1.6312765709406518,3,100,9984,5,8000,A1,Olga,6.548000000000684
0.03226829445588638,3,100,9984,5,8000,A2,Olga,6.548000000000684
2.837259731263027,3,100,9984,5,8000,A3,Tracy,6.548000000000684
6.6316384832634805,3,100,9984,5,8000,core,Tracy_Olga,6.548000000000684
1.499362367517728,3,100,1000,5,9000,A1,NTD,28.601000000000568
0.22645749304838309,3,100,1000,5,9000,A2,NTD,28.601000000000568
997.0000909769624,3,100,1000,5,9000,A3,NTD,28.601000000000568
15.0434006971213,3,100,1000,5,9000,core,NTD,28.601000000000568
2.2766076533960753,3,100,1000,5,9000,A1,Ours,0.5149999999994179
0.007417925368630523,3,100,1000,5,9000,A2,Ours,0.5149999999994179
0.06347484443118032,3,100,1000,5,9000,A3,Ours,0.5149999999994179
11.73040244157422,3,100,1000,5,9000,core,Ours,0.5149999999994179
2.2766076533960753,3,100,1000,5,9000,A1,HOSVD,0.8600000000005821
0.007417925368630523,3,100,1000,5,9000,A2,HOSVD,0.8600000000005821
0.06344476639471576,3,100,1000,5,9000,A3,HOSVD,0.8600000000005821
11.730386514650169,3,100,1000,5,9000,core,HOSVD,0.8600000000005821
2.282524582247594,3,100,1000,5,9000,A1,HOOI,0.8729999999995925
0.006804743222162477,3,100,1000,5,9000,A2,HOOI,0.8729999999995925
0.06352795229918193,3,100,1000,5,9000,A3,HOOI,0.8729999999995925
11.73017318743035,3,100,1000,5,9000,core,HOOI,0.8729999999995925
1.5378043699383583,3,100,1000,5,9000,A1,Olga,0.6239999999997963
0.0038611312817127524,3,100,1000,5,9000,A2,Olga,0.6239999999997963
1.3392381363233674,3,100,1000,5,9000,A3,Tracy,0.6239999999997963
11.715236428726987,3,100,1000,5,9000,core,Tracy_Olga,0.6239999999997963
1.3435181761755628,3,100,4996,5,9000,A1,NTD,156.433
0.0956330956811683,3,100,4996,5,9000,A2,NTD,156.433
4993.036029796814,3,100,4996,5,9000,A3,NTD,156.433
8.143305064097401,3,100,4996,5,9000,core,NTD,156.433
1.721982495609986,3,100,4996,5,9000,A1,Ours,5.738000000000284
0.007848883181731318,3,100,4996,5,9000,A2,Ours,5.738000000000284
2.4638605874911543,3,100,4996,5,9000,A3,Ours,5.738000000000284
6.833984420986996,3,100,4996,5,9000,core,Ours,5.738000000000284
1.721982495609986,3,100,4996,5,9000,A1,HOSVD,2.4020000000000437
0.007848883181731318,3,100,4996,5,9000,A2,HOSVD,2.4020000000000437
2.461257104833732,3,100,4996,5,9000,A3,HOSVD,2.4020000000000437
6.834381118786022,3,100,4996,5,9000,core,HOSVD,2.4020000000000437
1.7156879430782972,3,100,4996,5,9000,A1,HOOI,4.545000000000073
0.008129313347526921,3,100,4996,5,9000,A2,HOOI,4.545000000000073
2.462391760284858,3,100,4996,5,9000,A3,HOOI,4.545000000000073
6.839581530250918,3,100,4996,5,9000,core,HOOI,4.545000000000073
1.6139271624430935,3,100,4996,5,9000,A1,Olga,2.8129999999991924
0.030218270167847405,3,100,4996,5,9000,A2,Olga,2.8129999999991924
2.8692755145200524,3,100,4996,5,9000,A3,Tracy,2.8129999999991924
3.9981374284484374,3,100,4996,5,9000,core,Tracy_Olga,2.8129999999991924
1.414321644289526,3,100,9985,5,9000,A1,NTD,337.6680000000006
0.3214593529216555,3,100,9985,5,9000,A2,NTD,337.6680000000006
9982.043815113613,3,100,9985,5,9000,A3,NTD,337.6680000000006
7.044313571255767,3,100,9985,5,9000,core,NTD,337.6680000000006
1.7496915565990188,3,100,9985,5,9000,A1,Ours,14.066000000000713
0.008099111338739981,3,100,9985,5,9000,A2,Ours,14.066000000000713
2.533336217238995,3,100,9985,5,9000,A3,Ours,14.066000000000713
12.581972479991103,3,100,9985,5,9000,core,Ours,14.066000000000713
1.7496915565990188,3,100,9985,5,9000,A1,HOSVD,3.173999999999978
0.008099111338739981,3,100,9985,5,9000,A2,HOSVD,3.173999999999978
2.5240038106306413,3,100,9985,5,9000,A3,HOSVD,3.173999999999978
12.568369746109836,3,100,9985,5,9000,core,HOSVD,3.173999999999978
1.748206376912005,3,100,9985,5,9000,A1,HOOI,11.260000000000218
0.008162497410237841,3,100,9985,5,9000,A2,HOOI,11.260000000000218
2.5250220193985484,3,100,9985,5,9000,A3,HOOI,11.260000000000218
12.584120241030263,3,100,9985,5,9000,core,HOOI,11.260000000000218
1.5473629806805573,3,100,9985,5,9000,A1,Olga,6.5239999999994325
0.02481420741087299,3,100,9985,5,9000,A2,Olga,6.5239999999994325
2.837499717825251,3,100,9985,5,9000,A3,Tracy,6.5239999999994325
12.621248144144111,3,100,9985,5,9000,core,Tracy_Olga,6.5239999999994325
1.3815336129961466,3,100,1000,5,10000,A1,NTD,27.85699999999997
0.4694921787210116,3,100,1000,5,10000,A2,NTD,27.85699999999997
997.000108530165,3,100,1000,5,10000,A3,NTD,27.85699999999997
13.756444679635306,3,100,1000,5,10000,core,NTD,27.85699999999997
1.6545513375617875,3,100,1000,5,10000,A1,Ours,0.6119999999991705
0.0037537515972815754,3,100,1000,5,10000,A2,Ours,0.6119999999991705
0.08294139631479167,3,100,1000,5,10000,A3,Ours,0.6119999999991705
11.732558795765973,3,100,1000,5,10000,core,Ours,0.6119999999991705
1.6545513375617875,3,100,1000,5,10000,A1,HOSVD,0.568000000000211
0.0037537515972815754,3,100,1000,5,10000,A2,HOSVD,0.568000000000211
0.0828854613364165,3,100,1000,5,10000,A3,HOSVD,0.568000000000211
11.73249724778019,3,100,1000,5,10000,core,HOSVD,0.568000000000211
1.653403646923385,3,100,1000,5,10000,A1,HOOI,0.7910000000001673
0.003876857381380375,3,100,1000,5,10000,A2,HOOI,0.7910000000001673
0.08312298002172662,3,100,1000,5,10000,A3,HOOI,0.7910000000001673
11.732489208122193,3,100,1000,5,10000,core,HOOI,0.7910000000001673
1.5954300813157296,3,100,1000,5,10000,A1,Olga,0.623000000000502
0.005545539624310543,3,100,1000,5,10000,A2,Olga,0.623000000000502
1.3429113824029364,3,100,1000,5,10000,A3,Tracy,0.623000000000502
11.734207837123257,3,100,1000,5,10000,core,Tracy_Olga,0.623000000000502
1.3857549301812173,3,100,4997,5,10000,A1,NTD,162.64499999999953
0.8026892611053197,3,100,4997,5,10000,A2,NTD,162.64499999999953
4994.02582836042,3,100,4997,5,10000,A3,NTD,162.64499999999953
9.601261142325118,3,100,4997,5,10000,core,NTD,162.64499999999953
1.5210123539066995,3,100,4997,5,10000,A1,Ours,4.960000000000036
0.018321093400454347,3,100,4997,5,10000,A2,Ours,4.960000000000036
2.4541678795329793,3,100,4997,5,10000,A3,Ours,4.960000000000036
12.146603316427617,3,100,4997,5,10000,core,Ours,4.960000000000036
1.5210123539066995,3,100,4997,5,10000,A1,HOSVD,1.587999999999738
0.018321093400454347,3,100,4997,5,10000,A2,HOSVD,1.587999999999738
2.4515961028732653,3,100,4997,5,10000,A3,HOSVD,1.587999999999738
12.144533554144825,3,100,4997,5,10000,core,HOSVD,1.587999999999738
1.513298177658792,3,100,4997,5,10000,A1,HOOI,4.135000000000218
0.018010896377862417,3,100,4997,5,10000,A2,HOOI,4.135000000000218
2.45181207595406,3,100,4997,5,10000,A3,HOOI,4.135000000000218
12.137616219151628,3,100,4997,5,10000,core,HOOI,4.135000000000218
1.2151773063734332,3,100,4997,5,10000,A1,Olga,2.6589999999996508
0.027565505698669994,3,100,4997,5,10000,A2,Olga,2.6589999999996508
2.910536949437389,3,100,4997,5,10000,A3,Tracy,2.6589999999996508
7.080033146356477,3,100,4997,5,10000,core,Tracy_Olga,2.6589999999996508
1.3479292956035127,3,100,9981,5,10000,A1,NTD,336.35099999999966
0.37948000523558445,3,100,9981,5,10000,A2,NTD,336.35099999999966
9978.039605007149,3,100,9981,5,10000,A3,NTD,336.35099999999966
13.855680930220613,3,100,9981,5,10000,core,NTD,336.35099999999966
1.3524946432050262,3,100,9981,5,10000,A1,Ours,13.22400000000016
0.0043014446912317695,3,100,9981,5,10000,A2,Ours,13.22400000000016
2.526405156190747,3,100,9981,5,10000,A3,Ours,13.22400000000016
12.589681624564829,3,100,9981,5,10000,core,Ours,13.22400000000016
1.3524946432050262,3,100,9981,5,10000,A1,HOSVD,3.0450000000000728
0.0043014446912317695,3,100,9981,5,10000,A2,HOSVD,3.0450000000000728
2.5189095452458186,3,100,9981,5,10000,A3,HOSVD,3.0450000000000728
12.578678165439058,3,100,9981,5,10000,core,HOSVD,3.0450000000000728
1.3521241869717022,3,100,9981,5,10000,A1,HOOI,10.78400000000056
0.0042274972494573855,3,100,9981,5,10000,A2,HOOI,10.78400000000056
2.5175753883362977,3,100,9981,5,10000,A3,HOOI,10.78400000000056
12.561356922590704,3,100,9981,5,10000,core,HOOI,10.78400000000056
1.7622832033779146,3,100,9981,5,10000,A1,Olga,5.890999999999622
0.024407176140759237,3,100,9981,5,10000,A2,Olga,5.890999999999622
2.8354373370419443,3,100,9981,5,10000,A3,Tracy,5.890999999999622
12.612279535875473,3,100,9981,5,10000,core,Tracy_Olga,5.890999999999622
