error,K,Q1,R,Q2,M,mode,method,time
7.9563361957104535,3,100,100,5,100,A1,NTD,4.201
0.1616476469432416,3,100,100,5,100,A2,NTD,4.201
97.00194752259182,3,100,100,5,100,A3,NTD,4.201
9.606711189520572,3,100,100,5,100,core,NTD,4.201
19.052328532198704,3,100,100,5,100,A1,Ours,2.6790000000000003
0.5159573061168249,3,100,100,5,100,A2,Ours,2.6790000000000003
0.2106394617215016,3,100,100,5,100,A3,Ours,2.6790000000000003
12.686108950905197,3,100,100,5,100,core,Ours,2.6790000000000003
19.052328532198704,3,100,100,5,100,A1,HOSVD,2.3470000000000013
0.5159573061168249,3,100,100,5,100,A2,HOSVD,2.3470000000000013
0.21326715506523142,3,100,100,5,100,A3,HOSVD,2.3470000000000013
12.684086621851208,3,100,100,5,100,core,HOSVD,2.3470000000000013
17.951566852907725,3,100,100,5,100,A1,HOOI,1.9789999999999992
0.13391179146517024,3,100,100,5,100,A2,HOOI,1.9789999999999992
0.2016968186408931,3,100,100,5,100,A3,HOOI,1.9789999999999992
9.159248545193103,3,100,100,5,100,core,HOOI,1.9789999999999992
24.51858446866469,3,100,100,5,100,A1,Olga,1.2850000000000001
0.6645390040171086,3,100,100,5,100,A2,Olga,1.2850000000000001
0.9422890387323366,3,100,100,5,100,A3,Tracy,1.2850000000000001
12.43765928351698,3,100,100,5,100,core,Tracy_Olga,1.2850000000000001
7.50641408647283,3,100,498,5,100,A1,NTD,21.625
2.1061846124239256,3,100,498,5,100,A2,NTD,21.625
495.1625817660619,3,100,498,5,100,A3,NTD,21.625
9.807853488147499,3,100,498,5,100,core,NTD,21.625
18.2124795905665,3,100,498,5,100,A1,Ours,3.2919999999999945
0.2171233441783654,3,100,498,5,100,A2,Ours,3.2919999999999945
2.7764482363994025,3,100,498,5,100,A3,Ours,3.2919999999999945
11.716324519076862,3,100,498,5,100,core,Ours,3.2919999999999945
18.2124795905665,3,100,498,5,100,A1,HOSVD,4.672000000000004
0.2171233441783654,3,100,498,5,100,A2,HOSVD,4.672000000000004
2.4188356301831826,3,100,498,5,100,A3,HOSVD,4.672000000000004
12.151636382431333,3,100,498,5,100,core,HOSVD,4.672000000000004
18.36811746178445,3,100,498,5,100,A1,HOOI,3.6539999999999964
0.23104839154205065,3,100,498,5,100,A2,HOOI,3.6539999999999964
2.451546240976478,3,100,498,5,100,A3,HOOI,3.6539999999999964
12.236594069194856,3,100,498,5,100,core,HOOI,3.6539999999999964
18.947703803064723,3,100,498,5,100,A1,Olga,3.0289999999999964
4.299075396834996,3,100,498,5,100,A2,Olga,3.0289999999999964
2.794078324272409,3,100,498,5,100,A3,Tracy,3.0289999999999964
10.401436897173257,3,100,498,5,100,core,Tracy_Olga,3.0289999999999964
11.527548386804614,3,100,986,5,100,A1,NTD,38.532000000000004
2.1061470529388724,3,100,986,5,100,A2,NTD,38.532000000000004
983.239125248851,3,100,986,5,100,A3,NTD,38.532000000000004
12.580690476557091,3,100,986,5,100,core,NTD,38.532000000000004
15.080569944954934,3,100,986,5,100,A1,Ours,11.006
0.36103507969311616,3,100,986,5,100,A2,Ours,11.006
4.791425541835322,3,100,986,5,100,A3,Ours,11.006
14.329135010459103,3,100,986,5,100,core,Ours,11.006
15.080569944954934,3,100,986,5,100,A1,HOSVD,10.906999999999996
0.36103507969311616,3,100,986,5,100,A2,HOSVD,10.906999999999996
2.497288725490324,3,100,986,5,100,A3,HOSVD,10.906999999999996
10.91998140277242,3,100,986,5,100,core,HOSVD,10.906999999999996
15.31734867065378,3,100,986,5,100,A1,HOOI,9.278999999999996
0.26008741319010215,3,100,986,5,100,A2,HOOI,9.278999999999996
2.520198629721143,3,100,986,5,100,A3,HOOI,9.278999999999996
10.956338705096861,3,100,986,5,100,core,HOOI,9.278999999999996
33.159092397750086,3,100,986,5,100,A1,Olga,7.767000000000024
0.37663075932077095,3,100,986,5,100,A2,Olga,7.767000000000024
2.8591481661949656,3,100,986,5,100,A3,Tracy,7.767000000000024
12.456033697803646,3,100,986,5,100,core,Tracy_Olga,7.767000000000024
50.193830649995434,3,100,2389,5,100,A1,NTD,91.304
2.106052423805632,3,100,2389,5,100,A2,NTD,91.304
2386.3768731556297,3,100,2389,5,100,A3,NTD,91.304
11.191952969623678,3,100,2389,5,100,core,NTD,91.304
22.83034150055066,3,100,2389,5,100,A1,Ours,6.331999999999994
0.3226544844192666,3,100,2389,5,100,A2,Ours,6.331999999999994
4.0448296830578805,3,100,2389,5,100,A3,Ours,6.331999999999994
12.286585976935244,3,100,2389,5,100,core,Ours,6.331999999999994
22.83034150055066,3,100,2389,5,100,A1,HOSVD,4.983000000000004
0.3226544844192666,3,100,2389,5,100,A2,HOSVD,4.983000000000004
2.5455957778992198,3,100,2389,5,100,A3,HOSVD,4.983000000000004
12.563639994887996,3,100,2389,5,100,core,HOSVD,4.983000000000004
22.680601679406998,3,100,2389,5,100,A1,HOOI,5.957999999999998
0.1911250262429425,3,100,2389,5,100,A2,HOOI,5.957999999999998
2.5707619418215373,3,100,2389,5,100,A3,HOOI,5.957999999999998
12.541452712954875,3,100,2389,5,100,core,HOOI,5.957999999999998
44.00368914560244,3,100,2389,5,100,A1,Olga,3.336999999999989
1.066301368467311,3,100,2389,5,100,A2,Olga,3.336999999999989
2.9254976527751637,3,100,2389,5,100,A3,Tracy,3.336999999999989
10.227725845624654,3,100,2389,5,100,core,Tracy_Olga,3.336999999999989
98.73893556014504,3,100,4556,5,100,A1,NTD,163.51800000000003
3.9825607141309614,3,100,4556,5,100,A2,NTD,163.51800000000003
4553.564786124116,3,100,4556,5,100,A3,NTD,163.51800000000003
9.727610232861595,3,100,4556,5,100,core,NTD,163.51800000000003
17.559075555504062,3,100,4556,5,100,A1,Ours,13.543999999999983
0.5861622523201837,3,100,4556,5,100,A2,Ours,13.543999999999983
4.805294158597748,3,100,4556,5,100,A3,Ours,13.543999999999983
9.949162780691465,3,100,4556,5,100,core,Ours,13.543999999999983
17.559075555504062,3,100,4556,5,100,A1,HOSVD,15.09899999999999
0.5861622523201837,3,100,4556,5,100,A2,HOSVD,15.09899999999999
2.705555561064441,3,100,4556,5,100,A3,HOSVD,15.09899999999999
12.131289328880424,3,100,4556,5,100,core,HOSVD,15.09899999999999
18.20828066017677,3,100,4556,5,100,A1,HOOI,18.613999999999976
0.18017537803624875,3,100,4556,5,100,A2,HOOI,18.613999999999976
2.73659575374347,3,100,4556,5,100,A3,HOOI,18.613999999999976
11.80445849978823,3,100,4556,5,100,core,HOOI,18.613999999999976
63.71046069150785,3,100,4556,5,100,A1,Olga,11.25
0.7291398508766141,3,100,4556,5,100,A2,Olga,11.25
3.0444917014715815,3,100,4556,5,100,A3,Tracy,11.25
7.651571558144144,3,100,4556,5,100,core,Tracy_Olga,11.25
105.00837343812499,3,100,5362,5,100,A1,NTD,185.78199999999998
3.9111978742119193,3,100,5362,5,100,A2,NTD,185.78199999999998
5359.550548304902,3,100,5362,5,100,A3,NTD,185.78199999999998
9.810524831462333,3,100,5362,5,100,core,NTD,185.78199999999998
16.665575180798566,3,100,5362,5,100,A1,Ours,6.322999999999979
0.23860983030196375,3,100,5362,5,100,A2,Ours,6.322999999999979
4.8961859036456685,3,100,5362,5,100,A3,Ours,6.322999999999979
9.982966874640203,3,100,5362,5,100,core,Ours,6.322999999999979
16.665575180798566,3,100,5362,5,100,A1,HOSVD,2.2030000000000882
0.23860983030196375,3,100,5362,5,100,A2,HOSVD,2.2030000000000882
2.7208485953155224,3,100,5362,5,100,A3,HOSVD,2.2030000000000882
9.014850081414101,3,100,5362,5,100,core,HOSVD,2.2030000000000882
15.612586580343637,3,100,5362,5,100,A1,HOOI,13.062000000000012
0.12552198241701865,3,100,5362,5,100,A2,HOOI,13.062000000000012
3.705533100570189,3,100,5362,5,100,A3,HOOI,13.062000000000012
10.890207971890725,3,100,5362,5,100,core,HOOI,13.062000000000012
75.95605026903536,3,100,5362,5,100,A1,Olga,8.812000000000012
0.9781175868112896,3,100,5362,5,100,A2,Olga,8.812000000000012
3.941352615955539,3,100,5362,5,100,A3,Tracy,8.812000000000012
10.17869815243893,3,100,5362,5,100,core,Tracy_Olga,8.812000000000012
116.34524841242168,3,100,6122,5,100,A1,NTD,198.149
3.9829308630381837,3,100,6122,5,100,A2,NTD,198.149
6119.5895326372265,3,100,6122,5,100,A3,NTD,198.149
10.281054659057345,3,100,6122,5,100,core,NTD,198.149
21.66758716794749,3,100,6122,5,100,A1,Ours,7.321000000000026
0.13520488579459564,3,100,6122,5,100,A2,Ours,7.321000000000026
5.176378449647149,3,100,6122,5,100,A3,Ours,7.321000000000026
8.656787387289286,3,100,6122,5,100,core,Ours,7.321000000000026
21.66758716794749,3,100,6122,5,100,A1,HOSVD,2.1200000000000045
0.13520488579459564,3,100,6122,5,100,A2,HOSVD,2.1200000000000045
3.337661092955667,3,100,6122,5,100,A3,HOSVD,2.1200000000000045
10.323537486801747,3,100,6122,5,100,core,HOSVD,2.1200000000000045
24.43244049896351,3,100,6122,5,100,A1,HOOI,8.108999999999924
0.12543561068514014,3,100,6122,5,100,A2,HOOI,8.108999999999924
4.772406459646246,3,100,6122,5,100,A3,HOOI,8.108999999999924
12.694662381403237,3,100,6122,5,100,core,HOOI,8.108999999999924
68.15833338906285,3,100,6122,5,100,A1,Olga,3.1749999999999545
2.749108834082467,3,100,6122,5,100,A2,Olga,3.1749999999999545
3.765850891042544,3,100,6122,5,100,A3,Tracy,3.1749999999999545
9.285737088513162,3,100,6122,5,100,core,Tracy_Olga,3.1749999999999545
126.74967029044423,3,100,6847,5,100,A1,NTD,221.07000000000005
1.982951082347033,3,100,6847,5,100,A2,NTD,221.07000000000005
6844.6018469928285,3,100,6847,5,100,A3,NTD,221.07000000000005
11.196984340920483,3,100,6847,5,100,core,NTD,221.07000000000005
21.26085709519815,3,100,6847,5,100,A1,Ours,8.507000000000062
0.16568578265648592,3,100,6847,5,100,A2,Ours,8.507000000000062
4.965105132480634,3,100,6847,5,100,A3,Ours,8.507000000000062
9.395917587689633,3,100,6847,5,100,core,Ours,8.507000000000062
21.26085709519815,3,100,6847,5,100,A1,HOSVD,6.6469999999999345
0.16568578265648592,3,100,6847,5,100,A2,HOSVD,6.6469999999999345
4.09004395871945,3,100,6847,5,100,A3,HOSVD,6.6469999999999345
11.720147441678819,3,100,6847,5,100,core,HOSVD,6.6469999999999345
20.12179584826292,3,100,6847,5,100,A1,HOOI,15.988000000000056
0.32285026304886005,3,100,6847,5,100,A2,HOOI,15.988000000000056
3.9288883414936535,3,100,6847,5,100,A3,HOOI,15.988000000000056
8.898879556897743,3,100,6847,5,100,core,HOOI,15.988000000000056
90.04810412990355,3,100,6847,5,100,A1,Olga,8.102999999999838
3.9979628150320154,3,100,6847,5,100,A2,Olga,8.102999999999838
3.127696536593606,3,100,6847,5,100,A3,Tracy,8.102999999999838
12.35545413655087,3,100,6847,5,100,core,Tracy_Olga,8.102999999999838
118.05871094151743,3,100,7549,5,100,A1,NTD,242.289
4.106399870193764,3,100,7549,5,100,A2,NTD,242.289
7546.601869422788,3,100,7549,5,100,A3,NTD,242.289
9.84673007012777,3,100,7549,5,100,core,NTD,242.289
17.041043191812303,3,100,7549,5,100,A1,Ours,9.096000000000004
0.8963486641730628,3,100,7549,5,100,A2,Ours,9.096000000000004
5.115044398786849,3,100,7549,5,100,A3,Ours,9.096000000000004
10.997765237810164,3,100,7549,5,100,core,Ours,9.096000000000004
17.041043191812303,3,100,7549,5,100,A1,HOSVD,2.5210000000001855
0.8963486641730628,3,100,7549,5,100,A2,HOSVD,2.5210000000001855
4.8300016372235755,3,100,7549,5,100,A3,HOSVD,2.5210000000001855
10.117715386671874,3,100,7549,5,100,core,HOSVD,2.5210000000001855
77.62349793243058,3,100,7549,5,100,A1,Olga,5.403999999999996
4.570024045102063,3,100,7549,5,100,A2,Olga,5.403999999999996
3.1703388966987167,3,100,7549,5,100,A3,Tracy,5.403999999999996
12.159960965617412,3,100,7549,5,100,core,Tracy_Olga,5.403999999999996
123.06119733708445,3,100,8237,5,100,A1,NTD,262.451
2.106078515552858,3,100,8237,5,100,A2,NTD,262.451
8234.600897261891,3,100,8237,5,100,A3,NTD,262.451
10.50492985261094,3,100,8237,5,100,core,NTD,262.451
19.584408307971348,3,100,8237,5,100,A1,Ours,20.41599999999994
1.1438516794373388,3,100,8237,5,100,A2,Ours,20.41599999999994
4.973524461699923,3,100,8237,5,100,A3,Ours,20.41599999999994
11.244899534884116,3,100,8237,5,100,core,Ours,20.41599999999994
19.584408307971348,3,100,8237,5,100,A1,HOSVD,10.663000000000011
1.1438516794373388,3,100,8237,5,100,A2,HOSVD,10.663000000000011
4.039898374351529,3,100,8237,5,100,A3,HOSVD,10.663000000000011
8.71173163501779,3,100,8237,5,100,core,HOSVD,10.663000000000011
19.691525641240435,3,100,8237,5,100,A1,HOOI,28.424999999999955
0.04964793528056629,3,100,8237,5,100,A2,HOOI,28.424999999999955
3.345503873836187,3,100,8237,5,100,A3,HOOI,28.424999999999955
10.232629400698082,3,100,8237,5,100,core,HOOI,28.424999999999955
95.38765896575762,3,100,8237,5,100,A1,Olga,21.153999999999996
4.111422556012683,3,100,8237,5,100,A2,Olga,21.153999999999996
4.002899408855301,3,100,8237,5,100,A3,Tracy,21.153999999999996
10.59062439776542,3,100,8237,5,100,core,Tracy_Olga,21.153999999999996
3.304398666425414,3,100,100,5,3000,A1,NTD,3.380000000000109
2.674558536757509,3,100,100,5,3000,A2,NTD,3.380000000000109
97,3,100,100,5,3000,A3,NTD,3.380000000000109
10.355927365702447,3,100,100,5,3000,core,NTD,3.380000000000109
3.958260330803157,3,100,100,5,3000,A1,Ours,5.842000000000098
0.01999746556756988,3,100,100,5,3000,A2,Ours,5.842000000000098
0.04043868682851757,3,100,100,5,3000,A3,Ours,5.842000000000098
10.642945780974514,3,100,100,5,3000,core,Ours,5.842000000000098
3.958260330803157,3,100,100,5,3000,A1,HOSVD,5.107999999999947
0.01999746556756988,3,100,100,5,3000,A2,HOSVD,5.107999999999947
0.04044153914843699,3,100,100,5,3000,A3,HOSVD,5.107999999999947
10.642944757036402,3,100,100,5,3000,core,HOSVD,5.107999999999947
3.9910990323035507,3,100,100,5,3000,A1,HOOI,4.393000000000029
0.03357866546808302,3,100,100,5,3000,A2,HOOI,4.393000000000029
0.040152278200416135,3,100,100,5,3000,A3,HOOI,4.393000000000029
10.643231310971078,3,100,100,5,3000,core,HOOI,4.393000000000029
3.4470738496007733,3,100,100,5,3000,A1,Olga,5.052999999999884
0.03676452990641968,3,100,100,5,3000,A2,Olga,5.052999999999884
0.9018776940111152,3,100,100,5,3000,A3,Tracy,5.052999999999884
10.670846078126392,3,100,100,5,3000,core,Tracy_Olga,5.052999999999884
3.1061641312658983,3,100,500,5,3000,A1,NTD,13.292999999999893
4.24325659332326,3,100,500,5,3000,A2,NTD,13.292999999999893
497.0002789514303,3,100,500,5,3000,A3,NTD,13.292999999999893
9.489347032009391,3,100,500,5,3000,core,NTD,13.292999999999893
3.6977709316779226,3,100,500,5,3000,A1,Ours,4.613000000000056
0.04614952968381692,3,100,500,5,3000,A2,Ours,4.613000000000056
0.13125222161992744,3,100,500,5,3000,A3,Ours,4.613000000000056
10.626079777273949,3,100,500,5,3000,core,Ours,4.613000000000056
3.6977709316779226,3,100,500,5,3000,A1,HOSVD,4.83400000000006
0.04614952968381692,3,100,500,5,3000,A2,HOSVD,4.83400000000006
0.13119139302021285,3,100,500,5,3000,A3,HOSVD,4.83400000000006
10.625792319625168,3,100,500,5,3000,core,HOSVD,4.83400000000006
3.7091379928830683,3,100,500,5,3000,A1,HOOI,3.8279999999999745
0.04509048774745525,3,100,500,5,3000,A2,HOOI,3.8279999999999745
0.13097522852778143,3,100,500,5,3000,A3,HOOI,3.8279999999999745
10.629141307660916,3,100,500,5,3000,core,HOOI,3.8279999999999745
5.274411067606594,3,100,500,5,3000,A1,Olga,6.150000000000091
0.018572520356894114,3,100,500,5,3000,A2,Olga,6.150000000000091
1.2449237534630293,3,100,500,5,3000,A3,Tracy,6.150000000000091
10.687590272120596,3,100,500,5,3000,core,Tracy_Olga,6.150000000000091
4.634832502959805,3,100,1000,5,3000,A1,NTD,34.62000000000012
3.9949460053198447,3,100,1000,5,3000,A2,NTD,34.62000000000012
997.0003503464214,3,100,1000,5,3000,A3,NTD,34.62000000000012
10.961598337171022,3,100,1000,5,3000,core,NTD,34.62000000000012
2.675535331981414,3,100,1000,5,3000,A1,Ours,0.49300000000016553
0.0348447550581864,3,100,1000,5,3000,A2,Ours,0.49300000000016553
0.11438227800539552,3,100,1000,5,3000,A3,Ours,0.49300000000016553
8.593548180499905,3,100,1000,5,3000,core,Ours,0.49300000000016553
2.675535331981414,3,100,1000,5,3000,A1,HOSVD,0.4739999999999327
0.0348447550581864,3,100,1000,5,3000,A2,HOSVD,0.4739999999999327
0.11437488640300028,3,100,1000,5,3000,A3,HOSVD,0.4739999999999327
8.593430866404985,3,100,1000,5,3000,core,HOSVD,0.4739999999999327
2.6777189722487607,3,100,1000,5,3000,A1,HOOI,0.9479999999998654
0.02393683437240925,3,100,1000,5,3000,A2,HOOI,0.9479999999998654
0.11437813141625754,3,100,1000,5,3000,A3,HOOI,0.9479999999998654
8.594097437932167,3,100,1000,5,3000,core,HOOI,0.9479999999998654
2.807699968348553,3,100,1000,5,3000,A1,Olga,0.5299999999999727
0.079751437719947,3,100,1000,5,3000,A2,Olga,0.5299999999999727
1.4358126584513187,3,100,1000,5,3000,A3,Tracy,0.5299999999999727
10.577414865434267,3,100,1000,5,3000,core,Tracy_Olga,0.5299999999999727
3.2698639760917327,3,100,2497,5,3000,A1,NTD,87.27300000000014
3.9141493681749777,3,100,2497,5,3000,A2,NTD,87.27300000000014
2494.0306585031567,3,100,2497,5,3000,A3,NTD,87.27300000000014
12.852406585492451,3,100,2497,5,3000,core,NTD,87.27300000000014
3.123659838256079,3,100,2497,5,3000,A1,Ours,2.2899999999999636
0.03692302063188428,3,100,2497,5,3000,A2,Ours,2.2899999999999636
2.479741192700225,3,100,2497,5,3000,A3,Ours,2.2899999999999636
8.598743731862573,3,100,2497,5,3000,core,Ours,2.2899999999999636
3.123659838256079,3,100,2497,5,3000,A1,HOSVD,0.9820000000001983
0.03692302063188428,3,100,2497,5,3000,A2,HOSVD,0.9820000000001983
2.474179834061732,3,100,2497,5,3000,A3,HOSVD,0.9820000000001983
8.594659383593125,3,100,2497,5,3000,core,HOSVD,0.9820000000001983
3.1358188763463692,3,100,2497,5,3000,A1,HOOI,2.143000000000029
0.025661115873151365,3,100,2497,5,3000,A2,HOOI,2.143000000000029
2.472645916660839,3,100,2497,5,3000,A3,HOOI,2.143000000000029
8.601442007035642,3,100,2497,5,3000,core,HOOI,2.143000000000029
4.220538883019057,3,100,2497,5,3000,A1,Olga,1.3410000000001219
0.06408491143271715,3,100,2497,5,3000,A2,Olga,1.3410000000001219
2.8129966216705133,3,100,2497,5,3000,A3,Tracy,1.3410000000001219
10.69281307077335,3,100,2497,5,3000,core,Tracy_Olga,1.3410000000001219
2.0474904599153008,3,100,4988,5,3000,A1,NTD,171.50900000000001
2.9800992770805053,3,100,4988,5,3000,A2,NTD,171.50900000000001
4985.06553123619,3,100,4988,5,3000,A3,NTD,171.50900000000001
8.865491311370842,3,100,4988,5,3000,core,NTD,171.50900000000001
5.163264410970675,3,100,4988,5,3000,A1,Ours,5.62099999999964
0.03181317639519995,3,100,4988,5,3000,A2,Ours,5.62099999999964
2.5281981194334744,3,100,4988,5,3000,A3,Ours,5.62099999999964
8.527216569950674,3,100,4988,5,3000,core,Ours,5.62099999999964
5.163264410970675,3,100,4988,5,3000,A1,HOSVD,1.8700000000003456
0.03181317639519995,3,100,4988,5,3000,A2,HOSVD,1.8700000000003456
2.5025649391523594,3,100,4988,5,3000,A3,HOSVD,1.8700000000003456
8.512942759863343,3,100,4988,5,3000,core,HOSVD,1.8700000000003456
5.146825695488809,3,100,4988,5,3000,A1,HOOI,4.480000000000018
0.04443237676154189,3,100,4988,5,3000,A2,HOOI,4.480000000000018
2.5003109626329665,3,100,4988,5,3000,A3,HOOI,4.480000000000018
8.499404326780848,3,100,4988,5,3000,core,HOOI,4.480000000000018
3.9937763685047476,3,100,4988,5,3000,A1,Olga,2.813999999999851
0.1487993711260367,3,100,4988,5,3000,A2,Olga,2.813999999999851
2.940996535289796,3,100,4988,5,3000,A3,Tracy,2.813999999999851
8.444591385260829,3,100,4988,5,3000,core,Tracy_Olga,2.813999999999851
2.037700611279518,3,100,5983,5,3000,A1,NTD,200.587
3.9111690313205836,3,100,5983,5,3000,A2,NTD,200.587
5980.061776516255,3,100,5983,5,3000,A3,NTD,200.587
9.689919673579576,3,100,5983,5,3000,core,NTD,200.587
2.9674692276908616,3,100,5983,5,3000,A1,Ours,7.8960000000001855
0.06158929639852345,3,100,5983,5,3000,A2,Ours,7.8960000000001855
2.553919086376886,3,100,5983,5,3000,A3,Ours,7.8960000000001855
8.623948455890366,3,100,5983,5,3000,core,Ours,7.8960000000001855
2.9674692276908616,3,100,5983,5,3000,A1,HOSVD,3.2840000000001055
0.06158929639852345,3,100,5983,5,3000,A2,HOSVD,3.2840000000001055
2.5221434714400237,3,100,5983,5,3000,A3,HOSVD,3.2840000000001055
8.601980389535951,3,100,5983,5,3000,core,HOSVD,3.2840000000001055
2.982483772006972,3,100,5983,5,3000,A1,HOOI,5.4340000000001965
0.05314465069145614,3,100,5983,5,3000,A2,HOOI,5.4340000000001965
2.5246417739861844,3,100,5983,5,3000,A3,HOOI,5.4340000000001965
8.611726500153907,3,100,5983,5,3000,core,HOOI,5.4340000000001965
5.215175992918523,3,100,5983,5,3000,A1,Olga,3.9420000000000073
0.07207821494401843,3,100,5983,5,3000,A2,Olga,3.9420000000000073
2.8766112123847725,3,100,5983,5,3000,A3,Tracy,3.9420000000000073
8.665365133360785,3,100,5983,5,3000,core,Tracy_Olga,3.9420000000000073
2.7102191575125376,3,100,6969,5,3000,A1,NTD,227.7130000000002
1.2745786226188287,3,100,6969,5,3000,A2,NTD,227.7130000000002
6966.077418750574,3,100,6969,5,3000,A3,NTD,227.7130000000002
13.959916042962897,3,100,6969,5,3000,core,NTD,227.7130000000002
3.1320720108785105,3,100,6969,5,3000,A1,Ours,8.253999999999905
0.007595075384150612,3,100,6969,5,3000,A2,Ours,8.253999999999905
2.5463495096623823,3,100,6969,5,3000,A3,Ours,8.253999999999905
8.449926341976527,3,100,6969,5,3000,core,Ours,8.253999999999905
3.1320720108785105,3,100,6969,5,3000,A1,HOSVD,2.4600000000000364
0.007595075384150612,3,100,6969,5,3000,A2,HOSVD,2.4600000000000364
2.5040714426573927,3,100,6969,5,3000,A3,HOSVD,2.4600000000000364
8.417348681513014,3,100,6969,5,3000,core,HOSVD,2.4600000000000364
3.170838868529881,3,100,6969,5,3000,A1,HOOI,6.6159999999999854
0.018180819946795126,3,100,6969,5,3000,A2,HOOI,6.6159999999999854
2.5042765474137667,3,100,6969,5,3000,A3,HOOI,6.6159999999999854
8.41401824079749,3,100,6969,5,3000,core,HOOI,6.6159999999999854
3.9041756817525597,3,100,6969,5,3000,A1,Olga,4.541999999999916
0.0984407382385953,3,100,6969,5,3000,A2,Olga,4.541999999999916
2.8720352274912995,3,100,6969,5,3000,A3,Tracy,4.541999999999916
11.642423613536069,3,100,6969,5,3000,core,Tracy_Olga,4.541999999999916
1.7900624263893723,3,100,7969,5,3000,A1,NTD,254.93200000000024
1.2898824451326465,3,100,7969,5,3000,A2,NTD,254.93200000000024
7966.07003409764,3,100,7969,5,3000,A3,NTD,254.93200000000024
13.882604845452716,3,100,7969,5,3000,core,NTD,254.93200000000024
3.9367467153676428,3,100,7969,5,3000,A1,Ours,13.55600000000004
0.04495132771955391,3,100,7969,5,3000,A2,Ours,13.55600000000004
2.570643172857521,3,100,7969,5,3000,A3,Ours,13.55600000000004
8.737272310981945,3,100,7969,5,3000,core,Ours,13.55600000000004
3.9367467153676428,3,100,7969,5,3000,A1,HOSVD,7.536999999999807
0.04495132771955391,3,100,7969,5,3000,A2,HOSVD,7.536999999999807
2.516900414258098,3,100,7969,5,3000,A3,HOSVD,7.536999999999807
8.680798296511785,3,100,7969,5,3000,core,HOSVD,7.536999999999807
3.920994581571663,3,100,7969,5,3000,A1,HOOI,10.909999999999854
0.04785079448266008,3,100,7969,5,3000,A2,HOOI,10.909999999999854
2.5189479578820286,3,100,7969,5,3000,A3,HOOI,10.909999999999854
8.675278453341868,3,100,7969,5,3000,core,HOOI,10.909999999999854
3.496920050999875,3,100,7969,5,3000,A1,Olga,11.066000000000258
0.07683144128566174,3,100,7969,5,3000,A2,Olga,11.066000000000258
2.8644163283644657,3,100,7969,5,3000,A3,Tracy,11.066000000000258
11.747259298460335,3,100,7969,5,3000,core,Tracy_Olga,11.066000000000258
1.9397072312034966,3,100,8966,5,3000,A1,NTD,282.91799999999967
1.9849039822995276,3,100,8966,5,3000,A2,NTD,282.91799999999967
8963.088682353871,3,100,8966,5,3000,A3,NTD,282.91799999999967
12.463570685609191,3,100,8966,5,3000,core,NTD,282.91799999999967
3.5950874877867656,3,100,8966,5,3000,A1,Ours,11.088999999999942
0.032949128318164954,3,100,8966,5,3000,A2,Ours,11.088999999999942
2.6033430261862853,3,100,8966,5,3000,A3,Ours,11.088999999999942
8.583468197524628,3,100,8966,5,3000,core,Ours,11.088999999999942
3.5950874877867656,3,100,8966,5,3000,A1,HOSVD,3.3659999999999854
0.032949128318164954,3,100,8966,5,3000,A2,HOSVD,3.3659999999999854
2.5350350401489,3,100,8966,5,3000,A3,HOSVD,3.3659999999999854
8.529629240809939,3,100,8966,5,3000,core,HOSVD,3.3659999999999854
3.6013088984679635,3,100,8966,5,3000,A1,HOOI,9.103000000000065
0.03840863665419334,3,100,8966,5,3000,A2,HOOI,9.103000000000065
2.5376310507638755,3,100,8966,5,3000,A3,HOOI,9.103000000000065
8.538522952442378,3,100,8966,5,3000,core,HOOI,9.103000000000065
5.38498713529917,3,100,8966,5,3000,A1,Olga,6.019999999999982
0.18236861979240296,3,100,8966,5,3000,A2,Olga,6.019999999999982
2.876082004914704,3,100,8966,5,3000,A3,Tracy,6.019999999999982
10.649516369313709,3,100,8966,5,3000,core,Tracy_Olga,6.019999999999982
2.2256601880999383,3,100,9943,5,3000,A1,NTD,313.8670000000002
4.106422236046222,3,100,9943,5,3000,A2,NTD,313.8670000000002
9940.090847298045,3,100,9943,5,3000,A3,NTD,313.8670000000002
12.849742631286201,3,100,9943,5,3000,core,NTD,313.8670000000002
4.50339092912418,3,100,9943,5,3000,A1,Ours,31.514999999999873
0.027939175534665125,3,100,9943,5,3000,A2,Ours,31.514999999999873
2.6160300012392774,3,100,9943,5,3000,A3,Ours,31.514999999999873
10.702045747830478,3,100,9943,5,3000,core,Ours,31.514999999999873
4.50339092912418,3,100,9943,5,3000,A1,HOSVD,20.34900000000016
0.027939175534665125,3,100,9943,5,3000,A2,HOSVD,20.34900000000016
2.531611276660699,3,100,9943,5,3000,A3,HOSVD,20.34900000000016
10.697347637975966,3,100,9943,5,3000,core,HOSVD,20.34900000000016
4.506980471808342,3,100,9943,5,3000,A1,HOOI,26.68600000000015
0.03362951378565907,3,100,9943,5,3000,A2,HOOI,26.68600000000015
2.534010294909368,3,100,9943,5,3000,A3,HOOI,26.68600000000015
10.691001536843624,3,100,9943,5,3000,core,HOOI,26.68600000000015
5.194415740212955,3,100,9943,5,3000,A1,Olga,23.233000000000175
0.08726043005716393,3,100,9943,5,3000,A2,Olga,23.233000000000175
2.8760469371458903,3,100,9943,5,3000,A3,Tracy,23.233000000000175
8.63862206163873,3,100,9943,5,3000,core,Tracy_Olga,23.233000000000175
1.8315484835576799,3,100,100,5,10000,A1,NTD,3.3599999999996726
0.8557574722334484,3,100,100,5,10000,A2,NTD,3.3599999999996726
97.00026812422098,3,100,100,5,10000,A3,NTD,3.3599999999996726
8.605912782765355,3,100,100,5,10000,core,NTD,3.3599999999996726
1.4798164697920895,3,100,100,5,10000,A1,Ours,6.31899999999996
0.014006700738764175,3,100,100,5,10000,A2,Ours,6.31899999999996
0.01873683669683946,3,100,100,5,10000,A3,Ours,6.31899999999996
10.728071111559844,3,100,100,5,10000,core,Ours,6.31899999999996
1.4798164697920895,3,100,100,5,10000,A1,HOSVD,4.251999999999953
0.014006700738764175,3,100,100,5,10000,A2,HOSVD,4.251999999999953
0.018737017473715083,3,100,100,5,10000,A3,HOSVD,4.251999999999953
10.728071103826203,3,100,100,5,10000,core,HOSVD,4.251999999999953
1.4921030067725372,3,100,100,5,10000,A1,HOOI,5.554000000000087
0.01641968365570105,3,100,100,5,10000,A2,HOOI,5.554000000000087
0.018754918413529695,3,100,100,5,10000,A3,HOOI,5.554000000000087
10.727620798876165,3,100,100,5,10000,core,HOOI,5.554000000000087
1.6898191920454977,3,100,100,5,10000,A1,Olga,4.6590000000001055
0.007593448782196808,3,100,100,5,10000,A2,Olga,4.6590000000001055
0.8939060605953437,3,100,100,5,10000,A3,Tracy,4.6590000000001055
10.73559992628543,3,100,100,5,10000,core,Tracy_Olga,4.6590000000001055
2.2180809411612117,3,100,500,5,10000,A1,NTD,13.981999999999971
2.1604316583896663,3,100,500,5,10000,A2,NTD,13.981999999999971
497.0000527766057,3,100,500,5,10000,A3,NTD,13.981999999999971
7.293742928106234,3,100,500,5,10000,core,NTD,13.981999999999971
1.8589701206067977,3,100,500,5,10000,A1,Ours,3.1109999999998763
0.027312613573764716,3,100,500,5,10000,A2,Ours,3.1109999999998763
0.04555383665951947,3,100,500,5,10000,A3,Ours,3.1109999999998763
10.697643685812304,3,100,500,5,10000,core,Ours,3.1109999999998763
1.8589701206067977,3,100,500,5,10000,A1,HOSVD,4.760000000000218
0.027312613573764716,3,100,500,5,10000,A2,HOSVD,4.760000000000218
0.04555749151802297,3,100,500,5,10000,A3,HOSVD,4.760000000000218
10.697638136571568,3,100,500,5,10000,core,HOSVD,4.760000000000218
1.8517865511696243,3,100,500,5,10000,A1,HOOI,4.434999999999945
0.02071317491985847,3,100,500,5,10000,A2,HOOI,4.434999999999945
0.045406008934325635,3,100,500,5,10000,A3,HOOI,4.434999999999945
10.697596457330182,3,100,500,5,10000,core,HOOI,4.434999999999945
2.159611919292565,3,100,500,5,10000,A1,Olga,3.757000000000062
0.04405608163290866,3,100,500,5,10000,A2,Olga,3.757000000000062
1.2244387898716138,3,100,500,5,10000,A3,Tracy,3.757000000000062
10.68386718770661,3,100,500,5,10000,core,Tracy_Olga,3.757000000000062
3.1394830105738696,3,100,1000,5,10000,A1,NTD,31.34400000000005
3.647106614493398,3,100,1000,5,10000,A2,NTD,31.34400000000005
997.0000766911744,3,100,1000,5,10000,A3,NTD,31.34400000000005
10.58801653567791,3,100,1000,5,10000,core,NTD,31.34400000000005
1.9807761856841324,3,100,1000,5,10000,A1,Ours,0.5509999999999309
0.045830528762795385,3,100,1000,5,10000,A2,Ours,0.5509999999999309
0.13723142483559328,3,100,1000,5,10000,A3,Ours,0.5509999999999309
10.677233974934115,3,100,1000,5,10000,core,Ours,0.5509999999999309
1.9807761856841324,3,100,1000,5,10000,A1,HOSVD,0.4980000000000473
0.045830528762795385,3,100,1000,5,10000,A2,HOSVD,0.4980000000000473
0.13723270031589468,3,100,1000,5,10000,A3,HOSVD,0.4980000000000473
10.677232929187756,3,100,1000,5,10000,core,HOSVD,0.4980000000000473
1.9834757558891043,3,100,1000,5,10000,A1,HOOI,0.9580000000000837
0.03865040208739564,3,100,1000,5,10000,A2,HOOI,0.9580000000000837
0.13776055074462182,3,100,1000,5,10000,A3,HOOI,0.9580000000000837
10.676214514039733,3,100,1000,5,10000,core,HOOI,0.9580000000000837
2.038999197490951,3,100,1000,5,10000,A1,Olga,0.4980000000000473
0.018330081147851188,3,100,1000,5,10000,A2,Olga,0.4980000000000473
1.3136343921206122,3,100,1000,5,10000,A3,Tracy,0.4980000000000473
10.711943240190504,3,100,1000,5,10000,core,Tracy_Olga,0.4980000000000473
5.200690505275164,3,100,2499,5,10000,A1,NTD,86.65000000000009
1.829541248111413,3,100,2499,5,10000,A2,NTD,86.65000000000009
2496.026296550931,3,100,2499,5,10000,A3,NTD,86.65000000000009
12.262773234060505,3,100,2499,5,10000,core,NTD,86.65000000000009
2.876584085441537,3,100,2499,5,10000,A1,Ours,2.3780000000001564
0.02139640848641742,3,100,2499,5,10000,A2,Ours,2.3780000000001564
2.401120574505226,3,100,2499,5,10000,A3,Ours,2.3780000000001564
10.710830800199817,3,100,2499,5,10000,core,Ours,2.3780000000001564
2.876584085441537,3,100,2499,5,10000,A1,HOSVD,0.8980000000001382
0.02139640848641742,3,100,2499,5,10000,A2,HOSVD,0.8980000000001382
2.4004388933658407,3,100,2499,5,10000,A3,HOSVD,0.8980000000001382
10.710994408275225,3,100,2499,5,10000,core,HOSVD,0.8980000000001382
2.885756821537151,3,100,2499,5,10000,A1,HOOI,2.056999999999789
0.02191151766035251,3,100,2499,5,10000,A2,HOOI,2.056999999999789
2.401397757789604,3,100,2499,5,10000,A3,HOOI,2.056999999999789
10.712829382884768,3,100,2499,5,10000,core,HOOI,2.056999999999789
2.0809846962919782,3,100,2499,5,10000,A1,Olga,1.087999999999738
0.035677802535593356,3,100,2499,5,10000,A2,Olga,1.087999999999738
2.9911052331433523,3,100,2499,5,10000,A3,Tracy,1.087999999999738
9.63915624318971,3,100,2499,5,10000,core,Tracy_Olga,1.087999999999738
8.389413591613236,3,100,4999,5,10000,A1,NTD,176.94900000000007
0.9124453529573239,3,100,4999,5,10000,A2,NTD,176.94900000000007
4996.016990962161,3,100,4999,5,10000,A3,NTD,176.94900000000007
9.610195658291097,3,100,4999,5,10000,core,NTD,176.94900000000007
2.2436996103857787,3,100,4999,5,10000,A1,Ours,5.387000000000171
0.00898896811801396,3,100,4999,5,10000,A2,Ours,5.387000000000171
2.5195757613816316,3,100,4999,5,10000,A3,Ours,5.387000000000171
10.806786427479597,3,100,4999,5,10000,core,Ours,5.387000000000171
2.2436996103857787,3,100,4999,5,10000,A1,HOSVD,1.8090000000001965
0.00898896811801396,3,100,4999,5,10000,A2,HOSVD,1.8090000000001965
2.5175046648076793,3,100,4999,5,10000,A3,HOSVD,1.8090000000001965
10.80667475707495,3,100,4999,5,10000,core,HOSVD,1.8090000000001965
2.2394088537984786,3,100,4999,5,10000,A1,HOOI,5.209000000000287
0.008358180411109056,3,100,4999,5,10000,A2,HOOI,5.209000000000287
2.5181221117303094,3,100,4999,5,10000,A3,HOOI,5.209000000000287
10.803559190855157,3,100,4999,5,10000,core,HOOI,5.209000000000287
1.986662113918614,3,100,4999,5,10000,A1,Olga,3.1289999999999054
0.02242760102682445,3,100,4999,5,10000,A2,Olga,3.1289999999999054
2.898950236821676,3,100,4999,5,10000,A3,Tracy,3.1289999999999054
10.772724475162786,3,100,4999,5,10000,core,Tracy_Olga,3.1289999999999054
11.195545832737537,3,100,5996,5,10000,A1,NTD,195.13500000000022
4.580192590733146,3,100,5996,5,10000,A2,NTD,195.13500000000022
5993.015509660451,3,100,5996,5,10000,A3,NTD,195.13500000000022
10.654732818572075,3,100,5996,5,10000,core,NTD,195.13500000000022
1.6505224755919938,3,100,5996,5,10000,A1,Ours,6.125
0.029176308042408637,3,100,5996,5,10000,A2,Ours,6.125
2.5094056832490663,3,100,5996,5,10000,A3,Ours,6.125
10.868337496074187,3,100,5996,5,10000,core,Ours,6.125
1.6505224755919938,3,100,5996,5,10000,A1,HOSVD,2.0219999999999345
0.029176308042408637,3,100,5996,5,10000,A2,HOSVD,2.0219999999999345
2.506449047325544,3,100,5996,5,10000,A3,HOSVD,2.0219999999999345
10.86816443525967,3,100,5996,5,10000,core,HOSVD,2.0219999999999345
1.6517843228081301,3,100,5996,5,10000,A1,HOOI,5.1899999999996
0.031546512498052806,3,100,5996,5,10000,A2,HOOI,5.1899999999996
2.5053691213123663,3,100,5996,5,10000,A3,HOOI,5.1899999999996
10.87055535024273,3,100,5996,5,10000,core,HOOI,5.1899999999996
2.2985149016063438,3,100,5996,5,10000,A1,Olga,3.2669999999998254
0.05985599123406709,3,100,5996,5,10000,A2,Olga,3.2669999999998254
2.899557345071899,3,100,5996,5,10000,A3,Tracy,3.2669999999998254
10.850174342367625,3,100,5996,5,10000,core,Tracy_Olga,3.2669999999998254
2.5179444377627553,3,100,6995,5,10000,A1,NTD,223.9349999999995
3.3771963587591896,3,100,6995,5,10000,A2,NTD,223.9349999999995
6992.036175230105,3,100,6995,5,10000,A3,NTD,223.9349999999995
14.526377886389772,3,100,6995,5,10000,core,NTD,223.9349999999995
2.5585006364465364,3,100,6995,5,10000,A1,Ours,8.779999999999745
0.013531973167703326,3,100,6995,5,10000,A2,Ours,8.779999999999745
2.5042082165498822,3,100,6995,5,10000,A3,Ours,8.779999999999745
10.84767001875529,3,100,6995,5,10000,core,Ours,8.779999999999745
2.5585006364465364,3,100,6995,5,10000,A1,HOSVD,2.6390000000001237
0.013531973167703326,3,100,6995,5,10000,A2,HOSVD,2.6390000000001237
2.5002933278371855,3,100,6995,5,10000,A3,HOSVD,2.6390000000001237
10.847318842880883,3,100,6995,5,10000,core,HOSVD,2.6390000000001237
2.5608117260771133,3,100,6995,5,10000,A1,HOOI,6.326000000000022
0.013797987588885022,3,100,6995,5,10000,A2,HOOI,6.326000000000022
2.5009606877746187,3,100,6995,5,10000,A3,HOOI,6.326000000000022
10.844676845025738,3,100,6995,5,10000,core,HOOI,6.326000000000022
2.089244449092605,3,100,6995,5,10000,A1,Olga,3.9659999999994398
0.05834248625936246,3,100,6995,5,10000,A2,Olga,3.9659999999994398
2.8861702587546123,3,100,6995,5,10000,A3,Tracy,3.9659999999994398
11.621050629292382,3,100,6995,5,10000,core,Tracy_Olga,3.9659999999994398
5.8933210569452,3,100,7992,5,10000,A1,NTD,251.1279999999997
3.4795278871163684,3,100,7992,5,10000,A2,NTD,251.1279999999997
7989.03745179609,3,100,7992,5,10000,A3,NTD,251.1279999999997
10.392277119803218,3,100,7992,5,10000,core,NTD,251.1279999999997
1.9259684234160963,3,100,7992,5,10000,A1,Ours,9.717000000000553
0.0429596860749416,3,100,7992,5,10000,A2,Ours,9.717000000000553
2.519719703078251,3,100,7992,5,10000,A3,Ours,9.717000000000553
10.706771309960038,3,100,7992,5,10000,core,Ours,9.717000000000553
1.9259684234160963,3,100,7992,5,10000,A1,HOSVD,3.9450000000006185
0.0429596860749416,3,100,7992,5,10000,A2,HOSVD,3.9450000000006185
2.514761816950425,3,100,7992,5,10000,A3,HOSVD,3.9450000000006185
10.706462850260559,3,100,7992,5,10000,core,HOSVD,3.9450000000006185
1.927125480001632,3,100,7992,5,10000,A1,HOOI,7.927999999999884
0.04646386099687942,3,100,7992,5,10000,A2,HOOI,7.927999999999884
2.514759613578026,3,100,7992,5,10000,A3,HOOI,7.927999999999884
10.707113168581216,3,100,7992,5,10000,core,HOOI,7.927999999999884
1.5869121904453882,3,100,7992,5,10000,A1,Olga,5.117000000000189
0.11448497278282763,3,100,7992,5,10000,A2,Olga,5.117000000000189
2.8679018730096657,3,100,7992,5,10000,A3,Tracy,5.117000000000189
10.689766426036213,3,100,7992,5,10000,core,Tracy_Olga,5.117000000000189
3.6575031104062465,3,100,8987,5,10000,A1,NTD,290.8039999999992
3.071274286017013,3,100,8987,5,10000,A2,NTD,290.8039999999992
8984.031456165372,3,100,8987,5,10000,A3,NTD,290.8039999999992
12.228568365763824,3,100,8987,5,10000,core,NTD,290.8039999999992
2.8088108756044043,3,100,8987,5,10000,A1,Ours,12.467999999999847
0.02163075915318828,3,100,8987,5,10000,A2,Ours,12.467999999999847
2.5013410826770155,3,100,8987,5,10000,A3,Ours,12.467999999999847
10.786433459868292,3,100,8987,5,10000,core,Ours,12.467999999999847
2.8088108756044043,3,100,8987,5,10000,A1,HOSVD,3.125
0.02163075915318828,3,100,8987,5,10000,A2,HOSVD,3.125
2.494103295011663,3,100,8987,5,10000,A3,HOSVD,3.125
10.786380830942973,3,100,8987,5,10000,core,HOSVD,3.125
2.8204300378489373,3,100,8987,5,10000,A1,HOOI,10.720999999999549
0.018356258151620862,3,100,8987,5,10000,A2,HOOI,10.720999999999549
2.498087336815085,3,100,8987,5,10000,A3,HOOI,10.720999999999549
10.780748505078542,3,100,8987,5,10000,core,HOOI,10.720999999999549
2.179387655462057,3,100,8987,5,10000,A1,Olga,5.488999999999578
0.0642573138040111,3,100,8987,5,10000,A2,Olga,5.488999999999578
2.9199827490874033,3,100,8987,5,10000,A3,Tracy,5.488999999999578
10.791359575423824,3,100,8987,5,10000,core,Tracy_Olga,5.488999999999578
5.009381138841241,3,100,9982,5,10000,A1,NTD,285.3829999999998
4.276161666713206,3,100,9982,5,10000,A2,NTD,285.3829999999998
9979.044005371672,3,100,9982,5,10000,A3,NTD,285.3829999999998
14.389951447549585,3,100,9982,5,10000,core,NTD,285.3829999999998
2.0927633877413365,3,100,9982,5,10000,A1,Ours,11.247999999999593
0.025324129536276295,3,100,9982,5,10000,A2,Ours,11.247999999999593
2.533096979815878,3,100,9982,5,10000,A3,Ours,11.247999999999593
10.706624805667362,3,100,9982,5,10000,core,Ours,11.247999999999593
2.0927633877413365,3,100,9982,5,10000,A1,HOSVD,2.5599999999994907
0.025324129536276295,3,100,9982,5,10000,A2,HOSVD,2.5599999999994907
2.5255779057416436,3,100,9982,5,10000,A3,HOSVD,2.5599999999994907
10.706362762883725,3,100,9982,5,10000,core,HOSVD,2.5599999999994907
2.093509530844207,3,100,9982,5,10000,A1,HOOI,9.671000000000276
0.0213025446145575,3,100,9982,5,10000,A2,HOOI,9.671000000000276
2.994726480442899,3,100,9982,5,10000,A3,HOOI,9.671000000000276
9.868718570993819,3,100,9982,5,10000,core,HOOI,9.671000000000276
1.8504860516714263,3,100,9982,5,10000,A1,Olga,5.364999999999782
0.055379224206269506,3,100,9982,5,10000,A2,Olga,5.364999999999782
2.8747065295256085,3,100,9982,5,10000,A3,Tracy,5.364999999999782
10.733625353044923,3,100,9982,5,10000,core,Tracy_Olga,5.364999999999782
