error,K,Q1,R,Q2,M,mode,method,time
10.18261933358126,3,100,100,5,100,A1,NTD,4.207
1.5375267248297035,3,100,100,5,100,A2,NTD,4.207
97.00385435327514,3,100,100,5,100,A3,NTD,4.207
7.580615493061792,3,100,100,5,100,core,NTD,4.207
22.320656269473446,3,100,100,5,100,A1,Ours,2.834999999999999
0.022946639241863586,3,100,100,5,100,A2,Ours,2.834999999999999
0.2494241393375409,3,100,100,5,100,A3,Ours,2.834999999999999
10.801790679690068,3,100,100,5,100,core,Ours,2.834999999999999
22.320656269473446,3,100,100,5,100,A1,HOSVD,2.3760000000000012
0.022946639241863586,3,100,100,5,100,A2,HOSVD,2.3760000000000012
0.2565236989205079,3,100,100,5,100,A3,HOSVD,2.3760000000000012
10.791470241379066,3,100,100,5,100,core,HOSVD,2.3760000000000012
22.109970757472936,3,100,100,5,100,A1,HOOI,2.3180000000000014
0.042594346080677886,3,100,100,5,100,A2,HOOI,2.3180000000000014
0.22057389724998167,3,100,100,5,100,A3,HOOI,2.3180000000000014
10.82263266684784,3,100,100,5,100,core,HOOI,2.3180000000000014
17.92886337866469,3,100,100,5,100,A1,Olga,1.6179999999999986
0.040620089448692435,3,100,100,5,100,A2,Olga,1.6179999999999986
1.0409208848760654,3,100,100,5,100,A3,Tracy,1.6179999999999986
10.018615065608813,3,100,100,5,100,core,Tracy_Olga,1.6179999999999986
12.650682344613687,3,100,496,5,100,A1,NTD,21.237999999999996
5.603204627481296,3,100,496,5,100,A2,NTD,21.237999999999996
493.3209023990453,3,100,496,5,100,A3,NTD,21.237999999999996
10.825205012334408,3,100,496,5,100,core,NTD,21.237999999999996
18.07675017791952,3,100,496,5,100,A1,Ours,3.548000000000002
0.07131467442738636,3,100,496,5,100,A2,Ours,3.548000000000002
3.0289028850877937,3,100,496,5,100,A3,Ours,3.548000000000002
9.581930212867565,3,100,496,5,100,core,Ours,3.548000000000002
18.07675017791952,3,100,496,5,100,A1,HOSVD,5.903999999999996
0.07131467442738636,3,100,496,5,100,A2,HOSVD,5.903999999999996
2.7752625886909583,3,100,496,5,100,A3,HOSVD,5.903999999999996
8.474420985783528,3,100,496,5,100,core,HOSVD,5.903999999999996
18.133262453338908,3,100,496,5,100,A1,HOOI,4.122
0.03235483681522678,3,100,496,5,100,A2,HOOI,4.122
3.185725119620398,3,100,496,5,100,A3,HOOI,4.122
9.590787356292878,3,100,496,5,100,core,HOOI,4.122
23.07531933607401,3,100,496,5,100,A1,Olga,2.371000000000002
0.27149750928490957,3,100,496,5,100,A2,Olga,2.371000000000002
2.9563475556202965,3,100,496,5,100,A3,Tracy,2.371000000000002
11.093483530428015,3,100,496,5,100,core,Tracy_Olga,2.371000000000002
30.782155609527365,3,100,979,5,100,A1,NTD,38.446999999999996
2.5051565009367045,3,100,979,5,100,A2,NTD,38.446999999999996
976.6771289278593,3,100,979,5,100,A3,NTD,38.446999999999996
9.206288802220513,3,100,979,5,100,core,NTD,38.446999999999996
23.376597401170923,3,100,979,5,100,A1,Ours,10.33999999999999
0.10275270753624911,3,100,979,5,100,A2,Ours,10.33999999999999
3.372759336289734,3,100,979,5,100,A3,Ours,10.33999999999999
9.702694730345826,3,100,979,5,100,core,Ours,10.33999999999999
23.376597401170923,3,100,979,5,100,A1,HOSVD,7.498000000000005
0.10275270753624911,3,100,979,5,100,A2,HOSVD,7.498000000000005
2.526608298214288,3,100,979,5,100,A3,HOSVD,7.498000000000005
10.801693323451486,3,100,979,5,100,core,HOSVD,7.498000000000005
21.844217598859817,3,100,979,5,100,A1,HOOI,10.893999999999991
0.06213773501672339,3,100,979,5,100,A2,HOOI,10.893999999999991
2.5925415587107885,3,100,979,5,100,A3,HOOI,10.893999999999991
9.261969578160917,3,100,979,5,100,core,HOOI,10.893999999999991
27.72801662371963,3,100,979,5,100,A1,Olga,7.496000000000009
0.3466401453184469,3,100,979,5,100,A2,Olga,7.496000000000009
2.857506714195506,3,100,979,5,100,A3,Tracy,7.496000000000009
10.801693323451486,3,100,979,5,100,core,Tracy_Olga,7.496000000000009
98.09929366991773,3,100,2388,5,100,A1,NTD,88.77799999999999
1.9236830871876076,3,100,2388,5,100,A2,NTD,88.77799999999999
2385.4006304636605,3,100,2388,5,100,A3,NTD,88.77799999999999
10.244701633803228,3,100,2388,5,100,core,NTD,88.77799999999999
21.041375370748206,3,100,2388,5,100,A1,Ours,3.0630000000000166
0.15260991943937155,3,100,2388,5,100,A2,Ours,3.0630000000000166
5.161152670074774,3,100,2388,5,100,A3,Ours,3.0630000000000166
11.23683817530027,3,100,2388,5,100,core,Ours,3.0630000000000166
21.041375370748206,3,100,2388,5,100,A1,HOSVD,6.115000000000009
0.15260991943937155,3,100,2388,5,100,A2,HOSVD,6.115000000000009
2.642996887679957,3,100,2388,5,100,A3,HOSVD,6.115000000000009
11.607434552371346,3,100,2388,5,100,core,HOSVD,6.115000000000009
21.952321836148776,3,100,2388,5,100,A1,HOOI,7.437999999999988
0.07683849291514672,3,100,2388,5,100,A2,HOOI,7.437999999999988
2.6750363285604255,3,100,2388,5,100,A3,HOOI,7.437999999999988
11.568476589318484,3,100,2388,5,100,core,HOOI,7.437999999999988
61.78621403078324,3,100,2388,5,100,A1,Olga,3.1839999999999975
0.6748192677738032,3,100,2388,5,100,A2,Olga,3.1839999999999975
2.9945803008364162,3,100,2388,5,100,A3,Tracy,3.1839999999999975
10.928864282044165,3,100,2388,5,100,core,Tracy_Olga,3.1839999999999975
116.39417376371718,3,100,4513,5,100,A1,NTD,164.42
2.4725682269287605,3,100,4513,5,100,A2,NTD,164.42
4510.472544071895,3,100,4513,5,100,A3,NTD,164.42
9.927540973012464,3,100,4513,5,100,core,NTD,164.42
22.181005238533615,3,100,4513,5,100,A1,Ours,14.084000000000003
0.051402251912634374,3,100,4513,5,100,A2,Ours,14.084000000000003
5.209071315578907,3,100,4513,5,100,A3,Ours,14.084000000000003
6.632976155900095,3,100,4513,5,100,core,Ours,14.084000000000003
22.181005238533615,3,100,4513,5,100,A1,HOSVD,13.177999999999997
0.051402251912634374,3,100,4513,5,100,A2,HOSVD,13.177999999999997
2.718404564738837,3,100,4513,5,100,A3,HOSVD,13.177999999999997
13.281451968071984,3,100,4513,5,100,core,HOSVD,13.177999999999997
22.029568802147846,3,100,4513,5,100,A1,HOOI,21.069000000000017
0.04331272822020426,3,100,4513,5,100,A2,HOOI,21.069000000000017
3.3334818853891317,3,100,4513,5,100,A3,HOOI,21.069000000000017
10.098975908933443,3,100,4513,5,100,core,HOOI,21.069000000000017
93.25684218426167,3,100,4513,5,100,A1,Olga,12.350999999999999
0.660666297311835,3,100,4513,5,100,A2,Olga,12.350999999999999
3.058219806751829,3,100,4513,5,100,A3,Tracy,12.350999999999999
10.244202385104652,3,100,4513,5,100,core,Tracy_Olga,12.350999999999999
124.58046063705436,3,100,5297,5,100,A1,NTD,194.58500000000004
3.8593242679552753,3,100,5297,5,100,A2,NTD,194.58500000000004
5294.565136727989,3,100,5297,5,100,A3,NTD,194.58500000000004
11.319109817756857,3,100,5297,5,100,core,NTD,194.58500000000004
19.39770953637749,3,100,5297,5,100,A1,Ours,11.60200000000009
0.06973229354850967,3,100,5297,5,100,A2,Ours,11.60200000000009
5.2398121074004305,3,100,5297,5,100,A3,Ours,11.60200000000009
13.246132682841539,3,100,5297,5,100,core,Ours,11.60200000000009
19.39770953637749,3,100,5297,5,100,A1,HOSVD,9.649999999999977
0.06973229354850967,3,100,5297,5,100,A2,HOSVD,9.649999999999977
2.7765079471332226,3,100,5297,5,100,A3,HOSVD,9.649999999999977
10.830642944092064,3,100,5297,5,100,core,HOSVD,9.649999999999977
19.521415853634807,3,100,5297,5,100,A1,HOOI,10.972999999999956
0.10542103994499381,3,100,5297,5,100,A2,HOOI,10.972999999999956
3.7657970126393066,3,100,5297,5,100,A3,HOOI,10.972999999999956
8.020210903864976,3,100,5297,5,100,core,HOOI,10.972999999999956
88.00937647937815,3,100,5297,5,100,A1,Olga,13.25100000000009
0.4641565326692107,3,100,5297,5,100,A2,Olga,13.25100000000009
3.1478592845394173,3,100,5297,5,100,A3,Tracy,13.25100000000009
10.120980865068951,3,100,5297,5,100,core,Tracy_Olga,13.25100000000009
112.04764418514024,3,100,6060,5,100,A1,NTD,211.45299999999997
3.6680534115662353,3,100,6060,5,100,A2,NTD,211.45299999999997
6057.473979994355,3,100,6060,5,100,A3,NTD,211.45299999999997
11.10034657468153,3,100,6060,5,100,core,NTD,211.45299999999997
22.152642953338454,3,100,6060,5,100,A1,Ours,7.003999999999905
0.11488609717042585,3,100,6060,5,100,A2,Ours,7.003999999999905
5.312419640478986,3,100,6060,5,100,A3,Ours,7.003999999999905
12.741422772159106,3,100,6060,5,100,core,Ours,7.003999999999905
22.152642953338454,3,100,6060,5,100,A1,HOSVD,2.201000000000022
0.11488609717042585,3,100,6060,5,100,A2,HOSVD,2.201000000000022
2.8121002059295623,3,100,6060,5,100,A3,HOSVD,2.201000000000022
13.370708363405756,3,100,6060,5,100,core,HOSVD,2.201000000000022
20.544713626350468,3,100,6060,5,100,A1,HOOI,8.423000000000002
0.11176492400414294,3,100,6060,5,100,A2,HOOI,8.423000000000002
3.7784529189855367,3,100,6060,5,100,A3,HOOI,8.423000000000002
9.0316882447137,3,100,6060,5,100,core,HOOI,8.423000000000002
98.0696884757183,3,100,6060,5,100,A1,Olga,3.219000000000051
1.0355490773666745,3,100,6060,5,100,A2,Olga,3.219000000000051
4.956767519342201,3,100,6060,5,100,A3,Tracy,3.219000000000051
12.960500560986654,3,100,6060,5,100,core,Tracy_Olga,3.219000000000051
119.88234562007011,3,100,6795,5,100,A1,NTD,222.5
2.472600272787038,3,100,6795,5,100,A2,NTD,222.5
6792.630584008576,3,100,6795,5,100,A3,NTD,222.5
10.201790724235988,3,100,6795,5,100,core,NTD,222.5
23.77926165243111,3,100,6795,5,100,A1,Ours,9.472999999999956
0.053064688984564644,3,100,6795,5,100,A2,Ours,9.472999999999956
5.36340411424905,3,100,6795,5,100,A3,Ours,9.472999999999956
8.97539021275319,3,100,6795,5,100,core,Ours,9.472999999999956
23.77926165243111,3,100,6795,5,100,A1,HOSVD,8.231999999999971
0.053064688984564644,3,100,6795,5,100,A2,HOSVD,8.231999999999971
2.8437843633345072,3,100,6795,5,100,A3,HOSVD,8.231999999999971
10.821690504015564,3,100,6795,5,100,core,HOSVD,8.231999999999971
23.377015421241186,3,100,6795,5,100,A1,HOOI,10.86200000000008
0.040875337444547584,3,100,6795,5,100,A2,HOOI,10.86200000000008
3.4336061381384204,3,100,6795,5,100,A3,HOOI,10.86200000000008
8.26681211164521,3,100,6795,5,100,core,HOOI,10.86200000000008
86.98687967527889,3,100,6795,5,100,A1,Olga,3.9849999999999
0.778045309480705,3,100,6795,5,100,A2,Olga,3.9849999999999
4.802809521746715,3,100,6795,5,100,A3,Tracy,3.9849999999999
12.519278369152563,3,100,6795,5,100,core,Tracy_Olga,3.9849999999999
122.624950281983,3,100,7515,5,100,A1,NTD,241.56999999999994
4.44074334226162,3,100,7515,5,100,A2,NTD,241.56999999999994
7512.612666570201,3,100,7515,5,100,A3,NTD,241.56999999999994
10.995309244016646,3,100,7515,5,100,core,NTD,241.56999999999994
25.741921975841688,3,100,7515,5,100,A1,Ours,10.695999999999913
0.052700242000801534,3,100,7515,5,100,A2,Ours,10.695999999999913
5.26888330368287,3,100,7515,5,100,A3,Ours,10.695999999999913
14.09356916444208,3,100,7515,5,100,core,Ours,10.695999999999913
25.296915959270876,3,100,7515,5,100,A1,HOOI,13.25
0.0580826614916528,3,100,7515,5,100,A2,HOOI,13.25
4.166266083907956,3,100,7515,5,100,A3,HOOI,13.25
7.552587758801219,3,100,7515,5,100,core,HOOI,13.25
101.18645488332528,3,100,7515,5,100,A1,Olga,4.517000000000053
0.48425142993305104,3,100,7515,5,100,A2,Olga,4.517000000000053
3.1762033635768834,3,100,7515,5,100,A3,Tracy,4.517000000000053
10.12773829085057,3,100,7515,5,100,core,Tracy_Olga,4.517000000000053
123.43479513068169,3,100,8129,5,100,A1,NTD,268.72399999999993
4.472575464800616,3,100,8129,5,100,A2,NTD,268.72399999999993
8126.5502459864065,3,100,8129,5,100,A3,NTD,268.72399999999993
10.109770461557003,3,100,8129,5,100,core,NTD,268.72399999999993
27.444042709398627,3,100,8129,5,100,A1,Ours,26.093000000000075
0.12729084016210543,3,100,8129,5,100,A2,Ours,26.093000000000075
5.40541917771518,3,100,8129,5,100,A3,Ours,26.093000000000075
11.891170171914757,3,100,8129,5,100,core,Ours,26.093000000000075
27.444042709398627,3,100,8129,5,100,A1,HOSVD,18.21699999999987
0.12729084016210543,3,100,8129,5,100,A2,HOSVD,18.21699999999987
4.036805673604473,3,100,8129,5,100,A3,HOSVD,18.21699999999987
10.937580625366577,3,100,8129,5,100,core,HOSVD,18.21699999999987
97.55417916167983,3,100,8129,5,100,A1,Olga,15.739000000000033
1.1740974222085232,3,100,8129,5,100,A2,Olga,15.739000000000033
4.839601445567977,3,100,8129,5,100,A3,Tracy,15.739000000000033
12.720817739477507,3,100,8129,5,100,core,Tracy_Olga,15.739000000000033
11.346949992288705,3,100,100,5,3000,A1,NTD,3.6240000000000236
0.23723225708057263,3,100,100,5,3000,A2,NTD,3.6240000000000236
97.00001619514944,3,100,100,5,3000,A3,NTD,3.6240000000000236
11.678185717905617,3,100,100,5,3000,core,NTD,3.6240000000000236
3.816581946345411,3,100,100,5,3000,A1,Ours,4.423000000000002
0.02133307437509251,3,100,100,5,3000,A2,Ours,4.423000000000002
0.04093922963909027,3,100,100,5,3000,A3,Ours,4.423000000000002
9.923196292536336,3,100,100,5,3000,core,Ours,4.423000000000002
3.816581946345411,3,100,100,5,3000,A1,HOSVD,4.152000000000044
0.02133307437509251,3,100,100,5,3000,A2,HOSVD,4.152000000000044
0.040941957581056884,3,100,100,5,3000,A3,HOSVD,4.152000000000044
9.923210463755279,3,100,100,5,3000,core,HOSVD,4.152000000000044
3.812189414801535,3,100,100,5,3000,A1,HOOI,5.279999999999973
0.019178775429609437,3,100,100,5,3000,A2,HOOI,5.279999999999973
0.040542621501817616,3,100,100,5,3000,A3,HOOI,5.279999999999973
9.923980457549987,3,100,100,5,3000,core,HOOI,5.279999999999973
3.717523889176036,3,100,100,5,3000,A1,Olga,4.5490000000002055
0.020363500119142907,3,100,100,5,3000,A2,Olga,4.5490000000002055
1.019427446295167,3,100,100,5,3000,A3,Tracy,4.5490000000002055
9.973671227575215,3,100,100,5,3000,core,Tracy_Olga,4.5490000000002055
10.77440834747215,3,100,500,5,3000,A1,NTD,14.56899999999996
0.285748736979391,3,100,500,5,3000,A2,NTD,14.56899999999996
497.000185282617,3,100,500,5,3000,A3,NTD,14.56899999999996
11.023943734157621,3,100,500,5,3000,core,NTD,14.56899999999996
3.727869957527256,3,100,500,5,3000,A1,Ours,0.25099999999997635
0.02334329897645012,3,100,500,5,3000,A2,Ours,0.25099999999997635
0.11560321872243791,3,100,500,5,3000,A3,Ours,0.25099999999997635
9.931244226559276,3,100,500,5,3000,core,Ours,0.25099999999997635
3.727869957527256,3,100,500,5,3000,A1,HOSVD,0.265999999999849
0.02334329897645012,3,100,500,5,3000,A2,HOSVD,0.265999999999849
0.11547227763568764,3,100,500,5,3000,A3,HOSVD,0.265999999999849
9.930707102574038,3,100,500,5,3000,core,HOSVD,0.265999999999849
3.7221558525210683,3,100,500,5,3000,A1,HOOI,0.5090000000000146
0.025258240391761555,3,100,500,5,3000,A2,HOOI,0.5090000000000146
0.1096544567385253,3,100,500,5,3000,A3,HOOI,0.5090000000000146
9.896627525498154,3,100,500,5,3000,core,HOOI,0.5090000000000146
3.219447277499251,3,100,500,5,3000,A1,Olga,0.46100000000001273
0.009722879520724495,3,100,500,5,3000,A2,Olga,0.46100000000001273
1.2633058524978986,3,100,500,5,3000,A3,Tracy,0.46100000000001273
9.994557851573328,3,100,500,5,3000,core,Tracy_Olga,0.46100000000001273
9.156000828138698,3,100,1000,5,3000,A1,NTD,35.327999999999975
0.3396653400396733,3,100,1000,5,3000,A2,NTD,35.327999999999975
997.0002064655866,3,100,1000,5,3000,A3,NTD,35.327999999999975
9.416781570760643,3,100,1000,5,3000,core,NTD,35.327999999999975
5.152450391748588,3,100,1000,5,3000,A1,Ours,0.4679999999998472
0.024146522017635105,3,100,1000,5,3000,A2,Ours,0.4679999999998472
0.6061127286813722,3,100,1000,5,3000,A3,Ours,0.4679999999998472
8.830239749911385,3,100,1000,5,3000,core,Ours,0.4679999999998472
5.152450391748588,3,100,1000,5,3000,A1,HOSVD,0.3930000000000291
0.024146522017635105,3,100,1000,5,3000,A2,HOSVD,0.3930000000000291
0.6058836248017478,3,100,1000,5,3000,A3,HOSVD,0.3930000000000291
8.829831355129677,3,100,1000,5,3000,core,HOSVD,0.3930000000000291
5.091127104553173,3,100,1000,5,3000,A1,HOOI,0.7469999999998436
0.023551244194477468,3,100,1000,5,3000,A2,HOOI,0.7469999999998436
0.590292172247588,3,100,1000,5,3000,A3,HOOI,0.7469999999998436
8.852435191661609,3,100,1000,5,3000,core,HOOI,0.7469999999998436
4.9176802035391365,3,100,1000,5,3000,A1,Olga,0.4819999999999709
0.027873167958892237,3,100,1000,5,3000,A2,Olga,0.4819999999999709
1.6096720104860833,3,100,1000,5,3000,A3,Tracy,0.4819999999999709
8.849628012949648,3,100,1000,5,3000,core,Tracy_Olga,0.4819999999999709
9.24362635521564,3,100,2499,5,3000,A1,NTD,90.70700000000011
3.9344966643018333,3,100,2499,5,3000,A2,NTD,90.70700000000011
2496.0127858272526,3,100,2499,5,3000,A3,NTD,90.70700000000011
10.982673089825232,3,100,2499,5,3000,core,NTD,90.70700000000011
3.6837123004573336,3,100,2499,5,3000,A1,Ours,2.245999999999867
0.01507210490065924,3,100,2499,5,3000,A2,Ours,2.245999999999867
2.544479468859506,3,100,2499,5,3000,A3,Ours,2.245999999999867
10.70572904272104,3,100,2499,5,3000,core,Ours,2.245999999999867
3.6837123004573336,3,100,2499,5,3000,A1,HOSVD,0.83199999999988
0.01507210490065924,3,100,2499,5,3000,A2,HOSVD,0.83199999999988
2.5387115709327572,3,100,2499,5,3000,A3,HOSVD,0.83199999999988
10.696803651110109,3,100,2499,5,3000,core,HOSVD,0.83199999999988
3.6593107811942964,3,100,2499,5,3000,A1,HOOI,2.4860000000001037
0.01472208143451233,3,100,2499,5,3000,A2,HOOI,2.4860000000001037
2.5381045853453577,3,100,2499,5,3000,A3,HOOI,2.4860000000001037
10.699654762845022,3,100,2499,5,3000,core,HOOI,2.4860000000001037
3.7587602260288957,3,100,2499,5,3000,A1,Olga,1.1860000000001492
0.04311825436641572,3,100,2499,5,3000,A2,Olga,1.1860000000001492
2.850488755782867,3,100,2499,5,3000,A3,Tracy,1.1860000000001492
10.72105203605915,3,100,2499,5,3000,core,Tracy_Olga,1.1860000000001492
11.7508571708775,3,100,4989,5,3000,A1,NTD,174.86599999999976
2.4476635774697457,3,100,4989,5,3000,A2,NTD,174.86599999999976
4986.072642857949,3,100,4989,5,3000,A3,NTD,174.86599999999976
12.342174694386395,3,100,4989,5,3000,core,NTD,174.86599999999976
3.28378326980901,3,100,4989,5,3000,A1,Ours,5.541999999999916
0.028106800100774047,3,100,4989,5,3000,A2,Ours,5.541999999999916
2.5645707053181193,3,100,4989,5,3000,A3,Ours,5.541999999999916
10.791865415715115,3,100,4989,5,3000,core,Ours,5.541999999999916
3.28378326980901,3,100,4989,5,3000,A1,HOSVD,2.787000000000262
0.028106800100774047,3,100,4989,5,3000,A2,HOSVD,2.787000000000262
2.543349123719938,3,100,4989,5,3000,A3,HOSVD,2.787000000000262
10.757225888101264,3,100,4989,5,3000,core,HOSVD,2.787000000000262
3.265039402221853,3,100,4989,5,3000,A1,HOOI,5.208999999999833
0.02735452618295717,3,100,4989,5,3000,A2,HOOI,5.208999999999833
2.5483728551974085,3,100,4989,5,3000,A3,HOOI,5.208999999999833
10.782243841060529,3,100,4989,5,3000,core,HOOI,5.208999999999833
4.55867379162119,3,100,4989,5,3000,A1,Olga,2.6710000000002765
0.10172402085164033,3,100,4989,5,3000,A2,Olga,2.6710000000002765
2.844323361058126,3,100,4989,5,3000,A3,Tracy,2.6710000000002765
10.70157783617804,3,100,4989,5,3000,core,Tracy_Olga,2.6710000000002765
5.811184006144479,3,100,5982,5,3000,A1,NTD,198.2539999999999
2.47256023941015,3,100,5982,5,3000,A2,NTD,198.2539999999999
5979.044005956673,3,100,5982,5,3000,A3,NTD,198.2539999999999
10.192348925662213,3,100,5982,5,3000,core,NTD,198.2539999999999
3.3577144839612556,3,100,5982,5,3000,A1,Ours,9.032999999999902
0.008496859299785605,3,100,5982,5,3000,A2,Ours,9.032999999999902
2.5725073003077923,3,100,5982,5,3000,A3,Ours,9.032999999999902
10.725918827084609,3,100,5982,5,3000,core,Ours,9.032999999999902
3.3577144839612556,3,100,5982,5,3000,A1,HOSVD,2.1590000000001055
0.008496859299785605,3,100,5982,5,3000,A2,HOSVD,2.1590000000001055
2.540817842202414,3,100,5982,5,3000,A3,HOSVD,2.1590000000001055
10.673567997996615,3,100,5982,5,3000,core,HOSVD,2.1590000000001055
3.3925860576871076,3,100,5982,5,3000,A1,HOOI,6.285000000000309
0.006392739833555098,3,100,5982,5,3000,A2,HOOI,6.285000000000309
2.5381529326084307,3,100,5982,5,3000,A3,HOOI,6.285000000000309
10.659229417944061,3,100,5982,5,3000,core,HOOI,6.285000000000309
4.452530468089,3,100,5982,5,3000,A1,Olga,5.773000000000138
0.12191088513998312,3,100,5982,5,3000,A2,Olga,5.773000000000138
2.8648712249212815,3,100,5982,5,3000,A3,Tracy,5.773000000000138
10.676837230696435,3,100,5982,5,3000,core,Tracy_Olga,5.773000000000138
5.70908568846425,3,100,6972,5,3000,A1,NTD,224.6500000000001
3.042232296275738,3,100,6972,5,3000,A2,NTD,224.6500000000001
6969.082935402844,3,100,6972,5,3000,A3,NTD,224.6500000000001
11.171155116483744,3,100,6972,5,3000,core,NTD,224.6500000000001
4.584423229462167,3,100,6972,5,3000,A1,Ours,8.045000000000073
0.01805566665845715,3,100,6972,5,3000,A2,Ours,8.045000000000073
2.5987243314665713,3,100,6972,5,3000,A3,Ours,8.045000000000073
10.801693323451486,3,100,6972,5,3000,core,Ours,8.045000000000073
4.584423229462167,3,100,6972,5,3000,A1,HOSVD,2.1959999999999127
0.01805566665845715,3,100,6972,5,3000,A2,HOSVD,2.1959999999999127
2.5566288657374363,3,100,6972,5,3000,A3,HOSVD,2.1959999999999127
10.78669582334812,3,100,6972,5,3000,core,HOSVD,2.1959999999999127
4.559661091781514,3,100,6972,5,3000,A1,HOOI,7.205000000000382
0.016997184631385866,3,100,6972,5,3000,A2,HOOI,7.205000000000382
2.5628432731327453,3,100,6972,5,3000,A3,HOOI,7.205000000000382
10.801693323451486,3,100,6972,5,3000,core,HOOI,7.205000000000382
4.188532307159977,3,100,6972,5,3000,A1,Olga,3.994999999999891
0.12964488174132932,3,100,6972,5,3000,A2,Olga,3.994999999999891
2.8742805983253747,3,100,6972,5,3000,A3,Tracy,3.994999999999891
10.59421989708755,3,100,6972,5,3000,core,Tracy_Olga,3.994999999999891
7.415805295280695,3,100,7962,5,3000,A1,NTD,250.00900000000001
2.4271391706288896,3,100,7962,5,3000,A2,NTD,250.00900000000001
7959.071140947676,3,100,7962,5,3000,A3,NTD,250.00900000000001
12.105715863420746,3,100,7962,5,3000,core,NTD,250.00900000000001
6.240067740303296,3,100,7962,5,3000,A1,Ours,10.655999999999949
0.012697752932286768,3,100,7962,5,3000,A2,Ours,10.655999999999949
2.6047409166586024,3,100,7962,5,3000,A3,Ours,10.655999999999949
10.683499743375968,3,100,7962,5,3000,core,Ours,10.655999999999949
6.240067740303296,3,100,7962,5,3000,A1,HOSVD,12.271999999999935
0.012697752932286768,3,100,7962,5,3000,A2,HOSVD,12.271999999999935
2.549605958685386,3,100,7962,5,3000,A3,HOSVD,12.271999999999935
10.591874473431899,3,100,7962,5,3000,core,HOSVD,12.271999999999935
6.236346086227588,3,100,7962,5,3000,A1,HOOI,14.912000000000262
0.013749970906689047,3,100,7962,5,3000,A2,HOOI,14.912000000000262
2.5422345990205053,3,100,7962,5,3000,A3,HOOI,14.912000000000262
10.170104484465307,3,100,7962,5,3000,core,HOOI,14.912000000000262
5.236558829311719,3,100,7962,5,3000,A1,Olga,6.949000000000069
0.1986913965118532,3,100,7962,5,3000,A2,Olga,6.949000000000069
2.8702775936700315,3,100,7962,5,3000,A3,Tracy,6.949000000000069
10.629556626527368,3,100,7962,5,3000,core,Tracy_Olga,6.949000000000069
9.869204691571241,3,100,8955,5,3000,A1,NTD,317.64300000000003
2.487525604617159,3,100,8955,5,3000,A2,NTD,317.64300000000003
8952.07573932587,3,100,8955,5,3000,A3,NTD,317.64300000000003
8.511104401321976,3,100,8955,5,3000,core,NTD,317.64300000000003
4.368991898722238,3,100,8955,5,3000,A1,Ours,12.789000000000215
0.005067801718244721,3,100,8955,5,3000,A2,Ours,12.789000000000215
2.600938628968844,3,100,8955,5,3000,A3,Ours,12.789000000000215
10.795952757411866,3,100,8955,5,3000,core,Ours,12.789000000000215
4.368991898722238,3,100,8955,5,3000,A1,HOSVD,3.27599999999984
0.005067801718244721,3,100,8955,5,3000,A2,HOSVD,3.27599999999984
2.530974086660529,3,100,8955,5,3000,A3,HOSVD,3.27599999999984
10.67029795401201,3,100,8955,5,3000,core,HOSVD,3.27599999999984
4.369568906107674,3,100,8955,5,3000,A1,HOOI,10.657000000000153
0.005298163880344928,3,100,8955,5,3000,A2,HOOI,10.657000000000153
2.532159299419039,3,100,8955,5,3000,A3,HOOI,10.657000000000153
10.65943874224668,3,100,8955,5,3000,core,HOOI,10.657000000000153
4.366204029809653,3,100,8955,5,3000,A1,Olga,5.7289999999998145
0.12885194400631989,3,100,8955,5,3000,A2,Olga,5.7289999999998145
2.8566897345200655,3,100,8955,5,3000,A3,Tracy,5.7289999999998145
10.652826488734835,3,100,8955,5,3000,core,Tracy_Olga,5.7289999999998145
83.13472931358069,3,100,9936,5,3000,A1,NTD,322.5329999999999
0.5051127504717066,3,100,9936,5,3000,A2,NTD,322.5329999999999
9933.073110552725,3,100,9936,5,3000,A3,NTD,322.5329999999999
11.325716909503715,3,100,9936,5,3000,core,NTD,322.5329999999999
5.666132197732421,3,100,9936,5,3000,A1,Ours,31.298999999999978
0.015678190729446876,3,100,9936,5,3000,A2,Ours,31.298999999999978
2.86372081225746,3,100,9936,5,3000,A3,Ours,31.298999999999978
11.619024897849123,3,100,9936,5,3000,core,Ours,31.298999999999978
5.666132197732421,3,100,9936,5,3000,A1,HOSVD,22.37900000000036
0.015678190729446876,3,100,9936,5,3000,A2,HOSVD,22.37900000000036
2.5333231509284895,3,100,9936,5,3000,A3,HOSVD,22.37900000000036
10.759409620625506,3,100,9936,5,3000,core,HOSVD,22.37900000000036
5.635127339417204,3,100,9936,5,3000,A1,HOOI,19.826000000000022
0.01630513625453188,3,100,9936,5,3000,A2,HOOI,19.826000000000022
2.536272546840813,3,100,9936,5,3000,A3,HOOI,19.826000000000022
10.753147743013047,3,100,9936,5,3000,core,HOOI,19.826000000000022
4.722502228830984,3,100,9936,5,3000,A1,Olga,17.547999999999774
0.2156797926239367,3,100,9936,5,3000,A2,Olga,17.547999999999774
2.85925802704679,3,100,9936,5,3000,A3,Tracy,17.547999999999774
10.757374817264017,3,100,9936,5,3000,core,Tracy_Olga,17.547999999999774
11.363571780838269,3,100,100,5,10000,A1,NTD,3.56899999999996
0.32803657256422036,3,100,100,5,10000,A2,NTD,3.56899999999996
97,3,100,100,5,10000,A3,NTD,3.56899999999996
13.087793260144824,3,100,100,5,10000,core,NTD,3.56899999999996
2.2926414467156495,3,100,100,5,10000,A1,Ours,2.724999999999909
0.003749401738848303,3,100,100,5,10000,A2,Ours,2.724999999999909
0.024350524948433434,3,100,100,5,10000,A3,Ours,2.724999999999909
9.869852347198268,3,100,100,5,10000,core,Ours,2.724999999999909
2.2926414467156495,3,100,100,5,10000,A1,HOSVD,3.1700000000000728
0.003749401738848303,3,100,100,5,10000,A2,HOSVD,3.1700000000000728
0.024350364071178212,3,100,100,5,10000,A3,HOSVD,3.1700000000000728
9.86985332807491,3,100,100,5,10000,core,HOSVD,3.1700000000000728
2.28814789364636,3,100,100,5,10000,A1,HOOI,3.0030000000001564
0.004491062257190657,3,100,100,5,10000,A2,HOOI,3.0030000000001564
0.02442413892405234,3,100,100,5,10000,A3,HOOI,3.0030000000001564
9.869132824716123,3,100,100,5,10000,core,HOOI,3.0030000000001564
1.958851461217873,3,100,100,5,10000,A1,Olga,2.780999999999949
0.004665870456882945,3,100,100,5,10000,A2,Olga,2.780999999999949
1.0190752547127726,3,100,100,5,10000,A3,Tracy,2.780999999999949
9.952679992797608,3,100,100,5,10000,core,Tracy_Olga,2.780999999999949
10.940890077733732,3,100,500,5,10000,A1,NTD,14.776000000000295
0.26761187260862174,3,100,500,5,10000,A2,NTD,14.776000000000295
497.00003827503105,3,100,500,5,10000,A3,NTD,14.776000000000295
9.57261582755012,3,100,500,5,10000,core,NTD,14.776000000000295
3.13295789682613,3,100,500,5,10000,A1,Ours,0.2510000000002037
0.006980707262277862,3,100,500,5,10000,A2,Ours,0.2510000000002037
0.05198906209665989,3,100,500,5,10000,A3,Ours,0.2510000000002037
9.882640105795565,3,100,500,5,10000,core,Ours,0.2510000000002037
3.13295789682613,3,100,500,5,10000,A1,HOSVD,0.4580000000000837
0.006980707262277862,3,100,500,5,10000,A2,HOSVD,0.4580000000000837
0.051996616041364976,3,100,500,5,10000,A3,HOSVD,0.4580000000000837
9.882645760815425,3,100,500,5,10000,core,HOSVD,0.4580000000000837
3.1150828384933797,3,100,500,5,10000,A1,HOOI,0.36300000000028376
0.007289505314109195,3,100,500,5,10000,A2,HOOI,0.36300000000028376
0.05191710171822484,3,100,500,5,10000,A3,HOOI,0.36300000000028376
9.882571273627164,3,100,500,5,10000,core,HOOI,0.36300000000028376
3.0494076445390013,3,100,500,5,10000,A1,Olga,0.2430000000003929
0.005956744793273534,3,100,500,5,10000,A2,Olga,0.2430000000003929
1.2463891699686152,3,100,500,5,10000,A3,Tracy,0.2430000000003929
9.933885052163454,3,100,500,5,10000,core,Tracy_Olga,0.2430000000003929
10.311327233560197,3,100,1000,5,10000,A1,NTD,30.366999999999734
2.5994060543625244,3,100,1000,5,10000,A2,NTD,30.366999999999734
997.0002388216045,3,100,1000,5,10000,A3,NTD,30.366999999999734
11.828048210957826,3,100,1000,5,10000,core,NTD,30.366999999999734
2.0088630490486388,3,100,1000,5,10000,A1,Ours,1.34900000000016
0.004771538310903017,3,100,1000,5,10000,A2,Ours,1.34900000000016
0.06980851332107231,3,100,1000,5,10000,A3,Ours,1.34900000000016
9.865373024528694,3,100,1000,5,10000,core,Ours,1.34900000000016
2.0088630490486388,3,100,1000,5,10000,A1,HOSVD,0.8369999999999891
0.004771538310903017,3,100,1000,5,10000,A2,HOSVD,0.8369999999999891
0.06981133214414176,3,100,1000,5,10000,A3,HOSVD,0.8369999999999891
9.865383746698667,3,100,1000,5,10000,core,HOSVD,0.8369999999999891
1.9864049693534314,3,100,1000,5,10000,A1,HOOI,1.150000000000091
0.0050886569030484255,3,100,1000,5,10000,A2,HOOI,1.150000000000091
0.0698517737655982,3,100,1000,5,10000,A3,HOOI,1.150000000000091
9.8649975729759,3,100,1000,5,10000,core,HOOI,1.150000000000091
2.067561429469411,3,100,1000,5,10000,A1,Olga,0.5729999999998654
0.0066716668342522165,3,100,1000,5,10000,A2,Olga,0.5729999999998654
1.3504583036254443,3,100,1000,5,10000,A3,Tracy,0.5729999999998654
9.935611152990234,3,100,1000,5,10000,core,Tracy_Olga,0.5729999999998654
5.272505363607586,3,100,2500,5,10000,A1,NTD,93.25499999999965
0.19754348537225982,3,100,2500,5,10000,A2,NTD,93.25499999999965
2497.0001799556057,3,100,2500,5,10000,A3,NTD,93.25499999999965
11.479618034848436,3,100,2500,5,10000,core,NTD,93.25499999999965
2.5766925222358976,3,100,2500,5,10000,A1,Ours,2.45699999999988
0.006161973748412127,3,100,2500,5,10000,A2,Ours,2.45699999999988
0.17739097522898134,3,100,2500,5,10000,A3,Ours,2.45699999999988
9.799483549342906,3,100,2500,5,10000,core,Ours,2.45699999999988
2.5766925222358976,3,100,2500,5,10000,A1,HOSVD,1.0540000000000873
0.006161973748412127,3,100,2500,5,10000,A2,HOSVD,1.0540000000000873
0.1770280224992011,3,100,2500,5,10000,A3,HOSVD,1.0540000000000873
9.798307728199918,3,100,2500,5,10000,core,HOSVD,1.0540000000000873
2.5650956401621796,3,100,2500,5,10000,A1,HOOI,2.444999999999709
0.006235047485272957,3,100,2500,5,10000,A2,HOOI,2.444999999999709
0.1859922243162139,3,100,2500,5,10000,A3,HOOI,2.444999999999709
9.799744326126945,3,100,2500,5,10000,core,HOOI,2.444999999999709
2.1998229700421263,3,100,2500,5,10000,A1,Olga,1.2539999999999054
0.02343184635821218,3,100,2500,5,10000,A2,Olga,1.2539999999999054
1.4439118401962021,3,100,2500,5,10000,A3,Tracy,1.2539999999999054
9.997599820786629,3,100,2500,5,10000,core,Tracy_Olga,1.2539999999999054
12.547389771976585,3,100,4998,5,10000,A1,NTD,175.65800000000036
2.960578681147206,3,100,4998,5,10000,A2,NTD,175.65800000000036
4995.030345819651,3,100,4998,5,10000,A3,NTD,175.65800000000036
12.75814250106263,3,100,4998,5,10000,core,NTD,175.65800000000036
2.5835142055894207,3,100,4998,5,10000,A1,Ours,5.274000000000342
0.005198446276516345,3,100,4998,5,10000,A2,Ours,5.274000000000342
2.502716378111206,3,100,4998,5,10000,A3,Ours,5.274000000000342
10.678090880882232,3,100,4998,5,10000,core,Ours,5.274000000000342
2.5835142055894207,3,100,4998,5,10000,A1,HOSVD,3.2729999999992287
0.005198446276516345,3,100,4998,5,10000,A2,HOSVD,3.2729999999992287
2.500581334540631,3,100,4998,5,10000,A3,HOSVD,3.2729999999992287
10.674720772335688,3,100,4998,5,10000,core,HOSVD,3.2729999999992287
2.5921863384473416,3,100,4998,5,10000,A1,HOOI,4.897999999999229
0.005411759701796646,3,100,4998,5,10000,A2,HOOI,4.897999999999229
2.4991945023520428,3,100,4998,5,10000,A3,HOOI,4.897999999999229
10.667833096594439,3,100,4998,5,10000,core,HOOI,4.897999999999229
2.6138341669623926,3,100,4998,5,10000,A1,Olga,2.7280000000000655
0.03282581105791591,3,100,4998,5,10000,A2,Olga,2.7280000000000655
2.8627481327285493,3,100,4998,5,10000,A3,Tracy,2.7280000000000655
10.667516966622795,3,100,4998,5,10000,core,Tracy_Olga,2.7280000000000655
6.451377844950773,3,100,5994,5,10000,A1,NTD,195.1909999999998
0.31735994266866113,3,100,5994,5,10000,A2,NTD,195.1909999999998
5991.020257520262,3,100,5994,5,10000,A3,NTD,195.1909999999998
11.066342954613567,3,100,5994,5,10000,core,NTD,195.1909999999998
2.3091515212345386,3,100,5994,5,10000,A1,Ours,6.463000000000648
0.006750430064195612,3,100,5994,5,10000,A2,Ours,6.463000000000648
2.5431746896375227,3,100,5994,5,10000,A3,Ours,6.463000000000648
10.708568999027854,3,100,5994,5,10000,core,Ours,6.463000000000648
2.3091515212345386,3,100,5994,5,10000,A1,HOSVD,2.0070000000005166
0.006750430064195612,3,100,5994,5,10000,A2,HOSVD,2.0070000000005166
2.5402071577418823,3,100,5994,5,10000,A3,HOSVD,2.0070000000005166
10.703627498845492,3,100,5994,5,10000,core,HOSVD,2.0070000000005166
2.308860882262808,3,100,5994,5,10000,A1,HOOI,6.246000000000095
0.00616987321056295,3,100,5994,5,10000,A2,HOOI,6.246000000000095
2.538008980306687,3,100,5994,5,10000,A3,HOOI,6.246000000000095
10.6901164513567,3,100,5994,5,10000,core,HOOI,6.246000000000095
1.9831526172767955,3,100,5994,5,10000,A1,Olga,3.242000000000189
0.04080215598839473,3,100,5994,5,10000,A2,Olga,3.242000000000189
2.871096481731875,3,100,5994,5,10000,A3,Tracy,3.242000000000189
10.688172219718968,3,100,5994,5,10000,core,Tracy_Olga,3.242000000000189
10.31289608909252,3,100,6994,5,10000,A1,NTD,223.40200000000004
3.4855914275952977,3,100,6994,5,10000,A2,NTD,223.40200000000004
6991.0218933552205,3,100,6994,5,10000,A3,NTD,223.40200000000004
12.329250055359598,3,100,6994,5,10000,core,NTD,223.40200000000004
2.6240201341581173,3,100,6994,5,10000,A1,Ours,8.434000000000196
0.003463487074063414,3,100,6994,5,10000,A2,Ours,8.434000000000196
2.5704343098510014,3,100,6994,5,10000,A3,Ours,8.434000000000196
9.729047709600138,3,100,6994,5,10000,core,Ours,8.434000000000196
2.6240201341581173,3,100,6994,5,10000,A1,HOSVD,2.8919999999998254
0.003463487074063414,3,100,6994,5,10000,A2,HOSVD,2.8919999999998254
2.568797189871453,3,100,6994,5,10000,A3,HOSVD,2.8919999999998254
9.716180180479052,3,100,6994,5,10000,core,HOSVD,2.8919999999998254
2.623276751753838,3,100,6994,5,10000,A1,HOOI,7.72400000000016
0.0036107363864507328,3,100,6994,5,10000,A2,HOOI,7.72400000000016
2.571305087694946,3,100,6994,5,10000,A3,HOOI,7.72400000000016
9.695085193163292,3,100,6994,5,10000,core,HOOI,7.72400000000016
2.651296415624582,3,100,6994,5,10000,A1,Olga,4.460000000000036
0.0477805037742942,3,100,6994,5,10000,A2,Olga,4.460000000000036
2.882410929682789,3,100,6994,5,10000,A3,Tracy,4.460000000000036
10.745790527099011,3,100,6994,5,10000,core,Tracy_Olga,4.460000000000036
16.16340263676256,3,100,7990,5,10000,A1,NTD,250.26800000000003
1.917748643133771,3,100,7990,5,10000,A2,NTD,250.26800000000003
7987.03366424851,3,100,7990,5,10000,A3,NTD,250.26800000000003
11.272745606550176,3,100,7990,5,10000,core,NTD,250.26800000000003
2.7052110015187125,3,100,7990,5,10000,A1,Ours,9.49200000000019
0.013377739944251331,3,100,7990,5,10000,A2,Ours,9.49200000000019
2.57903767487714,3,100,7990,5,10000,A3,Ours,9.49200000000019
9.1511881005205,3,100,7990,5,10000,core,Ours,9.49200000000019
2.7052110015187125,3,100,7990,5,10000,A1,HOSVD,2.592999999999847
0.013377739944251331,3,100,7990,5,10000,A2,HOSVD,2.592999999999847
2.6526358263659917,3,100,7990,5,10000,A3,HOSVD,2.592999999999847
9.262595007898732,3,100,7990,5,10000,core,HOSVD,2.592999999999847
2.7066019579165035,3,100,7990,5,10000,A1,HOOI,9.386000000000422
0.013714544567422368,3,100,7990,5,10000,A2,HOOI,9.386000000000422
2.578451401848134,3,100,7990,5,10000,A3,HOOI,9.386000000000422
9.059515314222905,3,100,7990,5,10000,core,HOOI,9.386000000000422
1.814705239340212,3,100,7990,5,10000,A1,Olga,5.630000000000109
0.050941909924191384,3,100,7990,5,10000,A2,Olga,5.630000000000109
2.8753724293557967,3,100,7990,5,10000,A3,Tracy,5.630000000000109
10.692968855012035,3,100,7990,5,10000,core,Tracy_Olga,5.630000000000109
5.566431132161096,3,100,8988,5,10000,A1,NTD,282.0010000000002
0.16000038144633674,3,100,8988,5,10000,A2,NTD,282.0010000000002
8985.048843630451,3,100,8988,5,10000,A3,NTD,282.0010000000002
12.322493195547784,3,100,8988,5,10000,core,NTD,282.0010000000002
2.2355849650162933,3,100,8988,5,10000,A1,Ours,11.481999999999971
0.011522442909112113,3,100,8988,5,10000,A2,Ours,11.481999999999971
2.4953395575743125,3,100,8988,5,10000,A3,Ours,11.481999999999971
10.756838057614331,3,100,8988,5,10000,core,Ours,11.481999999999971
2.2355849650162933,3,100,8988,5,10000,A1,HOSVD,3.5339999999996508
0.011522442909112113,3,100,8988,5,10000,A2,HOSVD,3.5339999999996508
2.4881281773492128,3,100,8988,5,10000,A3,HOSVD,3.5339999999996508
10.74465322727831,3,100,8988,5,10000,core,HOSVD,3.5339999999996508
2.2206791365071505,3,100,8988,5,10000,A1,HOOI,9.587999999999738
0.011785112505627028,3,100,8988,5,10000,A2,HOOI,9.587999999999738
2.488551163761884,3,100,8988,5,10000,A3,HOOI,9.587999999999738
10.742528870877493,3,100,8988,5,10000,core,HOOI,9.587999999999738
2.3617179816727045,3,100,8988,5,10000,A1,Olga,5.945999999999913
0.052439284965939824,3,100,8988,5,10000,A2,Olga,5.945999999999913
2.880382628931273,3,100,8988,5,10000,A3,Tracy,5.945999999999913
10.738880327167596,3,100,8988,5,10000,core,Tracy_Olga,5.945999999999913
5.706808347254307,3,100,9986,5,10000,A1,NTD,295.08500000000004
0.15040630949932102,3,100,9986,5,10000,A2,NTD,295.08500000000004
9983.037756017626,3,100,9986,5,10000,A3,NTD,295.08500000000004
11.03753027625487,3,100,9986,5,10000,core,NTD,295.08500000000004
2.10967755636689,3,100,9986,5,10000,A1,Ours,12.435999999999694
0.010911850893631978,3,100,9986,5,10000,A2,Ours,12.435999999999694
2.547412564423751,3,100,9986,5,10000,A3,Ours,12.435999999999694
10.739287939807767,3,100,9986,5,10000,core,Ours,12.435999999999694
2.10967755636689,3,100,9986,5,10000,A1,HOSVD,3.5299999999997453
0.010911850893631978,3,100,9986,5,10000,A2,HOSVD,3.5299999999997453
2.5396831789902876,3,100,9986,5,10000,A3,HOSVD,3.5299999999997453
10.727028781627928,3,100,9986,5,10000,core,HOSVD,3.5299999999997453
2.0991552404150617,3,100,9986,5,10000,A1,HOOI,9.377999999999702
0.011270222261674467,3,100,9986,5,10000,A2,HOOI,9.377999999999702
2.541005931809272,3,100,9986,5,10000,A3,HOOI,9.377999999999702
10.72371775694893,3,100,9986,5,10000,core,HOOI,9.377999999999702
2.0673181995600993,3,100,9986,5,10000,A1,Olga,5.529999999999745
0.06533844338296939,3,100,9986,5,10000,A2,Olga,5.529999999999745
2.861125595938062,3,100,9986,5,10000,A3,Tracy,5.529999999999745
10.757044402108646,3,100,9986,5,10000,core,Tracy_Olga,5.529999999999745
