error,K,Q1,R,Q2,M,mode,method,time
10.287693779763226,3,100,100,5,100,A1,NTD,4.392
0.07936988159199133,3,100,100,5,100,A2,NTD,4.392
97.0063672615499,3,100,100,5,100,A3,NTD,4.392
14.074787447217513,3,100,100,5,100,core,NTD,4.392
17.74204949048285,3,100,100,5,100,A1,Ours,1.2840000000000007
0.0739476633657029,3,100,100,5,100,A2,Ours,1.2840000000000007
0.2117054444605982,3,100,100,5,100,A3,Ours,1.2840000000000007
15.240672474763734,3,100,100,5,100,core,Ours,1.2840000000000007
17.74204949048285,3,100,100,5,100,A1,HOSVD,1.7940000000000005
0.0739476633657029,3,100,100,5,100,A2,HOSVD,1.7940000000000005
0.21391703999504652,3,100,100,5,100,A3,HOSVD,1.7940000000000005
15.236611289998235,3,100,100,5,100,core,HOSVD,1.7940000000000005
17.458830639167793,3,100,100,5,100,A1,HOOI,2.51
0.06122834824938802,3,100,100,5,100,A2,HOOI,2.51
0.20941057719559264,3,100,100,5,100,A3,HOOI,2.51
15.220140405309621,3,100,100,5,100,core,HOOI,2.51
16.69712367393541,3,100,100,5,100,A1,Olga,2.5219999999999985
0.16972453834191448,3,100,100,5,100,A2,Olga,2.5219999999999985
1.0350340235834692,3,100,100,5,100,A3,Tracy,2.5219999999999985
11.598354260429856,3,100,100,5,100,core,Tracy_Olga,2.5219999999999985
4.8081662276096635,3,100,498,5,100,A1,NTD,21.337999999999997
2.085344746861363,3,100,498,5,100,A2,NTD,21.337999999999997
495.16527385482425,3,100,498,5,100,A3,NTD,21.337999999999997
6.76641134429143,3,100,498,5,100,core,NTD,21.337999999999997
14.570229419153081,3,100,498,5,100,A1,Ours,1.6379999999999981
0.07558208578558478,3,100,498,5,100,A2,Ours,1.6379999999999981
2.6165867259623417,3,100,498,5,100,A3,Ours,1.6379999999999981
5.3991442852640965,3,100,498,5,100,core,Ours,1.6379999999999981
14.570229419153081,3,100,498,5,100,A1,HOSVD,3.6269999999999953
0.07558208578558478,3,100,498,5,100,A2,HOSVD,3.6269999999999953
2.414230489561356,3,100,498,5,100,A3,HOSVD,3.6269999999999953
5.496485082758325,3,100,498,5,100,core,HOSVD,3.6269999999999953
15.688235337759656,3,100,498,5,100,A1,HOOI,4.483000000000004
0.06859229797442927,3,100,498,5,100,A2,HOOI,4.483000000000004
2.4430197325452623,3,100,498,5,100,A3,HOOI,4.483000000000004
12.75619468996415,3,100,498,5,100,core,HOOI,4.483000000000004
17.19780055070055,3,100,498,5,100,A1,Olga,2.7310000000000016
0.5247411744835262,3,100,498,5,100,A2,Olga,2.7310000000000016
2.791434044748437,3,100,498,5,100,A3,Tracy,2.7310000000000016
5.199945272020288,3,100,498,5,100,core,Tracy_Olga,2.7310000000000016
10.149074505717213,3,100,987,5,100,A1,NTD,38.21300000000001
4.085359160269252,3,100,987,5,100,A2,NTD,38.21300000000001
984.2847406568346,3,100,987,5,100,A3,NTD,38.21300000000001
10.579376160560768,3,100,987,5,100,core,NTD,38.21300000000001
17.043891207523345,3,100,987,5,100,A1,Ours,9.346000000000004
0.05639518407783388,3,100,987,5,100,A2,Ours,9.346000000000004
4.103892501171569,3,100,987,5,100,A3,Ours,9.346000000000004
10.88785818311575,3,100,987,5,100,core,Ours,9.346000000000004
17.043891207523345,3,100,987,5,100,A1,HOSVD,7.870999999999995
0.05639518407783388,3,100,987,5,100,A2,HOSVD,7.870999999999995
2.5043864266931974,3,100,987,5,100,A3,HOSVD,7.870999999999995
15.789270977043454,3,100,987,5,100,core,HOSVD,7.870999999999995
16.808023193144162,3,100,987,5,100,A1,HOOI,9.5
0.03014564116366748,3,100,987,5,100,A2,HOOI,9.5
2.5242291349841754,3,100,987,5,100,A3,HOOI,9.5
12.296842319857376,3,100,987,5,100,core,HOOI,9.5
21.46334391387825,3,100,987,5,100,A1,Olga,8.906999999999996
0.5567875966584043,3,100,987,5,100,A2,Olga,8.906999999999996
2.840769290711049,3,100,987,5,100,A3,Tracy,8.906999999999996
14.566789850549519,3,100,987,5,100,core,Tracy_Olga,8.906999999999996
49.110462245829225,3,100,2370,5,100,A1,NTD,88.29299999999998
1.9873935722478222,3,100,2370,5,100,A2,NTD,88.29299999999998
2367.322805001336,3,100,2370,5,100,A3,NTD,88.29299999999998
8.905603163465623,3,100,2370,5,100,core,NTD,88.29299999999998
13.323738352617454,3,100,2370,5,100,A1,Ours,1.8839999999999861
0.04622297072318976,3,100,2370,5,100,A2,Ours,1.8839999999999861
4.8775593291925246,3,100,2370,5,100,A3,Ours,1.8839999999999861
11.200798712572109,3,100,2370,5,100,core,Ours,1.8839999999999861
13.323738352617454,3,100,2370,5,100,A1,HOSVD,1.4590000000000032
0.04622297072318976,3,100,2370,5,100,A2,HOSVD,1.4590000000000032
2.596353850840999,3,100,2370,5,100,A3,HOSVD,1.4590000000000032
12.393835479547526,3,100,2370,5,100,core,HOSVD,1.4590000000000032
13.511854193883972,3,100,2370,5,100,A1,HOOI,2.9939999999999998
0.05514354108501983,3,100,2370,5,100,A2,HOOI,2.9939999999999998
4.142168657165993,3,100,2370,5,100,A3,HOOI,2.9939999999999998
9.67940755669177,3,100,2370,5,100,core,HOOI,2.9939999999999998
30.811298780771423,3,100,2370,5,100,A1,Olga,3.9869999999999948
1.620824692870081,3,100,2370,5,100,A2,Olga,3.9869999999999948
2.995510115869995,3,100,2370,5,100,A3,Tracy,3.9869999999999948
12.366855774529375,3,100,2370,5,100,core,Tracy_Olga,3.9869999999999948
115.90075133020686,3,100,4497,5,100,A1,NTD,161.995
2.0185029716525738,3,100,4497,5,100,A2,NTD,161.995
4494.449037299176,3,100,4497,5,100,A3,NTD,161.995
9.99961572519707,3,100,4497,5,100,core,NTD,161.995
17.785558603702196,3,100,4497,5,100,A1,Ours,6.234000000000037
0.18260376444662874,3,100,4497,5,100,A2,Ours,6.234000000000037
5.154083432527998,3,100,4497,5,100,A3,Ours,6.234000000000037
10.99352290928659,3,100,4497,5,100,core,Ours,6.234000000000037
17.785558603702196,3,100,4497,5,100,A1,HOSVD,2.030999999999949
0.18260376444662874,3,100,4497,5,100,A2,HOSVD,2.030999999999949
2.655804322337808,3,100,4497,5,100,A3,HOSVD,2.030999999999949
12.75619468996415,3,100,4497,5,100,core,HOSVD,2.030999999999949
17.669329676604,3,100,4497,5,100,A1,HOOI,7.322000000000003
0.17265682833778317,3,100,4497,5,100,A2,HOOI,7.322000000000003
2.674522196640564,3,100,4497,5,100,A3,HOOI,7.322000000000003
12.75619468996415,3,100,4497,5,100,core,HOOI,7.322000000000003
38.35988136835171,3,100,4497,5,100,A1,Olga,8.763999999999953
3.134513712598143,3,100,4497,5,100,A2,Olga,8.763999999999953
3.841955396169086,3,100,4497,5,100,A3,Tracy,8.763999999999953
10.05647244773296,3,100,4497,5,100,core,Tracy_Olga,8.763999999999953
114.74090399101428,3,100,5291,5,100,A1,NTD,187.13700000000006
4.085541084469943,3,100,5291,5,100,A2,NTD,187.13700000000006
5288.524108056887,3,100,5291,5,100,A3,NTD,187.13700000000006
9.818782738091157,3,100,5291,5,100,core,NTD,187.13700000000006
14.446708738233378,3,100,5291,5,100,A1,Ours,6.524000000000001
0.053930674856174456,3,100,5291,5,100,A2,Ours,6.524000000000001
5.398818100166634,3,100,5291,5,100,A3,Ours,6.524000000000001
9.208161074905966,3,100,5291,5,100,core,Ours,6.524000000000001
14.446708738233378,3,100,5291,5,100,A1,HOSVD,1.731999999999971
0.053930674856174456,3,100,5291,5,100,A2,HOSVD,1.731999999999971
2.725931300421636,3,100,5291,5,100,A3,HOSVD,1.731999999999971
12.039380687379827,3,100,5291,5,100,core,HOSVD,1.731999999999971
13.7932132256753,3,100,5291,5,100,A1,HOOI,7.710000000000036
0.03332551280349895,3,100,5291,5,100,A2,HOOI,7.710000000000036
4.162590535403065,3,100,5291,5,100,A3,HOOI,7.710000000000036
13.607058001600238,3,100,5291,5,100,core,HOOI,7.710000000000036
79.86757227515591,3,100,5291,5,100,A1,Olga,3.2830000000000155
1.4595925600089068,3,100,5291,5,100,A2,Olga,3.2830000000000155
4.097360305463386,3,100,5291,5,100,A3,Tracy,3.2830000000000155
9.27586298047107,3,100,5291,5,100,core,Tracy_Olga,3.2830000000000155
118.32033169608016,3,100,6021,5,100,A1,NTD,213.418
4.027728733789291,3,100,6021,5,100,A2,NTD,213.418
6018.510598912562,3,100,6021,5,100,A3,NTD,213.418
10.7928051346258,3,100,6021,5,100,core,NTD,213.418
11.096706525861375,3,100,6021,5,100,A1,Ours,7.399000000000001
0.07307438517493618,3,100,6021,5,100,A2,Ours,7.399000000000001
5.266230734702998,3,100,6021,5,100,A3,Ours,7.399000000000001
7.710430033756949,3,100,6021,5,100,core,Ours,7.399000000000001
11.096706525861375,3,100,6021,5,100,A1,HOSVD,2.1410000000000764
0.07307438517493618,3,100,6021,5,100,A2,HOSVD,2.1410000000000764
4.192629684854064,3,100,6021,5,100,A3,HOSVD,2.1410000000000764
12.526102374804626,3,100,6021,5,100,core,HOSVD,2.1410000000000764
12.0186581609306,3,100,6021,5,100,A1,HOOI,9.192000000000007
0.11114991485075233,3,100,6021,5,100,A2,HOOI,9.192000000000007
3.946857513233858,3,100,6021,5,100,A3,HOOI,9.192000000000007
9.984160349436841,3,100,6021,5,100,core,HOOI,9.192000000000007
63.460187942609046,3,100,6021,5,100,A1,Olga,3.2609999999999673
2.1985593977721614,3,100,6021,5,100,A2,Olga,3.2609999999999673
3.9690332289156363,3,100,6021,5,100,A3,Tracy,3.2609999999999673
8.292491799814686,3,100,6021,5,100,core,Tracy_Olga,3.2609999999999673
110.7346003284475,3,100,6850,5,100,A1,NTD,229.37699999999995
1.987341145312116,3,100,6850,5,100,A2,NTD,229.37699999999995
6847.589547741899,3,100,6850,5,100,A3,NTD,229.37699999999995
9.771152745874298,3,100,6850,5,100,core,NTD,229.37699999999995
10.42668532185247,3,100,6850,5,100,A1,Ours,13.024999999999864
0.1397586128940347,3,100,6850,5,100,A2,Ours,13.024999999999864
5.329367157826324,3,100,6850,5,100,A3,Ours,13.024999999999864
10.99933539345785,3,100,6850,5,100,core,Ours,13.024999999999864
10.42668532185247,3,100,6850,5,100,A1,HOSVD,7.795000000000073
0.1397586128940347,3,100,6850,5,100,A2,HOSVD,7.795000000000073
3.3566090393115315,3,100,6850,5,100,A3,HOSVD,7.795000000000073
9.482587070567586,3,100,6850,5,100,core,HOSVD,7.795000000000073
10.644369997152587,3,100,6850,5,100,A1,HOOI,18.241999999999962
0.11901636006074887,3,100,6850,5,100,A2,HOOI,18.241999999999962
3.93626092948069,3,100,6850,5,100,A3,HOOI,18.241999999999962
10.24607107948687,3,100,6850,5,100,core,HOOI,18.241999999999962
49.662312588843,3,100,6850,5,100,A1,Olga,7.06899999999996
2.613705812198489,3,100,6850,5,100,A2,Olga,7.06899999999996
3.965365367735627,3,100,6850,5,100,A3,Tracy,7.06899999999996
11.375363130495268,3,100,6850,5,100,core,Tracy_Olga,7.06899999999996
112.79368689977586,3,100,7502,5,100,A1,NTD,242.97899999999981
3.953820503627297,3,100,7502,5,100,A2,NTD,242.97899999999981
7499.609854724743,3,100,7502,5,100,A3,NTD,242.97899999999981
9.593209638532292,3,100,7502,5,100,core,NTD,242.97899999999981
10.025835475667119,3,100,7502,5,100,A1,Ours,10.391000000000076
0.2228280386804289,3,100,7502,5,100,A2,Ours,10.391000000000076
5.284505260931092,3,100,7502,5,100,A3,Ours,10.391000000000076
9,3,100,7502,5,100,core,Ours,10.391000000000076
93.99727155283496,3,100,7502,5,100,A1,Olga,4.788000000000011
3.8535528349649555,3,100,7502,5,100,A2,Olga,4.788000000000011
4.110841301728708,3,100,7502,5,100,A3,Tracy,4.788000000000011
12.009836548327577,3,100,7502,5,100,core,Tracy_Olga,4.788000000000011
111.56121404592466,3,100,8183,5,100,A1,NTD,275.624
4.085551807812957,3,100,8183,5,100,A2,NTD,275.624
8180.594713994147,3,100,8183,5,100,A3,NTD,275.624
10.084279154708348,3,100,8183,5,100,core,NTD,275.624
17.023308672301436,3,100,8183,5,100,A1,Ours,21.260999999999967
0.028507498072325884,3,100,8183,5,100,A2,Ours,21.260999999999967
5.407496728344589,3,100,8183,5,100,A3,Ours,21.260999999999967
9.911355683529157,3,100,8183,5,100,core,Ours,21.260999999999967
17.023308672301436,3,100,8183,5,100,A1,HOSVD,15.023000000000138
0.028507498072325884,3,100,8183,5,100,A2,HOSVD,15.023000000000138
4.091748744562606,3,100,8183,5,100,A3,HOSVD,15.023000000000138
10.97199776259506,3,100,8183,5,100,core,HOSVD,15.023000000000138
16.951695445816835,3,100,8183,5,100,A1,HOOI,25.29600000000005
0.040938654546366145,3,100,8183,5,100,A2,HOOI,25.29600000000005
4.011982486953472,3,100,8183,5,100,A3,HOOI,25.29600000000005
10.727116263377496,3,100,8183,5,100,core,HOOI,25.29600000000005
93.43778572434512,3,100,8183,5,100,A1,Olga,19.157000000000153
1.9181554164859387,3,100,8183,5,100,A2,Olga,19.157000000000153
4.224600563922196,3,100,8183,5,100,A3,Tracy,19.157000000000153
10.749591231203066,3,100,8183,5,100,core,Tracy_Olga,19.157000000000153
1.9452742607814961,3,100,100,5,3000,A1,NTD,3.7259999999998854
0.34759363526983494,3,100,100,5,3000,A2,NTD,3.7259999999998854
97,3,100,100,5,3000,A3,NTD,3.7259999999998854
14.847108917112946,3,100,100,5,3000,core,NTD,3.7259999999998854
2.9572377635417846,3,100,100,5,3000,A1,Ours,5.780999999999949
0.017162028720023655,3,100,100,5,3000,A2,Ours,5.780999999999949
0.03572964730893049,3,100,100,5,3000,A3,Ours,5.780999999999949
12.486225886021945,3,100,100,5,3000,core,Ours,5.780999999999949
2.9572377635417846,3,100,100,5,3000,A1,HOSVD,7.222999999999956
0.017162028720023655,3,100,100,5,3000,A2,HOSVD,7.222999999999956
0.035734165848221824,3,100,100,5,3000,A3,HOSVD,7.222999999999956
12.48622723439134,3,100,100,5,3000,core,HOSVD,7.222999999999956
2.5419537567553543,3,100,100,5,3000,A1,HOOI,6.467999999999847
0.018378368156212604,3,100,100,5,3000,A2,HOOI,6.467999999999847
0.03534397480849194,3,100,100,5,3000,A3,HOOI,6.467999999999847
12.500193334873876,3,100,100,5,3000,core,HOOI,6.467999999999847
2.3198639899113536,3,100,100,5,3000,A1,Olga,4.925000000000182
0.013651802350965695,3,100,100,5,3000,A2,Olga,4.925000000000182
0.9911413455369474,3,100,100,5,3000,A3,Tracy,4.925000000000182
12.495086772531407,3,100,100,5,3000,core,Tracy_Olga,4.925000000000182
2.615582660992698,3,100,500,5,3000,A1,NTD,14.5
0.11679363473193557,3,100,500,5,3000,A2,NTD,14.5
497.00002621404815,3,100,500,5,3000,A3,NTD,14.5
12.485950039912465,3,100,500,5,3000,core,NTD,14.5
3.7959354040061295,3,100,500,5,3000,A1,Ours,5.348999999999933
0.011548484059559506,3,100,500,5,3000,A2,Ours,5.348999999999933
0.08266427518953615,3,100,500,5,3000,A3,Ours,5.348999999999933
12.466068829514718,3,100,500,5,3000,core,Ours,5.348999999999933
3.7959354040061295,3,100,500,5,3000,A1,HOSVD,4.160000000000082
0.011548484059559506,3,100,500,5,3000,A2,HOSVD,4.160000000000082
0.0826337011745939,3,100,500,5,3000,A3,HOSVD,4.160000000000082
12.46604215813634,3,100,500,5,3000,core,HOSVD,4.160000000000082
3.8344633625165825,3,100,500,5,3000,A1,HOOI,5.5750000000000455
0.008977988286725845,3,100,500,5,3000,A2,HOOI,5.5750000000000455
0.08275765661200309,3,100,500,5,3000,A3,HOOI,5.5750000000000455
12.467972084512605,3,100,500,5,3000,core,HOOI,5.5750000000000455
2.6012577986311634,3,100,500,5,3000,A1,Olga,4.79099999999994
0.010054538592565764,3,100,500,5,3000,A2,Olga,4.79099999999994
1.2908892875044644,3,100,500,5,3000,A3,Tracy,4.79099999999994
12.468534823272106,3,100,500,5,3000,core,Tracy_Olga,4.79099999999994
2.157928571946764,3,100,1000,5,3000,A1,NTD,34.09500000000003
0.03357772319588955,3,100,1000,5,3000,A2,NTD,34.09500000000003
997.0003232984125,3,100,1000,5,3000,A3,NTD,34.09500000000003
12.9622290150449,3,100,1000,5,3000,core,NTD,34.09500000000003
4.463023568042765,3,100,1000,5,3000,A1,Ours,0.7799999999999727
0.00926731684407778,3,100,1000,5,3000,A2,Ours,0.7799999999999727
0.16498947607717365,3,100,1000,5,3000,A3,Ours,0.7799999999999727
12.30064849130333,3,100,1000,5,3000,core,Ours,0.7799999999999727
4.463023568042765,3,100,1000,5,3000,A1,HOSVD,1.362999999999829
0.00926731684407778,3,100,1000,5,3000,A2,HOSVD,1.362999999999829
0.16436599812782896,3,100,1000,5,3000,A3,HOSVD,1.362999999999829
12.300166424999802,3,100,1000,5,3000,core,HOSVD,1.362999999999829
4.501738825307355,3,100,1000,5,3000,A1,HOOI,1.8350000000000364
0.008409172598297023,3,100,1000,5,3000,A2,HOOI,1.8350000000000364
0.3541930468954079,3,100,1000,5,3000,A3,HOOI,1.8350000000000364
12.385916965435968,3,100,1000,5,3000,core,HOOI,1.8350000000000364
3.174908329001335,3,100,1000,5,3000,A1,Olga,1.530999999999949
0.009203100071160384,3,100,1000,5,3000,A2,Olga,1.530999999999949
1.3666763015894505,3,100,1000,5,3000,A3,Tracy,1.530999999999949
12.43942698037386,3,100,1000,5,3000,core,Tracy_Olga,1.530999999999949
2.6282592601528774,3,100,2498,5,3000,A1,NTD,87.73199999999997
0.6262602535929784,3,100,2498,5,3000,A2,NTD,87.73199999999997
2495.0442460971326,3,100,2498,5,3000,A3,NTD,87.73199999999997
13.363870403151099,3,100,2498,5,3000,core,NTD,87.73199999999997
3.371011405532486,3,100,2498,5,3000,A1,Ours,2.104000000000042
0.014720994819314324,3,100,2498,5,3000,A2,Ours,2.104000000000042
2.473981055072895,3,100,2498,5,3000,A3,Ours,2.104000000000042
12.474630963562856,3,100,2498,5,3000,core,Ours,2.104000000000042
3.371011405532486,3,100,2498,5,3000,A1,HOSVD,1.2789999999999964
0.014720994819314324,3,100,2498,5,3000,A2,HOSVD,1.2789999999999964
2.4683748806902392,3,100,2498,5,3000,A3,HOSVD,1.2789999999999964
12.479322935966813,3,100,2498,5,3000,core,HOSVD,1.2789999999999964
3.300136726251035,3,100,2498,5,3000,A1,HOOI,2.6870000000001255
0.014588974477995785,3,100,2498,5,3000,A2,HOOI,2.6870000000001255
2.477254703480962,3,100,2498,5,3000,A3,HOOI,2.6870000000001255
12.496489984883544,3,100,2498,5,3000,core,HOOI,2.6870000000001255
3.406527886389384,3,100,2498,5,3000,A1,Olga,1.1390000000001237
0.010867350612212386,3,100,2498,5,3000,A2,Olga,1.1390000000001237
2.8822619187541356,3,100,2498,5,3000,A3,Tracy,1.1390000000001237
12.464113862481701,3,100,2498,5,3000,core,Tracy_Olga,1.1390000000001237
6.521005668169979,3,100,4989,5,3000,A1,NTD,177.61699999999996
0.07515555895843498,3,100,4989,5,3000,A2,NTD,177.61699999999996
4986.055889311545,3,100,4989,5,3000,A3,NTD,177.61699999999996
14.520586466372889,3,100,4989,5,3000,core,NTD,177.61699999999996
3.4701621305540775,3,100,4989,5,3000,A1,Ours,5.992999999999938
0.01219085069685761,3,100,4989,5,3000,A2,Ours,5.992999999999938
2.5154843549260555,3,100,4989,5,3000,A3,Ours,5.992999999999938
15.789270977043454,3,100,4989,5,3000,core,Ours,5.992999999999938
3.4701621305540775,3,100,4989,5,3000,A1,HOSVD,1.86200000000008
0.01219085069685761,3,100,4989,5,3000,A2,HOSVD,1.86200000000008
2.493933467685682,3,100,4989,5,3000,A3,HOSVD,1.86200000000008
15.789270977043454,3,100,4989,5,3000,core,HOSVD,1.86200000000008
3.462049533125469,3,100,4989,5,3000,A1,HOOI,5.001999999999953
0.011993648134969758,3,100,4989,5,3000,A2,HOOI,5.001999999999953
2.4945405324111927,3,100,4989,5,3000,A3,HOOI,5.001999999999953
15.789270977043454,3,100,4989,5,3000,core,HOOI,5.001999999999953
2.8767594797678573,3,100,4989,5,3000,A1,Olga,2.5280000000002474
0.0343955572649215,3,100,4989,5,3000,A2,Olga,2.5280000000002474
2.888241928290184,3,100,4989,5,3000,A3,Tracy,2.5280000000002474
11.200077508380334,3,100,4989,5,3000,core,Tracy_Olga,2.5280000000002474
2.3538395722645666,3,100,5990,5,3000,A1,NTD,195.96100000000024
0.0855460470262876,3,100,5990,5,3000,A2,NTD,195.96100000000024
5987.048521686057,3,100,5990,5,3000,A3,NTD,195.96100000000024
12.867561064510832,3,100,5990,5,3000,core,NTD,195.96100000000024
3.09252708691039,3,100,5990,5,3000,A1,Ours,6.55600000000004
0.010058970741023578,3,100,5990,5,3000,A2,Ours,6.55600000000004
2.499302881173335,3,100,5990,5,3000,A3,Ours,6.55600000000004
12.501599967560939,3,100,5990,5,3000,core,Ours,6.55600000000004
3.09252708691039,3,100,5990,5,3000,A1,HOSVD,1.6210000000000946
0.010058970741023578,3,100,5990,5,3000,A2,HOSVD,1.6210000000000946
2.4688091243657078,3,100,5990,5,3000,A3,HOSVD,1.6210000000000946
12.529442521178938,3,100,5990,5,3000,core,HOSVD,1.6210000000000946
3.04603909463517,3,100,5990,5,3000,A1,HOOI,7.333000000000084
0.009941506822175268,3,100,5990,5,3000,A2,HOOI,7.333000000000084
2.4662056368618828,3,100,5990,5,3000,A3,HOOI,7.333000000000084
12.56657935293954,3,100,5990,5,3000,core,HOOI,7.333000000000084
2.7669568406852036,3,100,5990,5,3000,A1,Olga,3.2229999999999563
0.009731588064136197,3,100,5990,5,3000,A2,Olga,3.2229999999999563
2.8878755988962803,3,100,5990,5,3000,A3,Tracy,3.2229999999999563
11.23743242739755,3,100,5990,5,3000,core,Tracy_Olga,3.2229999999999563
2.285307964109307,3,100,6974,5,3000,A1,NTD,227.20600000000013
1.1150522249253798,3,100,6974,5,3000,A2,NTD,227.20600000000013
6971.059449705362,3,100,6974,5,3000,A3,NTD,227.20600000000013
10.421559075805467,3,100,6974,5,3000,core,NTD,227.20600000000013
3.048434174053723,3,100,6974,5,3000,A1,Ours,8.980000000000018
0.009430117670480402,3,100,6974,5,3000,A2,Ours,8.980000000000018
2.5467147795907907,3,100,6974,5,3000,A3,Ours,8.980000000000018
12.428736426337524,3,100,6974,5,3000,core,Ours,8.980000000000018
3.048434174053723,3,100,6974,5,3000,A1,HOSVD,1.8980000000001382
0.009430117670480402,3,100,6974,5,3000,A2,HOSVD,1.8980000000001382
2.505242083713649,3,100,6974,5,3000,A3,HOSVD,1.8980000000001382
12.471141567676275,3,100,6974,5,3000,core,HOSVD,1.8980000000001382
3.045762933624893,3,100,6974,5,3000,A1,HOOI,7.800999999999931
0.009017087472021998,3,100,6974,5,3000,A2,HOOI,7.800999999999931
2.5038032498881635,3,100,6974,5,3000,A3,HOOI,7.800999999999931
12.501961281219813,3,100,6974,5,3000,core,HOOI,7.800999999999931
2.6740460226509795,3,100,6974,5,3000,A1,Olga,3.81899999999996
0.01706719684028926,3,100,6974,5,3000,A2,Olga,3.81899999999996
2.9115513770075374,3,100,6974,5,3000,A3,Tracy,3.81899999999996
12.461868205134122,3,100,6974,5,3000,core,Tracy_Olga,3.81899999999996
1.9785479233394792,3,100,7961,5,3000,A1,NTD,253.07900000000018
4.085545477272032,3,100,7961,5,3000,A2,NTD,253.07900000000018
7958.083652599848,3,100,7961,5,3000,A3,NTD,253.07900000000018
8.022252340293978,3,100,7961,5,3000,core,NTD,253.07900000000018
2.770900187046952,3,100,7961,5,3000,A1,Ours,12.810999999999694
0.007232887436609896,3,100,7961,5,3000,A2,Ours,12.810999999999694
2.5586973090953453,3,100,7961,5,3000,A3,Ours,12.810999999999694
12.403407732992832,3,100,7961,5,3000,core,Ours,12.810999999999694
2.770900187046952,3,100,7961,5,3000,A1,HOSVD,3.7349999999996726
0.007232887436609896,3,100,7961,5,3000,A2,HOSVD,3.7349999999996726
2.504771665222333,3,100,7961,5,3000,A3,HOSVD,3.7349999999996726
12.458751312198237,3,100,7961,5,3000,core,HOSVD,3.7349999999996726
2.7718863763211683,3,100,7961,5,3000,A1,HOOI,16.55199999999968
0.007168817052417563,3,100,7961,5,3000,A2,HOOI,16.55199999999968
2.505248368096835,3,100,7961,5,3000,A3,HOOI,16.55199999999968
12.454664018105731,3,100,7961,5,3000,core,HOOI,16.55199999999968
3.480130968105103,3,100,7961,5,3000,A1,Olga,7.7169999999996435
0.10198303863263504,3,100,7961,5,3000,A2,Olga,7.7169999999996435
2.918943444062382,3,100,7961,5,3000,A3,Tracy,7.7169999999996435
15.789270977043454,3,100,7961,5,3000,core,Tracy_Olga,7.7169999999996435
2.0876209307934266,3,100,8954,5,3000,A1,NTD,278.72800000000007
4.052006801969627,3,100,8954,5,3000,A2,NTD,278.72800000000007
8951.084529073953,3,100,8954,5,3000,A3,NTD,278.72800000000007
10.90229762026483,3,100,8954,5,3000,core,NTD,278.72800000000007
3.2325762524077315,3,100,8954,5,3000,A1,Ours,14.684000000000196
0.0035506532432361634,3,100,8954,5,3000,A2,Ours,14.684000000000196
2.5496530289936636,3,100,8954,5,3000,A3,Ours,14.684000000000196
12.450508081290563,3,100,8954,5,3000,core,Ours,14.684000000000196
3.2325762524077315,3,100,8954,5,3000,A1,HOSVD,3.742999999999938
0.0035506532432361634,3,100,8954,5,3000,A2,HOSVD,3.742999999999938
2.4784096828429956,3,100,8954,5,3000,A3,HOSVD,3.742999999999938
12.525231619698214,3,100,8954,5,3000,core,HOSVD,3.742999999999938
3.2581851279727005,3,100,8954,5,3000,A1,HOOI,13.907000000000153
0.0036236007347276752,3,100,8954,5,3000,A2,HOOI,13.907000000000153
3.472326526413941,3,100,8954,5,3000,A3,HOOI,13.907000000000153
10.871734110796528,3,100,8954,5,3000,core,HOOI,13.907000000000153
2.5324229868883146,3,100,8954,5,3000,A1,Olga,5.688999999999851
0.04146587803535187,3,100,8954,5,3000,A2,Olga,5.688999999999851
2.9111920734349566,3,100,8954,5,3000,A3,Tracy,5.688999999999851
15.789270977043454,3,100,8954,5,3000,core,Tracy_Olga,5.688999999999851
2.076631452216514,3,100,9935,5,3000,A1,NTD,321.70899999999983
1.9873459619892675,3,100,9935,5,3000,A2,NTD,321.70899999999983
9932.087273784704,3,100,9935,5,3000,A3,NTD,321.70899999999983
10.616748091226947,3,100,9935,5,3000,core,NTD,321.70899999999983
5.362102786817814,3,100,9935,5,3000,A1,Ours,36.54899999999998
0.016850774923555138,3,100,9935,5,3000,A2,Ours,36.54899999999998
2.600842910017001,3,100,9935,5,3000,A3,Ours,36.54899999999998
4.986707764619615,3,100,9935,5,3000,core,Ours,36.54899999999998
5.362102786817814,3,100,9935,5,3000,A1,HOSVD,21.452999999999975
0.016850774923555138,3,100,9935,5,3000,A2,HOSVD,21.452999999999975
2.513464018921297,3,100,9935,5,3000,A3,HOSVD,21.452999999999975
5.099279865305713,3,100,9935,5,3000,core,HOSVD,21.452999999999975
5.368869252302952,3,100,9935,5,3000,A1,HOOI,31.46600000000035
0.016524961554835925,3,100,9935,5,3000,A2,HOOI,31.46600000000035
2.5156166507980005,3,100,9935,5,3000,A3,HOOI,31.46600000000035
5.133596916926307,3,100,9935,5,3000,core,HOOI,31.46600000000035
3.995455167382259,3,100,9935,5,3000,A1,Olga,22.878000000000156
0.039130806134519115,3,100,9935,5,3000,A2,Olga,22.878000000000156
2.924473814580895,3,100,9935,5,3000,A3,Tracy,22.878000000000156
15.789270977043454,3,100,9935,5,3000,core,Tracy_Olga,22.878000000000156
2.949410850428531,3,100,100,5,10000,A1,NTD,3.625
0.5038242874896266,3,100,100,5,10000,A2,NTD,3.625
97,3,100,100,5,10000,A3,NTD,3.625
6.437231568201226,3,100,100,5,10000,core,NTD,3.625
1.953297579274297,3,100,100,5,10000,A1,Ours,10.798999999999978
0.005020410503261654,3,100,100,5,10000,A2,Ours,10.798999999999978
0.022619227431024087,3,100,100,5,10000,A3,Ours,10.798999999999978
12.474657888305298,3,100,100,5,10000,core,Ours,10.798999999999978
1.953297579274297,3,100,100,5,10000,A1,HOSVD,6.016000000000076
0.005020410503261654,3,100,100,5,10000,A2,HOSVD,6.016000000000076
0.022619331426616394,3,100,100,5,10000,A3,HOSVD,6.016000000000076
12.474657500195978,3,100,100,5,10000,core,HOSVD,6.016000000000076
1.9427775412424857,3,100,100,5,10000,A1,HOOI,3.62900000000036
0.004916508060634246,3,100,100,5,10000,A2,HOOI,3.62900000000036
0.022606201243982146,3,100,100,5,10000,A3,HOOI,3.62900000000036
12.474885584789773,3,100,100,5,10000,core,HOOI,3.62900000000036
1.6487342428264706,3,100,100,5,10000,A1,Olga,2.3760000000002037
0.005277551912481009,3,100,100,5,10000,A2,Olga,2.3760000000002037
0.9930653863080934,3,100,100,5,10000,A3,Tracy,2.3760000000002037
12.496965244198234,3,100,100,5,10000,core,Tracy_Olga,2.3760000000002037
3.354443432306519,3,100,500,5,10000,A1,NTD,14.875999999999749
0.1306047648044388,3,100,500,5,10000,A2,NTD,14.875999999999749
497.0000539028402,3,100,500,5,10000,A3,NTD,14.875999999999749
11.263386173654519,3,100,500,5,10000,core,NTD,14.875999999999749
2.3805593333691344,3,100,500,5,10000,A1,Ours,5.016000000000076
0.005661501482233963,3,100,500,5,10000,A2,Ours,5.016000000000076
0.04429028345500929,3,100,500,5,10000,A3,Ours,5.016000000000076
12.49334354841964,3,100,500,5,10000,core,Ours,5.016000000000076
2.3805593333691344,3,100,500,5,10000,A1,HOSVD,2.6219999999998436
0.005661501482233963,3,100,500,5,10000,A2,HOSVD,2.6219999999998436
0.04429152947911422,3,100,500,5,10000,A3,HOSVD,2.6219999999998436
12.493341858899202,3,100,500,5,10000,core,HOSVD,2.6219999999998436
2.389358777109669,3,100,500,5,10000,A1,HOOI,2.5660000000002583
0.005540355712232757,3,100,500,5,10000,A2,HOOI,2.5660000000002583
0.04426157345734103,3,100,500,5,10000,A3,HOOI,2.5660000000002583
12.49346114820877,3,100,500,5,10000,core,HOOI,2.5660000000002583
1.5119387147275463,3,100,500,5,10000,A1,Olga,3.994999999999891
0.003946009102094426,3,100,500,5,10000,A2,Olga,3.994999999999891
1.2849489311076856,3,100,500,5,10000,A3,Tracy,3.994999999999891
12.481226439440512,3,100,500,5,10000,core,Tracy_Olga,3.994999999999891
2.4494032745676217,3,100,1000,5,10000,A1,NTD,31.8149999999996
0.2023266793906047,3,100,1000,5,10000,A2,NTD,31.8149999999996
997.0000292277429,3,100,1000,5,10000,A3,NTD,31.8149999999996
13.46498770688798,3,100,1000,5,10000,core,NTD,31.8149999999996
1.5431176864131075,3,100,1000,5,10000,A1,Ours,0.5079999999998108
0.00908846635345968,3,100,1000,5,10000,A2,Ours,0.5079999999998108
0.06303922522484745,3,100,1000,5,10000,A3,Ours,0.5079999999998108
12.478588779399526,3,100,1000,5,10000,core,Ours,0.5079999999998108
1.5431176864131075,3,100,1000,5,10000,A1,HOSVD,0.6430000000000291
0.00908846635345968,3,100,1000,5,10000,A2,HOSVD,0.6430000000000291
0.06306187180978566,3,100,1000,5,10000,A3,HOSVD,0.6430000000000291
12.478577945403414,3,100,1000,5,10000,core,HOSVD,0.6430000000000291
1.5497541291518655,3,100,1000,5,10000,A1,HOOI,1.1589999999996508
0.009613835224924776,3,100,1000,5,10000,A2,HOOI,1.1589999999996508
0.06293972792433387,3,100,1000,5,10000,A3,HOOI,1.1589999999996508
12.478837155761466,3,100,1000,5,10000,core,HOOI,1.1589999999996508
1.5560367730301168,3,100,1000,5,10000,A1,Olga,0.5149999999998727
0.010065486442867885,3,100,1000,5,10000,A2,Olga,0.5149999999998727
1.3604195607256775,3,100,1000,5,10000,A3,Tracy,0.5149999999998727
12.453320727858063,3,100,1000,5,10000,core,Tracy_Olga,0.5149999999998727
2.193460719294782,3,100,2500,5,10000,A1,NTD,94.34999999999991
0.16114123519384133,3,100,2500,5,10000,A2,NTD,94.34999999999991
2497.000098764047,3,100,2500,5,10000,A3,NTD,94.34999999999991
13.678399631443726,3,100,2500,5,10000,core,NTD,94.34999999999991
1.7593171007023034,3,100,2500,5,10000,A1,Ours,2.0460000000002765
0.010301778725551639,3,100,2500,5,10000,A2,Ours,2.0460000000002765
0.716402919569147,3,100,2500,5,10000,A3,Ours,2.0460000000002765
12.945107231476575,3,100,2500,5,10000,core,Ours,2.0460000000002765
1.7593171007023034,3,100,2500,5,10000,A1,HOSVD,0.8470000000002074
0.010301778725551639,3,100,2500,5,10000,A2,HOSVD,0.8470000000002074
0.7161053388078479,3,100,2500,5,10000,A3,HOSVD,0.8470000000002074
12.94624456170246,3,100,2500,5,10000,core,HOSVD,0.8470000000002074
1.7558400009927109,3,100,2500,5,10000,A1,HOOI,3.6649999999999636
0.01087797225642286,3,100,2500,5,10000,A2,HOOI,3.6649999999999636
0.7020102410452402,3,100,2500,5,10000,A3,HOOI,3.6649999999999636
12.94242816524036,3,100,2500,5,10000,core,HOOI,3.6649999999999636
1.305300631426918,3,100,2500,5,10000,A1,Olga,2.6100000000001273
0.005314289706531049,3,100,2500,5,10000,A2,Olga,2.6100000000001273
1.7610986220731522,3,100,2500,5,10000,A3,Tracy,2.6100000000001273
12.931787547499196,3,100,2500,5,10000,core,Tracy_Olga,2.6100000000001273
2.828463688601276,3,100,4999,5,10000,A1,NTD,181.1590000000001
0.04742842529905397,3,100,4999,5,10000,A2,NTD,181.1590000000001
4996.030098300986,3,100,4999,5,10000,A3,NTD,181.1590000000001
13.658044143769729,3,100,4999,5,10000,core,NTD,181.1590000000001
1.5059028060920994,3,100,4999,5,10000,A1,Ours,5.894000000000233
0.0036449860484469958,3,100,4999,5,10000,A2,Ours,5.894000000000233
2.4775367506362693,3,100,4999,5,10000,A3,Ours,5.894000000000233
12.484170216856738,3,100,4999,5,10000,core,Ours,5.894000000000233
1.5059028060920994,3,100,4999,5,10000,A1,HOSVD,2.0950000000002547
0.0036449860484469958,3,100,4999,5,10000,A2,HOSVD,2.0950000000002547
2.475568081198877,3,100,4999,5,10000,A3,HOSVD,2.0950000000002547
12.485751728330621,3,100,4999,5,10000,core,HOSVD,2.0950000000002547
1.4984414901617265,3,100,4999,5,10000,A1,HOOI,5.039999999999964
0.0036558037875703392,3,100,4999,5,10000,A2,HOOI,5.039999999999964
2.473777331857035,3,100,4999,5,10000,A3,HOOI,5.039999999999964
12.50565272294035,3,100,4999,5,10000,core,HOOI,5.039999999999964
1.4475538845114766,3,100,4999,5,10000,A1,Olga,4.711999999999534
0.0038578631608349027,3,100,4999,5,10000,A2,Olga,4.711999999999534
2.8804963017084257,3,100,4999,5,10000,A3,Tracy,4.711999999999534
12.455986568608976,3,100,4999,5,10000,core,Tracy_Olga,4.711999999999534
6.604881134979647,3,100,5994,5,10000,A1,NTD,204.59999999999945
0.2008559912878225,3,100,5994,5,10000,A2,NTD,204.59999999999945
5991.02759593533,3,100,5994,5,10000,A3,NTD,204.59999999999945
10.2940125709971,3,100,5994,5,10000,core,NTD,204.59999999999945
2.2608461140978604,3,100,5994,5,10000,A1,Ours,6.658999999999651
0.005039891280507335,3,100,5994,5,10000,A2,Ours,6.658999999999651
2.6039823051930413,3,100,5994,5,10000,A3,Ours,6.658999999999651
12.658599030771747,3,100,5994,5,10000,core,Ours,6.658999999999651
2.2608461140978604,3,100,5994,5,10000,A1,HOSVD,1.9080000000003565
0.005039891280507335,3,100,5994,5,10000,A2,HOSVD,1.9080000000003565
2.60233799088036,3,100,5994,5,10000,A3,HOSVD,1.9080000000003565
12.660762929875615,3,100,5994,5,10000,core,HOSVD,1.9080000000003565
2.265955242526841,3,100,5994,5,10000,A1,HOOI,5.471000000000458
0.005100773927305412,3,100,5994,5,10000,A2,HOOI,5.471000000000458
2.602978111818801,3,100,5994,5,10000,A3,HOOI,5.471000000000458
12.699420720053833,3,100,5994,5,10000,core,HOOI,5.471000000000458
1.935980848331033,3,100,5994,5,10000,A1,Olga,3.306999999999789
0.004127675267608196,3,100,5994,5,10000,A2,Olga,3.306999999999789
2.9178543016121266,3,100,5994,5,10000,A3,Tracy,3.306999999999789
11.237619038102514,3,100,5994,5,10000,core,Tracy_Olga,3.306999999999789
2.28656753127408,3,100,6994,5,10000,A1,NTD,229.15000000000055
0.07916150687134266,3,100,6994,5,10000,A2,NTD,229.15000000000055
6991.028351592593,3,100,6994,5,10000,A3,NTD,229.15000000000055
14.124074149284864,3,100,6994,5,10000,core,NTD,229.15000000000055
1.7693297892718505,3,100,6994,5,10000,A1,Ours,9.221999999999753
0.009471794913688445,3,100,6994,5,10000,A2,Ours,9.221999999999753
2.4835437917520014,3,100,6994,5,10000,A3,Ours,9.221999999999753
12.404662789965883,3,100,6994,5,10000,core,Ours,9.221999999999753
1.7693297892718505,3,100,6994,5,10000,A1,HOSVD,2.4420000000000073
0.009471794913688445,3,100,6994,5,10000,A2,HOSVD,2.4420000000000073
2.479752903682229,3,100,6994,5,10000,A3,HOSVD,2.4420000000000073
12.408173890047681,3,100,6994,5,10000,core,HOSVD,2.4420000000000073
1.7737421434171325,3,100,6994,5,10000,A1,HOOI,9.030000000000655
0.00921924971342565,3,100,6994,5,10000,A2,HOOI,9.030000000000655
2.479810696188207,3,100,6994,5,10000,A3,HOOI,9.030000000000655
12.406106049406018,3,100,6994,5,10000,core,HOOI,9.030000000000655
1.4217026446569652,3,100,6994,5,10000,A1,Olga,4.16399999999976
0.00683049120459196,3,100,6994,5,10000,A2,Olga,4.16399999999976
2.903185353824925,3,100,6994,5,10000,A3,Tracy,4.16399999999976
11.117324080025844,3,100,6994,5,10000,core,Tracy_Olga,4.16399999999976
2.307642566594555,3,100,7992,5,10000,A1,NTD,255.33600000000024
0.4972821474724512,3,100,7992,5,10000,A2,NTD,255.33600000000024
7989.037835307726,3,100,7992,5,10000,A3,NTD,255.33600000000024
14.121437505207462,3,100,7992,5,10000,core,NTD,255.33600000000024
1.9831901019827503,3,100,7992,5,10000,A1,Ours,11.845999999999549
0.006041837756379295,3,100,7992,5,10000,A2,Ours,11.845999999999549
2.503583044299554,3,100,7992,5,10000,A3,Ours,11.845999999999549
12.381770155861055,3,100,7992,5,10000,core,Ours,11.845999999999549
1.9831901019827503,3,100,7992,5,10000,A1,HOSVD,4.071000000000822
0.006041837756379295,3,100,7992,5,10000,A2,HOSVD,4.071000000000822
2.498821726281675,3,100,7992,5,10000,A3,HOSVD,4.071000000000822
12.386583426942,3,100,7992,5,10000,core,HOSVD,4.071000000000822
1.9851284444825057,3,100,7992,5,10000,A1,HOOI,9.305000000000291
0.006083958610461104,3,100,7992,5,10000,A2,HOOI,9.305000000000291
2.4965968644867442,3,100,7992,5,10000,A3,HOOI,9.305000000000291
12.459805654861814,3,100,7992,5,10000,core,HOOI,9.305000000000291
1.8856174576967843,3,100,7992,5,10000,A1,Olga,5.947000000000116
0.00311544037253787,3,100,7992,5,10000,A2,Olga,5.947000000000116
2.8914048988649927,3,100,7992,5,10000,A3,Tracy,5.947000000000116
11.121140234865408,3,100,7992,5,10000,core,Tracy_Olga,5.947000000000116
1.9532143984056005,3,100,8991,5,10000,A1,NTD,290.97199999999975
0.9029238303605851,3,100,8991,5,10000,A2,NTD,290.97199999999975
8988.037334038341,3,100,8991,5,10000,A3,NTD,290.97199999999975
9.599586634016436,3,100,8991,5,10000,core,NTD,290.97199999999975
1.5066526931074509,3,100,8991,5,10000,A1,Ours,15.059000000000196
0.008965351509860903,3,100,8991,5,10000,A2,Ours,15.059000000000196
2.564177367143318,3,100,8991,5,10000,A3,Ours,15.059000000000196
11.821349074572941,3,100,8991,5,10000,core,Ours,15.059000000000196
1.5066526931074509,3,100,8991,5,10000,A1,HOSVD,2.9420000000000073
0.008965351509860903,3,100,8991,5,10000,A2,HOSVD,2.9420000000000073
2.5609796392958613,3,100,8991,5,10000,A3,HOSVD,2.9420000000000073
11.824734792331812,3,100,8991,5,10000,core,HOSVD,2.9420000000000073
1.507326236443435,3,100,8991,5,10000,A1,HOOI,12.865999999999985
0.009203363443303187,3,100,8991,5,10000,A2,HOOI,12.865999999999985
2.5612403545801237,3,100,8991,5,10000,A3,HOOI,12.865999999999985
11.810200326819338,3,100,8991,5,10000,core,HOOI,12.865999999999985
1.640327010159267,3,100,8991,5,10000,A1,Olga,5.529999999999745
0.012216177821524723,3,100,8991,5,10000,A2,Olga,5.529999999999745
2.8930539835369573,3,100,8991,5,10000,A3,Tracy,5.529999999999745
12.495938740089873,3,100,8991,5,10000,core,Tracy_Olga,5.529999999999745
2.407461371361063,3,100,9985,5,10000,A1,NTD,301.8299999999999
0.7198714253292696,3,100,9985,5,10000,A2,NTD,301.8299999999999
9982.04021059155,3,100,9985,5,10000,A3,NTD,301.8299999999999
6.5059824850835986,3,100,9985,5,10000,core,NTD,301.8299999999999
1.465210492353805,3,100,9985,5,10000,A1,Ours,16.11499999999978
0.010578288671019084,3,100,9985,5,10000,A2,Ours,16.11499999999978
2.4919318780144497,3,100,9985,5,10000,A3,Ours,16.11499999999978
12.393506338421961,3,100,9985,5,10000,core,Ours,16.11499999999978
1.465210492353805,3,100,9985,5,10000,A1,HOSVD,3.8309999999992215
0.010578288671019084,3,100,9985,5,10000,A2,HOSVD,3.8309999999992215
2.484427998861053,3,100,9985,5,10000,A3,HOSVD,3.8309999999992215
12.400887172676505,3,100,9985,5,10000,core,HOSVD,3.8309999999992215
1.4576166037838352,3,100,9985,5,10000,A1,HOOI,15.00500000000011
0.010921586716761272,3,100,9985,5,10000,A2,HOOI,15.00500000000011
2.485711741374189,3,100,9985,5,10000,A3,HOOI,15.00500000000011
12.39230869877309,3,100,9985,5,10000,core,HOOI,15.00500000000011
1.2219687554752543,3,100,9985,5,10000,A1,Olga,6.074999999999818
0.008967227470737988,3,100,9985,5,10000,A2,Olga,6.074999999999818
2.8945149902143537,3,100,9985,5,10000,A3,Tracy,6.074999999999818
11.14033504387976,3,100,9985,5,10000,core,Tracy_Olga,6.074999999999818
