error,K,Q1,R,Q2,M,mode,method,time
13.693069139843265,3,100,986,5,100,A1,NTD,41.212
2.5484476568865837,3,100,986,5,100,A2,NTD,41.212
983.2017469684941,3,100,986,5,100,A3,NTD,41.212
8.412269280019231,3,100,986,5,100,core,NTD,41.212
16.87148532379765,3,100,986,5,100,A1,Ours,8.111999999999995
0.08007860806784108,3,100,986,5,100,A2,Ours,8.111999999999995
4.60521103581217,3,100,986,5,100,A3,Ours,8.111999999999995
10.634285066218698,3,100,986,5,100,core,Ours,8.111999999999995
16.87148532379765,3,100,986,5,100,A1,HOSVD,5.844000000000001
0.08007860806784108,3,100,986,5,100,A2,HOSVD,5.844000000000001
2.507924971958774,3,100,986,5,100,A3,HOSVD,5.844000000000001
11.551212574030558,3,100,986,5,100,core,HOSVD,5.844000000000001
17.77731954978,3,100,986,5,100,A1,HOOI,4.795000000000002
0.07745374638048641,3,100,986,5,100,A2,HOOI,4.795000000000002
2.5348514138999265,3,100,986,5,100,A3,HOOI,4.795000000000002
14.198804046397322,3,100,986,5,100,core,HOOI,4.795000000000002
32.67222263631918,3,100,986,5,100,A1,Olga,1.3130000000000024
0.427560907011369,3,100,986,5,100,A2,Olga,1.3130000000000024
2.8133126332634584,3,100,986,5,100,A3,Tracy,1.3130000000000024
9.871416826855157,3,100,986,5,100,core,Tracy_Olga,1.3130000000000024
86.03036902483649,3,100,4549,5,100,A1,NTD,165.312
3.390656688525173,3,100,4549,5,100,A2,NTD,165.312
4546.477573731563,3,100,4549,5,100,A3,NTD,165.312
11.059510826028045,3,100,4549,5,100,core,NTD,165.312
18.26177874016205,3,100,4549,5,100,A1,Ours,16.37299999999999
0.005727263207285702,3,100,4549,5,100,A2,Ours,16.37299999999999
5.241916552284389,3,100,4549,5,100,A3,Ours,16.37299999999999
8.84698208465942,3,100,4549,5,100,core,Ours,16.37299999999999
18.26177874016205,3,100,4549,5,100,A1,HOSVD,14.722000000000008
0.005727263207285702,3,100,4549,5,100,A2,HOSVD,14.722000000000008
2.6970901837524885,3,100,4549,5,100,A3,HOSVD,14.722000000000008
14.198804046397322,3,100,4549,5,100,core,HOSVD,14.722000000000008
17.82221628503244,3,100,4549,5,100,A1,HOOI,19.012999999999977
0.007725393250269877,3,100,4549,5,100,A2,HOOI,19.012999999999977
2.731419836507389,3,100,4549,5,100,A3,HOOI,19.012999999999977
11.545650492980489,3,100,4549,5,100,core,HOOI,19.012999999999977
67.63026482717578,3,100,4549,5,100,A1,Olga,7.97199999999998
0.8472217930717377,3,100,4549,5,100,A2,Olga,7.97199999999998
3.028583381215797,3,100,4549,5,100,A3,Tracy,7.97199999999998
6.595907090597077,3,100,4549,5,100,core,Tracy_Olga,7.97199999999998
126.0511299973638,3,100,8263,5,100,A1,NTD,277.21000000000004
5.7063524640937535,3,100,8263,5,100,A2,NTD,277.21000000000004
8260.6031220989,3,100,8263,5,100,A3,NTD,277.21000000000004
11.834189297201963,3,100,8263,5,100,core,NTD,277.21000000000004
23.367739218681134,3,100,8263,5,100,A1,Ours,29.601
0.09239918313591149,3,100,8263,5,100,A2,Ours,29.601
5.403075111378904,3,100,8263,5,100,A3,Ours,29.601
13.99777772013268,3,100,8263,5,100,core,Ours,29.601
23.367739218681134,3,100,8263,5,100,A1,HOSVD,22.19900000000007
0.09239918313591149,3,100,8263,5,100,A2,HOSVD,22.19900000000007
3.611837433327827,3,100,8263,5,100,A3,HOSVD,22.19900000000007
10.059492310851189,3,100,8263,5,100,core,HOSVD,22.19900000000007
23.357326174128826,3,100,8263,5,100,A1,HOOI,19.480999999999995
0.07788169845945778,3,100,8263,5,100,A2,HOOI,19.480999999999995
3.891932497382285,3,100,8263,5,100,A3,HOOI,19.480999999999995
11.011832759676343,3,100,8263,5,100,core,HOOI,19.480999999999995
3.3226801667538965,3,100,999,5,500,A1,NTD,27.87099999999998
4.548459597071154,3,100,999,5,500,A2,NTD,27.87099999999998
996.0925570902347,3,100,999,5,500,A3,NTD,27.87099999999998
12.260704672692613,3,100,999,5,500,core,NTD,27.87099999999998
8.270002183717832,3,100,999,5,500,A1,Ours,1.4519999999999982
0.08162851011884044,3,100,999,5,500,A2,Ours,1.4519999999999982
2.554433267546193,3,100,999,5,500,A3,Ours,1.4519999999999982
13.443589773734187,3,100,999,5,500,core,Ours,1.4519999999999982
8.270002183717832,3,100,999,5,500,A1,HOSVD,1.31899999999996
0.08162851011884044,3,100,999,5,500,A2,HOSVD,1.31899999999996
2.5395427184387165,3,100,999,5,500,A3,HOSVD,1.31899999999996
13.445004709688874,3,100,999,5,500,core,HOSVD,1.31899999999996
8.183333599348064,3,100,999,5,500,A1,HOOI,2.254000000000019
0.07039558358724085,3,100,999,5,500,A2,HOOI,2.254000000000019
2.5652746484664157,3,100,999,5,500,A3,HOOI,2.254000000000019
13.373948731995103,3,100,999,5,500,core,HOOI,2.254000000000019
10.346238551936766,3,100,999,5,500,A1,Olga,2.129000000000019
0.08683571822249483,3,100,999,5,500,A2,Olga,2.129000000000019
2.8418562528032503,3,100,999,5,500,A3,Tracy,2.129000000000019
8.315166182258745,3,100,999,5,500,core,Tracy_Olga,2.129000000000019
79.75912794850329,3,100,4905,5,500,A1,NTD,164.98400000000004
3.3906784308823763,3,100,4905,5,500,A2,NTD,164.98400000000004
4902.190541562526,3,100,4905,5,500,A3,NTD,164.98400000000004
10.364694581579867,3,100,4905,5,500,core,NTD,164.98400000000004
9.12347621110226,3,100,4905,5,500,A1,Ours,15.93500000000006
0.025375599702685922,3,100,4905,5,500,A2,Ours,15.93500000000006
5.1219496985077875,3,100,4905,5,500,A3,Ours,15.93500000000006
9.776744256814217,3,100,4905,5,500,core,Ours,15.93500000000006
9.12347621110226,3,100,4905,5,500,A1,HOSVD,9.384999999999991
0.025375599702685922,3,100,4905,5,500,A2,HOSVD,9.384999999999991
2.5624811680931905,3,100,4905,5,500,A3,HOSVD,9.384999999999991
14.198804046397322,3,100,4905,5,500,core,HOSVD,9.384999999999991
9.135793889859725,3,100,4905,5,500,A1,HOOI,7.149000000000001
0.02546587013617021,3,100,4905,5,500,A2,HOOI,7.149000000000001
2.5682443320721156,3,100,4905,5,500,A3,HOOI,7.149000000000001
14.198804046397322,3,100,4905,5,500,core,HOOI,7.149000000000001
15.668801155211533,3,100,4905,5,500,A1,Olga,4.995999999999981
0.2674830147211176,3,100,4905,5,500,A2,Olga,4.995999999999981
2.9037314363069893,3,100,4905,5,500,A3,Tracy,4.995999999999981
11.518175972768548,3,100,4905,5,500,core,Tracy_Olga,4.995999999999981
61.789091230466816,3,100,9631,5,500,A1,NTD,319.12300000000016
4.5484493086333355,3,100,9631,5,500,A2,NTD,319.12300000000016
9628.312059664135,3,100,9631,5,500,A3,NTD,319.12300000000016
11.584041935424851,3,100,9631,5,500,core,NTD,319.12300000000016
8.909948873628018,3,100,9631,5,500,A1,Ours,16.826000000000022
0.03469312729701879,3,100,9631,5,500,A2,Ours,16.826000000000022
5.366338111724505,3,100,9631,5,500,A3,Ours,16.826000000000022
10.245035294002635,3,100,9631,5,500,core,Ours,16.826000000000022
8.909948873628018,3,100,9631,5,500,A1,HOSVD,9.337999999999965
0.03469312729701879,3,100,9631,5,500,A2,HOSVD,9.337999999999965
2.6124433557834528,3,100,9631,5,500,A3,HOSVD,9.337999999999965
14.198804046397322,3,100,9631,5,500,core,HOSVD,9.337999999999965
8.724532305563727,3,100,9631,5,500,A1,HOOI,20.251999999999953
0.03483398594992208,3,100,9631,5,500,A2,HOOI,20.251999999999953
2.62946177351313,3,100,9631,5,500,A3,HOOI,20.251999999999953
14.198804046397322,3,100,9631,5,500,core,HOOI,20.251999999999953
23.579040320885312,3,100,9631,5,500,A1,Olga,11.011000000000195
0.08930939356612876,3,100,9631,5,500,A2,Olga,11.011000000000195
2.9661095862941296,3,100,9631,5,500,A3,Tracy,11.011000000000195
9.971970227426246,3,100,9631,5,500,core,Tracy_Olga,11.011000000000195
2.965800914934183,3,100,999,5,1000,A1,NTD,26.964999999999918
0.34161921306063797,3,100,999,5,1000,A2,NTD,26.964999999999918
996.0423396921274,3,100,999,5,1000,A3,NTD,26.964999999999918
9.40184461079227,3,100,999,5,1000,core,NTD,26.964999999999918
5.705118007188479,3,100,999,5,1000,A1,Ours,1.8709999999998672
0.021766528481665676,3,100,999,5,1000,A2,Ours,1.8709999999998672
2.391915928355668,3,100,999,5,1000,A3,Ours,1.8709999999998672
14.056274775986529,3,100,999,5,1000,core,Ours,1.8709999999998672
5.705118007188479,3,100,999,5,1000,A1,HOSVD,2.838000000000193
0.021766528481665676,3,100,999,5,1000,A2,HOSVD,2.838000000000193
2.381930397804016,3,100,999,5,1000,A3,HOSVD,2.838000000000193
14.028654264884114,3,100,999,5,1000,core,HOSVD,2.838000000000193
5.554953196324428,3,100,999,5,1000,A1,HOOI,3.7409999999999854
0.03077238595811512,3,100,999,5,1000,A2,HOOI,3.7409999999999854
2.3950905339912194,3,100,999,5,1000,A3,HOOI,3.7409999999999854
14.18743462866454,3,100,999,5,1000,core,HOOI,3.7409999999999854
5.996201324701808,3,100,999,5,1000,A1,Olga,3.4980000000000473
0.04284852018333463,3,100,999,5,1000,A2,Olga,3.4980000000000473
2.9252072051585984,3,100,999,5,1000,A3,Tracy,3.4980000000000473
13.994569692500015,3,100,999,5,1000,core,Tracy_Olga,3.4980000000000473
13.848847960443386,3,100,4958,5,1000,A1,NTD,154.60400000000004
2.548450350942285,3,100,4958,5,1000,A2,NTD,154.60400000000004
4955.126498177157,3,100,4958,5,1000,A3,NTD,154.60400000000004
13.17368906639124,3,100,4958,5,1000,core,NTD,154.60400000000004
5.914376670027002,3,100,4958,5,1000,A1,Ours,4.8250000000000455
0.041365659991995096,3,100,4958,5,1000,A2,Ours,4.8250000000000455
2.860704828781572,3,100,4958,5,1000,A3,Ours,4.8250000000000455
10.079025048507052,3,100,4958,5,1000,core,Ours,4.8250000000000455
5.914376670027002,3,100,4958,5,1000,A1,HOSVD,1.7669999999998254
0.041365659991995096,3,100,4958,5,1000,A2,HOSVD,1.7669999999998254
2.5275570829459197,3,100,4958,5,1000,A3,HOSVD,1.7669999999998254
14.198804046397322,3,100,4958,5,1000,core,HOSVD,1.7669999999998254
5.829711901707094,3,100,4958,5,1000,A1,HOOI,4.389000000000124
0.032045885877909866,3,100,4958,5,1000,A2,HOOI,4.389000000000124
2.531399376055633,3,100,4958,5,1000,A3,HOOI,4.389000000000124
14.198804046397322,3,100,4958,5,1000,core,HOOI,4.389000000000124
10.189450418693141,3,100,4958,5,1000,A1,Olga,2.660000000000082
0.11066953780485508,3,100,4958,5,1000,A2,Olga,2.660000000000082
2.856722596676716,3,100,4958,5,1000,A3,Tracy,2.660000000000082
11.551212574030558,3,100,4958,5,1000,core,Tracy_Olga,2.660000000000082
54.9951508671525,3,100,9819,5,1000,A1,NTD,331.20899999999983
3.7063513799300543,3,100,9819,5,1000,A2,NTD,331.20899999999983
9816.18533685609,3,100,9819,5,1000,A3,NTD,331.20899999999983
11.511255376436711,3,100,9819,5,1000,core,NTD,331.20899999999983
6.405959830102307,3,100,9819,5,1000,A1,Ours,18.073000000000093
0.02049239755498945,3,100,9819,5,1000,A2,Ours,18.073000000000093
5.207882216594707,3,100,9819,5,1000,A3,Ours,18.073000000000093
10.388889362390705,3,100,9819,5,1000,core,Ours,18.073000000000093
6.405959830102307,3,100,9819,5,1000,A1,HOSVD,13.557000000000016
0.02049239755498945,3,100,9819,5,1000,A2,HOSVD,13.557000000000016
2.5752744528388054,3,100,9819,5,1000,A3,HOSVD,13.557000000000016
14.198804046397322,3,100,9819,5,1000,core,HOSVD,13.557000000000016
6.377425717049052,3,100,9819,5,1000,A1,HOOI,29.326000000000022
0.019290413748259388,3,100,9819,5,1000,A2,HOOI,29.326000000000022
3.694283540125299,3,100,9819,5,1000,A3,HOOI,29.326000000000022
13.626863812938264,3,100,9819,5,1000,core,HOOI,29.326000000000022
11.352318581144289,3,100,9819,5,1000,A1,Olga,16.894999999999982
0.17084688087375796,3,100,9819,5,1000,A2,Olga,16.894999999999982
2.9070756394094026,3,100,9819,5,1000,A3,Tracy,16.894999999999982
11.549191385832414,3,100,9819,5,1000,core,Tracy_Olga,16.894999999999982
2.4787779731916304,3,100,1000,5,2500,A1,NTD,27.587999999999965
1.024499290937634,3,100,1000,5,2500,A2,NTD,27.587999999999965
997.0003497746222,3,100,1000,5,2500,A3,NTD,27.587999999999965
13.430425612533114,3,100,1000,5,2500,core,NTD,27.587999999999965
4.027611713371655,3,100,1000,5,2500,A1,Ours,7.001000000000204
0.0233413795190559,3,100,1000,5,2500,A2,Ours,7.001000000000204
0.2227672226631653,3,100,1000,5,2500,A3,Ours,7.001000000000204
13.767392799918438,3,100,1000,5,2500,core,Ours,7.001000000000204
4.027611713371655,3,100,1000,5,2500,A1,HOSVD,5.851999999999862
0.0233413795190559,3,100,1000,5,2500,A2,HOSVD,5.851999999999862
0.2217374871339633,3,100,1000,5,2500,A3,HOSVD,5.851999999999862
13.766595810417002,3,100,1000,5,2500,core,HOSVD,5.851999999999862
4.004618067377507,3,100,1000,5,2500,A1,HOOI,6.407999999999902
0.023817740299248203,3,100,1000,5,2500,A2,HOOI,6.407999999999902
0.2254016273172214,3,100,1000,5,2500,A3,HOOI,6.407999999999902
13.748234517502288,3,100,1000,5,2500,core,HOOI,6.407999999999902
3.7546198732936804,3,100,1000,5,2500,A1,Olga,6.387000000000171
0.01176527508977683,3,100,1000,5,2500,A2,Olga,6.387000000000171
1.4116034814750682,3,100,1000,5,2500,A3,Tracy,6.387000000000171
13.778699293586953,3,100,1000,5,2500,core,Tracy_Olga,6.387000000000171
2.6017517432607655,3,100,4988,5,2500,A1,NTD,158.9570000000001
3.3906813492985233,3,100,4988,5,2500,A2,NTD,158.9570000000001
4985.061754354907,3,100,4988,5,2500,A3,NTD,158.9570000000001
11.203339863128,3,100,4988,5,2500,core,NTD,158.9570000000001
4.501428563645132,3,100,4988,5,2500,A1,Ours,5.224999999999909
0.010606193345032796,3,100,4988,5,2500,A2,Ours,5.224999999999909
2.53292343516042,3,100,4988,5,2500,A3,Ours,5.224999999999909
14.198804046397322,3,100,4988,5,2500,core,Ours,5.224999999999909
4.501428563645132,3,100,4988,5,2500,A1,HOSVD,2.41800000000012
0.010606193345032796,3,100,4988,5,2500,A2,HOSVD,2.41800000000012
2.5028340035486707,3,100,4988,5,2500,A3,HOSVD,2.41800000000012
14.198804046397322,3,100,4988,5,2500,core,HOSVD,2.41800000000012
4.51881737337791,3,100,4988,5,2500,A1,HOOI,4.413000000000011
0.01044186549309596,3,100,4988,5,2500,A2,HOOI,4.413000000000011
2.5041481144109143,3,100,4988,5,2500,A3,HOOI,4.413000000000011
14.198804046397322,3,100,4988,5,2500,core,HOOI,4.413000000000011
4.965475994415947,3,100,4988,5,2500,A1,Olga,2.686000000000149
0.06977408544556207,3,100,4988,5,2500,A2,Olga,2.686000000000149
2.833410969062545,3,100,4988,5,2500,A3,Tracy,2.686000000000149
11.551212574030558,3,100,4988,5,2500,core,Tracy_Olga,2.686000000000149
6.739902712361774,3,100,9927,5,2500,A1,NTD,332.9250000000002
2.5484539141372116,3,100,9927,5,2500,A2,NTD,332.9250000000002
9924.108261526251,3,100,9927,5,2500,A3,NTD,332.9250000000002
9.813024398773557,3,100,9927,5,2500,core,NTD,332.9250000000002
4.451162614078798,3,100,9927,5,2500,A1,Ours,14.148000000000138
0.016933265884835038,3,100,9927,5,2500,A2,Ours,14.148000000000138
2.658470150565301,3,100,9927,5,2500,A3,Ours,14.148000000000138
14.198804046397322,3,100,9927,5,2500,core,Ours,14.148000000000138
4.451162614078798,3,100,9927,5,2500,A1,HOSVD,3.44399999999996
0.016933265884835038,3,100,9927,5,2500,A2,HOSVD,3.44399999999996
2.5363722879658592,3,100,9927,5,2500,A3,HOSVD,3.44399999999996
14.198804046397322,3,100,9927,5,2500,core,HOSVD,3.44399999999996
4.428093494184176,3,100,9927,5,2500,A1,HOOI,12.072999999999865
0.015609358678714186,3,100,9927,5,2500,A2,HOOI,12.072999999999865
2.536919660489812,3,100,9927,5,2500,A3,HOOI,12.072999999999865
14.198804046397322,3,100,9927,5,2500,core,HOOI,12.072999999999865
4.875961556032661,3,100,9927,5,2500,A1,Olga,6.871000000000095
0.06994122832052461,3,100,9927,5,2500,A2,Olga,6.871000000000095
2.8775781200299924,3,100,9927,5,2500,A3,Tracy,6.871000000000095
11.551212574030558,3,100,9927,5,2500,core,Tracy_Olga,6.871000000000095
2.420016348195181,3,100,1000,5,5000,A1,NTD,28.165999999999713
0.5529970122980982,3,100,1000,5,5000,A2,NTD,28.165999999999713
997.0001702487535,3,100,1000,5,5000,A3,NTD,28.165999999999713
6.270202014425789,3,100,1000,5,5000,core,NTD,28.165999999999713
3.1056147429196233,3,100,1000,5,5000,A1,Ours,1.844000000000051
0.007102789928651864,3,100,1000,5,5000,A2,Ours,1.844000000000051
0.3860270759837143,3,100,1000,5,5000,A3,Ours,1.844000000000051
13.85739127747349,3,100,1000,5,5000,core,Ours,1.844000000000051
3.1056147429196233,3,100,1000,5,5000,A1,HOSVD,0.8369999999999891
0.007102789928651864,3,100,1000,5,5000,A2,HOSVD,0.8369999999999891
0.3858824827565052,3,100,1000,5,5000,A3,HOSVD,0.8369999999999891
13.856998058236263,3,100,1000,5,5000,core,HOSVD,0.8369999999999891
3.1194459117551014,3,100,1000,5,5000,A1,HOOI,0.9450000000001637
0.007883867838648476,3,100,1000,5,5000,A2,HOOI,0.9450000000001637
0.3939471501808705,3,100,1000,5,5000,A3,HOOI,0.9450000000001637
13.857531808299026,3,100,1000,5,5000,core,HOOI,0.9450000000001637
2.8802397029563607,3,100,1000,5,5000,A1,Olga,0.5509999999999309
0.008370650467548126,3,100,1000,5,5000,A2,Olga,0.5509999999999309
1.456790032564118,3,100,1000,5,5000,A3,Tracy,0.5509999999999309
13.876712316639189,3,100,1000,5,5000,core,Tracy_Olga,0.5509999999999309
2.383262862369809,3,100,4996,5,5000,A1,NTD,149.48499999999967
1.193043158955452,3,100,4996,5,5000,A2,NTD,149.48499999999967
4993.047561637846,3,100,4996,5,5000,A3,NTD,149.48499999999967
9.837005255602206,3,100,4996,5,5000,core,NTD,149.48499999999967
3.0579162217375027,3,100,4996,5,5000,A1,Ours,4.960000000000036
0.0032853552801292317,3,100,4996,5,5000,A2,Ours,4.960000000000036
2.5101982945143666,3,100,4996,5,5000,A3,Ours,4.960000000000036
14.198801354753092,3,100,4996,5,5000,core,Ours,4.960000000000036
3.0579162217375027,3,100,4996,5,5000,A1,HOSVD,1.9239999999999782
0.0032853552801292317,3,100,4996,5,5000,A2,HOSVD,1.9239999999999782
2.5024061533949107,3,100,4996,5,5000,A3,HOSVD,1.9239999999999782
14.198801354753092,3,100,4996,5,5000,core,HOSVD,1.9239999999999782
3.0542269031525304,3,100,4996,5,5000,A1,HOOI,4.337999999999738
0.003553783742126836,3,100,4996,5,5000,A2,HOOI,4.337999999999738
2.5034589220498757,3,100,4996,5,5000,A3,HOOI,4.337999999999738
14.198804046397322,3,100,4996,5,5000,core,HOOI,4.337999999999738
2.279956496466417,3,100,4996,5,5000,A1,Olga,2.923000000000229
0.02575523481826786,3,100,4996,5,5000,A2,Olga,2.923000000000229
2.844958083428335,3,100,4996,5,5000,A3,Tracy,2.923000000000229
11.54451008829061,3,100,4996,5,5000,core,Tracy_Olga,2.923000000000229
4.0445090197741305,3,100,9974,5,5000,A1,NTD,317.3630000000003
2.2490015578427838,3,100,9974,5,5000,A2,NTD,317.3630000000003
9971.074121074646,3,100,9974,5,5000,A3,NTD,317.3630000000003
10.437441783160084,3,100,9974,5,5000,core,NTD,317.3630000000003
3.390955654774142,3,100,9974,5,5000,A1,Ours,13.588999999999942
0.025689389192549022,3,100,9974,5,5000,A2,Ours,13.588999999999942
2.542672298801993,3,100,9974,5,5000,A3,Ours,13.588999999999942
14.198804046397322,3,100,9974,5,5000,core,Ours,13.588999999999942
3.390955654774142,3,100,9974,5,5000,A1,HOSVD,3.1840000000001965
0.025689389192549022,3,100,9974,5,5000,A2,HOSVD,3.1840000000001965
2.5127365907491557,3,100,9974,5,5000,A3,HOSVD,3.1840000000001965
14.198804046397322,3,100,9974,5,5000,core,HOSVD,3.1840000000001965
3.375359207549898,3,100,9974,5,5000,A1,HOOI,11.477000000000317
0.02507564310936539,3,100,9974,5,5000,A2,HOOI,11.477000000000317
2.5139041987889894,3,100,9974,5,5000,A3,HOOI,11.477000000000317
14.198804046397322,3,100,9974,5,5000,core,HOOI,11.477000000000317
3.990449856169088,3,100,9974,5,5000,A1,Olga,6.743000000000393
0.0764601666455431,3,100,9974,5,5000,A2,Olga,6.743000000000393
2.858545105091316,3,100,9974,5,5000,A3,Tracy,6.743000000000393
11.551212574030558,3,100,9974,5,5000,core,Tracy_Olga,6.743000000000393
3.172486675794873,3,100,1000,5,6000,A1,NTD,27.52300000000014
0.33914507698635765,3,100,1000,5,6000,A2,NTD,27.52300000000014
997.0000905087603,3,100,1000,5,6000,A3,NTD,27.52300000000014
8.192881828928769,3,100,1000,5,6000,core,NTD,27.52300000000014
2.1613584650821602,3,100,1000,5,6000,A1,Ours,1.4590000000002874
0.007643081172209023,3,100,1000,5,6000,A2,Ours,1.4590000000002874
0.07953807997166881,3,100,1000,5,6000,A3,Ours,1.4590000000002874
14.010793456768432,3,100,1000,5,6000,core,Ours,1.4590000000002874
2.1613584650821602,3,100,1000,5,6000,A1,HOSVD,2.6280000000001564
0.007643081172209023,3,100,1000,5,6000,A2,HOSVD,2.6280000000001564
0.07955073265007938,3,100,1000,5,6000,A3,HOSVD,2.6280000000001564
14.010765991737486,3,100,1000,5,6000,core,HOSVD,2.6280000000001564
2.1605567698290975,3,100,1000,5,6000,A1,HOOI,3.7669999999998254
0.007642071388636492,3,100,1000,5,6000,A2,HOOI,3.7669999999998254
0.07947138670549289,3,100,1000,5,6000,A3,HOOI,3.7669999999998254
14.010266734199925,3,100,1000,5,6000,core,HOOI,3.7669999999998254
2.085997806123172,3,100,1000,5,6000,A1,Olga,1.7970000000000255
0.011185749128490137,3,100,1000,5,6000,A2,Olga,1.7970000000000255
1.3706495264114102,3,100,1000,5,6000,A3,Tracy,1.7970000000000255
13.999516279334621,3,100,1000,5,6000,core,Tracy_Olga,1.7970000000000255
2.6068571401262486,3,100,4996,5,6000,A1,NTD,154.5029999999997
4.0023142022398925,3,100,4996,5,6000,A2,NTD,154.5029999999997
4993.030742899361,3,100,4996,5,6000,A3,NTD,154.5029999999997
15.093922961939834,3,100,4996,5,6000,core,NTD,154.5029999999997
2.940686797321632,3,100,4996,5,6000,A1,Ours,5.611000000000331
0.01807319527231934,3,100,4996,5,6000,A2,Ours,5.611000000000331
2.48098016730669,3,100,4996,5,6000,A3,Ours,5.611000000000331
14.198804046397322,3,100,4996,5,6000,core,Ours,5.611000000000331
2.940686797321632,3,100,4996,5,6000,A1,HOSVD,2.1230000000000473
0.01807319527231934,3,100,4996,5,6000,A2,HOSVD,2.1230000000000473
2.4747484374945308,3,100,4996,5,6000,A3,HOSVD,2.1230000000000473
14.198804046397322,3,100,4996,5,6000,core,HOSVD,2.1230000000000473
2.923738271501136,3,100,4996,5,6000,A1,HOOI,5.003999999999905
0.018871778275850577,3,100,4996,5,6000,A2,HOOI,5.003999999999905
2.4713147737423933,3,100,4996,5,6000,A3,HOOI,5.003999999999905
14.198804046397322,3,100,4996,5,6000,core,HOOI,5.003999999999905
3.0415850060731247,3,100,4996,5,6000,A1,Olga,2.5970000000002074
0.03435345269070161,3,100,4996,5,6000,A2,Olga,2.5970000000002074
2.8866083750711504,3,100,4996,5,6000,A3,Tracy,2.5970000000002074
11.551212574030558,3,100,4996,5,6000,core,Tracy_Olga,2.5970000000002074
3.0657008574141065,3,100,9970,5,6000,A1,NTD,317.6350000000002
3.210198954069126,3,100,9970,5,6000,A2,NTD,317.6350000000002
9967.053719041674,3,100,9970,5,6000,A3,NTD,317.6350000000002
11.193846353066567,3,100,9970,5,6000,core,NTD,317.6350000000002
2.179908701304156,3,100,9970,5,6000,A1,Ours,14.146000000000186
0.010125674308488293,3,100,9970,5,6000,A2,Ours,14.146000000000186
2.5321745471203676,3,100,9970,5,6000,A3,Ours,14.146000000000186
14.198804046397322,3,100,9970,5,6000,core,Ours,14.146000000000186
2.179908701304156,3,100,9970,5,6000,A1,HOSVD,3.7029999999999745
0.010125674308488293,3,100,9970,5,6000,A2,HOSVD,3.7029999999999745
2.511172243384308,3,100,9970,5,6000,A3,HOSVD,3.7029999999999745
14.198804046397322,3,100,9970,5,6000,core,HOSVD,3.7029999999999745
2.167367052072831,3,100,9970,5,6000,A1,HOOI,12.560999999999694
0.010247295940750297,3,100,9970,5,6000,A2,HOOI,12.560999999999694
2.5129889916942476,3,100,9970,5,6000,A3,HOOI,12.560999999999694
14.198804046397322,3,100,9970,5,6000,core,HOOI,12.560999999999694
3.1769562639751947,3,100,9970,5,6000,A1,Olga,6.972000000000207
0.02976125849337267,3,100,9970,5,6000,A2,Olga,6.972000000000207
2.8504698468011265,3,100,9970,5,6000,A3,Tracy,6.972000000000207
11.551212574030558,3,100,9970,5,6000,core,Tracy_Olga,6.972000000000207
2.229517466086555,3,100,1000,5,7000,A1,NTD,27.70999999999958
0.2749340387335457,3,100,1000,5,7000,A2,NTD,27.70999999999958
997.00006889017925,3,100,1000,5,7000,A3,NTD,27.70999999999958
12.098026923458756,3,100,1000,5,7000,core,NTD,27.70999999999958
1.847457574667627,3,100,1000,5,7000,A1,Ours,0.5329999999999018
0.00783815430818665,3,100,1000,5,7000,A2,Ours,0.5329999999999018
0.10212525508306133,3,100,1000,5,7000,A3,Ours,0.5329999999999018
14.012610755148689,3,100,1000,5,7000,core,Ours,0.5329999999999018
1.847457574667627,3,100,1000,5,7000,A1,HOSVD,0.4230000000002292
0.00783815430818665,3,100,1000,5,7000,A2,HOSVD,0.4230000000002292
0.10213734684447828,3,100,1000,5,7000,A3,HOSVD,0.4230000000002292
14.012505940187845,3,100,1000,5,7000,core,HOSVD,0.4230000000002292
1.8451474941465242,3,100,1000,5,7000,A1,HOOI,0.7640000000001237
0.00764247260835287,3,100,1000,5,7000,A2,HOOI,0.7640000000001237
0.10194797333681821,3,100,1000,5,7000,A3,HOOI,0.7640000000001237
14.007692645924719,3,100,1000,5,7000,core,HOOI,0.7640000000001237
2.0450342074470873,3,100,1000,5,7000,A1,Olga,0.8130000000001019
0.011786949177338024,3,100,1000,5,7000,A2,Olga,0.8130000000001019
1.3763862695060205,3,100,1000,5,7000,A3,Tracy,0.8130000000001019
14.02491760538102,3,100,1000,5,7000,core,Tracy_Olga,0.8130000000001019
3.4014210481199503,3,100,4998,5,7000,A1,NTD,148.9670000000001
2.915844735362866,3,100,4998,5,7000,A2,NTD,148.9670000000001
4995.032073313043,3,100,4998,5,7000,A3,NTD,148.9670000000001
10.424187028488806,3,100,4998,5,7000,core,NTD,148.9670000000001
1.824198620954707,3,100,4998,5,7000,A1,Ours,16.409999999999854
0.010121342977503795,3,100,4998,5,7000,A2,Ours,16.409999999999854
2.5553319891567963,3,100,4998,5,7000,A3,Ours,16.409999999999854
11.543668623233796,3,100,4998,5,7000,core,Ours,16.409999999999854
1.824198620954707,3,100,4998,5,7000,A1,HOSVD,12.094000000000051
0.010121342977503795,3,100,4998,5,7000,A2,HOSVD,12.094000000000051
2.5530739828739915,3,100,4998,5,7000,A3,HOSVD,12.094000000000051
11.543562908729376,3,100,4998,5,7000,core,HOSVD,12.094000000000051
1.8201459119340595,3,100,4998,5,7000,A1,HOOI,15.278999999999996
0.010551044512848622,3,100,4998,5,7000,A2,HOOI,15.278999999999996
2.546953476106974,3,100,4998,5,7000,A3,HOOI,15.278999999999996
11.537549753417625,3,100,4998,5,7000,core,HOOI,15.278999999999996
2.2771600200157476,3,100,4998,5,7000,A1,Olga,12.608999999999924
0.024913441671056104,3,100,4998,5,7000,A2,Olga,12.608999999999924
2.9558989693010185,3,100,4998,5,7000,A3,Tracy,12.608999999999924
11.55107280921084,3,100,4998,5,7000,core,Tracy_Olga,12.608999999999924
89.23852781037205,3,100,9974,5,7000,A1,NTD,329.96500000000015
2.133672050161191,3,100,9974,5,7000,A2,NTD,329.96500000000015
9971.048003162472,3,100,9974,5,7000,A3,NTD,329.96500000000015
12.772855414304251,3,100,9974,5,7000,core,NTD,329.96500000000015
1.8553013204279458,3,100,9974,5,7000,A1,Ours,14.045000000000073
0.013462775218700455,3,100,9974,5,7000,A2,Ours,14.045000000000073
2.52782780742384,3,100,9974,5,7000,A3,Ours,14.045000000000073
14.198804046397322,3,100,9974,5,7000,core,Ours,14.045000000000073
1.8553013204279458,3,100,9974,5,7000,A1,HOSVD,3.975000000000364
0.013462775218700455,3,100,9974,5,7000,A2,HOSVD,3.975000000000364
2.512597276265039,3,100,9974,5,7000,A3,HOSVD,3.975000000000364
14.198804046397322,3,100,9974,5,7000,core,HOSVD,3.975000000000364
1.8548483775078666,3,100,9974,5,7000,A1,HOOI,11.330000000000837
0.013699217524564712,3,100,9974,5,7000,A2,HOOI,11.330000000000837
2.5132237012071585,3,100,9974,5,7000,A3,HOOI,11.330000000000837
14.198804046397322,3,100,9974,5,7000,core,HOOI,11.330000000000837
2.499530925909819,3,100,9974,5,7000,A1,Olga,6.106999999999971
0.03005960461050274,3,100,9974,5,7000,A2,Olga,6.106999999999971
2.854307617696793,3,100,9974,5,7000,A3,Tracy,6.106999999999971
11.551212574030558,3,100,9974,5,7000,core,Tracy_Olga,6.106999999999971
2.446346782387236,3,100,1000,5,8000,A1,NTD,27.145000000000437
0.4707401765707562,3,100,1000,5,8000,A2,NTD,27.145000000000437
997.0001706060226,3,100,1000,5,8000,A3,NTD,27.145000000000437
13.361477270801233,3,100,1000,5,8000,core,NTD,27.145000000000437
2.402672272378397,3,100,1000,5,8000,A1,Ours,1.3770000000004075
0.016418050424707172,3,100,1000,5,8000,A2,Ours,1.3770000000004075
0.10197894856589051,3,100,1000,5,8000,A3,Ours,1.3770000000004075
14.024921056773648,3,100,1000,5,8000,core,Ours,1.3770000000004075
2.402672272378397,3,100,1000,5,8000,A1,HOSVD,0.7070000000003347
0.016418050424707172,3,100,1000,5,8000,A2,HOSVD,0.7070000000003347
0.10193589443050419,3,100,1000,5,8000,A3,HOSVD,0.7070000000003347
14.024903862582741,3,100,1000,5,8000,core,HOSVD,0.7070000000003347
2.394787472508812,3,100,1000,5,8000,A1,HOOI,1.0079999999998108
0.016484203624437636,3,100,1000,5,8000,A2,HOOI,1.0079999999998108
0.10258719198422911,3,100,1000,5,8000,A3,HOOI,1.0079999999998108
14.026056568984608,3,100,1000,5,8000,core,HOOI,1.0079999999998108
2.320129606488181,3,100,1000,5,8000,A1,Olga,1.21100000000024
0.0171364572747263,3,100,1000,5,8000,A2,Olga,1.21100000000024
1.3792755356552469,3,100,1000,5,8000,A3,Tracy,1.21100000000024
14.027501968308465,3,100,1000,5,8000,core,Tracy_Olga,1.21100000000024
3.6810497871966703,3,100,4999,5,8000,A1,NTD,157.71799999999985
0.5813236369229977,3,100,4999,5,8000,A2,NTD,157.71799999999985
4996.033562686996,3,100,4999,5,8000,A3,NTD,157.71799999999985
13.116503719617418,3,100,4999,5,8000,core,NTD,157.71799999999985
2.199540040219292,3,100,4999,5,8000,A1,Ours,5.851999999999862
0.007911128260673044,3,100,4999,5,8000,A2,Ours,5.851999999999862
2.4564674889885323,3,100,4999,5,8000,A3,Ours,5.851999999999862
13.860280134517119,3,100,4999,5,8000,core,Ours,5.851999999999862
2.199540040219292,3,100,4999,5,8000,A1,HOSVD,1.917000000000371
0.007911128260673044,3,100,4999,5,8000,A2,HOSVD,1.917000000000371
2.4525410362048383,3,100,4999,5,8000,A3,HOSVD,1.917000000000371
13.853537946192251,3,100,4999,5,8000,core,HOSVD,1.917000000000371
2.210090510553864,3,100,4999,5,8000,A1,HOOI,4.856999999999971
0.007802682772490898,3,100,4999,5,8000,A2,HOOI,4.856999999999971
2.451466318292116,3,100,4999,5,8000,A3,HOOI,4.856999999999971
13.897986289768996,3,100,4999,5,8000,core,HOOI,4.856999999999971
2.4591091460389163,3,100,4999,5,8000,A1,Olga,3.181999999999789
0.017923591422599937,3,100,4999,5,8000,A2,Olga,3.181999999999789
2.9206704054366095,3,100,4999,5,8000,A3,Tracy,3.181999999999789
11.479298185549625,3,100,4999,5,8000,core,Tracy_Olga,3.181999999999789
2.018470295148705,3,100,9983,5,8000,A1,NTD,335.34799999999996
4.030862438734893,3,100,9983,5,8000,A2,NTD,335.34799999999996
9980.02778388215,3,100,9983,5,8000,A3,NTD,335.34799999999996
13.287165154975629,3,100,9983,5,8000,core,NTD,335.34799999999996
2.961415520371197,3,100,9983,5,8000,A1,Ours,14.527000000000044
0.0036927747118943675,3,100,9983,5,8000,A2,Ours,14.527000000000044
2.529714222083032,3,100,9983,5,8000,A3,Ours,14.527000000000044
14.198804046397322,3,100,9983,5,8000,core,Ours,14.527000000000044
2.961415520371197,3,100,9983,5,8000,A1,HOSVD,3.5820000000003347
0.0036927747118943675,3,100,9983,5,8000,A2,HOSVD,3.5820000000003347
2.51775155036884,3,100,9983,5,8000,A3,HOSVD,3.5820000000003347
14.198804046397322,3,100,9983,5,8000,core,HOSVD,3.5820000000003347
2.887752609687906,3,100,9983,5,8000,A1,HOOI,11.019999999999527
0.003984196584756393,3,100,9983,5,8000,A2,HOOI,11.019999999999527
2.5183927584316703,3,100,9983,5,8000,A3,HOOI,11.019999999999527
14.198804046397322,3,100,9983,5,8000,core,HOOI,11.019999999999527
1.8569588096717549,3,100,9983,5,8000,A1,Olga,6.724999999999454
0.01732228734519417,3,100,9983,5,8000,A2,Olga,6.724999999999454
2.8680132160860534,3,100,9983,5,8000,A3,Tracy,6.724999999999454
11.551212574030558,3,100,9983,5,8000,core,Tracy_Olga,6.724999999999454
4.567767704152929,3,100,1000,5,9000,A1,NTD,28.027000000000044
0.5046831591339042,3,100,1000,5,9000,A2,NTD,28.027000000000044
997.0000962216092,3,100,1000,5,9000,A3,NTD,28.027000000000044
11.603753356561732,3,100,1000,5,9000,core,NTD,28.027000000000044
2.2283655374914626,3,100,1000,5,9000,A1,Ours,0.5270000000000437
0.0059353070043283405,3,100,1000,5,9000,A2,Ours,0.5270000000000437
0.06773577651600289,3,100,1000,5,9000,A3,Ours,0.5270000000000437
14.025813785852122,3,100,1000,5,9000,core,Ours,0.5270000000000437
2.2283655374914626,3,100,1000,5,9000,A1,HOSVD,0.44400000000041473
0.0059353070043283405,3,100,1000,5,9000,A2,HOSVD,0.44400000000041473
0.06769372941849025,3,100,1000,5,9000,A3,HOSVD,0.44400000000041473
14.025817384050448,3,100,1000,5,9000,core,HOSVD,0.44400000000041473
2.228959093055401,3,100,1000,5,9000,A1,HOOI,0.8690000000005966
0.006221550978656799,3,100,1000,5,9000,A2,HOOI,0.8690000000005966
0.06804390397018463,3,100,1000,5,9000,A3,HOOI,0.8690000000005966
14.02580756421172,3,100,1000,5,9000,core,HOOI,0.8690000000005966
1.8807141212795004,3,100,1000,5,9000,A1,Olga,0.7919999999994616
0.0069960154530489356,3,100,1000,5,9000,A2,Olga,0.7919999999994616
1.370425975736607,3,100,1000,5,9000,A3,Tracy,0.7919999999994616
14.03229149685089,3,100,1000,5,9000,core,Tracy_Olga,0.7919999999994616
2.844470873022048,3,100,4996,5,9000,A1,NTD,158.95100000000002
2.692644204520756,3,100,4996,5,9000,A2,NTD,158.95100000000002
4993.029481403976,3,100,4996,5,9000,A3,NTD,158.95100000000002
11.91652646312088,3,100,4996,5,9000,core,NTD,158.95100000000002
1.9461160866129505,3,100,4996,5,9000,A1,Ours,6.916000000000167
0.011447073200573449,3,100,4996,5,9000,A2,Ours,6.916000000000167
2.4982684347279696,3,100,4996,5,9000,A3,Ours,6.916000000000167
14.195468536380284,3,100,4996,5,9000,core,Ours,6.916000000000167
1.9461160866129505,3,100,4996,5,9000,A1,HOSVD,2.0709999999999127
0.011447073200573449,3,100,4996,5,9000,A2,HOSVD,2.0709999999999127
2.4957591992132886,3,100,4996,5,9000,A3,HOSVD,2.0709999999999127
14.195579941650086,3,100,4996,5,9000,core,HOSVD,2.0709999999999127
1.9473549351865838,3,100,4996,5,9000,A1,HOOI,4.5090000000000146
0.011477287057861559,3,100,4996,5,9000,A2,HOOI,4.5090000000000146
2.4966631986705377,3,100,4996,5,9000,A3,HOOI,4.5090000000000146
14.195550940789069,3,100,4996,5,9000,core,HOOI,4.5090000000000146
2.415229954273461,3,100,4996,5,9000,A1,Olga,3.161000000000058
0.01830886637263153,3,100,4996,5,9000,A2,Olga,3.161000000000058
2.858994935984812,3,100,4996,5,9000,A3,Tracy,3.161000000000058
11.551212574030558,3,100,4996,5,9000,core,Tracy_Olga,3.161000000000058
7.541310207561621,3,100,9977,5,9000,A1,NTD,322.7539999999999
0.4175918108020097,3,100,9977,5,9000,A2,NTD,322.7539999999999
9974.054703017928,3,100,9977,5,9000,A3,NTD,322.7539999999999
11.494935857209931,3,100,9977,5,9000,core,NTD,322.7539999999999
2.0165217867766314,3,100,9977,5,9000,A1,Ours,15.231999999999971
0.005544830339779357,3,100,9977,5,9000,A2,Ours,15.231999999999971
2.5289908910923917,3,100,9977,5,9000,A3,Ours,15.231999999999971
14.198804046397322,3,100,9977,5,9000,core,Ours,15.231999999999971
2.0165217867766314,3,100,9977,5,9000,A1,HOSVD,4.108999999999469
0.005544830339779357,3,100,9977,5,9000,A2,HOSVD,4.108999999999469
2.5197434686386355,3,100,9977,5,9000,A3,HOSVD,4.108999999999469
14.198804046397322,3,100,9977,5,9000,core,HOSVD,4.108999999999469
2.0083253884714978,3,100,9977,5,9000,A1,HOOI,11.537999999999556
0.005588774543787376,3,100,9977,5,9000,A2,HOOI,11.537999999999556
2.5203225625818915,3,100,9977,5,9000,A3,HOOI,11.537999999999556
14.198804046397322,3,100,9977,5,9000,core,HOOI,11.537999999999556
2.1153730275760902,3,100,9977,5,9000,A1,Olga,6.45299999999952
0.013385874769850618,3,100,9977,5,9000,A2,Olga,6.45299999999952
2.8568343816193122,3,100,9977,5,9000,A3,Tracy,6.45299999999952
11.551212574030558,3,100,9977,5,9000,core,Tracy_Olga,6.45299999999952
86.48464863327075,3,100,1000,5,10000,A1,NTD,27.2450000000008
0.60517429360026,3,100,1000,5,10000,A2,NTD,27.2450000000008
997.000369898849,3,100,1000,5,10000,A3,NTD,27.2450000000008
9.898360962834134,3,100,1000,5,10000,core,NTD,27.2450000000008
2.4738481252908566,3,100,1000,5,10000,A1,Ours,0.7420000000001892
0.016482530732767127,3,100,1000,5,10000,A2,Ours,0.7420000000001892
0.060674112110652295,3,100,1000,5,10000,A3,Ours,0.7420000000001892
14.034630287256617,3,100,1000,5,10000,core,Ours,0.7420000000001892
2.4738481252908566,3,100,1000,5,10000,A1,HOSVD,0.4850000000005821
0.016482530732767127,3,100,1000,5,10000,A2,HOSVD,0.4850000000005821
0.06067809850284278,3,100,1000,5,10000,A3,HOSVD,0.4850000000005821
14.034630216296163,3,100,1000,5,10000,core,HOSVD,0.4850000000005821
2.4767804166759477,3,100,1000,5,10000,A1,HOOI,0.975999999999658
0.016429529691518674,3,100,1000,5,10000,A2,HOOI,0.975999999999658
0.06066179020781449,3,100,1000,5,10000,A3,HOOI,0.975999999999658
14.034673393327283,3,100,1000,5,10000,core,HOOI,0.975999999999658
1.7444265244767287,3,100,1000,5,10000,A1,Olga,1.4830000000001746
0.008824097871516641,3,100,1000,5,10000,A2,Olga,1.4830000000001746
1.3667732997898778,3,100,1000,5,10000,A3,Tracy,1.4830000000001746
14.025052109614329,3,100,1000,5,10000,core,Tracy_Olga,1.4830000000001746
2.700476334294169,3,100,4998,5,10000,A1,NTD,150.73799999999937
0.5641919048711813,3,100,4998,5,10000,A2,NTD,150.73799999999937
4995.029837719068,3,100,4998,5,10000,A3,NTD,150.73799999999937
8.207305335706094,3,100,4998,5,10000,core,NTD,150.73799999999937
1.827870124339326,3,100,4998,5,10000,A1,Ours,4.886999999999716
0.0031123120704084745,3,100,4998,5,10000,A2,Ours,4.886999999999716
2.5003196003407275,3,100,4998,5,10000,A3,Ours,4.886999999999716
14.198804046397322,3,100,4998,5,10000,core,Ours,4.886999999999716
1.827870124339326,3,100,4998,5,10000,A1,HOSVD,2.0070000000005166
0.0031123120704084745,3,100,4998,5,10000,A2,HOSVD,2.0070000000005166
2.4983380974596945,3,100,4998,5,10000,A3,HOSVD,2.0070000000005166
14.198804046397322,3,100,4998,5,10000,core,HOSVD,2.0070000000005166
1.8373118995906197,3,100,4998,5,10000,A1,HOOI,4.9080000000003565
0.003215358760943622,3,100,4998,5,10000,A2,HOOI,4.9080000000003565
2.497859189952443,3,100,4998,5,10000,A3,HOOI,4.9080000000003565
14.198804046397322,3,100,4998,5,10000,core,HOOI,4.9080000000003565
1.8054582240954562,3,100,4998,5,10000,A1,Olga,2.725000000000364
0.010953484556604505,3,100,4998,5,10000,A2,Olga,2.725000000000364
2.851505470140942,3,100,4998,5,10000,A3,Tracy,2.725000000000364
11.551212574030558,3,100,4998,5,10000,core,Tracy_Olga,2.725000000000364
2.6427193573969836,3,100,9983,5,10000,A1,NTD,321.5520000000006
3.1488240442152744,3,100,9983,5,10000,A2,NTD,321.5520000000006
9980.043619555136,3,100,9983,5,10000,A3,NTD,321.5520000000006
13.426528164746452,3,100,9983,5,10000,core,NTD,321.5520000000006
2.657321490959581,3,100,9983,5,10000,A1,Ours,13.438000000000102
0.00596110213798384,3,100,9983,5,10000,A2,Ours,13.438000000000102
2.5237441346298453,3,100,9983,5,10000,A3,Ours,13.438000000000102
14.154153444799782,3,100,9983,5,10000,core,Ours,13.438000000000102
2.657321490959581,3,100,9983,5,10000,A1,HOSVD,3.4549999999999272
0.00596110213798384,3,100,9983,5,10000,A2,HOSVD,3.4549999999999272
2.515970456419154,3,100,9983,5,10000,A3,HOSVD,3.4549999999999272
14.156137710473027,3,100,9983,5,10000,core,HOSVD,3.4549999999999272
2.668281586201889,3,100,9983,5,10000,A1,HOOI,10.13000000000011
0.005889189051239444,3,100,9983,5,10000,A2,HOOI,10.13000000000011
2.5186771064062903,3,100,9983,5,10000,A3,HOOI,10.13000000000011
14.157779075381713,3,100,9983,5,10000,core,HOOI,10.13000000000011
1.8667612361061152,3,100,9983,5,10000,A1,Olga,6.074000000000524
0.02275089506103386,3,100,9983,5,10000,A2,Olga,6.074000000000524
2.871768307754582,3,100,9983,5,10000,A3,Tracy,6.074000000000524
11.535893373011367,3,100,9983,5,10000,core,Tracy_Olga,6.074000000000524
