error,K,Q1,R,Q2,M,mode,method,time
9.956504360378203,3,100,988,5,100,A1,NTD,36.308
2.9077845968230376,3,100,988,5,100,A2,NTD,36.308
985.2024722888655,3,100,988,5,100,A3,NTD,36.308
10.410841742240523,3,100,988,5,100,core,NTD,36.308
13.299514640608274,3,100,988,5,100,A1,Ours,3.2269999999999968
0.12354697137078469,3,100,988,5,100,A2,Ours,3.2269999999999968
4.504485110118175,3,100,988,5,100,A3,Ours,3.2269999999999968
14.166530501985902,3,100,988,5,100,core,Ours,3.2269999999999968
13.299514640608274,3,100,988,5,100,A1,HOSVD,6.260999999999996
0.12354697137078469,3,100,988,5,100,A2,HOSVD,6.260999999999996
2.4540006661686817,3,100,988,5,100,A3,HOSVD,6.260999999999996
10.108226022117515,3,100,988,5,100,core,HOSVD,6.260999999999996
13.168736573009756,3,100,988,5,100,A1,HOOI,6.719999999999999
0.1334747936323834,3,100,988,5,100,A2,HOOI,6.719999999999999
2.4739652627573916,3,100,988,5,100,A3,HOOI,6.719999999999999
10.073192960552309,3,100,988,5,100,core,HOOI,6.719999999999999
26.294749583338287,3,100,988,5,100,A1,Olga,5.294000000000004
1.1596951090489973,3,100,988,5,100,A2,Olga,5.294000000000004
2.8029880552673996,3,100,988,5,100,A3,Tracy,5.294000000000004
12.79064414799126,3,100,988,5,100,core,Tracy_Olga,5.294000000000004
117.78304400344693,3,100,4531,5,100,A1,NTD,161.981
2.891513201178936,3,100,4531,5,100,A2,NTD,161.981
4528.514961049458,3,100,4531,5,100,A3,NTD,161.981
12.669090875351959,3,100,4531,5,100,core,NTD,161.981
16.222890451595177,3,100,4531,5,100,A1,Ours,10.078000000000003
0.0822606197166881,3,100,4531,5,100,A2,Ours,10.078000000000003
5.232869064599247,3,100,4531,5,100,A3,Ours,10.078000000000003
11.892673505284064,3,100,4531,5,100,core,Ours,10.078000000000003
16.222890451595177,3,100,4531,5,100,A1,HOSVD,8.802999999999997
0.0822606197166881,3,100,4531,5,100,A2,HOSVD,8.802999999999997
2.6471940774723914,3,100,4531,5,100,A3,HOSVD,8.802999999999997
15.165180298146808,3,100,4531,5,100,core,HOSVD,8.802999999999997
14.752042081462225,3,100,4531,5,100,A1,HOOI,18.06099999999998
0.07319235869151078,3,100,4531,5,100,A2,HOOI,18.06099999999998
3.840817521900194,3,100,4531,5,100,A3,HOOI,18.06099999999998
9.99709884474608,3,100,4531,5,100,core,HOOI,18.06099999999998
88.33927318732101,3,100,4531,5,100,A1,Olga,15.064000000000021
3.58092824804265,3,100,4531,5,100,A2,Olga,15.064000000000021
3.9347375905879005,3,100,4531,5,100,A3,Tracy,15.064000000000021
10.990991150759694,3,100,4531,5,100,core,Tracy_Olga,15.064000000000021
116.2574432515523,3,100,8243,5,100,A1,NTD,285.215
3.332084824054397,3,100,8243,5,100,A2,NTD,285.215
8240.650179393364,3,100,8243,5,100,A3,NTD,285.215
13.430936394662503,3,100,8243,5,100,core,NTD,285.215
15.792471340772575,3,100,8243,5,100,A1,Ours,22.258000000000038
0.06870697710132827,3,100,8243,5,100,A2,Ours,22.258000000000038
5.202470576029107,3,100,8243,5,100,A3,Ours,22.258000000000038
14.841857251863484,3,100,8243,5,100,core,Ours,22.258000000000038
15.05490194551517,3,100,8243,5,100,A1,HOOI,19.91199999999992
0.05919111989196992,3,100,8243,5,100,A2,HOOI,19.91199999999992
3.9740880433290293,3,100,8243,5,100,A3,HOOI,19.91199999999992
9.992257750464782,3,100,8243,5,100,core,HOOI,19.91199999999992
95.3131852601722,3,100,8243,5,100,A1,Olga,11.875
4.616177472243753,3,100,8243,5,100,A2,Olga,11.875
3.2442508044652465,3,100,8243,5,100,A3,Tracy,11.875
9.946720485342727,3,100,8243,5,100,core,Tracy_Olga,11.875
19.82983119153886,3,100,999,5,500,A1,NTD,28.11099999999999
4.795122051849684,3,100,999,5,500,A2,NTD,28.11099999999999
996.055910246366,3,100,999,5,500,A3,NTD,28.11099999999999
12.645347644284424,3,100,999,5,500,core,NTD,28.11099999999999
10.98311980544823,3,100,999,5,500,A1,Ours,0.5809999999999036
0.046303153268465236,3,100,999,5,500,A2,Ours,0.5809999999999036
2.4747317785267122,3,100,999,5,500,A3,Ours,0.5809999999999036
12.038127616596555,3,100,999,5,500,core,Ours,0.5809999999999036
10.98311980544823,3,100,999,5,500,A1,HOSVD,0.49500000000000455
0.046303153268465236,3,100,999,5,500,A2,HOSVD,0.49500000000000455
2.4438006398013266,3,100,999,5,500,A3,HOSVD,0.49500000000000455
12.040309643992646,3,100,999,5,500,core,HOSVD,0.49500000000000455
10.99769092375481,3,100,999,5,500,A1,HOOI,0.8549999999999045
0.047369018891669834,3,100,999,5,500,A2,HOOI,0.8549999999999045
2.4709254326152426,3,100,999,5,500,A3,HOOI,0.8549999999999045
12.021263463304633,3,100,999,5,500,core,HOOI,0.8549999999999045
9.55029751286768,3,100,999,5,500,A1,Olga,0.4599999999999227
0.09480285691307125,3,100,999,5,500,A2,Olga,0.4599999999999227
2.8043373630114856,3,100,999,5,500,A3,Tracy,0.4599999999999227
11.998975474331745,3,100,999,5,500,core,Tracy_Olga,0.4599999999999227
88.85418791193064,3,100,4900,5,500,A1,NTD,158.745
3.7888274511674256,3,100,4900,5,500,A2,NTD,158.745
4897.173576108571,3,100,4900,5,500,A3,NTD,158.745
11.255341207564246,3,100,4900,5,500,core,NTD,158.745
7.550567869795677,3,100,4900,5,500,A1,Ours,9.480000000000018
0.04199759232835648,3,100,4900,5,500,A2,Ours,9.480000000000018
5.100380289076587,3,100,4900,5,500,A3,Ours,9.480000000000018
10.203889359826164,3,100,4900,5,500,core,Ours,9.480000000000018
7.550567869795677,3,100,4900,5,500,A1,HOSVD,5.7269999999999754
0.04199759232835648,3,100,4900,5,500,A2,HOSVD,5.7269999999999754
2.5012043074105934,3,100,4900,5,500,A3,HOSVD,5.7269999999999754
10.221115881616846,3,100,4900,5,500,core,HOSVD,5.7269999999999754
7.538102608593062,3,100,4900,5,500,A1,HOOI,13.847999999999956
0.039288028894315256,3,100,4900,5,500,A2,HOOI,13.847999999999956
2.5029565660829216,3,100,4900,5,500,A3,HOOI,13.847999999999956
10.264545786713791,3,100,4900,5,500,core,HOOI,13.847999999999956
12.528674676526903,3,100,4900,5,500,A1,Olga,11.055999999999926
0.725019439459723,3,100,4900,5,500,A2,Olga,11.055999999999926
2.8917036139374526,3,100,4900,5,500,A3,Tracy,11.055999999999926
11.99921053052244,3,100,4900,5,500,core,Tracy_Olga,11.055999999999926
40.521565878400786,3,100,9612,5,500,A1,NTD,306.8710000000001
3.3321037452672324,3,100,9612,5,500,A2,NTD,306.8710000000001
9609.329043796175,3,100,9612,5,500,A3,NTD,306.8710000000001
11.770917888312738,3,100,9612,5,500,core,NTD,306.8710000000001
7.202728843818204,3,100,9612,5,500,A1,Ours,11.981999999999971
0.037784876369394704,3,100,9612,5,500,A2,Ours,11.981999999999971
3.847305927734914,3,100,9612,5,500,A3,Ours,11.981999999999971
10.422892842247421,3,100,9612,5,500,core,Ours,11.981999999999971
7.202728843818204,3,100,9612,5,500,A1,HOSVD,3.0570000000000164
0.037784876369394704,3,100,9612,5,500,A2,HOSVD,3.0570000000000164
2.5681949738848044,3,100,9612,5,500,A3,HOSVD,3.0570000000000164
10.250546535884355,3,100,9612,5,500,core,HOSVD,3.0570000000000164
7.211582097192699,3,100,9612,5,500,A1,HOOI,13.405999999999949
0.046500721989912175,3,100,9612,5,500,A2,HOOI,13.405999999999949
3.2966556941175815,3,100,9612,5,500,A3,HOOI,13.405999999999949
9.760188838117116,3,100,9612,5,500,core,HOOI,13.405999999999949
16.332937966322625,3,100,9612,5,500,A1,Olga,7.509999999999991
1.7499448173431313,3,100,9612,5,500,A2,Olga,7.509999999999991
2.979267761540725,3,100,9612,5,500,A3,Tracy,7.509999999999991
9.502936272195333,3,100,9612,5,500,core,Tracy_Olga,7.509999999999991
2.641860447397166,3,100,999,5,1000,A1,NTD,28.16899999999987
0.6596203534356567,3,100,999,5,1000,A2,NTD,28.16899999999987
996.0495677024102,3,100,999,5,1000,A3,NTD,28.16899999999987
9.852400154055196,3,100,999,5,1000,core,NTD,28.16899999999987
6.654216552462039,3,100,999,5,1000,A1,Ours,3.456000000000131
0.005427207246875771,3,100,999,5,1000,A2,Ours,3.456000000000131
2.4340943066872507,3,100,999,5,1000,A3,Ours,3.456000000000131
8.710309289449869,3,100,999,5,1000,core,Ours,3.456000000000131
6.654216552462039,3,100,999,5,1000,A1,HOSVD,3.4880000000000564
0.005427207246875771,3,100,999,5,1000,A2,HOSVD,3.4880000000000564
2.4290455682627927,3,100,999,5,1000,A3,HOSVD,3.4880000000000564
8.70614616963469,3,100,999,5,1000,core,HOSVD,3.4880000000000564
6.512901237926022,3,100,999,5,1000,A1,HOOI,2.298000000000002
0.006593979497896351,3,100,999,5,1000,A2,HOOI,2.298000000000002
2.4229748104324877,3,100,999,5,1000,A3,HOOI,2.298000000000002
8.70676956788519,3,100,999,5,1000,core,HOOI,2.298000000000002
6.365471643076259,3,100,999,5,1000,A1,Olga,2.8190000000001874
0.0708291725015758,3,100,999,5,1000,A2,Olga,2.8190000000001874
2.8547896898415583,3,100,999,5,1000,A3,Tracy,2.8190000000001874
8.689822564297804,3,100,999,5,1000,core,Tracy_Olga,2.8190000000001874
3.2600806527463226,3,100,4958,5,1000,A1,NTD,151.53199999999993
3.313617579495116,3,100,4958,5,1000,A2,NTD,151.53199999999993
4955.123218391419,3,100,4958,5,1000,A3,NTD,151.53199999999993
12.389679866838888,3,100,4958,5,1000,core,NTD,151.53199999999993
6.872503204608611,3,100,4958,5,1000,A1,Ours,4.730000000000018
0.031664346681721835,3,100,4958,5,1000,A2,Ours,4.730000000000018
2.6842438317486743,3,100,4958,5,1000,A3,Ours,4.730000000000018
11.999210531813794,3,100,4958,5,1000,core,Ours,4.730000000000018
6.872503204608611,3,100,4958,5,1000,A1,HOSVD,1.6489999999998872
0.031664346681721835,3,100,4958,5,1000,A2,HOSVD,1.6489999999998872
2.496088293171354,3,100,4958,5,1000,A3,HOSVD,1.6489999999998872
11.999210531813796,3,100,4958,5,1000,core,HOSVD,1.6489999999998872
6.901752466565964,3,100,4958,5,1000,A1,HOOI,4.386999999999944
0.03009359884177635,3,100,4958,5,1000,A2,HOOI,4.386999999999944
2.505452403202563,3,100,4958,5,1000,A3,HOOI,4.386999999999944
11.999210531813796,3,100,4958,5,1000,core,HOOI,4.386999999999944
5.80090433013072,3,100,4958,5,1000,A1,Olga,2.4689999999998236
0.2270701939674108,3,100,4958,5,1000,A2,Olga,2.4689999999998236
2.873506419617365,3,100,4958,5,1000,A3,Tracy,2.4689999999998236
11.999210531813796,3,100,4958,5,1000,core,Tracy_Olga,2.4689999999998236
7.651369941588369,3,100,9813,5,1000,A1,NTD,333.22500000000014
4.895406774818702,3,100,9813,5,1000,A2,NTD,333.22500000000014
9810.192465010045,3,100,9813,5,1000,A3,NTD,333.22500000000014
12.12673761806846,3,100,9813,5,1000,core,NTD,333.22500000000014
8.197961855936786,3,100,9813,5,1000,A1,Ours,14.162000000000035
0.03974879814589304,3,100,9813,5,1000,A2,Ours,14.162000000000035
5.2351883834398985,3,100,9813,5,1000,A3,Ours,14.162000000000035
13.524349201077454,3,100,9813,5,1000,core,Ours,14.162000000000035
8.197961855936786,3,100,9813,5,1000,A1,HOSVD,3.7920000000001437
0.03974879814589304,3,100,9813,5,1000,A2,HOSVD,3.7920000000001437
2.52113242855794,3,100,9813,5,1000,A3,HOSVD,3.7920000000001437
11.999210531813794,3,100,9813,5,1000,core,HOSVD,3.7920000000001437
8.203482575324365,3,100,9813,5,1000,A1,HOOI,11.25
0.0405061236937502,3,100,9813,5,1000,A2,HOOI,11.25
2.5293217427128902,3,100,9813,5,1000,A3,HOOI,11.25
11.999210531813794,3,100,9813,5,1000,core,HOOI,11.25
9.125872371722847,3,100,9813,5,1000,A1,Olga,8.875
0.3569890454637097,3,100,9813,5,1000,A2,Olga,8.875
2.915976105927518,3,100,9813,5,1000,A3,Tracy,8.875
10.141739718693286,3,100,9813,5,1000,core,Tracy_Olga,8.875
2.284301949648161,3,100,1000,5,2500,A1,NTD,27.91599999999994
0.2393243761755615,3,100,1000,5,2500,A2,NTD,27.91599999999994
997.0003282366737,3,100,1000,5,2500,A3,NTD,27.91599999999994
11.848947910857648,3,100,1000,5,2500,core,NTD,27.91599999999994
4.470981312452667,3,100,1000,5,2500,A1,Ours,1.8209999999999127
0.012665444560837012,3,100,1000,5,2500,A2,Ours,1.8209999999999127
0.4085132811650031,3,100,1000,5,2500,A3,Ours,1.8209999999999127
11.991651727840853,3,100,1000,5,2500,core,Ours,1.8209999999999127
4.470981312452667,3,100,1000,5,2500,A1,HOSVD,3.8519999999998618
0.012665444560837012,3,100,1000,5,2500,A2,HOSVD,3.8519999999998618
0.40803368445863686,3,100,1000,5,2500,A3,HOSVD,3.8519999999998618
11.991631722710984,3,100,1000,5,2500,core,HOSVD,3.8519999999998618
4.43523900048524,3,100,1000,5,2500,A1,HOOI,6.757000000000062
0.011622568063011188,3,100,1000,5,2500,A2,HOOI,6.757000000000062
0.4151207522130209,3,100,1000,5,2500,A3,HOOI,6.757000000000062
11.991714562466285,3,100,1000,5,2500,core,HOOI,6.757000000000062
3.0445947380855114,3,100,1000,5,2500,A1,Olga,2.678000000000111
0.026493070868531053,3,100,1000,5,2500,A2,Olga,2.678000000000111
1.4593092190093928,3,100,1000,5,2500,A3,Tracy,2.678000000000111
12.000052464152645,3,100,1000,5,2500,core,Tracy_Olga,2.678000000000111
2.369300399985422,3,100,4988,5,2500,A1,NTD,146.20299999999997
3.2420515204720832,3,100,4988,5,2500,A2,NTD,146.20299999999997
4985.055658810828,3,100,4988,5,2500,A3,NTD,146.20299999999997
13.612670879018737,3,100,4988,5,2500,core,NTD,146.20299999999997
4.156120838139848,3,100,4988,5,2500,A1,Ours,13.384000000000015
0.020046203827133426,3,100,4988,5,2500,A2,Ours,13.384000000000015
2.4896076936370184,3,100,4988,5,2500,A3,Ours,13.384000000000015
11.999210531813796,3,100,4988,5,2500,core,Ours,13.384000000000015
4.156120838139848,3,100,4988,5,2500,A1,HOSVD,7.845000000000027
0.020046203827133426,3,100,4988,5,2500,A2,HOSVD,7.845000000000027
2.4599624163692053,3,100,4988,5,2500,A3,HOSVD,7.845000000000027
11.999210531813794,3,100,4988,5,2500,core,HOSVD,7.845000000000027
4.172789925391481,3,100,4988,5,2500,A1,HOOI,4.638999999999896
0.02043685067467231,3,100,4988,5,2500,A2,HOOI,4.638999999999896
2.462196857174641,3,100,4988,5,2500,A3,HOOI,4.638999999999896
11.999210531813796,3,100,4988,5,2500,core,HOOI,4.638999999999896
3.933066385879594,3,100,4988,5,2500,A1,Olga,2.97400000000016
0.07169635136096114,3,100,4988,5,2500,A2,Olga,2.97400000000016
2.8551474347917587,3,100,4988,5,2500,A3,Tracy,2.97400000000016
15.253474010588356,3,100,4988,5,2500,core,Tracy_Olga,2.97400000000016
2.011043287582281,3,100,9927,5,2500,A1,NTD,325.0680000000002
4.891451115370865,3,100,9927,5,2500,A2,NTD,325.0680000000002
9924.111875743296,3,100,9927,5,2500,A3,NTD,325.0680000000002
12.462512984105373,3,100,9927,5,2500,core,NTD,325.0680000000002
3.003565517042991,3,100,9927,5,2500,A1,Ours,13.532999999999902
0.024068752415576163,3,100,9927,5,2500,A2,Ours,13.532999999999902
2.619052524127766,3,100,9927,5,2500,A3,Ours,13.532999999999902
11.999210531813794,3,100,9927,5,2500,core,Ours,13.532999999999902
3.003565517042991,3,100,9927,5,2500,A1,HOSVD,3.411999999999807
0.024068752415576163,3,100,9927,5,2500,A2,HOSVD,3.411999999999807
2.4986440685036526,3,100,9927,5,2500,A3,HOSVD,3.411999999999807
11.999210531813796,3,100,9927,5,2500,core,HOSVD,3.411999999999807
2.9918266931742905,3,100,9927,5,2500,A1,HOOI,11.273999999999887
0.024448504440558596,3,100,9927,5,2500,A2,HOOI,11.273999999999887
2.501049291545613,3,100,9927,5,2500,A3,HOOI,11.273999999999887
11.999210531813794,3,100,9927,5,2500,core,HOOI,11.273999999999887
4.155429003881058,3,100,9927,5,2500,A1,Olga,6.458000000000084
0.20361504913042483,3,100,9927,5,2500,A2,Olga,6.458000000000084
2.895388293126201,3,100,9927,5,2500,A3,Tracy,6.458000000000084
11.999210531813794,3,100,9927,5,2500,core,Tracy_Olga,6.458000000000084
2.566529415648585,3,100,1000,5,5000,A1,NTD,28.303999999999633
0.23607907985810161,3,100,1000,5,5000,A2,NTD,28.303999999999633
997.0001103506703,3,100,1000,5,5000,A3,NTD,28.303999999999633
12.055358999144623,3,100,1000,5,5000,core,NTD,28.303999999999633
2.466787312823629,3,100,1000,5,5000,A1,Ours,0.5839999999998327
0.010368451511921024,3,100,1000,5,5000,A2,Ours,0.5839999999998327
0.3230045823883911,3,100,1000,5,5000,A3,Ours,0.5839999999998327
8.501286286771697,3,100,1000,5,5000,core,Ours,0.5839999999998327
2.466787312823629,3,100,1000,5,5000,A1,HOSVD,0.4149999999999636
0.010368451511921024,3,100,1000,5,5000,A2,HOSVD,0.4149999999999636
0.32277658990674957,3,100,1000,5,5000,A3,HOSVD,0.4149999999999636
8.501381678650425,3,100,1000,5,5000,core,HOSVD,0.4149999999999636
2.4416346486969687,3,100,1000,5,5000,A1,HOOI,0.9840000000003783
0.010344099131070116,3,100,1000,5,5000,A2,HOOI,0.9840000000003783
0.32060656849005853,3,100,1000,5,5000,A3,HOOI,0.9840000000003783
8.491262496135633,3,100,1000,5,5000,core,HOOI,0.9840000000003783
2.370323767651598,3,100,1000,5,5000,A1,Olga,0.6720000000000255
0.01298864781222513,3,100,1000,5,5000,A2,Olga,0.6720000000000255
1.365429819227794,3,100,1000,5,5000,A3,Tracy,0.6720000000000255
8.503567811820453,3,100,1000,5,5000,core,Tracy_Olga,0.6720000000000255
1.8403976458962505,3,100,4996,5,5000,A1,NTD,151.31100000000015
4.229750292311037,3,100,4996,5,5000,A2,NTD,151.31100000000015
4993.049313616212,3,100,4996,5,5000,A3,NTD,151.31100000000015
10.070282252626459,3,100,4996,5,5000,core,NTD,151.31100000000015
2.3815513945216953,3,100,4996,5,5000,A1,Ours,6.086999999999989
0.011640253268452043,3,100,4996,5,5000,A2,Ours,6.086999999999989
2.460540965624725,3,100,4996,5,5000,A3,Ours,6.086999999999989
10.33628389373672,3,100,4996,5,5000,core,Ours,6.086999999999989
2.3815513945216953,3,100,4996,5,5000,A1,HOSVD,5.494999999999891
0.011640253268452043,3,100,4996,5,5000,A2,HOSVD,5.494999999999891
2.453014967541879,3,100,4996,5,5000,A3,HOSVD,5.494999999999891
10.334536985836502,3,100,4996,5,5000,core,HOSVD,5.494999999999891
2.377223246580483,3,100,4996,5,5000,A1,HOOI,4.364000000000033
0.012845228418248563,3,100,4996,5,5000,A2,HOOI,4.364000000000033
2.4536877888322204,3,100,4996,5,5000,A3,HOOI,4.364000000000033
10.332671624553257,3,100,4996,5,5000,core,HOOI,4.364000000000033
2.423850177567018,3,100,4996,5,5000,A1,Olga,2.7480000000000473
0.0322178142962614,3,100,4996,5,5000,A2,Olga,2.7480000000000473
2.847589386431587,3,100,4996,5,5000,A3,Tracy,2.7480000000000473
8.553155782438349,3,100,4996,5,5000,core,Tracy_Olga,2.7480000000000473
2.418120515514292,3,100,9969,5,5000,A1,NTD,326.37599999999975
2.3429423725392384,3,100,9969,5,5000,A2,NTD,326.37599999999975
9966.064640567149,3,100,9969,5,5000,A3,NTD,326.37599999999975
13.319471815324603,3,100,9969,5,5000,core,NTD,326.37599999999975
2.809741191468223,3,100,9969,5,5000,A1,Ours,14.402000000000044
0.01010174279688442,3,100,9969,5,5000,A2,Ours,14.402000000000044
2.5171543236793403,3,100,9969,5,5000,A3,Ours,14.402000000000044
11.999210531813796,3,100,9969,5,5000,core,Ours,14.402000000000044
2.809741191468223,3,100,9969,5,5000,A1,HOSVD,3.949999999999818
0.01010174279688442,3,100,9969,5,5000,A2,HOSVD,3.949999999999818
2.4874749413235806,3,100,9969,5,5000,A3,HOSVD,3.949999999999818
11.999210531813796,3,100,9969,5,5000,core,HOSVD,3.949999999999818
2.819172184619294,3,100,9969,5,5000,A1,HOOI,11.69399999999996
0.009902809644596921,3,100,9969,5,5000,A2,HOOI,11.69399999999996
2.4877607844189216,3,100,9969,5,5000,A3,HOOI,11.69399999999996
11.999210531813796,3,100,9969,5,5000,core,HOOI,11.69399999999996
2.8058694940119575,3,100,9969,5,5000,A1,Olga,6.7849999999998545
0.09990961173607822,3,100,9969,5,5000,A2,Olga,6.7849999999998545
2.885058078440362,3,100,9969,5,5000,A3,Tracy,6.7849999999998545
10.251516501941918,3,100,9969,5,5000,core,Tracy_Olga,6.7849999999998545
2.653750087385115,3,100,1000,5,6000,A1,NTD,28.003999999999905
0.5515369272663244,3,100,1000,5,6000,A2,NTD,28.003999999999905
997.0000349341217,3,100,1000,5,6000,A3,NTD,28.003999999999905
15.038191903859392,3,100,1000,5,6000,core,NTD,28.003999999999905
2.7014568056226205,3,100,1000,5,6000,A1,Ours,1.0030000000001564
0.009732515808617087,3,100,1000,5,6000,A2,Ours,1.0030000000001564
0.07591838084443396,3,100,1000,5,6000,A3,Ours,1.0030000000001564
12.017920035252818,3,100,1000,5,6000,core,Ours,1.0030000000001564
2.7014568056226205,3,100,1000,5,6000,A1,HOSVD,0.4619999999999891
0.009732515808617087,3,100,1000,5,6000,A2,HOSVD,0.4619999999999891
0.07594447187379338,3,100,1000,5,6000,A3,HOSVD,0.4619999999999891
12.017932162356537,3,100,1000,5,6000,core,HOSVD,0.4619999999999891
2.6932817471654635,3,100,1000,5,6000,A1,HOOI,0.81899999999996
0.009765250106441942,3,100,1000,5,6000,A2,HOOI,0.81899999999996
0.07587930763933663,3,100,1000,5,6000,A3,HOOI,0.81899999999996
12.017706463964371,3,100,1000,5,6000,core,HOOI,0.81899999999996
2.1132173875385947,3,100,1000,5,6000,A1,Olga,0.6069999999999709
0.008854229859208793,3,100,1000,5,6000,A2,Olga,0.6069999999999709
1.3178298312581975,3,100,1000,5,6000,A3,Tracy,0.6069999999999709
12.003075342961573,3,100,1000,5,6000,core,Tracy_Olga,0.6069999999999709
2.2001562212101167,3,100,4994,5,6000,A1,NTD,152.07499999999982
1.1290223851918901,3,100,4994,5,6000,A2,NTD,152.07499999999982
4991.031472410906,3,100,4994,5,6000,A3,NTD,152.07499999999982
12.640967972096478,3,100,4994,5,6000,core,NTD,152.07499999999982
2.069204666222448,3,100,4994,5,6000,A1,Ours,4.684999999999945
0.010522085456605077,3,100,4994,5,6000,A2,Ours,4.684999999999945
2.469309100046726,3,100,4994,5,6000,A3,Ours,4.684999999999945
11.991329984482999,3,100,4994,5,6000,core,Ours,4.684999999999945
2.069204666222448,3,100,4994,5,6000,A1,HOSVD,1.8170000000000073
0.010522085456605077,3,100,4994,5,6000,A2,HOSVD,1.8170000000000073
2.4637983546195503,3,100,4994,5,6000,A3,HOSVD,1.8170000000000073
11.991329984482999,3,100,4994,5,6000,core,HOSVD,1.8170000000000073
2.070057361317717,3,100,4994,5,6000,A1,HOOI,4.1840000000001965
0.010568048438813551,3,100,4994,5,6000,A2,HOOI,4.1840000000001965
2.463173092162608,3,100,4994,5,6000,A3,HOOI,4.1840000000001965
11.991329984482999,3,100,4994,5,6000,core,HOOI,4.1840000000001965
2.0506700898775514,3,100,4994,5,6000,A1,Olga,2.7159999999998945
0.023819542734159222,3,100,4994,5,6000,A2,Olga,2.7159999999998945
2.919386733852822,3,100,4994,5,6000,A3,Tracy,2.7159999999998945
15.046068359046675,3,100,4994,5,6000,core,Tracy_Olga,2.7159999999998945
2.217411951183015,3,100,9975,5,6000,A1,NTD,348.20600000000013
0.8387659307339744,3,100,9975,5,6000,A2,NTD,348.20600000000013
9972.059524362949,3,100,9975,5,6000,A3,NTD,348.20600000000013
8.052018787947866,3,100,9975,5,6000,core,NTD,348.20600000000013
1.6892027439588746,3,100,9975,5,6000,A1,Ours,15.125
0.003106083404296935,3,100,9975,5,6000,A2,Ours,15.125
2.495153096026837,3,100,9975,5,6000,A3,Ours,15.125
11.999210531813796,3,100,9975,5,6000,core,Ours,15.125
1.6892027439588746,3,100,9975,5,6000,A1,HOSVD,4.644999999999982
0.003106083404296935,3,100,9975,5,6000,A2,HOSVD,4.644999999999982
2.4746960217954013,3,100,9975,5,6000,A3,HOSVD,4.644999999999982
11.999210531813794,3,100,9975,5,6000,core,HOSVD,4.644999999999982
1.6932030872087287,3,100,9975,5,6000,A1,HOOI,13.103000000000065
0.00323569681330756,3,100,9975,5,6000,A2,HOOI,13.103000000000065
2.477397358531934,3,100,9975,5,6000,A3,HOOI,13.103000000000065
11.999210531813796,3,100,9975,5,6000,core,HOOI,13.103000000000065
2.294683339079519,3,100,9975,5,6000,A1,Olga,6.705000000000382
0.050227959848743696,3,100,9975,5,6000,A2,Olga,6.705000000000382
2.871417323882117,3,100,9975,5,6000,A3,Tracy,6.705000000000382
11.999210531813796,3,100,9975,5,6000,core,Tracy_Olga,6.705000000000382
2.1863605986582986,3,100,1000,5,7000,A1,NTD,29.490999999999985
0.228477484282795,3,100,1000,5,7000,A2,NTD,29.490999999999985
997.0000345883705,3,100,1000,5,7000,A3,NTD,29.490999999999985
15.055229291532791,3,100,1000,5,7000,core,NTD,29.490999999999985
2.6840772518620586,3,100,1000,5,7000,A1,Ours,0.7369999999996253
0.005819939677203844,3,100,1000,5,7000,A2,Ours,0.7369999999996253
0.2787669468722149,3,100,1000,5,7000,A3,Ours,0.7369999999996253
8.776703310318997,3,100,1000,5,7000,core,Ours,0.7369999999996253
2.6840772518620586,3,100,1000,5,7000,A1,HOSVD,0.9009999999998399
0.005819939677203844,3,100,1000,5,7000,A2,HOSVD,0.9009999999998399
0.2787087659428849,3,100,1000,5,7000,A3,HOSVD,0.9009999999998399
8.776742071174302,3,100,1000,5,7000,core,HOSVD,0.9009999999998399
2.676882640349781,3,100,1000,5,7000,A1,HOOI,0.8889999999996689
0.0055891511514831165,3,100,1000,5,7000,A2,HOOI,0.8889999999996689
0.2801131074183405,3,100,1000,5,7000,A3,HOOI,0.8889999999996689
10.41275503435907,3,100,1000,5,7000,core,HOOI,0.8889999999996689
1.6712052755118367,3,100,1000,5,7000,A1,Olga,0.46900000000005093
0.009062245101166277,3,100,1000,5,7000,A2,Olga,0.46900000000005093
1.3826976717871915,3,100,1000,5,7000,A3,Tracy,0.46900000000005093
15.202176171239039,3,100,1000,5,7000,core,Tracy_Olga,0.46900000000005093
3.045510919496233,3,100,4996,5,7000,A1,NTD,160.82799999999997
0.4495598101620296,3,100,4996,5,7000,A2,NTD,160.82799999999997
4993.034920223774,3,100,4996,5,7000,A3,NTD,160.82799999999997
8.073613261241837,3,100,4996,5,7000,core,NTD,160.82799999999997
2.7104513408485316,3,100,4996,5,7000,A1,Ours,19.534000000000106
0.0086819730247861375,3,100,4996,5,7000,A2,Ours,19.534000000000106
2.453554071186324,3,100,4996,5,7000,A3,Ours,19.534000000000106
10.29404742687702,3,100,4996,5,7000,core,Ours,19.534000000000106
2.7104513408485316,3,100,4996,5,7000,A1,HOSVD,16.70600000000013
0.0086819730247861375,3,100,4996,5,7000,A2,HOSVD,16.70600000000013
2.4497724520496367,3,100,4996,5,7000,A3,HOSVD,16.70600000000013
10.293232320064485,3,100,4996,5,7000,core,HOSVD,16.70600000000013
2.704932305634951,3,100,4996,5,7000,A1,HOOI,18.188000000000102
0.008940601136242279,3,100,4996,5,7000,A2,HOOI,18.188000000000102
2.450841298847986,3,100,4996,5,7000,A3,HOOI,18.188000000000102
10.287436302142778,3,100,4996,5,7000,core,HOOI,18.188000000000102
1.882022939143062,3,100,4996,5,7000,A1,Olga,13.343000000000302
0.025213159805562962,3,100,4996,5,7000,A2,Olga,13.343000000000302
2.8355868752129525,3,100,4996,5,7000,A3,Tracy,13.343000000000302
15.269576708635935,3,100,4996,5,7000,core,Tracy_Olga,13.343000000000302
2.0795355087743306,3,100,9976,5,7000,A1,NTD,335.42999999999984
1.2549774191118686,3,100,9976,5,7000,A2,NTD,335.42999999999984
9973.046686121119,3,100,9976,5,7000,A3,NTD,335.42999999999984
12.660241271434113,3,100,9976,5,7000,core,NTD,335.42999999999984
1.865847741247192,3,100,9976,5,7000,A1,Ours,14.50799999999981
0.015157107983687853,3,100,9976,5,7000,A2,Ours,14.50799999999981
2.4947436581625633,3,100,9976,5,7000,A3,Ours,14.50799999999981
11.999210531813796,3,100,9976,5,7000,core,Ours,14.50799999999981
1.865847741247192,3,100,9976,5,7000,A1,HOSVD,3.5969999999997526
0.015157107983687853,3,100,9976,5,7000,A2,HOSVD,3.5969999999997526
2.4797425832122895,3,100,9976,5,7000,A3,HOSVD,3.5969999999997526
11.999210531813796,3,100,9976,5,7000,core,HOSVD,3.5969999999997526
1.9642474501359888,3,100,9976,5,7000,A1,HOOI,10.126000000000204
0.015300755435614112,3,100,9976,5,7000,A2,HOOI,10.126000000000204
2.4812561306181813,3,100,9976,5,7000,A3,HOOI,10.126000000000204
11.999210531813794,3,100,9976,5,7000,core,HOOI,10.126000000000204
2.3437309725695754,3,100,9976,5,7000,A1,Olga,6.535999999999149
0.040186110398511984,3,100,9976,5,7000,A2,Olga,6.535999999999149
2.8783783189667256,3,100,9976,5,7000,A3,Tracy,6.535999999999149
11.999210531813794,3,100,9976,5,7000,core,Tracy_Olga,6.535999999999149
13.153654088671743,3,100,1000,5,8000,A1,NTD,29.70800000000054
0.32564862773595454,3,100,1000,5,8000,A2,NTD,29.70800000000054
997.0000187366263,3,100,1000,5,8000,A3,NTD,29.70800000000054
13.964086902291914,3,100,1000,5,8000,core,NTD,29.70800000000054
2.9190496532973143,3,100,1000,5,8000,A1,Ours,0.47299999999995634
0.01538508684966313,3,100,1000,5,8000,A2,Ours,0.47299999999995634
0.06452307729592162,3,100,1000,5,8000,A3,Ours,0.47299999999995634
12.014860039568141,3,100,1000,5,8000,core,Ours,0.47299999999995634
2.9190496532973143,3,100,1000,5,8000,A1,HOSVD,0.9030000000002474
0.01538508684966313,3,100,1000,5,8000,A2,HOSVD,0.9030000000002474
0.06451753790898583,3,100,1000,5,8000,A3,HOSVD,0.9030000000002474
12.01485583381459,3,100,1000,5,8000,core,HOSVD,0.9030000000002474
2.902774736352499,3,100,1000,5,8000,A1,HOOI,0.8379999999997381
0.015261675292510353,3,100,1000,5,8000,A2,HOOI,0.8379999999997381
0.06458572210067454,3,100,1000,5,8000,A3,HOOI,0.8379999999997381
12.015064965736036,3,100,1000,5,8000,core,HOOI,0.8379999999997381
1.9089156432543233,3,100,1000,5,8000,A1,Olga,0.48100000000067666
0.014673815067761414,3,100,1000,5,8000,A2,Olga,0.48100000000067666
1.3158776359909428,3,100,1000,5,8000,A3,Tracy,0.48100000000067666
10.30278912471692,3,100,1000,5,8000,core,Tracy_Olga,0.48100000000067666
2.643599687951225,3,100,4995,5,8000,A1,NTD,163.6229999999996
0.3331755278812774,3,100,4995,5,8000,A2,NTD,163.6229999999996
4992.023623956692,3,100,4995,5,8000,A3,NTD,163.6229999999996
6.7634668023159845,3,100,4995,5,8000,core,NTD,163.6229999999996
3.0046409705248758,3,100,4995,5,8000,A1,Ours,4.805000000000291
0.017866375397476042,3,100,4995,5,8000,A2,Ours,4.805000000000291
2.466510004869448,3,100,4995,5,8000,A3,Ours,4.805000000000291
8.653899040174407,3,100,4995,5,8000,core,Ours,4.805000000000291
3.0046409705248758,3,100,4995,5,8000,A1,HOSVD,1.576999999999316
0.017866375397476042,3,100,4995,5,8000,A2,HOSVD,1.576999999999316
2.4633832736201646,3,100,4995,5,8000,A3,HOSVD,1.576999999999316
8.653218840429876,3,100,4995,5,8000,core,HOSVD,1.576999999999316
3.007796004195458,3,100,4995,5,8000,A1,HOOI,4.561999999999898
0.017498665321120974,3,100,4995,5,8000,A2,HOOI,4.561999999999898
2.4632943092401702,3,100,4995,5,8000,A3,HOOI,4.561999999999898
8.653110010090156,3,100,4995,5,8000,core,HOOI,4.561999999999898
2.476409037365684,3,100,4995,5,8000,A1,Olga,2.7049999999999272
0.025665819997077018,3,100,4995,5,8000,A2,Olga,2.7049999999999272
2.8824659452260244,3,100,4995,5,8000,A3,Tracy,2.7049999999999272
15.326482734296292,3,100,4995,5,8000,core,Tracy_Olga,2.7049999999999272
2.4710678543429156,3,100,9975,5,8000,A1,NTD,338.1840000000002
0.40452086913035296,3,100,9975,5,8000,A2,NTD,338.1840000000002
9972.039355001723,3,100,9975,5,8000,A3,NTD,338.1840000000002
10.02025617090934,3,100,9975,5,8000,core,NTD,338.1840000000002
1.3478045091448891,3,100,9975,5,8000,A1,Ours,13.499000000000706
0.014543451524033014,3,100,9975,5,8000,A2,Ours,13.499000000000706
2.483622320533461,3,100,9975,5,8000,A3,Ours,13.499000000000706
11.999210531813796,3,100,9975,5,8000,core,Ours,13.499000000000706
1.3478045091448891,3,100,9975,5,8000,A1,HOSVD,3.8049999999993815
0.014543451524033014,3,100,9975,5,8000,A2,HOSVD,3.8049999999993815
2.4721145051902917,3,100,9975,5,8000,A3,HOSVD,3.8049999999993815
11.999210531813794,3,100,9975,5,8000,core,HOSVD,3.8049999999993815
1.365065683842423,3,100,9975,5,8000,A1,HOOI,11.217000000000553
0.014689082789714607,3,100,9975,5,8000,A2,HOOI,11.217000000000553
2.4727693152500456,3,100,9975,5,8000,A3,HOOI,11.217000000000553
11.999210531813796,3,100,9975,5,8000,core,HOOI,11.217000000000553
1.9956423137434862,3,100,9975,5,8000,A1,Olga,6.574000000000524
0.040653428286200916,3,100,9975,5,8000,A2,Olga,6.574000000000524
2.8728175554854105,3,100,9975,5,8000,A3,Tracy,6.574000000000524
11.999210531813796,3,100,9975,5,8000,core,Tracy_Olga,6.574000000000524
3.1786251340479152,3,100,1000,5,9000,A1,NTD,30.36999999999989
0.21037427536387557,3,100,1000,5,9000,A2,NTD,30.36999999999989
997.0000302785023,3,100,1000,5,9000,A3,NTD,30.36999999999989
11.866838890512025,3,100,1000,5,9000,core,NTD,30.36999999999989
1.922278173304079,3,100,1000,5,9000,A1,Ours,0.4890000000004875
0.014886972994660781,3,100,1000,5,9000,A2,Ours,0.4890000000004875
0.05985015050227934,3,100,1000,5,9000,A3,Ours,0.4890000000004875
12.011426267786492,3,100,1000,5,9000,core,Ours,0.4890000000004875
1.922278173304079,3,100,1000,5,9000,A1,HOSVD,0.5689999999995052
0.014886972994660781,3,100,1000,5,9000,A2,HOSVD,0.5689999999995052
0.059845583269115814,3,100,1000,5,9000,A3,HOSVD,0.5689999999995052
12.011422458417009,3,100,1000,5,9000,core,HOSVD,0.5689999999995052
1.9162227467855784,3,100,1000,5,9000,A1,HOOI,0.7899999999999636
0.01482110116861594,3,100,1000,5,9000,A2,HOOI,0.7899999999999636
0.05992355622175136,3,100,1000,5,9000,A3,HOOI,0.7899999999999636
12.011210245014597,3,100,1000,5,9000,core,HOOI,0.7899999999999636
1.921588978626432,3,100,1000,5,9000,A1,Olga,0.5270000000000437
0.012926737691354644,3,100,1000,5,9000,A2,Olga,0.5270000000000437
1.316524604698741,3,100,1000,5,9000,A3,Tracy,0.5270000000000437
12.006152072760361,3,100,1000,5,9000,core,Tracy_Olga,0.5270000000000437
2.5099540547283548,3,100,4999,5,9000,A1,NTD,162.08399999999983
0.8546327634395051,3,100,4999,5,9000,A2,NTD,162.08399999999983
4996.013030343118,3,100,4999,5,9000,A3,NTD,162.08399999999983
15.770207034553707,3,100,4999,5,9000,core,NTD,162.08399999999983
1.4767310796781534,3,100,4999,5,9000,A1,Ours,4.957000000000335
0.00917385743739277,3,100,4999,5,9000,A2,Ours,4.957000000000335
2.4671415625969773,3,100,4999,5,9000,A3,Ours,4.957000000000335
10.30036383533446,3,100,4999,5,9000,core,Ours,4.957000000000335
1.4767310796781534,3,100,4999,5,9000,A1,HOSVD,1.9549999999999272
0.00917385743739277,3,100,4999,5,9000,A2,HOSVD,1.9549999999999272
2.4647579464173495,3,100,4999,5,9000,A3,HOSVD,1.9549999999999272
10.299761006382731,3,100,4999,5,9000,core,HOSVD,1.9549999999999272
1.4758902736095356,3,100,4999,5,9000,A1,HOOI,4.735999999999876
0.009072713191213028,3,100,4999,5,9000,A2,HOOI,4.735999999999876
2.466200991142905,3,100,4999,5,9000,A3,HOOI,4.735999999999876
10.30668751738881,3,100,4999,5,9000,core,HOOI,4.735999999999876
1.8132205718536754,3,100,4999,5,9000,A1,Olga,2.7479999999995925
0.015887695002119822,3,100,4999,5,9000,A2,Olga,2.7479999999995925
2.8736689219374716,3,100,4999,5,9000,A3,Tracy,2.7479999999995925
11.999210531813796,3,100,4999,5,9000,core,Tracy_Olga,2.7479999999995925
2.243794842897945,3,100,9980,5,9000,A1,NTD,334.96699999999964
0.9714254835768306,3,100,9980,5,9000,A2,NTD,334.96699999999964
9977.029121439591,3,100,9980,5,9000,A3,NTD,334.96699999999964
10.237949603986559,3,100,9980,5,9000,core,NTD,334.96699999999964
1.6827894153618335,3,100,9980,5,9000,A1,Ours,13.737999999999374
0.007048220316422723,3,100,9980,5,9000,A2,Ours,13.737999999999374
2.470637366552958,3,100,9980,5,9000,A3,Ours,13.737999999999374
11.999210531813794,3,100,9980,5,9000,core,Ours,13.737999999999374
1.6827894153618335,3,100,9980,5,9000,A1,HOSVD,3.9089999999996508
0.007048220316422723,3,100,9980,5,9000,A2,HOSVD,3.9089999999996508
2.461624420510702,3,100,9980,5,9000,A3,HOSVD,3.9089999999996508
11.999210531813796,3,100,9980,5,9000,core,HOSVD,3.9089999999996508
1.6863967103314832,3,100,9980,5,9000,A1,HOOI,10.893000000000029
0.007029274203294217,3,100,9980,5,9000,A2,HOOI,10.893000000000029
2.461742419809997,3,100,9980,5,9000,A3,HOOI,10.893000000000029
11.999210531813796,3,100,9980,5,9000,core,HOOI,10.893000000000029
1.4922913826122066,3,100,9980,5,9000,A1,Olga,7.092999999999847
0.04623540769116004,3,100,9980,5,9000,A2,Olga,7.092999999999847
2.8565976940411986,3,100,9980,5,9000,A3,Tracy,7.092999999999847
11.999210531813796,3,100,9980,5,9000,core,Tracy_Olga,7.092999999999847
1.8199235892283576,3,100,1000,5,10000,A1,NTD,30.39800000000014
0.21424795662015386,3,100,1000,5,10000,A2,NTD,30.39800000000014
997.0000587338005,3,100,1000,5,10000,A3,NTD,30.39800000000014
15.86513700228528,3,100,1000,5,10000,core,NTD,30.39800000000014
2.6897620346562507,3,100,1000,5,10000,A1,Ours,0.579000000000633
0.01049994735546765,3,100,1000,5,10000,A2,Ours,0.579000000000633
0.056482977108942664,3,100,1000,5,10000,A3,Ours,0.579000000000633
12.00310770179955,3,100,1000,5,10000,core,Ours,0.579000000000633
2.6897620346562507,3,100,1000,5,10000,A1,HOSVD,0.579000000000633
0.01049994735546765,3,100,1000,5,10000,A2,HOSVD,0.579000000000633
0.05645945740717352,3,100,1000,5,10000,A3,HOSVD,0.579000000000633
12.003109461209176,3,100,1000,5,10000,core,HOSVD,0.579000000000633
2.6968745035265114,3,100,1000,5,10000,A1,HOOI,1.0729999999994106
0.010536211002413524,3,100,1000,5,10000,A2,HOOI,1.0729999999994106
0.05657380796820326,3,100,1000,5,10000,A3,HOOI,1.0729999999994106
12.003243456398812,3,100,1000,5,10000,core,HOOI,1.0729999999994106
1.503928629288224,3,100,1000,5,10000,A1,Olga,0.5
0.009278296139397632,3,100,1000,5,10000,A2,Olga,0.5
1.3159535886832523,3,100,1000,5,10000,A3,Tracy,0.5
12.000685360316986,3,100,1000,5,10000,core,Tracy_Olga,0.5
2.1345827937408344,3,100,4995,5,10000,A1,NTD,159.14099999999962
0.24129057979639154,3,100,4995,5,10000,A2,NTD,159.14099999999962
4992.024230495245,3,100,4995,5,10000,A3,NTD,159.14099999999962
12.018365988149913,3,100,4995,5,10000,core,NTD,159.14099999999962
1.5591428411688264,3,100,4995,5,10000,A1,Ours,5.335000000000036
0.008428418848488125,3,100,4995,5,10000,A2,Ours,5.335000000000036
2.4800807643980813,3,100,4995,5,10000,A3,Ours,5.335000000000036
11.999210531813794,3,100,4995,5,10000,core,Ours,5.335000000000036
1.5591428411688264,3,100,4995,5,10000,A1,HOSVD,1.8130000000001019
0.008428418848488125,3,100,4995,5,10000,A2,HOSVD,1.8130000000001019
2.478245840879879,3,100,4995,5,10000,A3,HOSVD,1.8130000000001019
11.999210531813794,3,100,4995,5,10000,core,HOSVD,1.8130000000001019
1.5597105502426367,3,100,4995,5,10000,A1,HOOI,4.904000000000451
0.00842547672209507,3,100,4995,5,10000,A2,HOOI,4.904000000000451
2.4793399112069907,3,100,4995,5,10000,A3,HOOI,4.904000000000451
11.999210531813794,3,100,4995,5,10000,core,HOOI,4.904000000000451
1.7759673275720895,3,100,4995,5,10000,A1,Olga,2.4859999999998763
0.030247379080675634,3,100,4995,5,10000,A2,Olga,2.4859999999998763
2.859577627314706,3,100,4995,5,10000,A3,Tracy,2.4859999999998763
11.999210531813796,3,100,4995,5,10000,core,Tracy_Olga,2.4859999999998763
2.142015273459384,3,100,9985,5,10000,A1,NTD,338.46999999999935
2.798120474800678,3,100,9985,5,10000,A2,NTD,338.46999999999935
9982.026775229995,3,100,9985,5,10000,A3,NTD,338.46999999999935
12.72212301241416,3,100,9985,5,10000,core,NTD,338.46999999999935
1.8473101447258446,3,100,9985,5,10000,A1,Ours,13.484000000000378
0.01321309357564514,3,100,9985,5,10000,A2,Ours,13.484000000000378
2.471519217555019,3,100,9985,5,10000,A3,Ours,13.484000000000378
11.999210531813796,3,100,9985,5,10000,core,Ours,13.484000000000378
1.8473101447258446,3,100,9985,5,10000,A1,HOSVD,4.030999999999949
0.01321309357564514,3,100,9985,5,10000,A2,HOSVD,4.030999999999949
2.4641610743328544,3,100,9985,5,10000,A3,HOSVD,4.030999999999949
11.999210531813794,3,100,9985,5,10000,core,HOSVD,4.030999999999949
1.8430543319655022,3,100,9985,5,10000,A1,HOOI,11.199000000000524
0.01325317265950149,3,100,9985,5,10000,A2,HOOI,11.199000000000524
2.4566958124814606,3,100,9985,5,10000,A3,HOOI,11.199000000000524
11.999210531813794,3,100,9985,5,10000,core,HOOI,11.199000000000524
1.3694516395830594,3,100,9985,5,10000,A1,Olga,6.369999999999891
0.03577565352551825,3,100,9985,5,10000,A2,Olga,6.369999999999891
2.8673602666967577,3,100,9985,5,10000,A3,Tracy,6.369999999999891
10.278772356021344,3,100,9985,5,10000,core,Tracy_Olga,6.369999999999891
