error,K,Q1,R,Q2,M,mode,method,time
43.270140582471505,3,100,984,5,100,A1,NTD,37.078
2.0301610361947837,3,100,984,5,100,A2,NTD,37.078
981.2175987685789,3,100,984,5,100,A3,NTD,37.078
6.143743982510724,3,100,984,5,100,core,NTD,37.078
19.761719124154347,3,100,984,5,100,A1,Ours,3.825000000000003
0.12529951273528292,3,100,984,5,100,A2,Ours,3.825000000000003
4.912850393066424,3,100,984,5,100,A3,Ours,3.825000000000003
11.920179933972875,3,100,984,5,100,core,Ours,3.825000000000003
19.761719124154347,3,100,984,5,100,A1,HOSVD,4.507000000000005
0.12529951273528292,3,100,984,5,100,A2,HOSVD,4.507000000000005
2.4330599255617695,3,100,984,5,100,A3,HOSVD,4.507000000000005
10.175791150598577,3,100,984,5,100,core,HOSVD,4.507000000000005
18.88012392088754,3,100,984,5,100,A1,HOOI,6.474999999999994
0.13309093206769157,3,100,984,5,100,A2,HOOI,6.474999999999994
2.4573611823112644,3,100,984,5,100,A3,HOOI,6.474999999999994
10.168549709048559,3,100,984,5,100,core,HOOI,6.474999999999994
30.22493952045018,3,100,984,5,100,A1,Olga,6.315000000000005
0.11004449426603086,3,100,984,5,100,A2,Olga,6.315000000000005
2.9148291967523945,3,100,984,5,100,A3,Tracy,6.315000000000005
11.885300522113598,3,100,984,5,100,core,Tracy_Olga,6.315000000000005
109.13826942092456,3,100,4534,5,100,A1,NTD,155.91500000000002
4.021131745522295,3,100,4534,5,100,A2,NTD,155.91500000000002
4531.466281916594,3,100,4534,5,100,A3,NTD,155.91500000000002
12.524349867474703,3,100,4534,5,100,core,NTD,155.91500000000002
12.214281989630901,3,100,4534,5,100,A1,Ours,5.268999999999977
0.029848271165473172,3,100,4534,5,100,A2,Ours,5.268999999999977
5.234685724321243,3,100,4534,5,100,A3,Ours,5.268999999999977
10.377814757285467,3,100,4534,5,100,core,Ours,5.268999999999977
12.214281989630901,3,100,4534,5,100,A1,HOSVD,2.4650000000000034
0.029848271165473172,3,100,4534,5,100,A2,HOSVD,2.4650000000000034
2.6888481657689276,3,100,4534,5,100,A3,HOSVD,2.4650000000000034
12.014554144995856,3,100,4534,5,100,core,HOSVD,2.4650000000000034
11.987046385307785,3,100,4534,5,100,A1,HOOI,11.084000000000003
0.0312017875164898,3,100,4534,5,100,A2,HOOI,11.084000000000003
3.7650756021439293,3,100,4534,5,100,A3,HOOI,11.084000000000003
11.914906227240808,3,100,4534,5,100,core,HOOI,11.084000000000003
76.43123011903913,3,100,4534,5,100,A1,Olga,9.86099999999999
0.23968379982483187,3,100,4534,5,100,A2,Olga,9.86099999999999
3.159868710180646,3,100,4534,5,100,A3,Tracy,9.86099999999999
8.900382025805968,3,100,4534,5,100,core,Tracy_Olga,9.86099999999999
117.15355517443393,3,100,8189,5,100,A1,NTD,290.2320000000001
2.0211718371643794,3,100,8189,5,100,A2,NTD,290.2320000000001
8186.555795533303,3,100,8189,5,100,A3,NTD,290.2320000000001
11.95996596297932,3,100,8189,5,100,core,NTD,290.2320000000001
14.597773682333385,3,100,8189,5,100,A1,Ours,11.461999999999989
0.054168811350780374,3,100,8189,5,100,A2,Ours,11.461999999999989
5.321719580834208,3,100,8189,5,100,A3,Ours,11.461999999999989
13.988994664035713,3,100,8189,5,100,core,Ours,11.461999999999989
14.597773682333385,3,100,8189,5,100,A1,HOSVD,4.298000000000002
0.054168811350780374,3,100,8189,5,100,A2,HOSVD,4.298000000000002
4.214132225308309,3,100,8189,5,100,A3,HOSVD,4.298000000000002
11.954635717078029,3,100,8189,5,100,core,HOSVD,4.298000000000002
17.479936797825957,3,100,8189,5,100,A1,HOOI,20.787000000000035
0.051760455667107484,3,100,8189,5,100,A2,HOOI,20.787000000000035
3.7591447890975282,3,100,8189,5,100,A3,HOOI,20.787000000000035
10.763228702638308,3,100,8189,5,100,core,HOOI,20.787000000000035
5.553219508965749,3,100,999,5,500,A1,NTD,27.513000000000034
0.039186020142175,3,100,999,5,500,A2,NTD,27.513000000000034
996.0310575446117,3,100,999,5,500,A3,NTD,27.513000000000034
6.295117183180891,3,100,999,5,500,core,NTD,27.513000000000034
10.155389096521064,3,100,999,5,500,A1,Ours,2.280999999999949
0.03992528563244241,3,100,999,5,500,A2,Ours,2.280999999999949
2.446787031594893,3,100,999,5,500,A3,Ours,2.280999999999949
12.007934258222122,3,100,999,5,500,core,Ours,2.280999999999949
10.155389096521064,3,100,999,5,500,A1,HOSVD,1.524000000000001
0.03992528563244241,3,100,999,5,500,A2,HOSVD,1.524000000000001
2.418413841106885,3,100,999,5,500,A3,HOSVD,1.524000000000001
12.007934258222122,3,100,999,5,500,core,HOSVD,1.524000000000001
10.328423958028758,3,100,999,5,500,A1,HOOI,2.3029999999999973
0.025416191329662805,3,100,999,5,500,A2,HOOI,2.3029999999999973
2.4222506997303324,3,100,999,5,500,A3,HOOI,2.3029999999999973
12.007934258222122,3,100,999,5,500,core,HOOI,2.3029999999999973
9.893465569846612,3,100,999,5,500,A1,Olga,2.6569999999999254
0.048773044048483184,3,100,999,5,500,A2,Olga,2.6569999999999254
2.9004769246708344,3,100,999,5,500,A3,Tracy,2.6569999999999254
12.00627621807571,3,100,999,5,500,core,Tracy_Olga,2.6569999999999254
41.749981624069456,3,100,4909,5,500,A1,NTD,168.17399999999998
3.972030816364017,3,100,4909,5,500,A2,NTD,168.17399999999998
4906.141724365049,3,100,4909,5,500,A3,NTD,168.17399999999998
8.855967609394984,3,100,4909,5,500,core,NTD,168.17399999999998
11.062043219341339,3,100,4909,5,500,A1,Ours,5.711999999999989
0.07490863809291626,3,100,4909,5,500,A2,Ours,5.711999999999989
5.085247948310178,3,100,4909,5,500,A3,Ours,5.711999999999989
12.699655772971068,3,100,4909,5,500,core,Ours,5.711999999999989
11.062043219341339,3,100,4909,5,500,A1,HOSVD,3.0710000000000264
0.07490863809291626,3,100,4909,5,500,A2,HOSVD,3.0710000000000264
2.516329401608445,3,100,4909,5,500,A3,HOSVD,3.0710000000000264
12.007934258222122,3,100,4909,5,500,core,HOSVD,3.0710000000000264
11.114522192189286,3,100,4909,5,500,A1,HOOI,5.5049999999999955
0.0813664069215711,3,100,4909,5,500,A2,HOOI,5.5049999999999955
2.527351983528551,3,100,4909,5,500,A3,HOOI,5.5049999999999955
12.004796507686864,3,100,4909,5,500,core,HOOI,5.5049999999999955
14.786294689049956,3,100,4909,5,500,A1,Olga,8.26400000000001
0.1369362055518495,3,100,4909,5,500,A2,Olga,8.26400000000001
3.041390547402069,3,100,4909,5,500,A3,Tracy,8.26400000000001
11.986728548279094,3,100,4909,5,500,core,Tracy_Olga,8.26400000000001
62.28790588298859,3,100,9602,5,500,A1,NTD,314.77
2.0391876411997423,3,100,9602,5,500,A2,NTD,314.77
9599.478376296844,3,100,9602,5,500,A3,NTD,314.77
10.158891354102972,3,100,9602,5,500,core,NTD,314.77
7.790499981631952,3,100,9602,5,500,A1,Ours,12.789999999999964
0.01437956146801874,3,100,9602,5,500,A2,Ours,12.789999999999964
5.328552078204212,3,100,9602,5,500,A3,Ours,12.789999999999964
9.857315591612638,3,100,9602,5,500,core,Ours,12.789999999999964
7.790499981631952,3,100,9602,5,500,A1,HOSVD,3.0009999999999764
0.01437956146801874,3,100,9602,5,500,A2,HOSVD,3.0009999999999764
2.536923179233351,3,100,9602,5,500,A3,HOSVD,3.0009999999999764
11.992053894691221,3,100,9602,5,500,core,HOSVD,3.0009999999999764
7.805465871865558,3,100,9602,5,500,A1,HOOI,11.464999999999918
0.013952592105433034,3,100,9602,5,500,A2,HOOI,11.464999999999918
3.384385304673479,3,100,9602,5,500,A3,HOOI,11.464999999999918
10.189622949721146,3,100,9602,5,500,core,HOOI,11.464999999999918
17.0796049397729,3,100,9602,5,500,A1,Olga,5.6469999999999345
0.1259049405846081,3,100,9602,5,500,A2,Olga,5.6469999999999345
3.083868989414901,3,100,9602,5,500,A3,Tracy,5.6469999999999345
10.200003228893685,3,100,9602,5,500,core,Tracy_Olga,5.6469999999999345
4.8513673472059455,3,100,1000,5,1000,A1,NTD,27.66599999999994
0.8712893075509232,3,100,1000,5,1000,A2,NTD,27.66599999999994
997.0007651321955,3,100,1000,5,1000,A3,NTD,27.66599999999994
13.71334045930596,3,100,1000,5,1000,core,NTD,27.66599999999994
5.384998671126978,3,100,1000,5,1000,A1,Ours,0.9909999999999854
0.011555564598665248,3,100,1000,5,1000,A2,Ours,0.9909999999999854
0.362810546637142,3,100,1000,5,1000,A3,Ours,0.9909999999999854
12.007301598451125,3,100,1000,5,1000,core,Ours,0.9909999999999854
5.384998671126978,3,100,1000,5,1000,A1,HOSVD,1.3579999999999472
0.011555564598665248,3,100,1000,5,1000,A2,HOSVD,1.3579999999999472
0.3590048533827933,3,100,1000,5,1000,A3,HOSVD,1.3579999999999472
12.013263212070346,3,100,1000,5,1000,core,HOSVD,1.3579999999999472
5.28633642684978,3,100,1000,5,1000,A1,HOOI,0.9479999999998654
0.009678929121447005,3,100,1000,5,1000,A2,HOOI,0.9479999999998654
0.29644936865707117,3,100,1000,5,1000,A3,HOOI,0.9479999999998654
11.949204846768687,3,100,1000,5,1000,core,HOOI,0.9479999999998654
4.6477551710873115,3,100,1000,5,1000,A1,Olga,1.2419999999999618
0.01902576200679278,3,100,1000,5,1000,A2,Olga,1.2419999999999618
1.4224957670948075,3,100,1000,5,1000,A3,Tracy,1.2419999999999618
11.96263357449462,3,100,1000,5,1000,core,Tracy_Olga,1.2419999999999618
5.408002080618452,3,100,4952,5,1000,A1,NTD,157.88599999999997
4.02115781407265,3,100,4952,5,1000,A2,NTD,157.88599999999997
4949.098144557188,3,100,4952,5,1000,A3,NTD,157.88599999999997
12.661461140350198,3,100,4952,5,1000,core,NTD,157.88599999999997
5.029044800600361,3,100,4952,5,1000,A1,Ours,5.008999999999787
0.021061699901101332,3,100,4952,5,1000,A2,Ours,5.008999999999787
2.6421563225367266,3,100,4952,5,1000,A3,Ours,5.008999999999787
12.007934258222122,3,100,4952,5,1000,core,Ours,5.008999999999787
5.029044800600361,3,100,4952,5,1000,A1,HOSVD,1.7670000000000528
0.021061699901101332,3,100,4952,5,1000,A2,HOSVD,1.7670000000000528
2.452543769142846,3,100,4952,5,1000,A3,HOSVD,1.7670000000000528
12.007934258222122,3,100,4952,5,1000,core,HOSVD,1.7670000000000528
5.0206961220920885,3,100,4952,5,1000,A1,HOOI,4.322000000000116
0.02129570896765851,3,100,4952,5,1000,A2,HOOI,4.322000000000116
4.247045925622974,3,100,4952,5,1000,A3,HOOI,4.322000000000116
10.227976389146187,3,100,4952,5,1000,core,HOOI,4.322000000000116
8.501652659606007,3,100,4952,5,1000,A1,Olga,2.441000000000031
0.04936068841588507,3,100,4952,5,1000,A2,Olga,2.441000000000031
2.9717097268043533,3,100,4952,5,1000,A3,Tracy,2.441000000000031
11.88868801000661,3,100,4952,5,1000,core,Tracy_Olga,2.441000000000031
23.863442126422054,3,100,9811,5,1000,A1,NTD,321.50199999999995
2.039217502276646,3,100,9811,5,1000,A2,NTD,321.50199999999995
9808.144637421105,3,100,9811,5,1000,A3,NTD,321.50199999999995
9.013377625578793,3,100,9811,5,1000,core,NTD,321.50199999999995
6.120040879197497,3,100,9811,5,1000,A1,Ours,13.016000000000076
0.011421802569854915,3,100,9811,5,1000,A2,Ours,13.016000000000076
5.220655584046401,3,100,9811,5,1000,A3,Ours,13.016000000000076
11.925960858349164,3,100,9811,5,1000,core,Ours,13.016000000000076
6.120040879197497,3,100,9811,5,1000,A1,HOSVD,3.3640000000000327
0.011421802569854915,3,100,9811,5,1000,A2,HOSVD,3.3640000000000327
2.8916940431885525,3,100,9811,5,1000,A3,HOSVD,3.3640000000000327
10.991709892395615,3,100,9811,5,1000,core,HOSVD,3.3640000000000327
6.256783802592377,3,100,9811,5,1000,A1,HOOI,10.539999999999964
0.012078331615046475,3,100,9811,5,1000,A2,HOOI,10.539999999999964
3.6765786727898733,3,100,9811,5,1000,A3,HOOI,10.539999999999964
11.798458568981973,3,100,9811,5,1000,core,HOOI,10.539999999999964
10.462172803230779,3,100,9811,5,1000,A1,Olga,6.135000000000218
0.06624133078409888,3,100,9811,5,1000,A2,Olga,6.135000000000218
3.0139346905595237,3,100,9811,5,1000,A3,Tracy,6.135000000000218
10.200003228893685,3,100,9811,5,1000,core,Tracy_Olga,6.135000000000218
91.50113367287426,3,100,1000,5,2500,A1,NTD,28.338999999999942
0.35802543436700907,3,100,1000,5,2500,A2,NTD,28.338999999999942
997.0002203480826,3,100,1000,5,2500,A3,NTD,28.338999999999942
10.67982288893169,3,100,1000,5,2500,core,NTD,28.338999999999942
4.305422625540659,3,100,1000,5,2500,A1,Ours,0.5209999999999582
0.011399157540160921,3,100,1000,5,2500,A2,Ours,0.5209999999999582
0.11204393132330016,3,100,1000,5,2500,A3,Ours,0.5209999999999582
11.974137460172722,3,100,1000,5,2500,core,Ours,0.5209999999999582
4.305422625540659,3,100,1000,5,2500,A1,HOSVD,0.3830000000000382
0.011399157540160921,3,100,1000,5,2500,A2,HOSVD,0.3830000000000382
0.11203794538880361,3,100,1000,5,2500,A3,HOSVD,0.3830000000000382
11.973701581268587,3,100,1000,5,2500,core,HOSVD,0.3830000000000382
4.126000344770657,3,100,1000,5,2500,A1,HOOI,0.9400000000000546
0.010525455946533868,3,100,1000,5,2500,A2,HOOI,0.9400000000000546
0.11192385627577459,3,100,1000,5,2500,A3,HOOI,0.9400000000000546
11.971794452161207,3,100,1000,5,2500,core,HOOI,0.9400000000000546
4.589241070368502,3,100,1000,5,2500,A1,Olga,1.1119999999998527
0.007528446151991879,3,100,1000,5,2500,A2,Olga,1.1119999999998527
1.3549211645902142,3,100,1000,5,2500,A3,Tracy,1.1119999999998527
11.896258632769907,3,100,1000,5,2500,core,Tracy_Olga,1.1119999999998527
5.882601629967671,3,100,4981,5,2500,A1,NTD,159.69299999999998
0.8296550751304422,3,100,4981,5,2500,A2,NTD,159.69299999999998
4978.059178086861,3,100,4981,5,2500,A3,NTD,159.69299999999998
11.82773214604592,3,100,4981,5,2500,core,NTD,159.69299999999998
3.76971143667904,3,100,4981,5,2500,A1,Ours,14.849999999999909
0.01413768484682638,3,100,4981,5,2500,A2,Ours,14.849999999999909
2.495846469179483,3,100,4981,5,2500,A3,Ours,14.849999999999909
12.00436472501173,3,100,4981,5,2500,core,Ours,14.849999999999909
3.76971143667904,3,100,4981,5,2500,A1,HOSVD,9.256000000000085
0.01413768484682638,3,100,4981,5,2500,A2,HOSVD,9.256000000000085
2.466387412557696,3,100,4981,5,2500,A3,HOSVD,9.256000000000085
12.00084299130083,3,100,4981,5,2500,core,HOSVD,9.256000000000085
3.7820398900415086,3,100,4981,5,2500,A1,HOOI,14.374000000000024
0.013948232585583214,3,100,4981,5,2500,A2,HOOI,14.374000000000024
2.465975965457073,3,100,4981,5,2500,A3,HOOI,14.374000000000024
12.007190560685888,3,100,4981,5,2500,core,HOOI,14.374000000000024
4.073531245890446,3,100,4981,5,2500,A1,Olga,10.280999999999949
0.019757088465846617,3,100,4981,5,2500,A2,Olga,10.280999999999949
2.9869015387597115,3,100,4981,5,2500,A3,Tracy,10.280999999999949
12.007934258222122,3,100,4981,5,2500,core,Tracy_Olga,10.280999999999949
3.013310879013614,3,100,9922,5,2500,A1,NTD,336.39499999999975
2.0390906087108784,3,100,9922,5,2500,A2,NTD,336.39499999999975
9919.078130069283,3,100,9922,5,2500,A3,NTD,336.39499999999975
12.872336489176849,3,100,9922,5,2500,core,NTD,336.39499999999975
5.25100792681532,3,100,9922,5,2500,A1,Ours,15.572000000000116
0.00823630590682868,3,100,9922,5,2500,A2,Ours,15.572000000000116
2.5763054876040257,3,100,9922,5,2500,A3,Ours,15.572000000000116
12.007934258222122,3,100,9922,5,2500,core,Ours,15.572000000000116
5.25100792681532,3,100,9922,5,2500,A1,HOSVD,7.153999999999996
0.00823630590682868,3,100,9922,5,2500,A2,HOSVD,7.153999999999996
2.456141844870266,3,100,9922,5,2500,A3,HOSVD,7.153999999999996
12.007934258222122,3,100,9922,5,2500,core,HOSVD,7.153999999999996
5.492738010374711,3,100,9922,5,2500,A1,Olga,6.4659999999998945
0.03142379573439196,3,100,9922,5,2500,A2,Olga,6.4659999999998945
2.9987550208655995,3,100,9922,5,2500,A3,Tracy,6.4659999999998945
12.007934258222122,3,100,9922,5,2500,core,Tracy_Olga,6.4659999999998945
4.734732206486586,3,100,1000,5,5000,A1,NTD,27.728999999999814
0.06689965760967806,3,100,1000,5,5000,A2,NTD,27.728999999999814
997.0001374200895,3,100,1000,5,5000,A3,NTD,27.728999999999814
10.001519827226996,3,100,1000,5,5000,core,NTD,27.728999999999814
3.190517491564648,3,100,1000,5,5000,A1,Ours,0.4910000000004402
0.004713488024692001,3,100,1000,5,5000,A2,Ours,0.4910000000004402
0.17282402727653073,3,100,1000,5,5000,A3,Ours,0.4910000000004402
11.975115365938436,3,100,1000,5,5000,core,Ours,0.4910000000004402
3.190517491564648,3,100,1000,5,5000,A1,HOSVD,0.4659999999998945
0.004713488024692001,3,100,1000,5,5000,A2,HOSVD,0.4659999999998945
0.17271568935664028,3,100,1000,5,5000,A3,HOSVD,0.4659999999998945
11.97474167514751,3,100,1000,5,5000,core,HOSVD,0.4659999999998945
3.203767087358032,3,100,1000,5,5000,A1,HOOI,0.7039999999997235
0.004998370746058837,3,100,1000,5,5000,A2,HOOI,0.7039999999997235
0.16791403188106652,3,100,1000,5,5000,A3,HOOI,0.7039999999997235
11.982196135673162,3,100,1000,5,5000,core,HOOI,0.7039999999997235
2.6342263729704314,3,100,1000,5,5000,A1,Olga,0.7840000000001055
0.006837705191982894,3,100,1000,5,5000,A2,Olga,0.7840000000001055
1.349625365261514,3,100,1000,5,5000,A3,Tracy,0.7840000000001055
11.968340408375733,3,100,1000,5,5000,core,Tracy_Olga,0.7840000000001055
4.082921291940048,3,100,4994,5,5000,A1,NTD,158.21399999999994
0.022810413995719234,3,100,4994,5,5000,A2,NTD,158.21399999999994
4991.02469666451,3,100,4994,5,5000,A3,NTD,158.21399999999994
15.727116416876607,3,100,4994,5,5000,core,NTD,158.21399999999994
2.106282347728652,3,100,4994,5,5000,A1,Ours,5.143000000000029
0.0047900971221998215,3,100,4994,5,5000,A2,Ours,5.143000000000029
2.455221915979403,3,100,4994,5,5000,A3,Ours,5.143000000000029
12.004197580751729,3,100,4994,5,5000,core,Ours,5.143000000000029
2.106282347728652,3,100,4994,5,5000,A1,HOSVD,2.412000000000262
0.0047900971221998215,3,100,4994,5,5000,A2,HOSVD,2.412000000000262
2.4478578241113262,3,100,4994,5,5000,A3,HOSVD,2.412000000000262
12.003286617464205,3,100,4994,5,5000,core,HOSVD,2.412000000000262
2.098675627787181,3,100,4994,5,5000,A1,HOOI,4.80600000000004
0.004654252982587962,3,100,4994,5,5000,A2,HOOI,4.80600000000004
2.448866231204322,3,100,4994,5,5000,A3,HOOI,4.80600000000004
12.004341491428148,3,100,4994,5,5000,core,HOOI,4.80600000000004
2.9215776919572516,3,100,4994,5,5000,A1,Olga,4.333999999999833
0.007847415413813376,3,100,4994,5,5000,A2,Olga,4.333999999999833
2.9877340779915316,3,100,4994,5,5000,A3,Tracy,4.333999999999833
12.007934258222122,3,100,4994,5,5000,core,Tracy_Olga,4.333999999999833
3.4702752930555887,3,100,9970,5,5000,A1,NTD,336.77400000000034
3.9810810374519767,3,100,9970,5,5000,A2,NTD,336.77400000000034
9967.030784750217,3,100,9970,5,5000,A3,NTD,336.77400000000034
14.69616611183091,3,100,9970,5,5000,core,NTD,336.77400000000034
3.335265474295479,3,100,9970,5,5000,A1,Ours,13.795000000000073
0.020686372647497325,3,100,9970,5,5000,A2,Ours,13.795000000000073
2.4699316745438735,3,100,9970,5,5000,A3,Ours,13.795000000000073
12.007934258222122,3,100,9970,5,5000,core,Ours,13.795000000000073
3.335265474295479,3,100,9970,5,5000,A1,HOSVD,4.255000000000109
0.020686372647497325,3,100,9970,5,5000,A2,HOSVD,4.255000000000109
2.4406011118627102,3,100,9970,5,5000,A3,HOSVD,4.255000000000109
12.007934258222122,3,100,9970,5,5000,core,HOSVD,4.255000000000109
3.3408558783562428,3,100,9970,5,5000,A1,HOOI,11.503000000000156
0.020190168202076215,3,100,9970,5,5000,A2,HOOI,11.503000000000156
2.4411105474762413,3,100,9970,5,5000,A3,HOOI,11.503000000000156
12.007934258222122,3,100,9970,5,5000,core,HOOI,11.503000000000156
4.217137161052752,3,100,9970,5,5000,A1,Olga,6.641000000000076
0.017665820175594007,3,100,9970,5,5000,A2,Olga,6.641000000000076
2.9884356578938442,3,100,9970,5,5000,A3,Tracy,6.641000000000076
12.007934258222122,3,100,9970,5,5000,core,Tracy_Olga,6.641000000000076
5.145462874603066,3,100,1000,5,6000,A1,NTD,27.62400000000025
0.12879941659115324,3,100,1000,5,6000,A2,NTD,27.62400000000025
997.0001063575363,3,100,1000,5,6000,A3,NTD,27.62400000000025
9.988379640597561,3,100,1000,5,6000,core,NTD,27.62400000000025
2.891626833295584,3,100,1000,5,6000,A1,Ours,0.46800000000030195
0.0032762051491454164,3,100,1000,5,6000,A2,Ours,0.46800000000030195
0.07076066359177303,3,100,1000,5,6000,A3,Ours,0.46800000000030195
11.934158609994865,3,100,1000,5,6000,core,Ours,0.46800000000030195
2.891626833295584,3,100,1000,5,6000,A1,HOSVD,0.43600000000014916
0.0032762051491454164,3,100,1000,5,6000,A2,HOSVD,0.43600000000014916
0.07076581304114754,3,100,1000,5,6000,A3,HOSVD,0.43600000000014916
11.934129033995942,3,100,1000,5,6000,core,HOSVD,0.43600000000014916
2.908756967212514,3,100,1000,5,6000,A1,HOOI,0.6590000000001055
0.003015344195722671,3,100,1000,5,6000,A2,HOOI,0.6590000000001055
0.09119466996653357,3,100,1000,5,6000,A3,HOOI,0.6590000000001055
11.887815119292528,3,100,1000,5,6000,core,HOOI,0.6590000000001055
2.4750349308664292,3,100,1000,5,6000,A1,Olga,0.4130000000000109
0.00955650873126299,3,100,1000,5,6000,A2,Olga,0.4130000000000109
1.3475208572862933,3,100,1000,5,6000,A3,Tracy,0.4130000000000109
11.918524653922077,3,100,1000,5,6000,core,Tracy_Olga,0.4130000000000109
4.613590842435555,3,100,4997,5,6000,A1,NTD,153.56600000000026
4.1954612147799075,3,100,4997,5,6000,A2,NTD,153.56600000000026
4994.034546372507,3,100,4997,5,6000,A3,NTD,153.56600000000026
11.9080999109152,3,100,4997,5,6000,core,NTD,153.56600000000026
3.1523106404123613,3,100,4997,5,6000,A1,Ours,6.3960000000001855
0.009628534489634246,3,100,4997,5,6000,A2,Ours,6.3960000000001855
2.4328098052928473,3,100,4997,5,6000,A3,Ours,6.3960000000001855
12.007934258222122,3,100,4997,5,6000,core,Ours,6.3960000000001855
3.1523106404123613,3,100,4997,5,6000,A1,HOSVD,2.1720000000000255
0.009628534489634246,3,100,4997,5,6000,A2,HOSVD,2.1720000000000255
2.427713214637919,3,100,4997,5,6000,A3,HOSVD,2.1720000000000255
12.007934258222122,3,100,4997,5,6000,core,HOSVD,2.1720000000000255
3.1552283876613783,3,100,4997,5,6000,A1,HOOI,5.200000000000273
0.009680653285934333,3,100,4997,5,6000,A2,HOOI,5.200000000000273
2.4282995683090722,3,100,4997,5,6000,A3,HOOI,5.200000000000273
12.007934258222122,3,100,4997,5,6000,core,HOOI,5.200000000000273
2.1863487816469727,3,100,4997,5,6000,A1,Olga,2.536000000000058
0.003502054420507278,3,100,4997,5,6000,A2,Olga,2.536000000000058
2.9694773054126244,3,100,4997,5,6000,A3,Tracy,2.536000000000058
12.007934258222122,3,100,4997,5,6000,core,Tracy_Olga,2.536000000000058
91.12656840584296,3,100,9969,5,6000,A1,NTD,341.50199999999995
0.8662416220944864,3,100,9969,5,6000,A2,NTD,341.50199999999995
9966.032241065082,3,100,9969,5,6000,A3,NTD,341.50199999999995
8.193983998500103,3,100,9969,5,6000,core,NTD,341.50199999999995
1.8840701854578579,3,100,9969,5,6000,A1,Ours,14.644000000000233
0.010170856326614335,3,100,9969,5,6000,A2,Ours,14.644000000000233
2.479182067125679,3,100,9969,5,6000,A3,Ours,14.644000000000233
12.007934258222122,3,100,9969,5,6000,core,Ours,14.644000000000233
1.8840701854578579,3,100,9969,5,6000,A1,HOSVD,3.393000000000029
0.010170856326614335,3,100,9969,5,6000,A2,HOSVD,3.393000000000029
2.458733760131985,3,100,9969,5,6000,A3,HOSVD,3.393000000000029
12.007934258222122,3,100,9969,5,6000,core,HOSVD,3.393000000000029
1.8553044497134301,3,100,9969,5,6000,A1,HOOI,10.757000000000062
0.00966479590699651,3,100,9969,5,6000,A2,HOOI,10.757000000000062
2.4589614846924834,3,100,9969,5,6000,A3,HOOI,10.757000000000062
12.007934258222122,3,100,9969,5,6000,core,HOOI,10.757000000000062
2.7650600786393635,3,100,9969,5,6000,A1,Olga,9.271999999999935
0.013940066047632607,3,100,9969,5,6000,A2,Olga,9.271999999999935
3.004991369408065,3,100,9969,5,6000,A3,Tracy,9.271999999999935
12.007934258222122,3,100,9969,5,6000,core,Tracy_Olga,9.271999999999935
5.592746700821883,3,100,1000,5,7000,A1,NTD,28.067999999999756
1.2789316011234984,3,100,1000,5,7000,A2,NTD,28.067999999999756
997.0000588839632,3,100,1000,5,7000,A3,NTD,28.067999999999756
15.789325945091779,3,100,1000,5,7000,core,NTD,28.067999999999756
2.860459772936588,3,100,1000,5,7000,A1,Ours,0.8010000000003856
0.0060458125013082694,3,100,1000,5,7000,A2,Ours,0.8010000000003856
0.07415235731247492,3,100,1000,5,7000,A3,Ours,0.8010000000003856
11.901093978238764,3,100,1000,5,7000,core,Ours,0.8010000000003856
2.860459772936588,3,100,1000,5,7000,A1,HOSVD,0.6210000000000946
0.0060458125013082694,3,100,1000,5,7000,A2,HOSVD,0.6210000000000946
0.07412558512397625,3,100,1000,5,7000,A3,HOSVD,0.6210000000000946
11.900829771303298,3,100,1000,5,7000,core,HOSVD,0.6210000000000946
2.863040563288204,3,100,1000,5,7000,A1,HOOI,1
0.005710275637653085,3,100,1000,5,7000,A2,HOOI,1
0.07427281138443478,3,100,1000,5,7000,A3,HOOI,1
11.902266305226645,3,100,1000,5,7000,core,HOOI,1
2.1432703343101074,3,100,1000,5,7000,A1,Olga,1.3029999999998836
0.002121666066597253,3,100,1000,5,7000,A2,Olga,1.3029999999998836
1.3496289044259744,3,100,1000,5,7000,A3,Tracy,1.3029999999998836
11.936660180266745,3,100,1000,5,7000,core,Tracy_Olga,1.3029999999998836
4.9156611074542775,3,100,4998,5,7000,A1,NTD,158.1600000000003
0.00983512411454401,3,100,4998,5,7000,A2,NTD,158.1600000000003
4995.036463000457,3,100,4998,5,7000,A3,NTD,158.1600000000003
8.150737840412752,3,100,4998,5,7000,core,NTD,158.1600000000003
2.6552824401379356,3,100,4998,5,7000,A1,Ours,12.566000000000258
0.008123043817055262,3,100,4998,5,7000,A2,Ours,12.566000000000258
2.4530591212711554,3,100,4998,5,7000,A3,Ours,12.566000000000258
12.007934258222122,3,100,4998,5,7000,core,Ours,12.566000000000258
2.6552824401379356,3,100,4998,5,7000,A1,HOSVD,12.56899999999996
0.008123043817055262,3,100,4998,5,7000,A2,HOSVD,12.56899999999996
2.4492980055363587,3,100,4998,5,7000,A3,HOSVD,12.56899999999996
12.007934258222122,3,100,4998,5,7000,core,HOSVD,12.56899999999996
2.656490294983419,3,100,4998,5,7000,A1,HOOI,15.942000000000007
0.00788628774174679,3,100,4998,5,7000,A2,HOOI,15.942000000000007
2.4501698128093654,3,100,4998,5,7000,A3,HOOI,15.942000000000007
12.007934258222122,3,100,4998,5,7000,core,HOOI,15.942000000000007
2.7322790589497123,3,100,4998,5,7000,A1,Olga,11.3449999999998
0.010407141038919982,3,100,4998,5,7000,A2,Olga,11.3449999999998
2.9840289075985664,3,100,4998,5,7000,A3,Tracy,11.3449999999998
12.007934258222122,3,100,4998,5,7000,core,Tracy_Olga,11.3449999999998
6.4589218852830195,3,100,9974,5,7000,A1,NTD,331.5130000000004
0.09404033621129784,3,100,9974,5,7000,A2,NTD,331.5130000000004
9971.041211599273,3,100,9974,5,7000,A3,NTD,331.5130000000004
15.597397090995923,3,100,9974,5,7000,core,NTD,331.5130000000004
2.5949473265496485,3,100,9974,5,7000,A1,Ours,14.088999999999942
0.005727656747323502,3,100,9974,5,7000,A2,Ours,14.088999999999942
2.4639215401499075,3,100,9974,5,7000,A3,Ours,14.088999999999942
12.007934258222122,3,100,9974,5,7000,core,Ours,14.088999999999942
2.5949473265496485,3,100,9974,5,7000,A1,HOSVD,3.951000000000022
0.005727656747323502,3,100,9974,5,7000,A2,HOSVD,3.951000000000022
2.4490063345189963,3,100,9974,5,7000,A3,HOSVD,3.951000000000022
12.007934258222122,3,100,9974,5,7000,core,HOSVD,3.951000000000022
2.598569409903524,3,100,9974,5,7000,A1,HOOI,10.399000000000342
0.005494822461220541,3,100,9974,5,7000,A2,HOOI,10.399000000000342
2.449593657479673,3,100,9974,5,7000,A3,HOOI,10.399000000000342
12.007934258222122,3,100,9974,5,7000,core,HOOI,10.399000000000342
2.1511337163568123,3,100,9974,5,7000,A1,Olga,6.543999999999869
0.00173605294571939,3,100,9974,5,7000,A2,Olga,6.543999999999869
2.9947341340712,3,100,9974,5,7000,A3,Tracy,6.543999999999869
12.007934258222122,3,100,9974,5,7000,core,Tracy_Olga,6.543999999999869
75.74269688146032,3,100,1000,5,8000,A1,NTD,27.43499999999949
0.060258951311284004,3,100,1000,5,8000,A2,NTD,27.43499999999949
997.0000717243166,3,100,1000,5,8000,A3,NTD,27.43499999999949
13.18850574100197,3,100,1000,5,8000,core,NTD,27.43499999999949
2.2556513133366214,3,100,1000,5,8000,A1,Ours,0.7009999999991123
0.014136228416388818,3,100,1000,5,8000,A2,Ours,0.7009999999991123
0.06158711957431477,3,100,1000,5,8000,A3,Ours,0.7009999999991123
11.913533843898268,3,100,1000,5,8000,core,Ours,0.7009999999991123
2.2556513133366214,3,100,1000,5,8000,A1,HOSVD,0.420999999999367
0.014136228416388818,3,100,1000,5,8000,A2,HOSVD,0.420999999999367
0.06158352885288551,3,100,1000,5,8000,A3,HOSVD,0.420999999999367
11.913496952388693,3,100,1000,5,8000,core,HOSVD,0.420999999999367
2.243428541622358,3,100,1000,5,8000,A1,HOOI,0.7309999999997672
0.014069947588862526,3,100,1000,5,8000,A2,HOOI,0.7309999999997672
0.06156518170014811,3,100,1000,5,8000,A3,HOOI,0.7309999999997672
11.913217137916616,3,100,1000,5,8000,core,HOOI,0.7309999999997672
2.190605617863532,3,100,1000,5,8000,A1,Olga,0.44399999999950523
0.005291366027519704,3,100,1000,5,8000,A2,Olga,0.44399999999950523
1.3473958086627738,3,100,1000,5,8000,A3,Tracy,0.44399999999950523
11.885428578779626,3,100,1000,5,8000,core,Tracy_Olga,0.44399999999950523
4.758134854118222,3,100,4998,5,8000,A1,NTD,153.42299999999977
0.008129645564245348,3,100,4998,5,8000,A2,NTD,153.42299999999977
4995.02375042238,3,100,4998,5,8000,A3,NTD,153.42299999999977
13.854579552438643,3,100,4998,5,8000,core,NTD,153.42299999999977
2.3203875943580123,3,100,4998,5,8000,A1,Ours,4.786000000000058
0.004830106084059827,3,100,4998,5,8000,A2,Ours,4.786000000000058
2.452005301949452,3,100,4998,5,8000,A3,Ours,4.786000000000058
12.006802040905178,3,100,4998,5,8000,core,Ours,4.786000000000058
2.3203875943580123,3,100,4998,5,8000,A1,HOSVD,1.6920000000000073
0.004830106084059827,3,100,4998,5,8000,A2,HOSVD,1.6920000000000073
2.449116397146572,3,100,4998,5,8000,A3,HOSVD,1.6920000000000073
12.006461883746901,3,100,4998,5,8000,core,HOSVD,1.6920000000000073
2.3211909918418963,3,100,4998,5,8000,A1,HOOI,4.224999999999454
0.004571946009703349,3,100,4998,5,8000,A2,HOOI,4.224999999999454
2.4499707173182004,3,100,4998,5,8000,A3,HOOI,4.224999999999454
12.007934258222122,3,100,4998,5,8000,core,HOOI,4.224999999999454
1.760873127308916,3,100,4998,5,8000,A1,Olga,2.9719999999997526
0.004768659384822451,3,100,4998,5,8000,A2,Olga,2.9719999999997526
2.9817986284670575,3,100,4998,5,8000,A3,Tracy,2.9719999999997526
12.007934258222122,3,100,4998,5,8000,core,Tracy_Olga,2.9719999999997526
2.8518780529414753,3,100,9979,5,8000,A1,NTD,325.78499999999985
1.6557805826262058,3,100,9979,5,8000,A2,NTD,325.78499999999985
9976.037369975715,3,100,9979,5,8000,A3,NTD,325.78499999999985
13.664546243531179,3,100,9979,5,8000,core,NTD,325.78499999999985
1.7952394142778938,3,100,9979,5,8000,A1,Ours,14.126000000000204
0.005782237007265972,3,100,9979,5,8000,A2,Ours,14.126000000000204
2.4472174789403605,3,100,9979,5,8000,A3,Ours,14.126000000000204
12.007934258222122,3,100,9979,5,8000,core,Ours,14.126000000000204
1.7952394142778938,3,100,9979,5,8000,A1,HOSVD,4.545000000000073
0.005782237007265972,3,100,9979,5,8000,A2,HOSVD,4.545000000000073
2.4358075477427863,3,100,9979,5,8000,A3,HOSVD,4.545000000000073
12.007934258222122,3,100,9979,5,8000,core,HOSVD,4.545000000000073
1.7760883277927002,3,100,9979,5,8000,A1,HOOI,11.440999999999804
0.00607828171871435,3,100,9979,5,8000,A2,HOOI,11.440999999999804
2.4362875695323565,3,100,9979,5,8000,A3,HOOI,11.440999999999804
12.007934258222122,3,100,9979,5,8000,core,HOOI,11.440999999999804
2.3851435079478693,3,100,9979,5,8000,A1,Olga,7.028000000000247
0.010390282868693205,3,100,9979,5,8000,A2,Olga,7.028000000000247
2.9806704341224695,3,100,9979,5,8000,A3,Tracy,7.028000000000247
12.007934258222122,3,100,9979,5,8000,core,Tracy_Olga,7.028000000000247
4.260006127320391,3,100,1000,5,9000,A1,NTD,27.70600000000013
0.14444180661957048,3,100,1000,5,9000,A2,NTD,27.70600000000013
997.0000757707135,3,100,1000,5,9000,A3,NTD,27.70600000000013
11.654069760270566,3,100,1000,5,9000,core,NTD,27.70600000000013
1.7294097151339116,3,100,1000,5,9000,A1,Ours,0.4600000000000364
0.002051473805576726,3,100,1000,5,9000,A2,Ours,0.4600000000000364
0.07539255024273335,3,100,1000,5,9000,A3,Ours,0.4600000000000364
11.923330185438934,3,100,1000,5,9000,core,Ours,0.4600000000000364
1.7294097151339116,3,100,1000,5,9000,A1,HOSVD,0.46299999999973807
0.002051473805576726,3,100,1000,5,9000,A2,HOSVD,0.46299999999973807
0.07534535122584626,3,100,1000,5,9000,A3,HOSVD,0.46299999999973807
11.923213913107137,3,100,1000,5,9000,core,HOSVD,0.46299999999973807
1.7367608086277322,3,100,1000,5,9000,A1,HOOI,0.6990000000005239
0.0017127887299494841,3,100,1000,5,9000,A2,HOOI,0.6990000000005239
0.0752901222245223,3,100,1000,5,9000,A3,HOOI,0.6990000000005239
11.921320417705669,3,100,1000,5,9000,core,HOOI,0.6990000000005239
1.6339027560576906,3,100,1000,5,9000,A1,Olga,0.8790000000008149
0.004170722897040403,3,100,1000,5,9000,A2,Olga,0.8790000000008149
1.345068306896416,3,100,1000,5,9000,A3,Tracy,0.8790000000008149
11.94372229718232,3,100,1000,5,9000,core,Tracy_Olga,0.8790000000008149
3.6514639645475375,3,100,4996,5,9000,A1,NTD,154.52800000000025
0.07083358582470012,3,100,4996,5,9000,A2,NTD,154.52800000000025
4993.02163384763,3,100,4996,5,9000,A3,NTD,154.52800000000025
10.12568686280004,3,100,4996,5,9000,core,NTD,154.52800000000025
1.717125488677943,3,100,4996,5,9000,A1,Ours,4.675000000000182
0.007205219000345362,3,100,4996,5,9000,A2,Ours,4.675000000000182
2.434325504775259,3,100,4996,5,9000,A3,Ours,4.675000000000182
12.007711724986262,3,100,4996,5,9000,core,Ours,4.675000000000182
1.717125488677943,3,100,4996,5,9000,A1,HOSVD,1.77599999999984
0.007205219000345362,3,100,4996,5,9000,A2,HOSVD,1.77599999999984
2.432010175239105,3,100,4996,5,9000,A3,HOSVD,1.77599999999984
12.007711724986262,3,100,4996,5,9000,core,HOSVD,1.77599999999984
1.7174822095081574,3,100,4996,5,9000,A1,HOOI,4.641000000000531
0.007471515538784693,3,100,4996,5,9000,A2,HOOI,4.641000000000531
2.4327545566471374,3,100,4996,5,9000,A3,HOOI,4.641000000000531
12.007711724986262,3,100,4996,5,9000,core,HOOI,4.641000000000531
1.6269533675305436,3,100,4996,5,9000,A1,Olga,2.7229999999999563
0.0044577324646320644,3,100,4996,5,9000,A2,Olga,2.7229999999999563
2.992535719130508,3,100,4996,5,9000,A3,Tracy,2.7229999999999563
8.216983263996221,3,100,4996,5,9000,core,Tracy_Olga,2.7229999999999563
3.782315057913245,3,100,9978,5,9000,A1,NTD,338.0080000000007
0.7399941568452704,3,100,9978,5,9000,A2,NTD,338.0080000000007
9975.020747672888,3,100,9978,5,9000,A3,NTD,338.0080000000007
6.254397824989236,3,100,9978,5,9000,core,NTD,338.0080000000007
2.2997753656970397,3,100,9978,5,9000,A1,Ours,13.702000000000226
0.006986924968977529,3,100,9978,5,9000,A2,Ours,13.702000000000226
2.4529199883362196,3,100,9978,5,9000,A3,Ours,13.702000000000226
12.007934258222122,3,100,9978,5,9000,core,Ours,13.702000000000226
2.2997753656970397,3,100,9978,5,9000,A1,HOSVD,3.5330000000003565
0.006986924968977529,3,100,9978,5,9000,A2,HOSVD,3.5330000000003565
2.44394024282088,3,100,9978,5,9000,A3,HOSVD,3.5330000000003565
12.007934258222122,3,100,9978,5,9000,core,HOSVD,3.5330000000003565
2.2996744995954996,3,100,9978,5,9000,A1,HOOI,10.650000000000546
0.0072126147826832,3,100,9978,5,9000,A2,HOOI,10.650000000000546
3.790358735101483,3,100,9978,5,9000,A3,HOOI,10.650000000000546
11.955214617520419,3,100,9978,5,9000,core,HOOI,10.650000000000546
2.044219163118777,3,100,9978,5,9000,A1,Olga,6.1729999999997744
0.009429490269722953,3,100,9978,5,9000,A2,Olga,6.1729999999997744
2.9919718563010314,3,100,9978,5,9000,A3,Tracy,6.1729999999997744
12.007934258222122,3,100,9978,5,9000,core,Tracy_Olga,6.1729999999997744
4.987159921910169,3,100,1000,5,10000,A1,NTD,27.49499999999989
0.034120292447680445,3,100,1000,5,10000,A2,NTD,27.49499999999989
997.0000453634198,3,100,1000,5,10000,A3,NTD,27.49499999999989
11.783022607090347,3,100,1000,5,10000,core,NTD,27.49499999999989
2.7885354543034784,3,100,1000,5,10000,A1,Ours,0.829000000000633
0.005856917685721455,3,100,1000,5,10000,A2,Ours,0.829000000000633
0.053513848671184194,3,100,1000,5,10000,A3,Ours,0.829000000000633
11.955928326724967,3,100,1000,5,10000,core,Ours,0.829000000000633
2.7885354543034784,3,100,1000,5,10000,A1,HOSVD,0.6169999999992797
0.005856917685721455,3,100,1000,5,10000,A2,HOSVD,0.6169999999992797
0.05353018837948336,3,100,1000,5,10000,A3,HOSVD,0.6169999999992797
11.95591185571113,3,100,1000,5,10000,core,HOSVD,0.6169999999992797
2.775773161011378,3,100,1000,5,10000,A1,HOOI,1.2650000000003274
0.005518950859824489,3,100,1000,5,10000,A2,HOOI,1.2650000000003274
0.05346719310991724,3,100,1000,5,10000,A3,HOOI,1.2650000000003274
11.955534263050417,3,100,1000,5,10000,core,HOOI,1.2650000000003274
2.3277318821802555,3,100,1000,5,10000,A1,Olga,0.7039999999997235
0.007129493242465417,3,100,1000,5,10000,A2,Olga,0.7039999999997235
1.3469963001242717,3,100,1000,5,10000,A3,Tracy,0.7039999999997235
11.945809681799252,3,100,1000,5,10000,core,Tracy_Olga,0.7039999999997235
4.2053364005710465,3,100,4997,5,10000,A1,NTD,153.20399999999972
0.8271482791971393,3,100,4997,5,10000,A2,NTD,153.20399999999972
4994.009873376564,3,100,4997,5,10000,A3,NTD,153.20399999999972
17.795895926634376,3,100,4997,5,10000,core,NTD,153.20399999999972
1.1767526326722915,3,100,4997,5,10000,A1,Ours,5.052000000000589
0.002233079865604265,3,100,4997,5,10000,A2,Ours,5.052000000000589
2.421449322880818,3,100,4997,5,10000,A3,Ours,5.052000000000589
12.007934258222122,3,100,4997,5,10000,core,Ours,5.052000000000589
1.1767526326722915,3,100,4997,5,10000,A1,HOSVD,1.7120000000004438
0.002233079865604265,3,100,4997,5,10000,A2,HOSVD,1.7120000000004438
2.4195341126417946,3,100,4997,5,10000,A3,HOSVD,1.7120000000004438
12.007934258222122,3,100,4997,5,10000,core,HOSVD,1.7120000000004438
1.169999753659125,3,100,4997,5,10000,A1,HOOI,4.3840000000000146
0.0023254108597729607,3,100,4997,5,10000,A2,HOOI,4.3840000000000146
2.42060214344071,3,100,4997,5,10000,A3,HOOI,4.3840000000000146
12.007934258222122,3,100,4997,5,10000,core,HOOI,4.3840000000000146
2.154755609522558,3,100,4997,5,10000,A1,Olga,2.594000000000051
0.003168351239982618,3,100,4997,5,10000,A2,Olga,2.594000000000051
2.974450257569461,3,100,4997,5,10000,A3,Tracy,2.594000000000051
12.007934258222122,3,100,4997,5,10000,core,Tracy_Olga,2.594000000000051
3.9657198658752515,3,100,9986,5,10000,A1,NTD,338.28099999999995
0.6829141300560968,3,100,9986,5,10000,A2,NTD,338.28099999999995
9983.032235500477,3,100,9986,5,10000,A3,NTD,338.28099999999995
11.920915110523516,3,100,9986,5,10000,core,NTD,338.28099999999995
2.93835912373272,3,100,9986,5,10000,A1,Ours,13.726999999999862
0.004771816114872421,3,100,9986,5,10000,A2,Ours,13.726999999999862
2.4531494215600707,3,100,9986,5,10000,A3,Ours,13.726999999999862
12.007934258222122,3,100,9986,5,10000,core,Ours,13.726999999999862
2.93835912373272,3,100,9986,5,10000,A1,HOSVD,3.3450000000002547
0.004771816114872421,3,100,9986,5,10000,A2,HOSVD,3.3450000000002547
2.445767169887846,3,100,9986,5,10000,A3,HOSVD,3.3450000000002547
12.007934258222122,3,100,9986,5,10000,core,HOSVD,3.3450000000002547
2.9510864482348538,3,100,9986,5,10000,A1,HOOI,10.692000000000007
0.004854996654038262,3,100,9986,5,10000,A2,HOOI,10.692000000000007
2.445584873984862,3,100,9986,5,10000,A3,HOOI,10.692000000000007
12.007934258222122,3,100,9986,5,10000,core,HOOI,10.692000000000007
1.9773308183430314,3,100,9986,5,10000,A1,Olga,6.390999999999622
0.005774172847317593,3,100,9986,5,10000,A2,Olga,6.390999999999622
2.9919316774273086,3,100,9986,5,10000,A3,Tracy,6.390999999999622
12.007934258222122,3,100,9986,5,10000,core,Tracy_Olga,6.390999999999622
