error,K,Q1,R,Q2,M,mode,method,time
73.46175074956565,3,100,100,5,100,A1,NTD,4.474000000000001
0.4452753268305183,3,100,100,5,100,A2,NTD,4.474000000000001
97.00459176489525,3,100,100,5,100,A3,NTD,4.474000000000001
9.457841939125743,3,100,100,5,100,core,NTD,4.474000000000001
38.29048804413802,3,100,100,5,100,A1,Ours,2.741999999999999
0.04170066591015405,3,100,100,5,100,A2,Ours,2.741999999999999
0.2158884384339353,3,100,100,5,100,A3,Ours,2.741999999999999
9.973518285501271,3,100,100,5,100,core,Ours,2.741999999999999
38.29048804413802,3,100,100,5,100,A1,HOSVD,2.6999999999999993
0.04170066591015405,3,100,100,5,100,A2,HOSVD,2.6999999999999993
0.2195490531507758,3,100,100,5,100,A3,HOSVD,2.6999999999999993
9.976427305002893,3,100,100,5,100,core,HOSVD,2.6999999999999993
33.4565525977029,3,100,100,5,100,A1,HOOI,2.677000000000003
0.051482584441848,3,100,100,5,100,A2,HOOI,2.677000000000003
0.20874911509961308,3,100,100,5,100,A3,HOOI,2.677000000000003
9.161160193629247,3,100,100,5,100,core,HOOI,2.677000000000003
39.2334350382419,3,100,100,5,100,A1,Olga,1.4559999999999995
0.06637678784439338,3,100,100,5,100,A2,Olga,1.4559999999999995
1.0614593741194005,3,100,100,5,100,A3,Tracy,1.4559999999999995
12.26806851603487,3,100,100,5,100,core,Tracy_Olga,1.4559999999999995
65.81724504406621,3,100,498,5,100,A1,NTD,21.758000000000003
4.022505398714961,3,100,498,5,100,A2,NTD,21.758000000000003
495.1980875368391,3,100,498,5,100,A3,NTD,21.758000000000003
9.674564576401545,3,100,498,5,100,core,NTD,21.758000000000003
40.95428251021111,3,100,498,5,100,A1,Ours,4.2719999999999985
0.03665844079448976,3,100,498,5,100,A2,Ours,4.2719999999999985
2.9474834990992247,3,100,498,5,100,A3,Ours,4.2719999999999985
9.439307567613428,3,100,498,5,100,core,Ours,4.2719999999999985
40.95428251021111,3,100,498,5,100,A1,HOSVD,4.439
0.03665844079448976,3,100,498,5,100,A2,HOSVD,4.439
2.5027441397407633,3,100,498,5,100,A3,HOSVD,4.439
13.730592590097078,3,100,498,5,100,core,HOSVD,4.439
44.2254130480568,3,100,498,5,100,A1,HOOI,3.4369999999999976
0.052333449049101,3,100,498,5,100,A2,HOOI,3.4369999999999976
2.5086994637115283,3,100,498,5,100,A3,HOOI,3.4369999999999976
10.362922537812695,3,100,498,5,100,core,HOOI,3.4369999999999976
49.77579535933975,3,100,498,5,100,A1,Olga,2.3740000000000023
0.20429646074888874,3,100,498,5,100,A2,Olga,2.3740000000000023
2.795044031879744,3,100,498,5,100,A3,Tracy,2.3740000000000023
14.087928262254005,3,100,498,5,100,core,Tracy_Olga,2.3740000000000023
60.55522939988901,3,100,983,5,100,A1,NTD,39.241
2.6210425252207257,3,100,983,5,100,A2,NTD,39.241
980.2123870255626,3,100,983,5,100,A3,NTD,39.241
11.200328196530883,3,100,983,5,100,core,NTD,39.241
42.67576139749961,3,100,983,5,100,A1,Ours,13.671000000000006
0.07345238470889606,3,100,983,5,100,A2,Ours,13.671000000000006
4.5241590332196475,3,100,983,5,100,A3,Ours,13.671000000000006
10.94813181082349,3,100,983,5,100,core,Ours,13.671000000000006
42.67576139749961,3,100,983,5,100,A1,HOSVD,10.427000000000007
0.07345238470889606,3,100,983,5,100,A2,HOSVD,10.427000000000007
2.530972445367732,3,100,983,5,100,A3,HOSVD,10.427000000000007
13.176929765764564,3,100,983,5,100,core,HOSVD,10.427000000000007
41.272910242486084,3,100,983,5,100,A1,HOOI,9.061999999999998
0.06787307825880821,3,100,983,5,100,A2,HOOI,9.061999999999998
2.5529299679801984,3,100,983,5,100,A3,HOOI,9.061999999999998
12.966852114667773,3,100,983,5,100,core,HOOI,9.061999999999998
69.3998684918952,3,100,983,5,100,A1,Olga,7.23599999999999
0.9699914793316077,3,100,983,5,100,A2,Olga,7.23599999999999
2.831085745352473,3,100,983,5,100,A3,Tracy,7.23599999999999
9.786630005800012,3,100,983,5,100,core,Tracy_Olga,7.23599999999999
115.79303653314747,3,100,2384,5,100,A1,NTD,85.09700000000001
3.9914275316622647,3,100,2384,5,100,A2,NTD,85.09700000000001
2381.3350109482008,3,100,2384,5,100,A3,NTD,85.09700000000001
10.075315670307306,3,100,2384,5,100,core,NTD,85.09700000000001
43.57049346344361,3,100,2384,5,100,A1,Ours,5.377999999999986
0.07476468739606905,3,100,2384,5,100,A2,Ours,5.377999999999986
5.331294751733836,3,100,2384,5,100,A3,Ours,5.377999999999986
12.901383986605115,3,100,2384,5,100,core,Ours,5.377999999999986
43.57049346344361,3,100,2384,5,100,A1,HOSVD,6.818999999999988
0.07476468739606905,3,100,2384,5,100,A2,HOSVD,6.818999999999988
2.590344864611741,3,100,2384,5,100,A3,HOSVD,6.818999999999988
13.088803076060042,3,100,2384,5,100,core,HOSVD,6.818999999999988
41.56390175107808,3,100,2384,5,100,A1,HOOI,5.536000000000001
0.05863903776132112,3,100,2384,5,100,A2,HOOI,5.536000000000001
2.623915238127555,3,100,2384,5,100,A3,HOOI,5.536000000000001
11.152812802694886,3,100,2384,5,100,core,HOOI,5.536000000000001
89.39042359013847,3,100,2384,5,100,A1,Olga,4.366000000000014
1.629227177840983,3,100,2384,5,100,A2,Olga,4.366000000000014
2.911076383468068,3,100,2384,5,100,A3,Tracy,4.366000000000014
11.249771120495316,3,100,2384,5,100,core,Tracy_Olga,4.366000000000014
115.70359588234494,3,100,4513,5,100,A1,NTD,158.533
3.991412999537248,3,100,4513,5,100,A2,NTD,158.533
4510.4557829651085,3,100,4513,5,100,A3,NTD,158.533
8.864582156869433,3,100,4513,5,100,core,NTD,158.533
48.610437721829506,3,100,4513,5,100,A1,Ours,12.288000000000011
0.04933630239808508,3,100,4513,5,100,A2,Ours,12.288000000000011
5.193714448191369,3,100,4513,5,100,A3,Ours,12.288000000000011
12.39826236991962,3,100,4513,5,100,core,Ours,12.288000000000011
48.610437721829506,3,100,4513,5,100,A1,HOSVD,13.136000000000024
0.04933630239808508,3,100,4513,5,100,A2,HOSVD,13.136000000000024
2.686624072477676,3,100,4513,5,100,A3,HOSVD,13.136000000000024
10.908379855822309,3,100,4513,5,100,core,HOSVD,13.136000000000024
48.666142705142484,3,100,4513,5,100,A1,HOOI,16.629999999999995
0.03689061618003889,3,100,4513,5,100,A2,HOOI,16.629999999999995
3.5562785491502904,3,100,4513,5,100,A3,HOOI,16.629999999999995
12.724566760902395,3,100,4513,5,100,core,HOOI,16.629999999999995
97.04874542884177,3,100,4513,5,100,A1,Olga,13.617000000000019
3.493409122073956,3,100,4513,5,100,A2,Olga,13.617000000000019
3.0537085519676976,3,100,4513,5,100,A3,Tracy,13.617000000000019
13.632993408363319,3,100,4513,5,100,core,Tracy_Olga,13.617000000000019
126.8744635816451,3,100,5316,5,100,A1,NTD,192.15200000000004
0.6210608686833393,3,100,5316,5,100,A2,NTD,192.15200000000004
5313.496025106263,3,100,5316,5,100,A3,NTD,192.15200000000004
11.387851560123773,3,100,5316,5,100,core,NTD,192.15200000000004
47.86162597549621,3,100,5316,5,100,A1,Ours,5.692999999999984
0.06964296279935213,3,100,5316,5,100,A2,Ours,5.692999999999984
5.2657837278636705,3,100,5316,5,100,A3,Ours,5.692999999999984
14.537881851696577,3,100,5316,5,100,core,Ours,5.692999999999984
48.03573723622623,3,100,5316,5,100,A1,HOOI,10.345000000000027
0.05789435948425304,3,100,5316,5,100,A2,HOOI,10.345000000000027
4.8624767858816735,3,100,5316,5,100,A3,HOOI,10.345000000000027
11.837446429154127,3,100,5316,5,100,core,HOOI,10.345000000000027
84.5489045198921,3,100,5316,5,100,A1,Olga,10.225000000000023
3.251385096401573,3,100,5316,5,100,A2,Olga,10.225000000000023
3.036936151156084,3,100,5316,5,100,A3,Tracy,10.225000000000023
10.17200618631309,3,100,5316,5,100,core,Tracy_Olga,10.225000000000023
115.76895139031032,3,100,6128,5,100,A1,NTD,198.93500000000006
4.3218897344496,3,100,6128,5,100,A2,NTD,198.93500000000006
6125.4909278253745,3,100,6128,5,100,A3,NTD,198.93500000000006
9.274368651439598,3,100,6128,5,100,core,NTD,198.93500000000006
45.961283315080955,3,100,6128,5,100,A1,Ours,6.380999999999972
0.10747800979832542,3,100,6128,5,100,A2,Ours,6.380999999999972
5.2410717975600285,3,100,6128,5,100,A3,Ours,6.380999999999972
12.374032691538709,3,100,6128,5,100,core,Ours,6.380999999999972
45.961283315080955,3,100,6128,5,100,A1,HOSVD,1.8150000000000546
0.10747800979832542,3,100,6128,5,100,A2,HOSVD,1.8150000000000546
2.7503487708445884,3,100,6128,5,100,A3,HOSVD,1.8150000000000546
14.20791026938471,3,100,6128,5,100,core,HOSVD,1.8150000000000546
44.48933272505991,3,100,6128,5,100,A1,HOOI,7.27800000000002
0.09580627680484693,3,100,6128,5,100,A2,HOOI,7.27800000000002
3.8252317875540767,3,100,6128,5,100,A3,HOOI,7.27800000000002
12.275902997275528,3,100,6128,5,100,core,HOOI,7.27800000000002
124.68436660157353,3,100,6848,5,100,A1,NTD,217.07899999999995
0.6210457867375185,3,100,6848,5,100,A2,NTD,217.07899999999995
6845.594388183867,3,100,6848,5,100,A3,NTD,217.07899999999995
10.002969143106133,3,100,6848,5,100,core,NTD,217.07899999999995
54.13996322133272,3,100,6848,5,100,A1,Ours,12.976999999999862
0.08953197447204833,3,100,6848,5,100,A2,Ours,12.976999999999862
5.33318487982912,3,100,6848,5,100,A3,Ours,12.976999999999862
13.447354747716549,3,100,6848,5,100,core,Ours,12.976999999999862
54.13996322133272,3,100,6848,5,100,A1,HOSVD,4.72199999999998
0.08953197447204833,3,100,6848,5,100,A2,HOSVD,4.72199999999998
4.892807734336795,3,100,6848,5,100,A3,HOSVD,4.72199999999998
11.778741202069375,3,100,6848,5,100,core,HOSVD,4.72199999999998
50.12457394715186,3,100,6848,5,100,A1,HOOI,15.654999999999973
0.08239702753753796,3,100,6848,5,100,A2,HOOI,15.654999999999973
3.6605775424869105,3,100,6848,5,100,A3,HOOI,15.654999999999973
8.45921058826624,3,100,6848,5,100,core,HOOI,15.654999999999973
86.3011679070227,3,100,6848,5,100,A1,Olga,10.894000000000005
4.13390705147436,3,100,6848,5,100,A2,Olga,10.894000000000005
4.0700930904064885,3,100,6848,5,100,A3,Tracy,10.894000000000005
11.331113237767926,3,100,6848,5,100,core,Tracy_Olga,10.894000000000005
112.93801100235339,3,100,7522,5,100,A1,NTD,240.16000000000008
3.68672078043021,3,100,7522,5,100,A2,NTD,240.16000000000008
7519.532511252673,3,100,7522,5,100,A3,NTD,240.16000000000008
10.922177936264779,3,100,7522,5,100,core,NTD,240.16000000000008
41.06984864565968,3,100,7522,5,100,A1,Ours,8.90300000000002
0.09063446923025348,3,100,7522,5,100,A2,Ours,8.90300000000002
5.351559411495593,3,100,7522,5,100,A3,Ours,8.90300000000002
8.585122563013527,3,100,7522,5,100,core,Ours,8.90300000000002
41.06984864565968,3,100,7522,5,100,A1,HOSVD,2.6359999999999673
0.09063446923025348,3,100,7522,5,100,A2,HOSVD,2.6359999999999673
3.9842911294249275,3,100,7522,5,100,A3,HOSVD,2.6359999999999673
11.200619840346688,3,100,7522,5,100,core,HOSVD,2.6359999999999673
44.123442604451704,3,100,7522,5,100,A1,HOOI,10.075000000000045
0.054835034065242164,3,100,7522,5,100,A2,HOOI,10.075000000000045
3.650013661806918,3,100,7522,5,100,A3,HOOI,10.075000000000045
8.835819376168779,3,100,7522,5,100,core,HOOI,10.075000000000045
122.80892514297791,3,100,8192,5,100,A1,NTD,266.41200000000003
4.621008507280994,3,100,8192,5,100,A2,NTD,266.41200000000003
8189.547815319709,3,100,8192,5,100,A3,NTD,266.41200000000003
10.91393086186207,3,100,8192,5,100,core,NTD,266.41200000000003
36.43757638329527,3,100,8192,5,100,A1,Ours,20.654999999999973
0.04080837441995216,3,100,8192,5,100,A2,Ours,20.654999999999973
5.367499944812523,3,100,8192,5,100,A3,Ours,20.654999999999973
11.675432335222657,3,100,8192,5,100,core,Ours,20.654999999999973
36.43757638329527,3,100,8192,5,100,A1,HOSVD,13.329999999999927
0.04080837441995216,3,100,8192,5,100,A2,HOSVD,13.329999999999927
4.8963511989569275,3,100,8192,5,100,A3,HOSVD,13.329999999999927
11.634737737529052,3,100,8192,5,100,core,HOSVD,13.329999999999927
36.69044551008164,3,100,8192,5,100,A1,HOOI,27.236999999999853
0.04099913081527334,3,100,8192,5,100,A2,HOOI,27.236999999999853
3.8781505897147253,3,100,8192,5,100,A3,HOOI,27.236999999999853
9.288518189528796,3,100,8192,5,100,core,HOOI,27.236999999999853
110.38062382281178,3,100,8192,5,100,A1,Olga,18.982999999999947
4.01715332258049,3,100,8192,5,100,A2,Olga,18.982999999999947
3.182389648050059,3,100,8192,5,100,A3,Tracy,18.982999999999947
10.675226951807259,3,100,8192,5,100,core,Tracy_Olga,18.982999999999947
19.62610809404533,3,100,100,5,3000,A1,NTD,3.2749999999998636
0.2008153874064307,3,100,100,5,3000,A2,NTD,3.2749999999998636
97,3,100,100,5,3000,A3,NTD,3.2749999999998636
9.486636227791427,3,100,100,5,3000,core,NTD,3.2749999999998636
7.360517914393755,3,100,100,5,3000,A1,Ours,4.512000000000171
0.01352144520121793,3,100,100,5,3000,A2,Ours,4.512000000000171
0.0422404193157693,3,100,100,5,3000,A3,Ours,4.512000000000171
10.46507216580043,3,100,100,5,3000,core,Ours,4.512000000000171
7.360517914393755,3,100,100,5,3000,A1,HOSVD,4.863000000000056
0.01352144520121793,3,100,100,5,3000,A2,HOSVD,4.863000000000056
0.042243732096136695,3,100,100,5,3000,A3,HOSVD,4.863000000000056
10.465071801623104,3,100,100,5,3000,core,HOSVD,4.863000000000056
7.275081364667875,3,100,100,5,3000,A1,HOOI,4.218000000000075
0.013982145517045746,3,100,100,5,3000,A2,HOOI,4.218000000000075
0.041767794849511736,3,100,100,5,3000,A3,HOOI,4.218000000000075
10.464042719217746,3,100,100,5,3000,core,HOOI,4.218000000000075
7.098475745346585,3,100,100,5,3000,A1,Olga,3.3740000000000236
0.011173256778038404,3,100,100,5,3000,A2,Olga,3.3740000000000236
0.9988638162812178,3,100,100,5,3000,A3,Tracy,3.3740000000000236
10.424180809301374,3,100,100,5,3000,core,Tracy_Olga,3.3740000000000236
18.548853768897743,3,100,500,5,3000,A1,NTD,13.756000000000085
0.03889841899620128,3,100,500,5,3000,A2,NTD,13.756000000000085
497.0000989748516,3,100,500,5,3000,A3,NTD,13.756000000000085
11.517040759655034,3,100,500,5,3000,core,NTD,13.756000000000085
10.355424548586042,3,100,500,5,3000,A1,Ours,5.940000000000055
0.0027242186445034415,3,100,500,5,3000,A2,Ours,5.940000000000055
0.21224674379855063,3,100,500,5,3000,A3,Ours,5.940000000000055
10.07679821574838,3,100,500,5,3000,core,Ours,5.940000000000055
10.355424548586042,3,100,500,5,3000,A1,HOSVD,6.214999999999918
0.0027242186445034415,3,100,500,5,3000,A2,HOSVD,6.214999999999918
0.21217284777961645,3,100,500,5,3000,A3,HOSVD,6.214999999999918
10.076688503284,3,100,500,5,3000,core,HOSVD,6.214999999999918
10.1265294922051,3,100,500,5,3000,A1,HOOI,6.029999999999973
0.002047831913353522,3,100,500,5,3000,A2,HOOI,6.029999999999973
0.21323890479406715,3,100,500,5,3000,A3,HOOI,6.029999999999973
10.075839457374885,3,100,500,5,3000,core,HOOI,6.029999999999973
8.311024650910836,3,100,500,5,3000,A1,Olga,4.010999999999967
0.005562845361811876,3,100,500,5,3000,A2,Olga,4.010999999999967
1.283780127911394,3,100,500,5,3000,A3,Tracy,4.010999999999967
10.442994595273518,3,100,500,5,3000,core,Tracy_Olga,4.010999999999967
22.285159254793133,3,100,1000,5,3000,A1,NTD,33.422000000000025
0.1392369911066905,3,100,1000,5,3000,A2,NTD,33.422000000000025
997.0002167782418,3,100,1000,5,3000,A3,NTD,33.422000000000025
10.242610472257947,3,100,1000,5,3000,core,NTD,33.422000000000025
10.723714377833993,3,100,1000,5,3000,A1,Ours,0.7590000000000146
0.012242523803597607,3,100,1000,5,3000,A2,Ours,0.7590000000000146
0.16679034077396152,3,100,1000,5,3000,A3,Ours,0.7590000000000146
10.43598375533854,3,100,1000,5,3000,core,Ours,0.7590000000000146
10.723714377833993,3,100,1000,5,3000,A1,HOSVD,1.2439999999999145
0.012242523803597607,3,100,1000,5,3000,A2,HOSVD,1.2439999999999145
0.16642318363114106,3,100,1000,5,3000,A3,HOSVD,1.2439999999999145
10.435270347263938,3,100,1000,5,3000,core,HOSVD,1.2439999999999145
10.604842949928868,3,100,1000,5,3000,A1,HOOI,1.7390000000000327
0.011675595915462496,3,100,1000,5,3000,A2,HOOI,1.7390000000000327
0.19519552913941915,3,100,1000,5,3000,A3,HOOI,1.7390000000000327
10.384451777488323,3,100,1000,5,3000,core,HOOI,1.7390000000000327
8.708787185524123,3,100,1000,5,3000,A1,Olga,0.7349999999999
0.016365696154997705,3,100,1000,5,3000,A2,Olga,0.7349999999999
1.375214338323689,3,100,1000,5,3000,A3,Tracy,0.7349999999999
10.479054492793106,3,100,1000,5,3000,core,Tracy_Olga,0.7349999999999
18.0794664257567,3,100,2498,5,3000,A1,NTD,87.14799999999991
1.3032243844969715,3,100,2498,5,3000,A2,NTD,87.14799999999991
2495.0333166724554,3,100,2498,5,3000,A3,NTD,87.14799999999991
12.59970308026891,3,100,2498,5,3000,core,NTD,87.14799999999991
15.286564090468412,3,100,2498,5,3000,A1,Ours,2.2089999999998327
0.01422268366625669,3,100,2498,5,3000,A2,Ours,2.2089999999998327
2.4802460584298216,3,100,2498,5,3000,A3,Ours,2.2089999999998327
12.409685145594896,3,100,2498,5,3000,core,Ours,2.2089999999998327
15.286564090468412,3,100,2498,5,3000,A1,HOSVD,1.3019999999999072
0.01422268366625669,3,100,2498,5,3000,A2,HOSVD,1.3019999999999072
2.4737501730167204,3,100,2498,5,3000,A3,HOSVD,1.3019999999999072
12.406718268530211,3,100,2498,5,3000,core,HOSVD,1.3019999999999072
15.175532588257175,3,100,2498,5,3000,A1,HOOI,2.3050000000000637
0.014787541854243615,3,100,2498,5,3000,A2,HOOI,2.3050000000000637
2.474172143206649,3,100,2498,5,3000,A3,HOOI,2.3050000000000637
12.412258323225636,3,100,2498,5,3000,core,HOOI,2.3050000000000637
10.649122114960054,3,100,2498,5,3000,A1,Olga,1.1779999999998836
0.05089059573134375,3,100,2498,5,3000,A2,Olga,1.1779999999998836
2.8720450862479643,3,100,2498,5,3000,A3,Tracy,1.1779999999998836
9.415766693706214,3,100,2498,5,3000,core,Tracy_Olga,1.1779999999998836
50.035479256414625,3,100,4987,5,3000,A1,NTD,181.6980000000001
0.6209767363736499,3,100,4987,5,3000,A2,NTD,181.6980000000001
4984.049357790857,3,100,4987,5,3000,A3,NTD,181.6980000000001
9.201558652792684,3,100,4987,5,3000,core,NTD,181.6980000000001
7.234162260765167,3,100,4987,5,3000,A1,Ours,5.189000000000306
0.004569453115177457,3,100,4987,5,3000,A2,Ours,5.189000000000306
2.5222576566197317,3,100,4987,5,3000,A3,Ours,5.189000000000306
10.913417252791401,3,100,4987,5,3000,core,Ours,5.189000000000306
7.234162260765167,3,100,4987,5,3000,A1,HOSVD,1.8659999999999854
0.004569453115177457,3,100,4987,5,3000,A2,HOSVD,1.8659999999999854
2.4998425329395366,3,100,4987,5,3000,A3,HOSVD,1.8659999999999854
10.908367836746523,3,100,4987,5,3000,core,HOSVD,1.8659999999999854
7.191082763346805,3,100,4987,5,3000,A1,HOOI,4.541000000000167
0.003554885515512413,3,100,4987,5,3000,A2,HOOI,4.541000000000167
2.5032307779177074,3,100,4987,5,3000,A3,HOOI,4.541000000000167
10.857819454695386,3,100,4987,5,3000,core,HOOI,4.541000000000167
8.49549549395024,3,100,4987,5,3000,A1,Olga,3.0010000000002037
0.07441710320725202,3,100,4987,5,3000,A2,Olga,3.0010000000002037
2.857151623732646,3,100,4987,5,3000,A3,Tracy,3.0010000000002037
10.368937658347537,3,100,4987,5,3000,core,Tracy_Olga,3.0010000000002037
42.02534347895688,3,100,5979,5,3000,A1,NTD,193.2449999999999
1.7379427408952668,3,100,5979,5,3000,A2,NTD,193.2449999999999
5976.064712724058,3,100,5979,5,3000,A3,NTD,193.2449999999999
11.297557421361594,3,100,5979,5,3000,core,NTD,193.2449999999999
13.700711141130538,3,100,5979,5,3000,A1,Ours,5.971000000000004
0.015897469794333756,3,100,5979,5,3000,A2,Ours,5.971000000000004
2.5421562536823274,3,100,5979,5,3000,A3,Ours,5.971000000000004
11.299040501346038,3,100,5979,5,3000,core,Ours,5.971000000000004
13.700711141130538,3,100,5979,5,3000,A1,HOSVD,1.9549999999999272
0.015897469794333756,3,100,5979,5,3000,A2,HOSVD,1.9549999999999272
2.511394945951553,3,100,5979,5,3000,A3,HOSVD,1.9549999999999272
11.286122240715773,3,100,5979,5,3000,core,HOSVD,1.9549999999999272
13.608992276776553,3,100,5979,5,3000,A1,HOOI,5.407999999999902
0.015613863624869068,3,100,5979,5,3000,A2,HOOI,5.407999999999902
2.5112226607082553,3,100,5979,5,3000,A3,HOOI,5.407999999999902
11.263338932422782,3,100,5979,5,3000,core,HOOI,5.407999999999902
12.451900479750863,3,100,5979,5,3000,A1,Olga,3.599999999999909
0.12188544587774983,3,100,5979,5,3000,A2,Olga,3.599999999999909
2.8498042556880856,3,100,5979,5,3000,A3,Tracy,3.599999999999909
10.686597385354123,3,100,5979,5,3000,core,Tracy_Olga,3.599999999999909
26.138102487030064,3,100,6966,5,3000,A1,NTD,221.846
0.6210342335018522,3,100,6966,5,3000,A2,NTD,221.846
6963.068276241577,3,100,6966,5,3000,A3,NTD,221.846
10.191465077449774,3,100,6966,5,3000,core,NTD,221.846
9.840411815708054,3,100,6966,5,3000,A1,Ours,7.591000000000349
0.016846461774545015,3,100,6966,5,3000,A2,Ours,7.591000000000349
2.548824713468007,3,100,6966,5,3000,A3,Ours,7.591000000000349
10.757836491890044,3,100,6966,5,3000,core,Ours,7.591000000000349
9.840411815708054,3,100,6966,5,3000,A1,HOSVD,2.6829999999999927
0.016846461774545015,3,100,6966,5,3000,A2,HOSVD,2.6829999999999927
2.5077803407880572,3,100,6966,5,3000,A3,HOSVD,2.6829999999999927
10.756924056574379,3,100,6966,5,3000,core,HOSVD,2.6829999999999927
9.630572860806195,3,100,6966,5,3000,A1,HOOI,6.011000000000422
0.016620117961616793,3,100,6966,5,3000,A2,HOOI,6.011000000000422
2.508299004875191,3,100,6966,5,3000,A3,HOOI,6.011000000000422
10.723824539482017,3,100,6966,5,3000,core,HOOI,6.011000000000422
11.85880729423554,3,100,6966,5,3000,A1,Olga,3.811999999999898
0.11937699626505521,3,100,6966,5,3000,A2,Olga,3.811999999999898
2.8452217403587663,3,100,6966,5,3000,A3,Tracy,3.811999999999898
14.151020072362549,3,100,6966,5,3000,core,Tracy_Olga,3.811999999999898
70.63929569611244,3,100,7967,5,3000,A1,NTD,248.55099999999993
2.621033536443896,3,100,7967,5,3000,A2,NTD,248.55099999999993
7964.056043268144,3,100,7967,5,3000,A3,NTD,248.55099999999993
7.855369487093963,3,100,7967,5,3000,core,NTD,248.55099999999993
10.782285691593543,3,100,7967,5,3000,A1,Ours,9.949999999999818
0.009389496402975178,3,100,7967,5,3000,A2,Ours,9.949999999999818
2.5943016195293986,3,100,7967,5,3000,A3,Ours,9.949999999999818
10.97247284352864,3,100,7967,5,3000,core,Ours,9.949999999999818
10.782285691593543,3,100,7967,5,3000,A1,HOSVD,2.824999999999818
0.009389496402975178,3,100,7967,5,3000,A2,HOSVD,2.824999999999818
2.540032048107364,3,100,7967,5,3000,A3,HOSVD,2.824999999999818
10.971308161542597,3,100,7967,5,3000,core,HOSVD,2.824999999999818
10.828457488064837,3,100,7967,5,3000,A1,HOOI,7.949999999999818
0.010784222568505707,3,100,7967,5,3000,A2,HOOI,7.949999999999818
4.092271118526713,3,100,7967,5,3000,A3,HOOI,7.949999999999818
12.607939849039171,3,100,7967,5,3000,core,HOOI,7.949999999999818
12.71134255027309,3,100,7967,5,3000,A1,Olga,7.070000000000164
0.1496273574038432,3,100,7967,5,3000,A2,Olga,7.070000000000164
2.875751211551912,3,100,7967,5,3000,A3,Tracy,7.070000000000164
10.521878850648378,3,100,7967,5,3000,core,Tracy_Olga,7.070000000000164
19.241354684669467,3,100,8949,5,3000,A1,NTD,287.17899999999963
2.6210252315005707,3,100,8949,5,3000,A2,NTD,287.17899999999963
8946.087768250285,3,100,8949,5,3000,A3,NTD,287.17899999999963
10.017799316248311,3,100,8949,5,3000,core,NTD,287.17899999999963
10.281943684165654,3,100,8949,5,3000,A1,Ours,11.748000000000047
0.014381349292517082,3,100,8949,5,3000,A2,Ours,11.748000000000047
2.602389452855924,3,100,8949,5,3000,A3,Ours,11.748000000000047
10.75602853790798,3,100,8949,5,3000,core,Ours,11.748000000000047
10.281943684165654,3,100,8949,5,3000,A1,HOSVD,2.824999999999818
0.014381349292517082,3,100,8949,5,3000,A2,HOSVD,2.824999999999818
2.5339774570129707,3,100,8949,5,3000,A3,HOSVD,2.824999999999818
10.755841229869025,3,100,8949,5,3000,core,HOSVD,2.824999999999818
10.151485256857102,3,100,8949,5,3000,A1,HOOI,8.844000000000051
0.014749112396768007,3,100,8949,5,3000,A2,HOOI,8.844000000000051
2.53401416006623,3,100,8949,5,3000,A3,HOOI,8.844000000000051
10.739998369496105,3,100,8949,5,3000,core,HOOI,8.844000000000051
14.005979026881711,3,100,8949,5,3000,A1,Olga,5.793999999999869
0.11803402172700221,3,100,8949,5,3000,A2,Olga,5.793999999999869
2.872454454431214,3,100,8949,5,3000,A3,Tracy,5.793999999999869
10.529743661652848,3,100,8949,5,3000,core,Tracy_Olga,5.793999999999869
29.137765438486216,3,100,9930,5,3000,A1,NTD,301.846
2.3218884243120983,3,100,9930,5,3000,A2,NTD,301.846
9927.090693772683,3,100,9930,5,3000,A3,NTD,301.846
9.037833092796536,3,100,9930,5,3000,core,NTD,301.846
11.93597286888341,3,100,9930,5,3000,A1,Ours,12.861999999999625
0.006956847086161976,3,100,9930,5,3000,A2,Ours,12.861999999999625
2.6215601175165677,3,100,9930,5,3000,A3,Ours,12.861999999999625
11.881274822175042,3,100,9930,5,3000,core,Ours,12.861999999999625
11.93597286888341,3,100,9930,5,3000,A1,HOSVD,4.916999999999916
0.006956847086161976,3,100,9930,5,3000,A2,HOSVD,4.916999999999916
2.5363270396804345,3,100,9930,5,3000,A3,HOSVD,4.916999999999916
11.883634687381639,3,100,9930,5,3000,core,HOSVD,4.916999999999916
13.811534640782655,3,100,9930,5,3000,A1,Olga,7.736000000000331
0.14892531576654644,3,100,9930,5,3000,A2,Olga,7.736000000000331
2.878402733887771,3,100,9930,5,3000,A3,Tracy,7.736000000000331
14.151712114771701,3,100,9930,5,3000,core,Tracy_Olga,7.736000000000331
27.609045293386075,3,100,100,5,10000,A1,NTD,3.606999999999971
0.22385822889789037,3,100,100,5,10000,A2,NTD,3.606999999999971
97,3,100,100,5,10000,A3,NTD,3.606999999999971
10.36303286540212,3,100,100,5,10000,core,NTD,3.606999999999971
4.080714244624398,3,100,100,5,10000,A1,Ours,5.248999999999796
0.011028908172449383,3,100,100,5,10000,A2,Ours,5.248999999999796
0.02239437545945776,3,100,100,5,10000,A3,Ours,5.248999999999796
10.434971472204815,3,100,100,5,10000,core,Ours,5.248999999999796
4.080714244624398,3,100,100,5,10000,A1,HOSVD,7.58199999999988
0.011028908172449383,3,100,100,5,10000,A2,HOSVD,7.58199999999988
0.022394743181505885,3,100,100,5,10000,A3,HOSVD,7.58199999999988
10.434971956395538,3,100,100,5,10000,core,HOSVD,7.58199999999988
4.037619371888914,3,100,100,5,10000,A1,HOOI,4.73700000000008
0.010271423899223774,3,100,100,5,10000,A2,HOOI,4.73700000000008
0.022202566296039103,3,100,100,5,10000,A3,HOOI,4.73700000000008
10.434938346041884,3,100,100,5,10000,core,HOOI,4.73700000000008
3.786620272863637,3,100,100,5,10000,A1,Olga,5.170000000000073
0.010945117420752267,3,100,100,5,10000,A2,Olga,5.170000000000073
1.0017391297202083,3,100,100,5,10000,A3,Tracy,5.170000000000073
10.427668298315847,3,100,100,5,10000,core,Tracy_Olga,5.170000000000073
26.655280231869654,3,100,500,5,10000,A1,NTD,14.49499999999989
0.12400537480276616,3,100,500,5,10000,A2,NTD,14.49499999999989
497.0000233830948,3,100,500,5,10000,A3,NTD,14.49499999999989
9.31004578877623,3,100,500,5,10000,core,NTD,14.49499999999989
4.292710791893029,3,100,500,5,10000,A1,Ours,7.731999999999971
0.0054844023497102445,3,100,500,5,10000,A2,Ours,7.731999999999971
0.04555547489900689,3,100,500,5,10000,A3,Ours,7.731999999999971
10.420608594651064,3,100,500,5,10000,core,Ours,7.731999999999971
4.292710791893029,3,100,500,5,10000,A1,HOSVD,10.098999999999705
0.0054844023497102445,3,100,500,5,10000,A2,HOSVD,10.098999999999705
0.04555050488673796,3,100,500,5,10000,A3,HOSVD,10.098999999999705
10.4206060991944,3,100,500,5,10000,core,HOSVD,10.098999999999705
4.0474620954682266,3,100,500,5,10000,A1,HOOI,7.80600000000004
0.005377293201242257,3,100,500,5,10000,A2,HOOI,7.80600000000004
0.04564762972689278,3,100,500,5,10000,A3,HOOI,7.80600000000004
10.41865663171884,3,100,500,5,10000,core,HOOI,7.80600000000004
3.661694705455026,3,100,500,5,10000,A1,Olga,7.230999999999767
0.003978907211323944,3,100,500,5,10000,A2,Olga,7.230999999999767
1.2791563493520404,3,100,500,5,10000,A3,Tracy,7.230999999999767
10.426140988042718,3,100,500,5,10000,core,Tracy_Olga,7.230999999999767
39.45015219844239,3,100,1000,5,10000,A1,NTD,30.579999999999927
0.10334731184893035,3,100,1000,5,10000,A2,NTD,30.579999999999927
997.000041940276,3,100,1000,5,10000,A3,NTD,30.579999999999927
10.729509627721901,3,100,1000,5,10000,core,NTD,30.579999999999927
6.136290320398311,3,100,1000,5,10000,A1,Ours,6.914999999999964
0.013969034314614564,3,100,1000,5,10000,A2,Ours,6.914999999999964
0.3497510498785119,3,100,1000,5,10000,A3,Ours,6.914999999999964
10.421725253484725,3,100,1000,5,10000,core,Ours,6.914999999999964
6.136290320398311,3,100,1000,5,10000,A1,HOSVD,7.657000000000153
0.013969034314614564,3,100,1000,5,10000,A2,HOSVD,7.657000000000153
0.3497111759076437,3,100,1000,5,10000,A3,HOSVD,7.657000000000153
10.421518655540712,3,100,1000,5,10000,core,HOSVD,7.657000000000153
6.174317399665724,3,100,1000,5,10000,A1,HOOI,8.804999999999836
0.013778368086234463,3,100,1000,5,10000,A2,HOOI,8.804999999999836
0.3475923623631943,3,100,1000,5,10000,A3,HOOI,8.804999999999836
10.42345132661014,3,100,1000,5,10000,core,HOOI,8.804999999999836
4.975437623128028,3,100,1000,5,10000,A1,Olga,7.713999999999942
0.009962185012517815,3,100,1000,5,10000,A2,Olga,7.713999999999942
1.4419944916010086,3,100,1000,5,10000,A3,Tracy,7.713999999999942
10.427478971467453,3,100,1000,5,10000,core,Tracy_Olga,7.713999999999942
16.39973668952889,3,100,2500,5,10000,A1,NTD,89.39699999999993
0.05732101751666975,3,100,2500,5,10000,A2,NTD,89.39699999999993
2497.0001415902652,3,100,2500,5,10000,A3,NTD,89.39699999999993
12.027389767844538,3,100,2500,5,10000,core,NTD,89.39699999999993
5.265740729615953,3,100,2500,5,10000,A1,Ours,3.19399999999996
0.016228318513407843,3,100,2500,5,10000,A2,Ours,3.19399999999996
0.39645247827825936,3,100,2500,5,10000,A3,Ours,3.19399999999996
12.034206602964746,3,100,2500,5,10000,core,Ours,3.19399999999996
5.265740729615953,3,100,2500,5,10000,A1,HOSVD,1.768999999999778
0.016228318513407843,3,100,2500,5,10000,A2,HOSVD,1.768999999999778
0.39593370637442254,3,100,2500,5,10000,A3,HOSVD,1.768999999999778
12.033120751153286,3,100,2500,5,10000,core,HOSVD,1.768999999999778
5.30819534995739,3,100,2500,5,10000,A1,HOOI,2.5830000000000837
0.016458270592744677,3,100,2500,5,10000,A2,HOOI,2.5830000000000837
0.40170072043160343,3,100,2500,5,10000,A3,HOOI,2.5830000000000837
12.035854102686573,3,100,2500,5,10000,core,HOOI,2.5830000000000837
4.466348246609309,3,100,2500,5,10000,A1,Olga,1.2220000000002074
0.013964483821865454,3,100,2500,5,10000,A2,Olga,1.2220000000002074
1.4413089678347855,3,100,2500,5,10000,A3,Tracy,1.2220000000002074
10.55158533950257,3,100,2500,5,10000,core,Tracy_Olga,1.2220000000002074
17.368124933314384,3,100,4998,5,10000,A1,NTD,169.8829999999998
0.11582242816591842,3,100,4998,5,10000,A2,NTD,169.8829999999998
4995.0282776906915,3,100,4998,5,10000,A3,NTD,169.8829999999998
11.414623255384816,3,100,4998,5,10000,core,NTD,169.8829999999998
3.787530642004656,3,100,4998,5,10000,A1,Ours,5.753999999999905
0.0053257085328010595,3,100,4998,5,10000,A2,Ours,5.753999999999905
2.4629380316889478,3,100,4998,5,10000,A3,Ours,5.753999999999905
12.368188138397693,3,100,4998,5,10000,core,Ours,5.753999999999905
3.787530642004656,3,100,4998,5,10000,A1,HOSVD,1.9960000000000946
0.0053257085328010595,3,100,4998,5,10000,A2,HOSVD,1.9960000000000946
2.460527639193503,3,100,4998,5,10000,A3,HOSVD,1.9960000000000946
12.365426944663227,3,100,4998,5,10000,core,HOSVD,1.9960000000000946
3.80335392842953,3,100,4998,5,10000,A1,HOOI,5.260999999999967
0.005345194010737825,3,100,4998,5,10000,A2,HOOI,5.260999999999967
2.4598181612889,3,100,4998,5,10000,A3,HOOI,5.260999999999967
12.361484142083613,3,100,4998,5,10000,core,HOOI,5.260999999999967
4.69032418445378,3,100,4998,5,10000,A1,Olga,2.8580000000001746
0.019902085982255163,3,100,4998,5,10000,A2,Olga,2.8580000000001746
2.9177169834316343,3,100,4998,5,10000,A3,Tracy,2.8580000000001746
10.771121912829944,3,100,4998,5,10000,core,Tracy_Olga,2.8580000000001746
52.94521263787686,3,100,5994,5,10000,A1,NTD,203.12999999999965
1.265238867137853,3,100,5994,5,10000,A2,NTD,203.12999999999965
5991.009701590515,3,100,5994,5,10000,A3,NTD,203.12999999999965
9.131813161626864,3,100,5994,5,10000,core,NTD,203.12999999999965
6.855501601036455,3,100,5994,5,10000,A1,Ours,6.458999999999833
0.010258501945512827,3,100,5994,5,10000,A2,Ours,6.458999999999833
2.450291203723598,3,100,5994,5,10000,A3,Ours,6.458999999999833
10.726210026650886,3,100,5994,5,10000,core,Ours,6.458999999999833
6.855501601036455,3,100,5994,5,10000,A1,HOSVD,2.4789999999993597
0.010258501945512827,3,100,5994,5,10000,A2,HOSVD,2.4789999999993597
2.4470203948753753,3,100,5994,5,10000,A3,HOSVD,2.4789999999993597
10.724811668942536,3,100,5994,5,10000,core,HOSVD,2.4789999999993597
6.863339667510387,3,100,5994,5,10000,A1,HOOI,5.030000000000655
0.009957169731333097,3,100,5994,5,10000,A2,HOOI,5.030000000000655
2.451885752019543,3,100,5994,5,10000,A3,HOOI,5.030000000000655
10.70804937298802,3,100,5994,5,10000,core,HOOI,5.030000000000655
4.672891787118313,3,100,5994,5,10000,A1,Olga,3.338999999999942
0.03209867778551657,3,100,5994,5,10000,A2,Olga,3.338999999999942
2.8651944198919472,3,100,5994,5,10000,A3,Tracy,3.338999999999942
10.990747107436325,3,100,5994,5,10000,core,Tracy_Olga,3.338999999999942
24.74529563310428,3,100,6993,5,10000,A1,NTD,228.5540000000001
0.20215682184918438,3,100,6993,5,10000,A2,NTD,228.5540000000001
6990.022597011509,3,100,6993,5,10000,A3,NTD,228.5540000000001
12.581177425195866,3,100,6993,5,10000,core,NTD,228.5540000000001
5.581864915662421,3,100,6993,5,10000,A1,Ours,8.393000000000029
0.0041057695623297865,3,100,6993,5,10000,A2,Ours,8.393000000000029
2.5073202184509897,3,100,6993,5,10000,A3,Ours,8.393000000000029
10.97094351001271,3,100,6993,5,10000,core,Ours,8.393000000000029
5.581864915662421,3,100,6993,5,10000,A1,HOSVD,2.5799999999999272
0.0041057695623297865,3,100,6993,5,10000,A2,HOSVD,2.5799999999999272
2.5034703620513774,3,100,6993,5,10000,A3,HOSVD,2.5799999999999272
10.970743304999326,3,100,6993,5,10000,core,HOSVD,2.5799999999999272
5.538507444253259,3,100,6993,5,10000,A1,HOOI,6.588999999999942
0.004288655341235415,3,100,6993,5,10000,A2,HOOI,6.588999999999942
2.503339124220282,3,100,6993,5,10000,A3,HOOI,6.588999999999942
10.969115770716856,3,100,6993,5,10000,core,HOOI,6.588999999999942
5.144467679684204,3,100,6993,5,10000,A1,Olga,3.9570000000003347
0.03671088476707847,3,100,6993,5,10000,A2,Olga,3.9570000000003347
2.8514184907586073,3,100,6993,5,10000,A3,Tracy,3.9570000000003347
10.474377839301342,3,100,6993,5,10000,core,Tracy_Olga,3.9570000000003347
27.049139725452026,3,100,7990,5,10000,A1,NTD,246.65700000000015
0.4055136123683876,3,100,7990,5,10000,A2,NTD,246.65700000000015
7987.0224595245645,3,100,7990,5,10000,A3,NTD,246.65700000000015
11.055203637940615,3,100,7990,5,10000,core,NTD,246.65700000000015
6.453305580730654,3,100,7990,5,10000,A1,Ours,9.451000000000022
0.013512487559501452,3,100,7990,5,10000,A2,Ours,9.451000000000022
2.5039211665863803,3,100,7990,5,10000,A3,Ours,9.451000000000022
10.965364700056396,3,100,7990,5,10000,core,Ours,9.451000000000022
6.453305580730654,3,100,7990,5,10000,A1,HOSVD,2.6549999999997453
0.013512487559501452,3,100,7990,5,10000,A2,HOSVD,2.6549999999997453
2.498565092054004,3,100,7990,5,10000,A3,HOSVD,2.6549999999997453
10.959470228077194,3,100,7990,5,10000,core,HOSVD,2.6549999999997453
6.437062876230199,3,100,7990,5,10000,A1,HOOI,7.84900000000016
0.013508827235503128,3,100,7990,5,10000,A2,HOOI,7.84900000000016
2.49822480659047,3,100,7990,5,10000,A3,HOOI,7.84900000000016
10.967042652867674,3,100,7990,5,10000,core,HOOI,7.84900000000016
5.460554303891429,3,100,7990,5,10000,A1,Olga,4.782000000000153
0.04717497447723979,3,100,7990,5,10000,A2,Olga,4.782000000000153
2.869914947190331,3,100,7990,5,10000,A3,Tracy,4.782000000000153
10.446894559807292,3,100,7990,5,10000,core,Tracy_Olga,4.782000000000153
24.695256233687306,3,100,8984,5,10000,A1,NTD,284.3229999999994
0.6458993889190633,3,100,8984,5,10000,A2,NTD,284.3229999999994
8981.039292062043,3,100,8984,5,10000,A3,NTD,284.3229999999994
11.005025654314116,3,100,8984,5,10000,core,NTD,284.3229999999994
5.100609589800196,3,100,8984,5,10000,A1,Ours,10.976000000000568
0.007359516160748728,3,100,8984,5,10000,A2,Ours,10.976000000000568
2.5350306690574627,3,100,8984,5,10000,A3,Ours,10.976000000000568
10.97127321842738,3,100,8984,5,10000,core,Ours,10.976000000000568
5.100609589800196,3,100,8984,5,10000,A1,HOSVD,2.925000000000182
0.007359516160748728,3,100,8984,5,10000,A2,HOSVD,2.925000000000182
2.5288677078444226,3,100,8984,5,10000,A3,HOSVD,2.925000000000182
10.970982699104928,3,100,8984,5,10000,core,HOSVD,2.925000000000182
5.062161276750272,3,100,8984,5,10000,A1,HOOI,8.453999999999724
0.007414318719845302,3,100,8984,5,10000,A2,HOOI,8.453999999999724
2.5286681731174014,3,100,8984,5,10000,A3,HOOI,8.453999999999724
10.972185267816467,3,100,8984,5,10000,core,HOOI,8.453999999999724
5.402386768753797,3,100,8984,5,10000,A1,Olga,5.576000000000022
0.05644107267210015,3,100,8984,5,10000,A2,Olga,5.576000000000022
2.864796681543036,3,100,8984,5,10000,A3,Tracy,5.576000000000022
10.534038752927533,3,100,8984,5,10000,core,Tracy_Olga,5.576000000000022
44.24047998792867,3,100,9978,5,10000,A1,NTD,314.3029999999999
0.28297648541897413,3,100,9978,5,10000,A2,NTD,314.3029999999999
9975.038661075072,3,100,9978,5,10000,A3,NTD,314.3029999999999
8.24533961124986,3,100,9978,5,10000,core,NTD,314.3029999999999
5.36029267475204,3,100,9978,5,10000,A1,Ours,13.686000000000604
0.010924779417925329,3,100,9978,5,10000,A2,Ours,13.686000000000604
2.518565402234812,3,100,9978,5,10000,A3,Ours,13.686000000000604
14.175918544010512,3,100,9978,5,10000,core,Ours,13.686000000000604
5.36029267475204,3,100,9978,5,10000,A1,HOSVD,3.25
0.010924779417925329,3,100,9978,5,10000,A2,HOSVD,3.25
2.510477301687646,3,100,9978,5,10000,A3,HOSVD,3.25
14.175015086263054,3,100,9978,5,10000,core,HOSVD,3.25
5.353389111940845,3,100,9978,5,10000,A1,HOOI,10.344000000000051
0.011315821340977552,3,100,9978,5,10000,A2,HOOI,10.344000000000051
2.510944903202635,3,100,9978,5,10000,A3,HOOI,10.344000000000051
14.169847834411593,3,100,9978,5,10000,core,HOOI,10.344000000000051
4.4649887101507115,3,100,9978,5,10000,A1,Olga,6.502999999999702
0.038923235807584,3,100,9978,5,10000,A2,Olga,6.502999999999702
2.8734257470568574,3,100,9978,5,10000,A3,Tracy,6.502999999999702
10.918223011446027,3,100,9978,5,10000,core,Tracy_Olga,6.502999999999702
