error,K,Q1,R,Q2,M,mode,method,time
9.83585697926941,3,100,978,5,100,A1,NTD,36.417
4.790051507003947,3,100,978,5,100,A2,NTD,36.417
975.3356358480967,3,100,978,5,100,A3,NTD,36.417
11.98399982524062,3,100,978,5,100,core,NTD,36.417
16.563335882721567,3,100,978,5,100,A1,Ours,1.176000000000002
0.045255968971763046,3,100,978,5,100,A2,Ours,1.176000000000002
2.903683976652366,3,100,978,5,100,A3,Ours,1.176000000000002
10.508567357373007,3,100,978,5,100,core,Ours,1.176000000000002
16.563335882721567,3,100,978,5,100,A1,HOSVD,4.646000000000001
0.045255968971763046,3,100,978,5,100,A2,HOSVD,4.646000000000001
2.521108510765686,3,100,978,5,100,A3,HOSVD,4.646000000000001
12.611247982547082,3,100,978,5,100,core,HOSVD,4.646000000000001
16.204895624066154,3,100,978,5,100,A1,HOOI,6.817
0.025808460405472466,3,100,978,5,100,A2,HOOI,6.817
2.572846683622013,3,100,978,5,100,A3,HOOI,6.817
12.545622670265086,3,100,978,5,100,core,HOOI,6.817
18.397723235615693,3,100,978,5,100,A1,Olga,6.037999999999997
2.005967487906702,3,100,978,5,100,A2,Olga,6.037999999999997
2.8562980494824535,3,100,978,5,100,A3,Tracy,6.037999999999997
8.988195943257365,3,100,978,5,100,core,Tracy_Olga,6.037999999999997
112.41124748224642,3,100,4507,5,100,A1,NTD,161.50400000000002
4.790119809811812,3,100,4507,5,100,A2,NTD,161.50400000000002
4504.424686977543,3,100,4507,5,100,A3,NTD,161.50400000000002
11.299681898487279,3,100,4507,5,100,core,NTD,161.50400000000002
21.675671173684375,3,100,4507,5,100,A1,Ours,5.828999999999979
0.0953351056885287,3,100,4507,5,100,A2,Ours,5.828999999999979
5.382040849413825,3,100,4507,5,100,A3,Ours,5.828999999999979
13.984080384396156,3,100,4507,5,100,core,Ours,5.828999999999979
21.675671173684375,3,100,4507,5,100,A1,HOSVD,4.981999999999999
0.0953351056885287,3,100,4507,5,100,A2,HOSVD,4.981999999999999
2.7159246187310826,3,100,4507,5,100,A3,HOSVD,4.981999999999999
12.988154189671292,3,100,4507,5,100,core,HOSVD,4.981999999999999
21.13692442882799,3,100,4507,5,100,A1,HOOI,19.040999999999997
0.04770087304115752,3,100,4507,5,100,A2,HOOI,19.040999999999997
3.9524342837960353,3,100,4507,5,100,A3,HOOI,19.040999999999997
9.089774261655066,3,100,4507,5,100,core,HOOI,19.040999999999997
36.42161561531775,3,100,4507,5,100,A1,Olga,16.533000000000015
3.2522858523541203,3,100,4507,5,100,A2,Olga,16.533000000000015
3.091256166688533,3,100,4507,5,100,A3,Tracy,16.533000000000015
7.743250710203029,3,100,4507,5,100,core,Tracy_Olga,16.533000000000015
122.2689097571834,3,100,8119,5,100,A1,NTD,288.766
1.209941051002368,3,100,8119,5,100,A2,NTD,288.766
8116.948516505627,3,100,8119,5,100,A3,NTD,288.766
11.15127505840297,3,100,8119,5,100,core,NTD,288.766
18.816988274766356,3,100,8119,5,100,A1,Ours,25.090000000000032
0.08712461350564688,3,100,8119,5,100,A2,Ours,25.090000000000032
5.440145980366581,3,100,8119,5,100,A3,Ours,25.090000000000032
9.995933896108797,3,100,8119,5,100,core,Ours,25.090000000000032
16.39184138052516,3,100,8119,5,100,A1,HOOI,23.53200000000004
0.06300753918984811,3,100,8119,5,100,A2,HOOI,23.53200000000004
3.8845483080478602,3,100,8119,5,100,A3,HOOI,23.53200000000004
12.034069437028151,3,100,8119,5,100,core,HOOI,23.53200000000004
103.1619251937896,3,100,8119,5,100,A1,Olga,9.081999999999994
3.339238989698347,3,100,8119,5,100,A2,Olga,9.081999999999994
4.2258941672955075,3,100,8119,5,100,A3,Tracy,9.081999999999994
11.617004633183852,3,100,8119,5,100,core,Tracy_Olga,9.081999999999994
2.6864158715774833,3,100,1000,5,500,A1,NTD,28.216999999999985
3.2100696045243162,3,100,1000,5,500,A2,NTD,28.216999999999985
997.0066130943903,3,100,1000,5,500,A3,NTD,28.216999999999985
9.864819637475643,3,100,1000,5,500,core,NTD,28.216999999999985
8.047362400687145,3,100,1000,5,500,A1,Ours,0.45899999999994634
0.037443645742596836,3,100,1000,5,500,A2,Ours,0.45899999999994634
0.9066964667596906,3,100,1000,5,500,A3,Ours,0.45899999999994634
11.550031239142124,3,100,1000,5,500,core,Ours,0.45899999999994634
8.047362400687145,3,100,1000,5,500,A1,HOSVD,0.38400000000001455
0.037443645742596836,3,100,1000,5,500,A2,HOSVD,0.38400000000001455
0.8844607232382488,3,100,1000,5,500,A3,HOSVD,0.38400000000001455
11.495119982432142,3,100,1000,5,500,core,HOSVD,0.38400000000001455
9.287481803022828,3,100,1000,5,500,A1,HOOI,0.7740000000000009
0.02683930714336545,3,100,1000,5,500,A2,HOOI,0.7740000000000009
0.808437686687942,3,100,1000,5,500,A3,HOOI,0.7740000000000009
11.38250965699496,3,100,1000,5,500,core,HOOI,0.7740000000000009
7.534181144498774,3,100,1000,5,500,A1,Olga,0.4189999999999827
0.20523113831888531,3,100,1000,5,500,A2,Olga,0.4189999999999827
1.5421527389083882,3,100,1000,5,500,A3,Tracy,0.4189999999999827
11.470727663203137,3,100,1000,5,500,core,Tracy_Olga,0.4189999999999827
34.368139319954764,3,100,4906,5,500,A1,NTD,168.14199999999994
0.8553997070660898,3,100,4906,5,500,A2,NTD,168.14199999999994
4903.245013339049,3,100,4906,5,500,A3,NTD,168.14199999999994
10.160964236412884,3,100,4906,5,500,core,NTD,168.14199999999994
8.582425274742537,3,100,4906,5,500,A1,Ours,9.877999999999929
0.011483073560355064,3,100,4906,5,500,A2,Ours,9.877999999999929
3.3048885306244906,3,100,4906,5,500,A3,Ours,9.877999999999929
11.90722558989605,3,100,4906,5,500,core,Ours,9.877999999999929
8.582425274742537,3,100,4906,5,500,A1,HOSVD,6.247999999999934
0.011483073560355064,3,100,4906,5,500,A2,HOSVD,6.247999999999934
2.5464858842673332,3,100,4906,5,500,A3,HOSVD,6.247999999999934
12.940545632228657,3,100,4906,5,500,core,HOSVD,6.247999999999934
8.579617442730264,3,100,4906,5,500,A1,HOOI,15.521999999999935
0.016092240527910535,3,100,4906,5,500,A2,HOOI,15.521999999999935
2.563729936675364,3,100,4906,5,500,A3,HOOI,15.521999999999935
12.940545632228657,3,100,4906,5,500,core,HOOI,15.521999999999935
11.45988324329238,3,100,4906,5,500,A1,Olga,6.822000000000003
1.6454546089860507,3,100,4906,5,500,A2,Olga,6.822000000000003
2.8996153323460527,3,100,4906,5,500,A3,Tracy,6.822000000000003
8.851954808380057,3,100,4906,5,500,core,Tracy_Olga,6.822000000000003
20.81519822299588,3,100,9595,5,500,A1,NTD,332.975
3.1446330043083885,3,100,9595,5,500,A2,NTD,332.975
9592.725459890691,3,100,9595,5,500,A3,NTD,332.975
12.312435537116432,3,100,9595,5,500,core,NTD,332.975
11.321841547449495,3,100,9595,5,500,A1,Ours,21.337999999999965
0.07386943158897821,3,100,9595,5,500,A2,Ours,21.337999999999965
5.375028609457342,3,100,9595,5,500,A3,Ours,21.337999999999965
12.014619034224566,3,100,9595,5,500,core,Ours,21.337999999999965
11.321841547449495,3,100,9595,5,500,A1,HOSVD,5.5629999999998745
0.07386943158897821,3,100,9595,5,500,A2,HOSVD,5.5629999999998745
3.214473052382474,3,100,9595,5,500,A3,HOSVD,5.5629999999998745
12.745763339933584,3,100,9595,5,500,core,HOSVD,5.5629999999998745
11.331035093927317,3,100,9595,5,500,A1,HOOI,24.453000000000202
0.07451661636296625,3,100,9595,5,500,A2,HOOI,24.453000000000202
3.840766199722923,3,100,9595,5,500,A3,HOOI,24.453000000000202
6.043280189100021,3,100,9595,5,500,core,HOOI,24.453000000000202
12.076107397182342,3,100,9595,5,500,A1,Olga,12.91599999999994
2.088438859374438,3,100,9595,5,500,A2,Olga,12.91599999999994
3.4225561241046694,3,100,9595,5,500,A3,Tracy,12.91599999999994
10.99578002242547,3,100,9595,5,500,core,Tracy_Olga,12.91599999999994
2.438497248312287,3,100,999,5,1000,A1,NTD,28.68600000000015
0.4650039204338671,3,100,999,5,1000,A2,NTD,28.68600000000015
996.205226391994,3,100,999,5,1000,A3,NTD,28.68600000000015
9.043496309196684,3,100,999,5,1000,core,NTD,28.68600000000015
6.979547632998026,3,100,999,5,1000,A1,Ours,4.279999999999973
0.03520724511054817,3,100,999,5,1000,A2,Ours,4.279999999999973
2.510604339638969,3,100,999,5,1000,A3,Ours,4.279999999999973
10.263587740148832,3,100,999,5,1000,core,Ours,4.279999999999973
6.979547632998026,3,100,999,5,1000,A1,HOSVD,3.133000000000038
0.03520724511054817,3,100,999,5,1000,A2,HOSVD,3.133000000000038
2.502440479585787,3,100,999,5,1000,A3,HOSVD,3.133000000000038
10.269715328380338,3,100,999,5,1000,core,HOSVD,3.133000000000038
6.887344570071712,3,100,999,5,1000,A1,HOOI,4.6590000000001055
0.03647636783559822,3,100,999,5,1000,A2,HOOI,4.6590000000001055
2.506292038954712,3,100,999,5,1000,A3,HOOI,4.6590000000001055
10.250119058102436,3,100,999,5,1000,core,HOOI,4.6590000000001055
5.044085100204543,3,100,999,5,1000,A1,Olga,3.0470000000000255
0.11850571626741806,3,100,999,5,1000,A2,Olga,3.0470000000000255
2.922453722258813,3,100,999,5,1000,A3,Tracy,3.0470000000000255
11.660739489601344,3,100,999,5,1000,core,Tracy_Olga,3.0470000000000255
3.664347889272131,3,100,4941,5,1000,A1,NTD,165.6360000000002
2.8554091024299812,3,100,4941,5,1000,A2,NTD,165.6360000000002
4938.137835010543,3,100,4941,5,1000,A3,NTD,165.6360000000002
12.353020803312784,3,100,4941,5,1000,core,NTD,165.6360000000002
7.484856983210282,3,100,4941,5,1000,A1,Ours,5.966000000000122
0.04638910220323292,3,100,4941,5,1000,A2,Ours,5.966000000000122
2.8903995885129214,3,100,4941,5,1000,A3,Ours,5.966000000000122
11.624450031715272,3,100,4941,5,1000,core,Ours,5.966000000000122
7.484856983210282,3,100,4941,5,1000,A1,HOSVD,1.9909999999999854
0.04638910220323292,3,100,4941,5,1000,A2,HOSVD,1.9909999999999854
2.4955103129498917,3,100,4941,5,1000,A3,HOSVD,1.9909999999999854
12.66674259903158,3,100,4941,5,1000,core,HOSVD,1.9909999999999854
7.40026797540255,3,100,4941,5,1000,A1,HOOI,4.804000000000087
0.0451683622344701,3,100,4941,5,1000,A2,HOOI,4.804000000000087
2.7121656892844865,3,100,4941,5,1000,A3,HOOI,4.804000000000087
9.360922231374778,3,100,4941,5,1000,core,HOOI,4.804000000000087
7.141703875655007,3,100,4941,5,1000,A1,Olga,2.519999999999982
0.4894402508636317,3,100,4941,5,1000,A2,Olga,2.519999999999982
2.8641100485482966,3,100,4941,5,1000,A3,Tracy,2.519999999999982
10.361660472732517,3,100,4941,5,1000,core,Tracy_Olga,2.519999999999982
33.15478088693097,3,100,9785,5,1000,A1,NTD,342.66599999999994
3.2099310253496003,3,100,9785,5,1000,A2,NTD,342.66599999999994
9782.558002164846,3,100,9785,5,1000,A3,NTD,342.66599999999994
11.867065433196618,3,100,9785,5,1000,core,NTD,342.66599999999994
7.304656296815996,3,100,9785,5,1000,A1,Ours,30.603999999999814
0.01853750776807394,3,100,9785,5,1000,A2,Ours,30.603999999999814
4.877751902422612,3,100,9785,5,1000,A3,Ours,30.603999999999814
14.935653066180612,3,100,9785,5,1000,core,Ours,30.603999999999814
7.304656296815996,3,100,9785,5,1000,A1,HOSVD,15.782000000000153
0.01853750776807394,3,100,9785,5,1000,A2,HOSVD,15.782000000000153
2.5714532080817643,3,100,9785,5,1000,A3,HOSVD,15.782000000000153
12.940545632228657,3,100,9785,5,1000,core,HOSVD,15.782000000000153
7.429800519562786,3,100,9785,5,1000,A1,HOOI,32.77600000000007
0.017830488603590957,3,100,9785,5,1000,A2,HOOI,32.77600000000007
4.275209171815881,3,100,9785,5,1000,A3,HOOI,32.77600000000007
11.958060616738987,3,100,9785,5,1000,core,HOOI,32.77600000000007
8.347443620747164,3,100,9785,5,1000,A1,Olga,23.689999999999827
1.6185581909627975,3,100,9785,5,1000,A2,Olga,23.689999999999827
2.9385198392138756,3,100,9785,5,1000,A3,Tracy,23.689999999999827
8.982010749436546,3,100,9785,5,1000,core,Tracy_Olga,23.689999999999827
2.3550899559587575,3,100,1000,5,2500,A1,NTD,29.064000000000078
0.23535855567190647,3,100,1000,5,2500,A2,NTD,29.064000000000078
997.000735937506,3,100,1000,5,2500,A3,NTD,29.064000000000078
11.953276184994088,3,100,1000,5,2500,core,NTD,29.064000000000078
3.8969322610017105,3,100,1000,5,2500,A1,Ours,5.920000000000073
0.00824073541007937,3,100,1000,5,2500,A2,Ours,5.920000000000073
0.6386042732743642,3,100,1000,5,2500,A3,Ours,5.920000000000073
12.347885090015245,3,100,1000,5,2500,core,Ours,5.920000000000073
3.8969322610017105,3,100,1000,5,2500,A1,HOSVD,4.7569999999998345
0.00824073541007937,3,100,1000,5,2500,A2,HOSVD,4.7569999999998345
0.6379199043785798,3,100,1000,5,2500,A3,HOSVD,4.7569999999998345
12.346163655689075,3,100,1000,5,2500,core,HOSVD,4.7569999999998345
3.879107169845287,3,100,1000,5,2500,A1,HOOI,4.244999999999891
0.008765325026106526,3,100,1000,5,2500,A2,HOOI,4.244999999999891
0.6081312603520419,3,100,1000,5,2500,A3,HOOI,4.244999999999891
12.35389659877591,3,100,1000,5,2500,core,HOOI,4.244999999999891
2.725143195700909,3,100,1000,5,2500,A1,Olga,6.182999999999993
0.0432893099069074,3,100,1000,5,2500,A2,Olga,6.182999999999993
1.385831255105144,3,100,1000,5,2500,A3,Tracy,6.182999999999993
12.90212190662952,3,100,1000,5,2500,core,Tracy_Olga,6.182999999999993
2.092925962816967,3,100,4983,5,2500,A1,NTD,160.86400000000003
1.3743263689776148,3,100,4983,5,2500,A2,NTD,160.86400000000003
4980.068919708153,3,100,4983,5,2500,A3,NTD,160.86400000000003
16.271035948754747,3,100,4983,5,2500,core,NTD,160.86400000000003
4.077546589499054,3,100,4983,5,2500,A1,Ours,5.541999999999916
0.002964485684787392,3,100,4983,5,2500,A2,Ours,5.541999999999916
2.544774399964613,3,100,4983,5,2500,A3,Ours,5.541999999999916
12.940545632228657,3,100,4983,5,2500,core,Ours,5.541999999999916
4.077546589499054,3,100,4983,5,2500,A1,HOSVD,1.7419999999997344
0.002964485684787392,3,100,4983,5,2500,A2,HOSVD,1.7419999999997344
2.515233939667081,3,100,4983,5,2500,A3,HOSVD,1.7419999999997344
12.940545632228657,3,100,4983,5,2500,core,HOSVD,1.7419999999997344
4.005055352094382,3,100,4983,5,2500,A1,HOOI,4.730000000000018
0.003913081998596993,3,100,4983,5,2500,A2,HOOI,4.730000000000018
2.5182375849032916,3,100,4983,5,2500,A3,HOOI,4.730000000000018
12.940545632228657,3,100,4983,5,2500,core,HOOI,4.730000000000018
3.458881802388724,3,100,4983,5,2500,A1,Olga,2.632000000000062
0.2299226553240533,3,100,4983,5,2500,A2,Olga,2.632000000000062
2.87175708935717,3,100,4983,5,2500,A3,Tracy,2.632000000000062
11.72292546626143,3,100,4983,5,2500,core,Tracy_Olga,2.632000000000062
2.323496039794279,3,100,9918,5,2500,A1,NTD,331.10300000000007
2.790101011100847,3,100,9918,5,2500,A2,NTD,331.10300000000007
9915.11100122932,3,100,9918,5,2500,A3,NTD,331.10300000000007
11.951187076793099,3,100,9918,5,2500,core,NTD,331.10300000000007
2.829367244039337,3,100,9918,5,2500,A1,Ours,18.184000000000196
0.01086870214197493,3,100,9918,5,2500,A2,Ours,18.184000000000196
2.922012012459176,3,100,9918,5,2500,A3,Ours,18.184000000000196
13.591305682804157,3,100,9918,5,2500,core,Ours,18.184000000000196
2.829367244039337,3,100,9918,5,2500,A1,HOSVD,5.724999999999909
0.01086870214197493,3,100,9918,5,2500,A2,HOSVD,5.724999999999909
2.5245125655763276,3,100,9918,5,2500,A3,HOSVD,5.724999999999909
12.940545632228657,3,100,9918,5,2500,core,HOSVD,5.724999999999909
2.819412384300391,3,100,9918,5,2500,A1,HOOI,17.56899999999996
0.011241519998624373,3,100,9918,5,2500,A2,HOOI,17.56899999999996
2.528219278773303,3,100,9918,5,2500,A3,HOOI,17.56899999999996
12.940545632228657,3,100,9918,5,2500,core,HOOI,17.56899999999996
4.6906552133617065,3,100,9918,5,2500,A1,Olga,9.25500000000011
0.4093550275910826,3,100,9918,5,2500,A2,Olga,9.25500000000011
2.8991865401126713,3,100,9918,5,2500,A3,Tracy,9.25500000000011
11.562034722529674,3,100,9918,5,2500,core,Tracy_Olga,9.25500000000011
2.4876596257822365,3,100,1000,5,5000,A1,NTD,29.189000000000306
0.19243358014972645,3,100,1000,5,5000,A2,NTD,29.189000000000306
997.0001685739398,3,100,1000,5,5000,A3,NTD,29.189000000000306
12.90744580939458,3,100,1000,5,5000,core,NTD,29.189000000000306
2.18241285160402,3,100,1000,5,5000,A1,Ours,0.5940000000000509
0.012695665212151597,3,100,1000,5,5000,A2,Ours,0.5940000000000509
0.0978352403587879,3,100,1000,5,5000,A3,Ours,0.5940000000000509
12.937945382799136,3,100,1000,5,5000,core,Ours,0.5940000000000509
2.18241285160402,3,100,1000,5,5000,A1,HOSVD,0.44399999999996
0.012695665212151597,3,100,1000,5,5000,A2,HOSVD,0.44399999999996
0.09793903108982312,3,100,1000,5,5000,A3,HOSVD,0.44399999999996
12.93797720729781,3,100,1000,5,5000,core,HOSVD,0.44399999999996
2.1725643285395244,3,100,1000,5,5000,A1,HOOI,0.8510000000001128
0.012261382641817926,3,100,1000,5,5000,A2,HOOI,0.8510000000001128
0.09762940671260481,3,100,1000,5,5000,A3,HOOI,0.8510000000001128
12.938524880931585,3,100,1000,5,5000,core,HOOI,0.8510000000001128
2.242701214362599,3,100,1000,5,5000,A1,Olga,0.44299999999975626
0.024309263752678906,3,100,1000,5,5000,A2,Olga,0.44299999999975626
1.3518470744790543,3,100,1000,5,5000,A3,Tracy,0.44299999999975626
12.939768179405602,3,100,1000,5,5000,core,Tracy_Olga,0.44299999999975626
2.0498578402106666,3,100,4994,5,5000,A1,NTD,153.33100000000013
0.3055690612277163,3,100,4994,5,5000,A2,NTD,153.33100000000013
4991.052846609821,3,100,4994,5,5000,A3,NTD,153.33100000000013
10.968398433595489,3,100,4994,5,5000,core,NTD,153.33100000000013
2.1283124095026973,3,100,4994,5,5000,A1,Ours,4.98700000000008
0.008173601474449075,3,100,4994,5,5000,A2,Ours,4.98700000000008
2.806834511643308,3,100,4994,5,5000,A3,Ours,4.98700000000008
10.230392631652267,3,100,4994,5,5000,core,Ours,4.98700000000008
2.1283124095026973,3,100,4994,5,5000,A1,HOSVD,1.8260000000000218
0.008173601474449075,3,100,4994,5,5000,A2,HOSVD,1.8260000000000218
2.8029181339108398,3,100,4994,5,5000,A3,HOSVD,1.8260000000000218
10.231241429066145,3,100,4994,5,5000,core,HOSVD,1.8260000000000218
2.134193232981141,3,100,4994,5,5000,A1,HOOI,4.7280000000000655
0.007658221635798745,3,100,4994,5,5000,A2,HOOI,4.7280000000000655
2.953982666653333,3,100,4994,5,5000,A3,HOOI,4.7280000000000655
9.653627655869121,3,100,4994,5,5000,core,HOOI,4.7280000000000655
2.64242781924045,3,100,4994,5,5000,A1,Olga,3.0789999999997235
0.13408142229236295,3,100,4994,5,5000,A2,Olga,3.0789999999997235
2.917983761041128,3,100,4994,5,5000,A3,Tracy,3.0789999999997235
12.762779995898187,3,100,4994,5,5000,core,Tracy_Olga,3.0789999999997235
2.016898274422212,3,100,9957,5,5000,A1,NTD,345.3359999999998
2.8226818098221336,3,100,9957,5,5000,A2,NTD,345.3359999999998
9954.07056459309,3,100,9957,5,5000,A3,NTD,345.3359999999998
14.086124474321686,3,100,9957,5,5000,core,NTD,345.3359999999998
2.2071989271609276,3,100,9957,5,5000,A1,Ours,19.777999999999793
0.0031394707932551687,3,100,9957,5,5000,A2,Ours,19.777999999999793
2.5432432491487917,3,100,9957,5,5000,A3,Ours,19.777999999999793
12.940545632228657,3,100,9957,5,5000,core,Ours,19.777999999999793
2.2071989271609276,3,100,9957,5,5000,A1,HOSVD,4.532999999999902
0.0031394707932551687,3,100,9957,5,5000,A2,HOSVD,4.532999999999902
2.513505135400394,3,100,9957,5,5000,A3,HOSVD,4.532999999999902
12.940545632228657,3,100,9957,5,5000,core,HOSVD,4.532999999999902
2.205324710139272,3,100,9957,5,5000,A1,HOOI,17.811999999999898
0.0016575359304156086,3,100,9957,5,5000,A2,HOOI,17.811999999999898
4.802325828541784,3,100,9957,5,5000,A3,HOOI,17.811999999999898
10.954927601177644,3,100,9957,5,5000,core,HOOI,17.811999999999898
2.285781442920201,3,100,9957,5,5000,A1,Olga,7.6720000000000255
0.23408566335037395,3,100,9957,5,5000,A2,Olga,7.6720000000000255
2.89858743195283,3,100,9957,5,5000,A3,Tracy,7.6720000000000255
11.554547844732701,3,100,9957,5,5000,core,Tracy_Olga,7.6720000000000255
2.4605655316264192,3,100,1000,5,6000,A1,NTD,30.315999999999804
0.25992291008820767,3,100,1000,5,6000,A2,NTD,30.315999999999804
997.0002807428201,3,100,1000,5,6000,A3,NTD,30.315999999999804
9.043483978097916,3,100,1000,5,6000,core,NTD,30.315999999999804
2.4096654250039835,3,100,1000,5,6000,A1,Ours,0.7339999999999236
0.0062394759554648465,3,100,1000,5,6000,A2,Ours,0.7339999999999236
0.27898091525769225,3,100,1000,5,6000,A3,Ours,0.7339999999999236
12.91534570956611,3,100,1000,5,6000,core,Ours,0.7339999999999236
2.4096654250039835,3,100,1000,5,6000,A1,HOSVD,0.4230000000002292
0.0062394759554648465,3,100,1000,5,6000,A2,HOSVD,0.4230000000002292
0.2788140586519581,3,100,1000,5,6000,A3,HOSVD,0.4230000000002292
12.915234091950705,3,100,1000,5,6000,core,HOSVD,0.4230000000002292
2.4260733363491522,3,100,1000,5,6000,A1,HOOI,0.8569999999999709
0.008389242325117842,3,100,1000,5,6000,A2,HOOI,0.8569999999999709
0.2654091531667419,3,100,1000,5,6000,A3,HOOI,0.8569999999999709
12.918004952415647,3,100,1000,5,6000,core,HOOI,0.8569999999999709
1.7071836759876375,3,100,1000,5,6000,A1,Olga,0.4859999999998763
0.025045523446861142,3,100,1000,5,6000,A2,Olga,0.4859999999998763
1.3820192300740042,3,100,1000,5,6000,A3,Tracy,0.4859999999998763
12.952447966441408,3,100,1000,5,6000,core,Tracy_Olga,0.4859999999998763
2.211058963695522,3,100,4994,5,6000,A1,NTD,163.73099999999977
0.45000553844289276,3,100,4994,5,6000,A2,NTD,163.73099999999977
4991.475709409936,3,100,4994,5,6000,A3,NTD,163.73099999999977
13.159137929051854,3,100,4994,5,6000,core,NTD,163.73099999999977
3.0118448037522363,3,100,4994,5,6000,A1,Ours,5.503999999999905
0.013404522059567839,3,100,4994,5,6000,A2,Ours,5.503999999999905
2.500891082577931,3,100,4994,5,6000,A3,Ours,5.503999999999905
12.940545632228657,3,100,4994,5,6000,core,Ours,5.503999999999905
3.0118448037522363,3,100,4994,5,6000,A1,HOSVD,2.0230000000001382
0.013404522059567839,3,100,4994,5,6000,A2,HOSVD,2.0230000000001382
2.4956924951669137,3,100,4994,5,6000,A3,HOSVD,2.0230000000001382
12.940545632228657,3,100,4994,5,6000,core,HOSVD,2.0230000000001382
3.0146192474079263,3,100,4994,5,6000,A1,HOOI,4.708999999999833
0.013052557463039051,3,100,4994,5,6000,A2,HOOI,4.708999999999833
2.4958279644698447,3,100,4994,5,6000,A3,HOOI,4.708999999999833
12.940545632228657,3,100,4994,5,6000,core,HOOI,4.708999999999833
1.83229227599166,3,100,4994,5,6000,A1,Olga,2.574000000000069
0.09422139013481795,3,100,4994,5,6000,A2,Olga,2.574000000000069
2.8738084204536736,3,100,4994,5,6000,A3,Tracy,2.574000000000069
11.599164191388576,3,100,4994,5,6000,core,Tracy_Olga,2.574000000000069
2.245440114941654,3,100,9972,5,6000,A1,NTD,317.8250000000003
0.11366107964447263,3,100,9972,5,6000,A2,NTD,317.8250000000003
9969.20956622867,3,100,9972,5,6000,A3,NTD,317.8250000000003
13.28143566041545,3,100,9972,5,6000,core,NTD,317.8250000000003
1.9756853750481076,3,100,9972,5,6000,A1,Ours,24.143999999999778
5.959100414817661e-4,3,100,9972,5,6000,A2,Ours,24.143999999999778
2.5221150454072703,3,100,9972,5,6000,A3,Ours,24.143999999999778
12.940545632228657,3,100,9972,5,6000,core,Ours,24.143999999999778
1.9756853750481076,3,100,9972,5,6000,A1,HOSVD,13.613000000000284
5.959100414817661e-4,3,100,9972,5,6000,A2,HOSVD,13.613000000000284
2.5012368768419377,3,100,9972,5,6000,A3,HOSVD,13.613000000000284
12.940545632228657,3,100,9972,5,6000,core,HOSVD,13.613000000000284
1.9973252784697215,3,100,9972,5,6000,A1,HOOI,33.52800000000025
6.635751351829302e-4,3,100,9972,5,6000,A2,HOOI,33.52800000000025
2.504160088796411,3,100,9972,5,6000,A3,HOOI,33.52800000000025
12.940545632228657,3,100,9972,5,6000,core,HOOI,33.52800000000025
2.306119440498442,3,100,9972,5,6000,A1,Olga,26.68100000000004
0.18979428766986486,3,100,9972,5,6000,A2,Olga,26.68100000000004
2.8822867206453244,3,100,9972,5,6000,A3,Tracy,26.68100000000004
11.629999012142916,3,100,9972,5,6000,core,Tracy_Olga,26.68100000000004
2.270708619001288,3,100,1000,5,7000,A1,NTD,29.488000000000284
0.4295434677291473,3,100,1000,5,7000,A2,NTD,29.488000000000284
997.0001063050715,3,100,1000,5,7000,A3,NTD,29.488000000000284
9.037371885535851,3,100,1000,5,7000,core,NTD,29.488000000000284
2.5421655553425246,3,100,1000,5,7000,A1,Ours,7.016000000000076
0.00806211341517547,3,100,1000,5,7000,A2,Ours,7.016000000000076
0.4925368345113043,3,100,1000,5,7000,A3,Ours,7.016000000000076
11.970221103794048,3,100,1000,5,7000,core,Ours,7.016000000000076
2.5421655553425246,3,100,1000,5,7000,A1,HOSVD,8.434999999999945
0.00806211341517547,3,100,1000,5,7000,A2,HOSVD,8.434999999999945
0.4924492277672159,3,100,1000,5,7000,A3,HOSVD,8.434999999999945
11.970031423965976,3,100,1000,5,7000,core,HOSVD,8.434999999999945
2.544743196221269,3,100,1000,5,7000,A1,HOOI,8.94900000000007
0.008239401560602714,3,100,1000,5,7000,A2,HOOI,8.94900000000007
0.3636756173938618,3,100,1000,5,7000,A3,HOOI,8.94900000000007
12.565476097877005,3,100,1000,5,7000,core,HOOI,8.94900000000007
1.4420520064112279,3,100,1000,5,7000,A1,Olga,5.82300000000032
0.020981137088470835,3,100,1000,5,7000,A2,Olga,5.82300000000032
1.355305867185447,3,100,1000,5,7000,A3,Tracy,5.82300000000032
12.920792319074925,3,100,1000,5,7000,core,Tracy_Olga,5.82300000000032
2.3737198412968157,3,100,4993,5,7000,A1,NTD,164.9989999999998
0.4928447013676049,3,100,4993,5,7000,A2,NTD,164.9989999999998
4990.036571416745,3,100,4993,5,7000,A3,NTD,164.9989999999998
9.035391079356842,3,100,4993,5,7000,core,NTD,164.9989999999998
2.7374388057816206,3,100,4993,5,7000,A1,Ours,5.751000000000204
0.019053986860208892,3,100,4993,5,7000,A2,Ours,5.751000000000204
2.477483493352825,3,100,4993,5,7000,A3,Ours,5.751000000000204
12.940545632228657,3,100,4993,5,7000,core,Ours,5.751000000000204
2.7374388057816206,3,100,4993,5,7000,A1,HOSVD,2.382999999999811
0.019053986860208892,3,100,4993,5,7000,A2,HOSVD,2.382999999999811
2.4735031553192206,3,100,4993,5,7000,A3,HOSVD,2.382999999999811
12.940545632228657,3,100,4993,5,7000,core,HOSVD,2.382999999999811
2.7061725009387,3,100,4993,5,7000,A1,HOOI,6.08600000000024
0.01869261686765396,3,100,4993,5,7000,A2,HOOI,6.08600000000024
2.4713909235334364,3,100,4993,5,7000,A3,HOOI,6.08600000000024
12.940545632228657,3,100,4993,5,7000,core,HOOI,6.08600000000024
2.0038953022168973,3,100,4993,5,7000,A1,Olga,3.606999999999971
0.08891268480630343,3,100,4993,5,7000,A2,Olga,3.606999999999971
2.8705047711511162,3,100,4993,5,7000,A3,Tracy,3.606999999999971
12.940545632228657,3,100,4993,5,7000,core,Tracy_Olga,3.606999999999971
2.2419803698615053,3,100,9975,5,7000,A1,NTD,329.4930000000004
4.032642284170892,3,100,9975,5,7000,A2,NTD,329.4930000000004
9972.056043879626,3,100,9975,5,7000,A3,NTD,329.4930000000004
12.058859994231755,3,100,9975,5,7000,core,NTD,329.4930000000004
2.072038847924455,3,100,9975,5,7000,A1,Ours,22.157000000000153
0.015049240810456922,3,100,9975,5,7000,A2,Ours,22.157000000000153
2.514775827724699,3,100,9975,5,7000,A3,Ours,22.157000000000153
12.940545632228657,3,100,9975,5,7000,core,Ours,22.157000000000153
2.072038847924455,3,100,9975,5,7000,A1,HOSVD,3.9080000000003565
0.015049240810456922,3,100,9975,5,7000,A2,HOSVD,3.9080000000003565
2.499652581804913,3,100,9975,5,7000,A3,HOSVD,3.9080000000003565
12.940545632228657,3,100,9975,5,7000,core,HOSVD,3.9080000000003565
2.0714023126860837,3,100,9975,5,7000,A1,HOOI,16.588999999999942
0.014321921971427847,3,100,9975,5,7000,A2,HOOI,16.588999999999942
2.502613581697564,3,100,9975,5,7000,A3,HOOI,16.588999999999942
12.940545632228657,3,100,9975,5,7000,core,HOOI,16.588999999999942
2.155807717624972,3,100,9975,5,7000,A1,Olga,6.7849999999998545
0.17705837046247272,3,100,9975,5,7000,A2,Olga,6.7849999999998545
2.8752194455687574,3,100,9975,5,7000,A3,Tracy,6.7849999999998545
11.56714825275753,3,100,9975,5,7000,core,Tracy_Olga,6.7849999999998545
2.5996718777882877,3,100,1000,5,8000,A1,NTD,28.753999999999905
0.3353425752293951,3,100,1000,5,8000,A2,NTD,28.753999999999905
997.0000914859803,3,100,1000,5,8000,A3,NTD,28.753999999999905
11.016429643382198,3,100,1000,5,8000,core,NTD,28.753999999999905
1.805617805634595,3,100,1000,5,8000,A1,Ours,0.4850000000005821
0.010798431334864444,3,100,1000,5,8000,A2,Ours,0.4850000000005821
0.12853418306473502,3,100,1000,5,8000,A3,Ours,0.4850000000005821
12.933836827803669,3,100,1000,5,8000,core,Ours,0.4850000000005821
1.805617805634595,3,100,1000,5,8000,A1,HOSVD,0.40900000000056025
0.010798431334864444,3,100,1000,5,8000,A2,HOSVD,0.40900000000056025
0.12844863144271404,3,100,1000,5,8000,A3,HOSVD,0.40900000000056025
12.933836644335686,3,100,1000,5,8000,core,HOSVD,0.40900000000056025
1.7975535890728251,3,100,1000,5,8000,A1,HOOI,1.0249999999996362
0.010682100549227773,3,100,1000,5,8000,A2,HOOI,1.0249999999996362
0.12808989866012774,3,100,1000,5,8000,A3,HOOI,1.0249999999996362
12.933855119446859,3,100,1000,5,8000,core,HOOI,1.0249999999996362
1.7464307688902054,3,100,1000,5,8000,A1,Olga,0.5610000000006039
0.017306120747337565,3,100,1000,5,8000,A2,Olga,0.5610000000006039
1.3433452649498931,3,100,1000,5,8000,A3,Tracy,0.5610000000006039
12.936938339869348,3,100,1000,5,8000,core,Tracy_Olga,0.5610000000006039
6.124037704208236,3,100,4997,5,8000,A1,NTD,160.61000000000058
0.10159597213135395,3,100,4997,5,8000,A2,NTD,160.61000000000058
4994.616109177156,3,100,4997,5,8000,A3,NTD,160.61000000000058
10.737637681623292,3,100,4997,5,8000,core,NTD,160.61000000000058
2.2765327439045033,3,100,4997,5,8000,A1,Ours,5.199000000000524
0.006418800275684262,3,100,4997,5,8000,A2,Ours,5.199000000000524
2.4959405031637902,3,100,4997,5,8000,A3,Ours,5.199000000000524
11.971377220473416,3,100,4997,5,8000,core,Ours,5.199000000000524
2.2765327439045033,3,100,4997,5,8000,A1,HOSVD,1.493000000000393
0.006418800275684262,3,100,4997,5,8000,A2,HOSVD,1.493000000000393
2.4944327151888253,3,100,4997,5,8000,A3,HOSVD,1.493000000000393
11.969197465498898,3,100,4997,5,8000,core,HOSVD,1.493000000000393
2.264689429139807,3,100,4997,5,8000,A1,HOOI,4.858999999999469
0.007214469846588004,3,100,4997,5,8000,A2,HOOI,4.858999999999469
2.498062588415994,3,100,4997,5,8000,A3,HOOI,4.858999999999469
11.957238994367797,3,100,4997,5,8000,core,HOOI,4.858999999999469
1.655068941538189,3,100,4997,5,8000,A1,Olga,2.5009999999992942
0.07536609272460569,3,100,4997,5,8000,A2,Olga,2.5009999999992942
2.9821122552915944,3,100,4997,5,8000,A3,Tracy,2.5009999999992942
12.037074197613187,3,100,4997,5,8000,core,Tracy_Olga,2.5009999999992942
2.0004283982854187,3,100,9977,5,8000,A1,NTD,335.6260000000002
1.0304708462762993,3,100,9977,5,8000,A2,NTD,335.6260000000002
9974.594354260094,3,100,9977,5,8000,A3,NTD,335.6260000000002
9.756816561588817,3,100,9977,5,8000,core,NTD,335.6260000000002
2.3911988687697803,3,100,9977,5,8000,A1,Ours,19.291000000000167
0.00613486080138478,3,100,9977,5,8000,A2,Ours,19.291000000000167
2.516002578199415,3,100,9977,5,8000,A3,Ours,19.291000000000167
12.940545632228657,3,100,9977,5,8000,core,Ours,19.291000000000167
2.3911988687697803,3,100,9977,5,8000,A1,HOSVD,4.911000000000058
0.00613486080138478,3,100,9977,5,8000,A2,HOSVD,4.911000000000058
2.504414558478165,3,100,9977,5,8000,A3,HOSVD,4.911000000000058
12.940545632228657,3,100,9977,5,8000,core,HOSVD,4.911000000000058
2.402986692089313,3,100,9977,5,8000,A1,HOOI,17.568999999999505
0.005829095075056091,3,100,9977,5,8000,A2,HOOI,17.568999999999505
2.5059829043986226,3,100,9977,5,8000,A3,HOOI,17.568999999999505
12.940545632228657,3,100,9977,5,8000,core,HOOI,17.568999999999505
1.9125670813766105,3,100,9977,5,8000,A1,Olga,7.57300000000032
0.1409467716354826,3,100,9977,5,8000,A2,Olga,7.57300000000032
2.878798240275004,3,100,9977,5,8000,A3,Tracy,7.57300000000032
11.572702339831721,3,100,9977,5,8000,core,Tracy_Olga,7.57300000000032
2.421422105046688,3,100,1000,5,9000,A1,NTD,28.73199999999997
0.2162971443123442,3,100,1000,5,9000,A2,NTD,28.73199999999997
997.0003667375225,3,100,1000,5,9000,A3,NTD,28.73199999999997
14.899006320011075,3,100,1000,5,9000,core,NTD,28.73199999999997
1.7199844709733783,3,100,1000,5,9000,A1,Ours,0.5290000000004511
0.004264794307319105,3,100,1000,5,9000,A2,Ours,0.5290000000004511
0.13297681692485358,3,100,1000,5,9000,A3,Ours,0.5290000000004511
12.936218785883915,3,100,1000,5,9000,core,Ours,0.5290000000004511
1.7199844709733783,3,100,1000,5,9000,A1,HOSVD,0.3760000000002037
0.004264794307319105,3,100,1000,5,9000,A2,HOSVD,0.3760000000002037
0.1328944361705926,3,100,1000,5,9000,A3,HOSVD,0.3760000000002037
12.936216359549645,3,100,1000,5,9000,core,HOSVD,0.3760000000002037
1.7142712504163937,3,100,1000,5,9000,A1,HOOI,1.1880000000001019
0.004365362083890174,3,100,1000,5,9000,A2,HOOI,1.1880000000001019
0.13234492562903857,3,100,1000,5,9000,A3,HOOI,1.1880000000001019
12.935683034956824,3,100,1000,5,9000,core,HOOI,1.1880000000001019
1.5867345212780537,3,100,1000,5,9000,A1,Olga,0.48299999999926513
0.010590713608325293,3,100,1000,5,9000,A2,Olga,0.48299999999926513
1.3409251683128618,3,100,1000,5,9000,A3,Tracy,0.48299999999926513
12.94559142932605,3,100,1000,5,9000,core,Tracy_Olga,0.48299999999926513
2.7042091079631594,3,100,4998,5,9000,A1,NTD,165.02900000000045
0.3724929039829649,3,100,4998,5,9000,A2,NTD,165.02900000000045
4995.063951112254,3,100,4998,5,9000,A3,NTD,165.02900000000045
12.916598213577007,3,100,4998,5,9000,core,NTD,165.02900000000045
1.6892793388440495,3,100,4998,5,9000,A1,Ours,5
0.008389392517085172,3,100,4998,5,9000,A2,Ours,5
2.782406725597421,3,100,4998,5,9000,A3,Ours,5
10.347718678240259,3,100,4998,5,9000,core,Ours,5
1.6892793388440495,3,100,4998,5,9000,A1,HOSVD,1.756999999999607
0.008389392517085172,3,100,4998,5,9000,A2,HOSVD,1.756999999999607
2.7810765132730135,3,100,4998,5,9000,A3,HOSVD,1.756999999999607
10.347855066759461,3,100,4998,5,9000,core,HOSVD,1.756999999999607
1.6855992227969465,3,100,4998,5,9000,A1,HOOI,5.143000000000029
0.008323247169701647,3,100,4998,5,9000,A2,HOOI,5.143000000000029
2.8142489058651474,3,100,4998,5,9000,A3,HOOI,5.143000000000029
10.23002536986941,3,100,4998,5,9000,core,HOOI,5.143000000000029
1.930094204802583,3,100,4998,5,9000,A1,Olga,2.649000000000342
0.06388960317724936,3,100,4998,5,9000,A2,Olga,2.649000000000342
2.913668101906719,3,100,4998,5,9000,A3,Tracy,2.649000000000342
12.940545632228657,3,100,4998,5,9000,core,Tracy_Olga,2.649000000000342
3.019325470286359,3,100,9978,5,9000,A1,NTD,324.23099999999977
2.88752406742663,3,100,9978,5,9000,A2,NTD,324.23099999999977
9975.042983091469,3,100,9978,5,9000,A3,NTD,324.23099999999977
10.976503476654708,3,100,9978,5,9000,core,NTD,324.23099999999977
3.053559992712746,3,100,9978,5,9000,A1,Ours,16.194000000000415
0.023390400764621497,3,100,9978,5,9000,A2,Ours,16.194000000000415
2.526032753376013,3,100,9978,5,9000,A3,Ours,16.194000000000415
12.940545632228657,3,100,9978,5,9000,core,Ours,16.194000000000415
3.053559992712746,3,100,9978,5,9000,A1,HOSVD,2.9890000000004875
0.023390400764621497,3,100,9978,5,9000,A2,HOSVD,2.9890000000004875
2.5168287112203287,3,100,9978,5,9000,A3,HOSVD,2.9890000000004875
12.940545632228657,3,100,9978,5,9000,core,HOSVD,2.9890000000004875
3.042441597321793,3,100,9978,5,9000,A1,HOOI,15.029999999999745
0.023556797903202194,3,100,9978,5,9000,A2,HOOI,15.029999999999745
2.518336718263683,3,100,9978,5,9000,A3,HOOI,15.029999999999745
12.940545632228657,3,100,9978,5,9000,core,HOOI,15.029999999999745
1.9196828987706915,3,100,9978,5,9000,A1,Olga,6.143000000000029
0.1288442222967587,3,100,9978,5,9000,A2,Olga,6.143000000000029
2.88991844016786,3,100,9978,5,9000,A3,Tracy,6.143000000000029
11.58390745418778,3,100,9978,5,9000,core,Tracy_Olga,6.143000000000029
2.4059771788026034,3,100,1000,5,10000,A1,NTD,26.332000000000335
0.26801606983667486,3,100,1000,5,10000,A2,NTD,26.332000000000335
997.0001005394914,3,100,1000,5,10000,A3,NTD,26.332000000000335
11.980220455042287,3,100,1000,5,10000,core,NTD,26.332000000000335
1.5894826830988846,3,100,1000,5,10000,A1,Ours,0.9679999999998472
0.00577216428146653,3,100,1000,5,10000,A2,Ours,0.9679999999998472
0.10738352370277224,3,100,1000,5,10000,A3,Ours,0.9679999999998472
12.938943484037978,3,100,1000,5,10000,core,Ours,0.9679999999998472
1.5894826830988846,3,100,1000,5,10000,A1,HOSVD,0.5429999999996653
0.00577216428146653,3,100,1000,5,10000,A2,HOSVD,0.5429999999996653
0.10738159648231725,3,100,1000,5,10000,A3,HOSVD,0.5429999999996653
12.938941473216182,3,100,1000,5,10000,core,HOSVD,0.5429999999996653
1.5900073045647334,3,100,1000,5,10000,A1,HOOI,0.6970000000001164
0.005162181829380473,3,100,1000,5,10000,A2,HOOI,0.6970000000001164
0.10624313840139775,3,100,1000,5,10000,A3,HOOI,0.6970000000001164
12.938503312377232,3,100,1000,5,10000,core,HOOI,0.6970000000001164
1.5230336396164579,3,100,1000,5,10000,A1,Olga,0.45199999999931606
0.012103796445751722,3,100,1000,5,10000,A2,Olga,0.45199999999931606
1.347502650599978,3,100,1000,5,10000,A3,Tracy,0.45199999999931606
12.940170867987941,3,100,1000,5,10000,core,Tracy_Olga,0.45199999999931606
2.2150461946837763,3,100,4999,5,10000,A1,NTD,151.17599999999948
0.2524769473020559,3,100,4999,5,10000,A2,NTD,151.17599999999948
4996.023671753471,3,100,4999,5,10000,A3,NTD,151.17599999999948
12.914146732814313,3,100,4999,5,10000,core,NTD,151.17599999999948
2.7421484343683336,3,100,4999,5,10000,A1,Ours,4.692000000000007
0.0049685491559569505,3,100,4999,5,10000,A2,Ours,4.692000000000007
2.5675007119426136,3,100,4999,5,10000,A3,Ours,4.692000000000007
11.672446531715305,3,100,4999,5,10000,core,Ours,4.692000000000007
2.7421484343683336,3,100,4999,5,10000,A1,HOSVD,1.8959999999997308
0.0049685491559569505,3,100,4999,5,10000,A2,HOSVD,1.8959999999997308
2.5664609521929433,3,100,4999,5,10000,A3,HOSVD,1.8959999999997308
11.671192401432592,3,100,4999,5,10000,core,HOSVD,1.8959999999997308
2.7467426173234077,3,100,4999,5,10000,A1,HOOI,4.243999999999687
0.004985461349125373,3,100,4999,5,10000,A2,HOOI,4.243999999999687
2.567061899267425,3,100,4999,5,10000,A3,HOOI,4.243999999999687
11.69616344019805,3,100,4999,5,10000,core,HOOI,4.243999999999687
1.5562963196328303,3,100,4999,5,10000,A1,Olga,2.3079999999999927
0.06534179899735576,3,100,4999,5,10000,A2,Olga,2.3079999999999927
3.020229760083769,3,100,4999,5,10000,A3,Tracy,2.3079999999999927
11.85866437293901,3,100,4999,5,10000,core,Tracy_Olga,2.3079999999999927
2.239341762587234,3,100,9982,5,10000,A1,NTD,308.2649999999994
2.4766803928359264,3,100,9982,5,10000,A2,NTD,308.2649999999994
9979.118941596316,3,100,9982,5,10000,A3,NTD,308.2649999999994
9.329889580923378,3,100,9982,5,10000,core,NTD,308.2649999999994
1.7850184775033342,3,100,9982,5,10000,A1,Ours,14.792999999999665
0.006035977766301866,3,100,9982,5,10000,A2,Ours,14.792999999999665
2.507618459889856,3,100,9982,5,10000,A3,Ours,14.792999999999665
12.940545632228655,3,100,9982,5,10000,core,Ours,14.792999999999665
1.7850184775033342,3,100,9982,5,10000,A1,HOSVD,2.920999999999367
0.006035977766301866,3,100,9982,5,10000,A2,HOSVD,2.920999999999367
2.4997904984992645,3,100,9982,5,10000,A3,HOSVD,2.920999999999367
12.940545632228657,3,100,9982,5,10000,core,HOSVD,2.920999999999367
1.7988842918365544,3,100,9982,5,10000,A1,HOOI,14.386999999999716
0.006075693157519342,3,100,9982,5,10000,A2,HOOI,14.386999999999716
2.5026693778295988,3,100,9982,5,10000,A3,HOOI,14.386999999999716
12.940545632228657,3,100,9982,5,10000,core,HOOI,14.386999999999716
1.5678283328567335,3,100,9982,5,10000,A1,Olga,6.068999999999505
0.11342897733157951,3,100,9982,5,10000,A2,Olga,6.068999999999505
2.897364479215347,3,100,9982,5,10000,A3,Tracy,6.068999999999505
11.578317707489383,3,100,9982,5,10000,core,Tracy_Olga,6.068999999999505
