error,K,Q1,R,Q2,M,mode,method,time
5.77233165387083,3,100,100,5,100,A1,NTD,4.164
0.027186842719494293,3,100,100,5,100,A2,NTD,4.164
97.0018250400703,3,100,100,5,100,A3,NTD,4.164
9.094133015152353,3,100,100,5,100,core,NTD,4.164
18.67369440846019,3,100,100,5,100,A1,Ours,2.997
0.15521830289085659,3,100,100,5,100,A2,Ours,2.997
0.21849802402704246,3,100,100,5,100,A3,Ours,2.997
12.134742600983111,3,100,100,5,100,core,Ours,2.997
18.67369440846019,3,100,100,5,100,A1,HOSVD,1.8019999999999996
0.15521830289085659,3,100,100,5,100,A2,HOSVD,1.8019999999999996
0.22220892895073663,3,100,100,5,100,A3,HOSVD,1.8019999999999996
12.130284214678595,3,100,100,5,100,core,HOSVD,1.8019999999999996
17.98334379817121,3,100,100,5,100,A1,HOOI,2.328000000000003
0.10376112268658619,3,100,100,5,100,A2,HOOI,2.328000000000003
0.21634007658850743,3,100,100,5,100,A3,HOOI,2.328000000000003
12.144247988540585,3,100,100,5,100,core,HOOI,2.328000000000003
15.354086412718205,3,100,100,5,100,A1,Olga,1.468
0.1975203743732979,3,100,100,5,100,A2,Olga,1.468
1.1025654797788293,3,100,100,5,100,A3,Tracy,1.468
9.358964975185614,3,100,100,5,100,core,Tracy_Olga,1.468
85.88727082535566,3,100,497,5,100,A1,NTD,21.449999999999996
2.0253454515350895,3,100,497,5,100,A2,NTD,21.449999999999996
494.26475401760206,3,100,497,5,100,A3,NTD,21.449999999999996
10.143939590044159,3,100,497,5,100,core,NTD,21.449999999999996
19.29793502843359,3,100,497,5,100,A1,Ours,2.7040000000000006
0.1072416126354103,3,100,497,5,100,A2,Ours,2.7040000000000006
2.8740773669956705,3,100,497,5,100,A3,Ours,2.7040000000000006
9.403667479529204,3,100,497,5,100,core,Ours,2.7040000000000006
19.29793502843359,3,100,497,5,100,A1,HOSVD,4.4040000000000035
0.1072416126354103,3,100,497,5,100,A2,HOSVD,4.4040000000000035
2.5488517621605826,3,100,497,5,100,A3,HOSVD,4.4040000000000035
11.130823469149066,3,100,497,5,100,core,HOSVD,4.4040000000000035
19.623232189220282,3,100,497,5,100,A1,HOOI,5.3530000000000015
0.10430149971897551,3,100,497,5,100,A2,HOOI,5.3530000000000015
2.569690276725508,3,100,497,5,100,A3,HOOI,5.3530000000000015
11.089192158166806,3,100,497,5,100,core,HOOI,5.3530000000000015
19.353130667860334,3,100,497,5,100,A1,Olga,2.7549999999999955
0.4081675319616428,3,100,497,5,100,A2,Olga,2.7549999999999955
2.977674933058808,3,100,497,5,100,A3,Tracy,2.7549999999999955
8.23938983386829,3,100,497,5,100,core,Tracy_Olga,2.7549999999999955
9.049208354086515,3,100,978,5,100,A1,NTD,38.56399999999999
4.0251925852696475,3,100,978,5,100,A2,NTD,38.56399999999999
975.2654090323116,3,100,978,5,100,A3,NTD,38.56399999999999
10.72374831105437,3,100,978,5,100,core,NTD,38.56399999999999
14.313453368891222,3,100,978,5,100,A1,Ours,11.094999999999999
0.08233768072704586,3,100,978,5,100,A2,Ours,11.094999999999999
4.078178074732998,3,100,978,5,100,A3,Ours,11.094999999999999
12.025877778123778,3,100,978,5,100,core,Ours,11.094999999999999
14.313453368891222,3,100,978,5,100,A1,HOSVD,9.677999999999997
0.08233768072704586,3,100,978,5,100,A2,HOSVD,9.677999999999997
2.5464098009569156,3,100,978,5,100,A3,HOSVD,9.677999999999997
9.39663092777702,3,100,978,5,100,core,HOSVD,9.677999999999997
15.367850163821247,3,100,978,5,100,A1,HOOI,10.960999999999999
0.13372770530871625,3,100,978,5,100,A2,HOOI,10.960999999999999
2.566865311118122,3,100,978,5,100,A3,HOOI,10.960999999999999
11.994258548314583,3,100,978,5,100,core,HOOI,10.960999999999999
22.38059001367809,3,100,978,5,100,A1,Olga,7.451999999999998
0.3210640763418783,3,100,978,5,100,A2,Olga,7.451999999999998
2.891542600621063,3,100,978,5,100,A3,Tracy,7.451999999999998
9.811026039805308,3,100,978,5,100,core,Tracy_Olga,7.451999999999998
63.4230326880856,3,100,2379,5,100,A1,NTD,90.59899999999999
2.0251968086677694,3,100,2379,5,100,A2,NTD,90.59899999999999
2376.3941701036947,3,100,2379,5,100,A3,NTD,90.59899999999999
12.65694630780829,3,100,2379,5,100,core,NTD,90.59899999999999
18.962319905120935,3,100,2379,5,100,A1,Ours,7.739000000000004
0.08445396744852049,3,100,2379,5,100,A2,Ours,7.739000000000004
5.357800028632526,3,100,2379,5,100,A3,Ours,7.739000000000004
10.124795691136386,3,100,2379,5,100,core,Ours,7.739000000000004
18.962319905120935,3,100,2379,5,100,A1,HOSVD,3.882000000000005
0.08445396744852049,3,100,2379,5,100,A2,HOSVD,3.882000000000005
2.605648168865205,3,100,2379,5,100,A3,HOSVD,3.882000000000005
8.198900638352947,3,100,2379,5,100,core,HOSVD,3.882000000000005
18.956004772922135,3,100,2379,5,100,A1,HOOI,4.893000000000001
0.04486758724368859,3,100,2379,5,100,A2,HOOI,4.893000000000001
3.5478192784079923,3,100,2379,5,100,A3,HOOI,4.893000000000001
9.98975146135116,3,100,2379,5,100,core,HOOI,4.893000000000001
24.99588832784345,3,100,2379,5,100,A1,Olga,3.413000000000011
0.15945724345838794,3,100,2379,5,100,A2,Olga,3.413000000000011
2.965097675347855,3,100,2379,5,100,A3,Tracy,3.413000000000011
9.662115364831063,3,100,2379,5,100,core,Tracy_Olga,3.413000000000011
95.96642132270962,3,100,4517,5,100,A1,NTD,153.56499999999997
2.0251936539608284,3,100,4517,5,100,A2,NTD,153.56499999999997
4514.512643012135,3,100,4517,5,100,A3,NTD,153.56499999999997
11.617489314573284,3,100,4517,5,100,core,NTD,153.56499999999997
18.57065211729048,3,100,4517,5,100,A1,Ours,6.067000000000007
0.1246263706577929,3,100,4517,5,100,A2,Ours,6.067000000000007
5.322362019500181,3,100,4517,5,100,A3,Ours,6.067000000000007
8.378817926737861,3,100,4517,5,100,core,Ours,6.067000000000007
18.57065211729048,3,100,4517,5,100,A1,HOSVD,7.638000000000034
0.1246263706577929,3,100,4517,5,100,A2,HOSVD,7.638000000000034
2.6995261612732984,3,100,4517,5,100,A3,HOSVD,7.638000000000034
8.024714015633633,3,100,4517,5,100,core,HOSVD,7.638000000000034
18.345613284823127,3,100,4517,5,100,A1,HOOI,18.897999999999968
0.10567591448421637,3,100,4517,5,100,A2,HOOI,18.897999999999968
3.810203264654075,3,100,4517,5,100,A3,HOOI,18.897999999999968
10.99961230778945,3,100,4517,5,100,core,HOOI,18.897999999999968
42.857653833533206,3,100,4517,5,100,A1,Olga,16.172000000000025
1.2608598153083144,3,100,4517,5,100,A2,Olga,16.172000000000025
3.0962818125461284,3,100,4517,5,100,A3,Tracy,16.172000000000025
10.537976313007462,3,100,4517,5,100,core,Tracy_Olga,16.172000000000025
102.59337699250878,3,100,5312,5,100,A1,NTD,189.036
4.000110416731094,3,100,5312,5,100,A2,NTD,189.036
5309.565229735982,3,100,5312,5,100,A3,NTD,189.036
10.639182453309303,3,100,5312,5,100,core,NTD,189.036
15.710925128829427,3,100,5312,5,100,A1,Ours,6.350999999999999
0.20066480646830165,3,100,5312,5,100,A2,Ours,6.350999999999999
5.186391050544162,3,100,5312,5,100,A3,Ours,6.350999999999999
13.43650679892047,3,100,5312,5,100,core,Ours,6.350999999999999
15.710925128829427,3,100,5312,5,100,A1,HOSVD,1.8880000000000337
0.20066480646830165,3,100,5312,5,100,A2,HOSVD,1.8880000000000337
3.819077227471492,3,100,5312,5,100,A3,HOSVD,1.8880000000000337
11.05503576625647,3,100,5312,5,100,core,HOSVD,1.8880000000000337
16.052037171924944,3,100,5312,5,100,A1,HOOI,6.12399999999991
0.15766470103886707,3,100,5312,5,100,A2,HOOI,6.12399999999991
3.8344334243083766,3,100,5312,5,100,A3,HOOI,6.12399999999991
9.05869155560982,3,100,5312,5,100,core,HOOI,6.12399999999991
87.73360934516451,3,100,5312,5,100,A1,Olga,3.0990000000000464
0.7218739604446427,3,100,5312,5,100,A2,Olga,3.0990000000000464
4.9609456732052255,3,100,5312,5,100,A3,Tracy,3.0990000000000464
9.812512667634298,3,100,5312,5,100,core,Tracy_Olga,3.0990000000000464
124.53911775379291,3,100,6050,5,100,A1,NTD,212.577
4.025198201970567,3,100,6050,5,100,A2,NTD,212.577
6047.548422005048,3,100,6050,5,100,A3,NTD,212.577
10.415652239376977,3,100,6050,5,100,core,NTD,212.577
18.5118690062851,3,100,6050,5,100,A1,Ours,6.341000000000008
0.04690733524027992,3,100,6050,5,100,A2,Ours,6.341000000000008
5.268472805384694,3,100,6050,5,100,A3,Ours,6.341000000000008
8.060962805594329,3,100,6050,5,100,core,Ours,6.341000000000008
18.5118690062851,3,100,6050,5,100,A1,HOSVD,2.0079999999999245
0.04690733524027992,3,100,6050,5,100,A2,HOSVD,2.0079999999999245
4.222001328103194,3,100,6050,5,100,A3,HOSVD,2.0079999999999245
10.324296756650055,3,100,6050,5,100,core,HOSVD,2.0079999999999245
18.363023236293767,3,100,6050,5,100,A1,HOOI,7.625999999999976
0.05350086717405464,3,100,6050,5,100,A2,HOOI,7.625999999999976
4.186830185080036,3,100,6050,5,100,A3,HOOI,7.625999999999976
11.621846260528466,3,100,6050,5,100,core,HOOI,7.625999999999976
119.84446547841156,3,100,6792,5,100,A1,NTD,215.27099999999996
2.025085401468411,3,100,6792,5,100,A2,NTD,215.27099999999996
6789.606649415424,3,100,6792,5,100,A3,NTD,215.27099999999996
10.075494975007624,3,100,6792,5,100,core,NTD,215.27099999999996
15.405375754197198,3,100,6792,5,100,A1,Ours,12.209999999999809
0.07374071693455064,3,100,6792,5,100,A2,Ours,12.209999999999809
5.357474541400195,3,100,6792,5,100,A3,Ours,12.209999999999809
10.47604444945278,3,100,6792,5,100,core,Ours,12.209999999999809
15.405375754197198,3,100,6792,5,100,A1,HOSVD,9.088000000000193
0.07374071693455064,3,100,6792,5,100,A2,HOSVD,9.088000000000193
3.890351039650447,3,100,6792,5,100,A3,HOSVD,9.088000000000193
10.013941515903966,3,100,6792,5,100,core,HOSVD,9.088000000000193
15.035733760858097,3,100,6792,5,100,A1,HOOI,10.319999999999936
0.05815355192433558,3,100,6792,5,100,A2,HOOI,10.319999999999936
3.8009708901090744,3,100,6792,5,100,A3,HOOI,10.319999999999936
9.989992362761626,3,100,6792,5,100,core,HOOI,10.319999999999936
77.72489600720625,3,100,6792,5,100,A1,Olga,8.989000000000033
0.734144986907406,3,100,6792,5,100,A2,Olga,8.989000000000033
4.972168169328843,3,100,6792,5,100,A3,Tracy,8.989000000000033
11.982377347058067,3,100,6792,5,100,core,Tracy_Olga,8.989000000000033
105.91964327085789,3,100,7511,5,100,A1,NTD,238.7739999999999
4.000099933714784,3,100,7511,5,100,A2,NTD,238.7739999999999
7508.610482957951,3,100,7511,5,100,A3,NTD,238.7739999999999
10.950756693212137,3,100,7511,5,100,core,NTD,238.7739999999999
20.773775796814487,3,100,7511,5,100,A1,Ours,9.130999999999858
0.2451166163183361,3,100,7511,5,100,A2,Ours,9.130999999999858
5.368057846735255,3,100,7511,5,100,A3,Ours,9.130999999999858
10.124800888900504,3,100,7511,5,100,core,Ours,9.130999999999858
68.440585178787,3,100,7511,5,100,A1,Olga,4.225999999999885
1.3054145801853443,3,100,7511,5,100,A2,Olga,4.225999999999885
3.232468141689505,3,100,7511,5,100,A3,Tracy,4.225999999999885
12.991933323952995,3,100,7511,5,100,core,Tracy_Olga,4.225999999999885
104.32811844735016,3,100,8217,5,100,A1,NTD,263.4630000000002
4.024952865411587,3,100,8217,5,100,A2,NTD,263.4630000000002
8214.571547867281,3,100,8217,5,100,A3,NTD,263.4630000000002
10.040921697570294,3,100,8217,5,100,core,NTD,263.4630000000002
21.56151402848537,3,100,8217,5,100,A1,Ours,16.358999999999924
0.16384950800324202,3,100,8217,5,100,A2,Ours,16.358999999999924
5.333173313614767,3,100,8217,5,100,A3,Ours,16.358999999999924
8.017332993583194,3,100,8217,5,100,core,Ours,16.358999999999924
21.56151402848537,3,100,8217,5,100,A1,HOSVD,10.90099999999984
0.16384950800324202,3,100,8217,5,100,A2,HOSVD,10.90099999999984
2.8643999905765787,3,100,8217,5,100,A3,HOSVD,10.90099999999984
8.182198510585337,3,100,8217,5,100,core,HOSVD,10.90099999999984
21.926105925727015,3,100,8217,5,100,A1,HOOI,22.01299999999992
0.19870647849783654,3,100,8217,5,100,A2,HOOI,22.01299999999992
3.883021867822691,3,100,8217,5,100,A3,HOOI,22.01299999999992
11.62183743461447,3,100,8217,5,100,core,HOOI,22.01299999999992
73.17809221705463,3,100,8217,5,100,A1,Olga,20.139999999999873
4.237056992850594,3,100,8217,5,100,A2,Olga,20.139999999999873
3.2968844094832277,3,100,8217,5,100,A3,Tracy,20.139999999999873
10.164256037804915,3,100,8217,5,100,core,Tracy_Olga,20.139999999999873
2.5517067862678378,3,100,100,5,3000,A1,NTD,3.4269999999999072
2.0802819064366265,3,100,100,5,3000,A2,NTD,3.4269999999999072
97.00018411213702,3,100,100,5,3000,A3,NTD,3.4269999999999072
8.476361579991908,3,100,100,5,3000,core,NTD,3.4269999999999072
3.2829452544615787,3,100,100,5,3000,A1,Ours,5.61200000000008
0.01562152108945413,3,100,100,5,3000,A2,Ours,5.61200000000008
0.03728371234246065,3,100,100,5,3000,A3,Ours,5.61200000000008
12.381104118320197,3,100,100,5,3000,core,Ours,5.61200000000008
3.2829452544615787,3,100,100,5,3000,A1,HOSVD,4.596000000000004
0.01562152108945413,3,100,100,5,3000,A2,HOSVD,4.596000000000004
0.037283081756106735,3,100,100,5,3000,A3,HOSVD,4.596000000000004
12.381103475813223,3,100,100,5,3000,core,HOSVD,4.596000000000004
3.2975728062258156,3,100,100,5,3000,A1,HOOI,5.738000000000056
0.014693719760957718,3,100,100,5,3000,A2,HOOI,5.738000000000056
0.03728310434055848,3,100,100,5,3000,A3,HOOI,5.738000000000056
12.38243052602177,3,100,100,5,3000,core,HOOI,5.738000000000056
3.198062300595939,3,100,100,5,3000,A1,Olga,7.273999999999887
0.006347851021664454,3,100,100,5,3000,A2,Olga,7.273999999999887
1.0762146630074532,3,100,100,5,3000,A3,Tracy,7.273999999999887
13.103338794125255,3,100,100,5,3000,core,Tracy_Olga,7.273999999999887
3.06028622146947,3,100,500,5,3000,A1,NTD,13.805000000000064
0.12004301796073347,3,100,500,5,3000,A2,NTD,13.805000000000064
497.0001642606995,3,100,500,5,3000,A3,NTD,13.805000000000064
12.874349529162865,3,100,500,5,3000,core,NTD,13.805000000000064
2.8700033999151806,3,100,500,5,3000,A1,Ours,6.75
0.03161160334036739,3,100,500,5,3000,A2,Ours,6.75
0.07880618292260755,3,100,500,5,3000,A3,Ours,6.75
12.36935450767739,3,100,500,5,3000,core,Ours,6.75
2.8700033999151806,3,100,500,5,3000,A1,HOSVD,6.462999999999965
0.03161160334036739,3,100,500,5,3000,A2,HOSVD,6.462999999999965
0.07889592505694505,3,100,500,5,3000,A3,HOSVD,6.462999999999965
12.369259257497736,3,100,500,5,3000,core,HOSVD,6.462999999999965
2.8458353018021323,3,100,500,5,3000,A1,HOOI,4.6599999999998545
0.029880667259964,3,100,500,5,3000,A2,HOOI,4.6599999999998545
0.0784883621643842,3,100,500,5,3000,A3,HOOI,4.6599999999998545
12.367410559663261,3,100,500,5,3000,core,HOOI,4.6599999999998545
2.9143658059996587,3,100,500,5,3000,A1,Olga,7.480000000000018
0.015721354527967375,3,100,500,5,3000,A2,Olga,7.480000000000018
1.278146395612797,3,100,500,5,3000,A3,Tracy,7.480000000000018
13.128891488570742,3,100,500,5,3000,core,Tracy_Olga,7.480000000000018
3.3723365554398548,3,100,1000,5,3000,A1,NTD,32.86200000000008
0.999180990466834,3,100,1000,5,3000,A2,NTD,32.86200000000008
997.0002896783582,3,100,1000,5,3000,A3,NTD,32.86200000000008
11.970425779334006,3,100,1000,5,3000,core,NTD,32.86200000000008
4.654977449731185,3,100,1000,5,3000,A1,Ours,4.326999999999998
0.021902485676199995,3,100,1000,5,3000,A2,Ours,4.326999999999998
0.19754127310773303,3,100,1000,5,3000,A3,Ours,4.326999999999998
9.30221353970503,3,100,1000,5,3000,core,Ours,4.326999999999998
4.654977449731185,3,100,1000,5,3000,A1,HOSVD,2.310999999999922
0.021902485676199995,3,100,1000,5,3000,A2,HOSVD,2.310999999999922
0.19666252553171087,3,100,1000,5,3000,A3,HOSVD,2.310999999999922
9.301675058338546,3,100,1000,5,3000,core,HOSVD,2.310999999999922
4.687006183857342,3,100,1000,5,3000,A1,HOOI,1.125
0.01976072408520662,3,100,1000,5,3000,A2,HOOI,1.125
0.19545374749000585,3,100,1000,5,3000,A3,HOOI,1.125
9.301315224704688,3,100,1000,5,3000,core,HOOI,1.125
3.491961316137561,3,100,1000,5,3000,A1,Olga,0.7980000000000018
0.018805689721838444,3,100,1000,5,3000,A2,Olga,0.7980000000000018
1.3725164600451707,3,100,1000,5,3000,A3,Tracy,0.7980000000000018
9.375894817759633,3,100,1000,5,3000,core,Tracy_Olga,0.7980000000000018
2.9173516062023386,3,100,2497,5,3000,A1,NTD,85.20100000000002
3.430219078107504,3,100,2497,5,3000,A2,NTD,85.20100000000002
2494.0513973042516,3,100,2497,5,3000,A3,NTD,85.20100000000002
11.86113115896017,3,100,2497,5,3000,core,NTD,85.20100000000002
3.4097436665394865,3,100,2497,5,3000,A1,Ours,2.1639999999999873
0.025292980815597214,3,100,2497,5,3000,A2,Ours,2.1639999999999873
2.5392427039522665,3,100,2497,5,3000,A3,Ours,2.1639999999999873
7.635755908957035,3,100,2497,5,3000,core,Ours,2.1639999999999873
3.4097436665394865,3,100,2497,5,3000,A1,HOSVD,0.8700000000001182
0.025292980815597214,3,100,2497,5,3000,A2,HOSVD,0.8700000000001182
2.536163600588736,3,100,2497,5,3000,A3,HOSVD,0.8700000000001182
7.634751314593394,3,100,2497,5,3000,core,HOSVD,0.8700000000001182
3.425689089044544,3,100,2497,5,3000,A1,HOOI,2.2789999999999964
0.02578853467638971,3,100,2497,5,3000,A2,HOOI,2.2789999999999964
2.5350157964750366,3,100,2497,5,3000,A3,HOOI,2.2789999999999964
7.634597667485231,3,100,2497,5,3000,core,HOOI,2.2789999999999964
3.1952890212945677,3,100,2497,5,3000,A1,Olga,1.4849999999999
0.021887550382444342,3,100,2497,5,3000,A2,Olga,1.4849999999999
2.998190570623615,3,100,2497,5,3000,A3,Tracy,1.4849999999999
12.670630873126266,3,100,2497,5,3000,core,Tracy_Olga,1.4849999999999
1.5024633092368163,3,100,4984,5,3000,A1,NTD,177.3599999999999
1.1873181954100749,3,100,4984,5,3000,A2,NTD,177.3599999999999
4981.040216619022,3,100,4984,5,3000,A3,NTD,177.3599999999999
10.459939334620453,3,100,4984,5,3000,core,NTD,177.3599999999999
3.750199215978202,3,100,4984,5,3000,A1,Ours,5.279999999999745
0.019817939097946935,3,100,4984,5,3000,A2,Ours,5.279999999999745
2.5296756104522906,3,100,4984,5,3000,A3,Ours,5.279999999999745
8.042836046638216,3,100,4984,5,3000,core,Ours,5.279999999999745
3.750199215978202,3,100,4984,5,3000,A1,HOSVD,1.8449999999998
0.019817939097946935,3,100,4984,5,3000,A2,HOSVD,1.8449999999998
2.508159319851108,3,100,4984,5,3000,A3,HOSVD,1.8449999999998
8.039595835208337,3,100,4984,5,3000,core,HOSVD,1.8449999999998
3.7516209137846905,3,100,4984,5,3000,A1,HOOI,4.458000000000084
0.017924441473863666,3,100,4984,5,3000,A2,HOOI,4.458000000000084
2.5113804285451553,3,100,4984,5,3000,A3,HOOI,4.458000000000084
8.02752709596193,3,100,4984,5,3000,core,HOOI,4.458000000000084
3.002454425020561,3,100,4984,5,3000,A1,Olga,2.3510000000001128
0.047968284676471705,3,100,4984,5,3000,A2,Olga,2.3510000000001128
2.9329778575258887,3,100,4984,5,3000,A3,Tracy,2.3510000000001128
10.0657594017153,3,100,4984,5,3000,core,Tracy_Olga,2.3510000000001128
1.9646556958560064,3,100,5979,5,3000,A1,NTD,192.65599999999995
0.01597081509534535,3,100,5979,5,3000,A2,NTD,192.65599999999995
5976.064425686576,3,100,5979,5,3000,A3,NTD,192.65599999999995
9.540392210618553,3,100,5979,5,3000,core,NTD,192.65599999999995
4.911123185520444,3,100,5979,5,3000,A1,Ours,6.300000000000182
0.013928524923568036,3,100,5979,5,3000,A2,Ours,6.300000000000182
2.537575113573129,3,100,5979,5,3000,A3,Ours,6.300000000000182
9.319604323210028,3,100,5979,5,3000,core,Ours,6.300000000000182
4.911123185520444,3,100,5979,5,3000,A1,HOSVD,1.8619999999996253
0.013928524923568036,3,100,5979,5,3000,A2,HOSVD,1.8619999999996253
2.5076357590566216,3,100,5979,5,3000,A3,HOSVD,1.8619999999996253
9.33534784849394,3,100,5979,5,3000,core,HOSVD,1.8619999999996253
4.929956867900392,3,100,5979,5,3000,A1,HOOI,7.58199999999988
0.014903354424051657,3,100,5979,5,3000,A2,HOOI,7.58199999999988
2.5067447561561798,3,100,5979,5,3000,A3,HOOI,7.58199999999988
9.319835004578199,3,100,5979,5,3000,core,HOOI,7.58199999999988
3.3153221998568143,3,100,5979,5,3000,A1,Olga,5.708999999999833
0.01575775866283834,3,100,5979,5,3000,A2,Olga,5.708999999999833
2.920911300512264,3,100,5979,5,3000,A3,Tracy,5.708999999999833
13.159913555507568,3,100,5979,5,3000,core,Tracy_Olga,5.708999999999833
1.6433395268498496,3,100,6967,5,3000,A1,NTD,224.84000000000015
1.0559282033190533,3,100,6967,5,3000,A2,NTD,224.84000000000015
6964.063267399188,3,100,6967,5,3000,A3,NTD,224.84000000000015
13.256455669854677,3,100,6967,5,3000,core,NTD,224.84000000000015
2.854951078819335,3,100,6967,5,3000,A1,Ours,7.8849999999997635
0.008214198571962568,3,100,6967,5,3000,A2,Ours,7.8849999999997635
2.528371525175784,3,100,6967,5,3000,A3,Ours,7.8849999999997635
13.238632719813355,3,100,6967,5,3000,core,Ours,7.8849999999997635
2.854951078819335,3,100,6967,5,3000,A1,HOSVD,2.3339999999998327
0.008214198571962568,3,100,6967,5,3000,A2,HOSVD,2.3339999999998327
2.487884537078064,3,100,6967,5,3000,A3,HOSVD,2.3339999999998327
12.514456404212243,3,100,6967,5,3000,core,HOSVD,2.3339999999998327
2.8647377162857897,3,100,6967,5,3000,A1,HOOI,5.90099999999984
0.007873774775767239,3,100,6967,5,3000,A2,HOOI,5.90099999999984
2.4880640248357935,3,100,6967,5,3000,A3,HOOI,5.90099999999984
12.504087590075862,3,100,6967,5,3000,core,HOOI,5.90099999999984
2.9474352173183376,3,100,6967,5,3000,A1,Olga,3.4739999999997053
0.005389106784303727,3,100,6967,5,3000,A2,Olga,3.4739999999997053
2.89475753707286,3,100,6967,5,3000,A3,Tracy,3.4739999999997053
13.159799153166231,3,100,6967,5,3000,core,Tracy_Olga,3.4739999999997053
1.917609207311125,3,100,7966,5,3000,A1,NTD,243.49400000000014
2.20233732554999,3,100,7966,5,3000,A2,NTD,243.49400000000014
7963.058323024315,3,100,7966,5,3000,A3,NTD,243.49400000000014
11.08177780945922,3,100,7966,5,3000,core,NTD,243.49400000000014
4.69940098327211,3,100,7966,5,3000,A1,Ours,9.028999999999996
0.022661092374576138,3,100,7966,5,3000,A2,Ours,9.028999999999996
2.54430582252594,3,100,7966,5,3000,A3,Ours,9.028999999999996
13.21065051953882,3,100,7966,5,3000,core,Ours,9.028999999999996
4.69940098327211,3,100,7966,5,3000,A1,HOSVD,2.475000000000364
0.022661092374576138,3,100,7966,5,3000,A2,HOSVD,2.475000000000364
2.491239927585635,3,100,7966,5,3000,A3,HOSVD,2.475000000000364
13.204940406610161,3,100,7966,5,3000,core,HOSVD,2.475000000000364
4.690243974271273,3,100,7966,5,3000,A1,HOOI,7.21100000000024
0.02308251142938488,3,100,7966,5,3000,A2,HOOI,7.21100000000024
2.4980456921973664,3,100,7966,5,3000,A3,HOOI,7.21100000000024
13.18522470738234,3,100,7966,5,3000,core,HOOI,7.21100000000024
3.800398976564998,3,100,7966,5,3000,A1,Olga,4.764000000000124
0.04560710378277291,3,100,7966,5,3000,A2,Olga,4.764000000000124
2.899042582632206,3,100,7966,5,3000,A3,Tracy,4.764000000000124
13.168538493545908,3,100,7966,5,3000,core,Tracy_Olga,4.764000000000124
1.4794499000767733,3,100,8949,5,3000,A1,NTD,285.00400000000036
0.024012680523011587,3,100,8949,5,3000,A2,NTD,285.00400000000036
8946.072401611074,3,100,8949,5,3000,A3,NTD,285.00400000000036
12.97709260987742,3,100,8949,5,3000,core,NTD,285.00400000000036
4.1267999189817575,3,100,8949,5,3000,A1,Ours,11.902000000000044
0.013708248978399173,3,100,8949,5,3000,A2,Ours,11.902000000000044
2.5665475733189123,3,100,8949,5,3000,A3,Ours,11.902000000000044
13.200394608089182,3,100,8949,5,3000,core,Ours,11.902000000000044
4.1267999189817575,3,100,8949,5,3000,A1,HOSVD,3.311000000000149
0.013708248978399173,3,100,8949,5,3000,A2,HOSVD,3.311000000000149
2.4992861072921615,3,100,8949,5,3000,A3,HOSVD,3.311000000000149
12.472220213799094,3,100,8949,5,3000,core,HOSVD,3.311000000000149
4.109517908633879,3,100,8949,5,3000,A1,HOOI,9.498000000000047
0.013409362938697596,3,100,8949,5,3000,A2,HOOI,9.498000000000047
2.5051731368800203,3,100,8949,5,3000,A3,HOOI,9.498000000000047
13.173106615805727,3,100,8949,5,3000,core,HOOI,9.498000000000047
4.519819378581471,3,100,8949,5,3000,A1,Olga,5.773000000000138
0.015646036714805956,3,100,8949,5,3000,A2,Olga,5.773000000000138
2.914967764123772,3,100,8949,5,3000,A3,Tracy,5.773000000000138
9.401897446043376,3,100,8949,5,3000,core,Tracy_Olga,5.773000000000138
11.270660976542695,3,100,9931,5,3000,A1,NTD,324.43799999999965
2.0001301244265584,3,100,9931,5,3000,A2,NTD,324.43799999999965
9928.085379312388,3,100,9931,5,3000,A3,NTD,324.43799999999965
12.928270131457047,3,100,9931,5,3000,core,NTD,324.43799999999965
5.820009955839526,3,100,9931,5,3000,A1,Ours,13.980999999999767
0.008806428584392999,3,100,9931,5,3000,A2,Ours,13.980999999999767
2.579819981667706,3,100,9931,5,3000,A3,Ours,13.980999999999767
13.2097074609844,3,100,9931,5,3000,core,Ours,13.980999999999767
5.820009955839526,3,100,9931,5,3000,A1,HOSVD,4.074999999999818
0.008806428584392999,3,100,9931,5,3000,A2,HOSVD,4.074999999999818
2.4960781305670254,3,100,9931,5,3000,A3,HOSVD,4.074999999999818
12.477205143794132,3,100,9931,5,3000,core,HOSVD,4.074999999999818
5.52401129508117,3,100,9931,5,3000,A1,HOOI,13.866999999999734
0.008294366310632368,3,100,9931,5,3000,A2,HOOI,13.866999999999734
3.6599397867188035,3,100,9931,5,3000,A3,HOOI,13.866999999999734
14.703169171034714,3,100,9931,5,3000,core,HOOI,13.866999999999734
3.4373850188272206,3,100,9931,5,3000,A1,Olga,13.34900000000016
0.025914441206628534,3,100,9931,5,3000,A2,Olga,13.34900000000016
2.925808290369305,3,100,9931,5,3000,A3,Tracy,13.34900000000016
13.203143703368928,3,100,9931,5,3000,core,Tracy_Olga,13.34900000000016
2.907077764160742,3,100,100,5,10000,A1,NTD,3.7960000000002765
2.3363125361167563,3,100,100,5,10000,A2,NTD,3.7960000000002765
97.00001729581041,3,100,100,5,10000,A3,NTD,3.7960000000002765
12.978100323711033,3,100,100,5,10000,core,NTD,3.7960000000002765
1.6105113891995202,3,100,100,5,10000,A1,Ours,2.456000000000131
0.0062668200999141,3,100,100,5,10000,A2,Ours,2.456000000000131
0.020144245066826112,3,100,100,5,10000,A3,Ours,2.456000000000131
12.359200683631842,3,100,100,5,10000,core,Ours,2.456000000000131
1.6105113891995202,3,100,100,5,10000,A1,HOSVD,4.649999999999636
0.0062668200999141,3,100,100,5,10000,A2,HOSVD,4.649999999999636
0.02014435568495044,3,100,100,5,10000,A3,HOSVD,4.649999999999636
12.3592002912774,3,100,100,5,10000,core,HOSVD,4.649999999999636
1.6097225843116887,3,100,100,5,10000,A1,HOOI,5.067000000000007
0.005971716995930687,3,100,100,5,10000,A2,HOOI,5.067000000000007
0.020106532997331488,3,100,100,5,10000,A3,HOOI,5.067000000000007
12.359266655678496,3,100,100,5,10000,core,HOOI,5.067000000000007
1.4702743518058596,3,100,100,5,10000,A1,Olga,6.751999999999953
0.006691067799216574,3,100,100,5,10000,A2,Olga,6.751999999999953
1.0787869426790175,3,100,100,5,10000,A3,Tracy,6.751999999999953
13.097386015235553,3,100,100,5,10000,core,Tracy_Olga,6.751999999999953
3.084395357961967,3,100,500,5,10000,A1,NTD,14.179999999999836
0.9561536624640596,3,100,500,5,10000,A2,NTD,14.179999999999836
497.0000446521638,3,100,500,5,10000,A3,NTD,14.179999999999836
13.456976523400511,3,100,500,5,10000,core,NTD,14.179999999999836
1.8369755950943367,3,100,500,5,10000,A1,Ours,7.069000000000415
0.011291093210737319,3,100,500,5,10000,A2,Ours,7.069000000000415
0.044852440549216666,3,100,500,5,10000,A3,Ours,7.069000000000415
12.368009778743378,3,100,500,5,10000,core,Ours,7.069000000000415
1.8369755950943367,3,100,500,5,10000,A1,HOSVD,5.288000000000011
0.011291093210737319,3,100,500,5,10000,A2,HOSVD,5.288000000000011
0.04485130446795088,3,100,500,5,10000,A3,HOSVD,5.288000000000011
12.367997341053037,3,100,500,5,10000,core,HOSVD,5.288000000000011
1.834508850996629,3,100,500,5,10000,A1,HOOI,7.303000000000338
0.01146608160314918,3,100,500,5,10000,A2,HOOI,7.303000000000338
0.04481378326551463,3,100,500,5,10000,A3,HOOI,7.303000000000338
12.368310174384126,3,100,500,5,10000,core,HOOI,7.303000000000338
1.495668725331483,3,100,500,5,10000,A1,Olga,9.437000000000353
0.009008692265107391,3,100,500,5,10000,A2,Olga,9.437000000000353
1.2783366488185008,3,100,500,5,10000,A3,Tracy,9.437000000000353
13.141956899202809,3,100,500,5,10000,core,Tracy_Olga,9.437000000000353
2.8608562614281814,3,100,1000,5,10000,A1,NTD,30.881000000000313
1.362565101954302,3,100,1000,5,10000,A2,NTD,30.881000000000313
997.0000568354325,3,100,1000,5,10000,A3,NTD,30.881000000000313
13.745990947487252,3,100,1000,5,10000,core,NTD,30.881000000000313
1.945638076051924,3,100,1000,5,10000,A1,Ours,6.80199999999968
0.008236010268191681,3,100,1000,5,10000,A2,Ours,6.80199999999968
0.07123157077859449,3,100,1000,5,10000,A3,Ours,6.80199999999968
12.386148122283203,3,100,1000,5,10000,core,Ours,6.80199999999968
1.945638076051924,3,100,1000,5,10000,A1,HOSVD,9.039999999999964
0.008236010268191681,3,100,1000,5,10000,A2,HOSVD,9.039999999999964
0.07118475441697611,3,100,1000,5,10000,A3,HOSVD,9.039999999999964
12.385837086691714,3,100,1000,5,10000,core,HOSVD,9.039999999999964
1.9383045108409522,3,100,1000,5,10000,A1,HOOI,6.690000000000055
0.0072684427787685175,3,100,1000,5,10000,A2,HOOI,6.690000000000055
0.07108233310804504,3,100,1000,5,10000,A3,HOOI,6.690000000000055
12.385455974020664,3,100,1000,5,10000,core,HOOI,6.690000000000055
1.6960720422934361,3,100,1000,5,10000,A1,Olga,9.1590000000001055
0.009739414795310333,3,100,1000,5,10000,A2,Olga,9.1590000000001055
1.346700094802312,3,100,1000,5,10000,A3,Tracy,9.1590000000001055
13.132968326543725,3,100,1000,5,10000,core,Tracy_Olga,9.1590000000001055
11.708872728216793,3,100,2500,5,10000,A1,NTD,96.26399999999967
0.691703048420741,3,100,2500,5,10000,A2,NTD,96.26399999999967
2497.0001638576346,3,100,2500,5,10000,A3,NTD,96.26399999999967
13.806080709046633,3,100,2500,5,10000,core,NTD,96.26399999999967
2.311541363069947,3,100,2500,5,10000,A1,Ours,2.556999999999789
0.010193955538739596,3,100,2500,5,10000,A2,Ours,2.556999999999789
0.37785857406814327,3,100,2500,5,10000,A3,Ours,2.556999999999789
12.423916104863334,3,100,2500,5,10000,core,Ours,2.556999999999789
2.311541363069947,3,100,2500,5,10000,A1,HOSVD,2.10799999999972
0.010193955538739596,3,100,2500,5,10000,A2,HOSVD,2.10799999999972
0.37738792114249514,3,100,2500,5,10000,A3,HOSVD,2.10799999999972
12.42245126363858,3,100,2500,5,10000,core,HOSVD,2.10799999999972
2.3067670219219303,3,100,2500,5,10000,A1,HOOI,3.15099999999984
0.009920917996735031,3,100,2500,5,10000,A2,HOOI,3.15099999999984
0.3768891034867389,3,100,2500,5,10000,A3,HOOI,3.15099999999984
12.423945739836551,3,100,2500,5,10000,core,HOOI,3.15099999999984
1.0684313434289274,3,100,2500,5,10000,A1,Olga,1.3539999999998145
0.008526621600888068,3,100,2500,5,10000,A2,Olga,1.3539999999998145
1.4531972281090406,3,100,2500,5,10000,A3,Tracy,1.3539999999998145
13.114789462152729,3,100,2500,5,10000,core,Tracy_Olga,1.3539999999998145
2.9210507687919076,3,100,4995,5,10000,A1,NTD,192.10300000000007
1.5223853700199776,3,100,4995,5,10000,A2,NTD,192.10300000000007
4992.019179702616,3,100,4995,5,10000,A3,NTD,192.10300000000007
12.88376521310846,3,100,4995,5,10000,core,NTD,192.10300000000007
2.240920477143261,3,100,4995,5,10000,A1,Ours,5.414999999999964
0.005390942661831852,3,100,4995,5,10000,A2,Ours,5.414999999999964
2.5401067107666053,3,100,4995,5,10000,A3,Ours,5.414999999999964
13.215293292672236,3,100,4995,5,10000,core,Ours,5.414999999999964
2.240920477143261,3,100,4995,5,10000,A1,HOSVD,1.6080000000001746
0.005390942661831852,3,100,4995,5,10000,A2,HOSVD,1.6080000000001746
2.5382232158817306,3,100,4995,5,10000,A3,HOSVD,1.6080000000001746
13.215306276317822,3,100,4995,5,10000,core,HOSVD,1.6080000000001746
2.2308558841943604,3,100,4995,5,10000,A1,HOOI,4.635999999999967
0.006139532735884359,3,100,4995,5,10000,A2,HOOI,4.635999999999967
2.536377171550995,3,100,4995,5,10000,A3,HOOI,4.635999999999967
13.211399849291443,3,100,4995,5,10000,core,HOOI,4.635999999999967
1.5589387463528923,3,100,4995,5,10000,A1,Olga,2.782000000000153
0.004126865358136726,3,100,4995,5,10000,A2,Olga,2.782000000000153
2.942726788895069,3,100,4995,5,10000,A3,Tracy,2.782000000000153
13.210824195593416,3,100,4995,5,10000,core,Tracy_Olga,2.782000000000153
3.009582418723224,3,100,5995,5,10000,A1,NTD,199.30400000000054
0.605646457848397,3,100,5995,5,10000,A2,NTD,199.30400000000054
5992.02332906245,3,100,5995,5,10000,A3,NTD,199.30400000000054
8.489406426706388,3,100,5995,5,10000,core,NTD,199.30400000000054
2.056638096889295,3,100,5995,5,10000,A1,Ours,6.350000000000364
0.004449262655937865,3,100,5995,5,10000,A2,Ours,6.350000000000364
2.5887558710847935,3,100,5995,5,10000,A3,Ours,6.350000000000364
13.457316629808162,3,100,5995,5,10000,core,Ours,6.350000000000364
2.056638096889295,3,100,5995,5,10000,A1,HOSVD,2.167000000000371
0.004449262655937865,3,100,5995,5,10000,A2,HOSVD,2.167000000000371
2.58577026889827,3,100,5995,5,10000,A3,HOSVD,2.167000000000371
13.455948491216802,3,100,5995,5,10000,core,HOSVD,2.167000000000371
2.0541004842009953,3,100,5995,5,10000,A1,HOOI,5.583000000000538
0.004005177603855935,3,100,5995,5,10000,A2,HOOI,5.583000000000538
2.583867183179843,3,100,5995,5,10000,A3,HOOI,5.583000000000538
13.439621864172782,3,100,5995,5,10000,core,HOOI,5.583000000000538
1.2124983531118163,3,100,5995,5,10000,A1,Olga,3.027999999999338
0.007688867236270717,3,100,5995,5,10000,A2,Olga,3.027999999999338
2.9397446620388155,3,100,5995,5,10000,A3,Tracy,3.027999999999338
13.182722855534093,3,100,5995,5,10000,core,Tracy_Olga,3.027999999999338
3.884398479760417,3,100,6996,5,10000,A1,NTD,222.70000000000073
0.34301813961442823,3,100,6996,5,10000,A2,NTD,222.70000000000073
6993.023963270256,3,100,6996,5,10000,A3,NTD,222.70000000000073
11.542554398337698,3,100,6996,5,10000,core,NTD,222.70000000000073
1.6911391478723325,3,100,6996,5,10000,A1,Ours,7.7830000000003565
0.0014337391477891308,3,100,6996,5,10000,A2,Ours,7.7830000000003565
2.5005968469543975,3,100,6996,5,10000,A3,Ours,7.7830000000003565
13.221371606140073,3,100,6996,5,10000,core,Ours,7.7830000000003565
1.6911391478723325,3,100,6996,5,10000,A1,HOSVD,2.2770000000000437
0.0014337391477891308,3,100,6996,5,10000,A2,HOSVD,2.2770000000000437
2.4969128401441156,3,100,6996,5,10000,A3,HOSVD,2.2770000000000437
13.220897042213815,3,100,6996,5,10000,core,HOSVD,2.2770000000000437
1.693567744998482,3,100,6996,5,10000,A1,HOOI,6.496000000000095
0.0016469010965285851,3,100,6996,5,10000,A2,HOOI,6.496000000000095
2.497758403677482,3,100,6996,5,10000,A3,HOOI,6.496000000000095
13.224242744402357,3,100,6996,5,10000,core,HOOI,6.496000000000095
1.6789784432092945,3,100,6996,5,10000,A1,Olga,4.006000000000313
0.001955262587911297,3,100,6996,5,10000,A2,Olga,4.006000000000313
2.906196422611445,3,100,6996,5,10000,A3,Tracy,4.006000000000313
13.178916233317647,3,100,6996,5,10000,core,Tracy_Olga,4.006000000000313
2.857404226326507,3,100,7990,5,10000,A1,NTD,253.2489999999998
4.0236800050518875,3,100,7990,5,10000,A2,NTD,253.2489999999998
7987.024063495823,3,100,7990,5,10000,A3,NTD,253.2489999999998
11.445745497273233,3,100,7990,5,10000,core,NTD,253.2489999999998
1.9155910783444916,3,100,7990,5,10000,A1,Ours,9.774999999999636
0.009019662792985871,3,100,7990,5,10000,A2,Ours,9.774999999999636
2.4933580777679785,3,100,7990,5,10000,A3,Ours,9.774999999999636
13.217227612801114,3,100,7990,5,10000,core,Ours,9.774999999999636
1.9155910783444916,3,100,7990,5,10000,A1,HOSVD,2.6350000000002183
0.009019662792985871,3,100,7990,5,10000,A2,HOSVD,2.6350000000002183
2.4885541973357768,3,100,7990,5,10000,A3,HOSVD,2.6350000000002183
13.217335730962091,3,100,7990,5,10000,core,HOSVD,2.6350000000002183
1.9145283413117096,3,100,7990,5,10000,A1,HOOI,7.916999999999462
0.00914817839896061,3,100,7990,5,10000,A2,HOOI,7.916999999999462
2.4888854747412115,3,100,7990,5,10000,A3,HOOI,7.916999999999462
13.21951566385378,3,100,7990,5,10000,core,HOOI,7.916999999999462
1.7404052036941826,3,100,7990,5,10000,A1,Olga,4.639999999999418
0.0035942028251138643,3,100,7990,5,10000,A2,Olga,4.639999999999418
2.906160414746142,3,100,7990,5,10000,A3,Tracy,4.639999999999418
13.193549103740908,3,100,7990,5,10000,core,Tracy_Olga,4.639999999999418
3.1001664487746052,3,100,8985,5,10000,A1,NTD,295.9210000000003
4.830885791618217,3,100,8985,5,10000,A2,NTD,295.9210000000003
8982.03418191723,3,100,8985,5,10000,A3,NTD,295.9210000000003
13.199093722559596,3,100,8985,5,10000,core,NTD,295.9210000000003
2.3622886103798653,3,100,8985,5,10000,A1,Ours,12.418999999999869
0.005187856071357075,3,100,8985,5,10000,A2,Ours,12.418999999999869
2.5070009185106796,3,100,8985,5,10000,A3,Ours,12.418999999999869
13.231273261728198,3,100,8985,5,10000,core,Ours,12.418999999999869
2.3622886103798653,3,100,8985,5,10000,A1,HOSVD,2.8710000000000946
0.005187856071357075,3,100,8985,5,10000,A2,HOSVD,2.8710000000000946
2.500976363304585,3,100,8985,5,10000,A3,HOSVD,2.8710000000000946
13.23134119478607,3,100,8985,5,10000,core,HOSVD,2.8710000000000946
2.3662941431006286,3,100,8985,5,10000,A1,HOOI,9.827000000000226
0.005353877553647247,3,100,8985,5,10000,A2,HOOI,9.827000000000226
2.500580126611473,3,100,8985,5,10000,A3,HOOI,9.827000000000226
13.234040646705727,3,100,8985,5,10000,core,HOOI,9.827000000000226
1.8733362356157799,3,100,8985,5,10000,A1,Olga,6.502999999999702
0.008681287706838766,3,100,8985,5,10000,A2,Olga,6.502999999999702
2.9218282476711646,3,100,8985,5,10000,A3,Tracy,6.502999999999702
13.187375264072209,3,100,8985,5,10000,core,Tracy_Olga,6.502999999999702
1.7961988402956535,3,100,9987,5,10000,A1,NTD,321.60699999999997
1.2962877781515236,3,100,9987,5,10000,A2,NTD,321.60699999999997
9984.0282496485,3,100,9987,5,10000,A3,NTD,321.60699999999997
12.144844098776096,3,100,9987,5,10000,core,NTD,321.60699999999997
2.1610948138317077,3,100,9987,5,10000,A1,Ours,13.93499999999949
0.005796204985071143,3,100,9987,5,10000,A2,Ours,13.93499999999949
2.49464411280391,3,100,9987,5,10000,A3,Ours,13.93499999999949
8.030093117483219,3,100,9987,5,10000,core,Ours,13.93499999999949
2.1610948138317077,3,100,9987,5,10000,A1,HOSVD,3.643000000000029
0.005796204985071143,3,100,9987,5,10000,A2,HOSVD,3.643000000000029
2.4872480310271228,3,100,9987,5,10000,A3,HOSVD,3.643000000000029
8.029074227645808,3,100,9987,5,10000,core,HOSVD,3.643000000000029
2.1620242055555927,3,100,9987,5,10000,A1,HOOI,11.230999999999767
0.005556298798141588,3,100,9987,5,10000,A2,HOOI,11.230999999999767
2.4874490937547455,3,100,9987,5,10000,A3,HOOI,11.230999999999767
8.024473726968226,3,100,9987,5,10000,core,HOOI,11.230999999999767
1.6618277562385972,3,100,9987,5,10000,A1,Olga,6.92200000000048
0.013561200383160119,3,100,9987,5,10000,A2,Olga,6.92200000000048
2.8944312741304965,3,100,9987,5,10000,A3,Tracy,6.92200000000048
13.19557363417737,3,100,9987,5,10000,core,Tracy_Olga,6.92200000000048
