error,K,Q1,R,Q2,M,mode,method,time
14.823463437448792,3,100,100,5,100,A1,NTD,4.2250000000000005
2.474226962039038,3,100,100,5,100,A2,NTD,4.2250000000000005
97.00902010869785,3,100,100,5,100,A3,NTD,4.2250000000000005
10.196160898961246,3,100,100,5,100,core,NTD,4.2250000000000005
23.24120367571207,3,100,100,5,100,A1,Ours,2.8450000000000006
0.46299395954562467,3,100,100,5,100,A2,Ours,2.8450000000000006
0.21582882026743205,3,100,100,5,100,A3,Ours,2.8450000000000006
11.613041052696023,3,100,100,5,100,core,Ours,2.8450000000000006
23.24120367571207,3,100,100,5,100,A1,HOSVD,2.3360000000000003
0.46299395954562467,3,100,100,5,100,A2,HOSVD,2.3360000000000003
0.22061886622820748,3,100,100,5,100,A3,HOSVD,2.3360000000000003
11.612929349051665,3,100,100,5,100,core,HOSVD,2.3360000000000003
21.765716278983597,3,100,100,5,100,A1,HOOI,3.3279999999999994
0.08828448010129092,3,100,100,5,100,A2,HOOI,3.3279999999999994
0.1987283231947655,3,100,100,5,100,A3,HOOI,3.3279999999999994
11.653244203425487,3,100,100,5,100,core,HOOI,3.3279999999999994
19.144077426574178,3,100,100,5,100,A1,Olga,0.9799999999999969
0.6485666656681555,3,100,100,5,100,A2,Olga,0.9799999999999969
1.0970920361024492,3,100,100,5,100,A3,Tracy,0.9799999999999969
11.354499980680853,3,100,100,5,100,core,Tracy_Olga,0.9799999999999969
10.830247519648362,3,100,497,5,100,A1,NTD,21.265000000000004
2.103274440746328,3,100,497,5,100,A2,NTD,21.265000000000004
494.17362326386956,3,100,497,5,100,A3,NTD,21.265000000000004
11.606446175608646,3,100,497,5,100,core,NTD,21.265000000000004
20.197202841700786,3,100,497,5,100,A1,Ours,4.797000000000004
0.24373311940165288,3,100,497,5,100,A2,Ours,4.797000000000004
2.8485214779376475,3,100,497,5,100,A3,Ours,4.797000000000004
10.672796878147368,3,100,497,5,100,core,Ours,4.797000000000004
20.197202841700786,3,100,497,5,100,A1,HOSVD,4.498000000000005
0.24373311940165288,3,100,497,5,100,A2,HOSVD,4.498000000000005
2.493536184778174,3,100,497,5,100,A3,HOSVD,4.498000000000005
13.39918605651549,3,100,497,5,100,core,HOSVD,4.498000000000005
18.505214975753923,3,100,497,5,100,A1,HOOI,4.306999999999995
0.20762590109334353,3,100,497,5,100,A2,HOOI,4.306999999999995
2.528636879854589,3,100,497,5,100,A3,HOOI,4.306999999999995
13.182492239312303,3,100,497,5,100,core,HOOI,4.306999999999995
28.955528949034978,3,100,497,5,100,A1,Olga,1.801000000000002
1.5539942144016166,3,100,497,5,100,A2,Olga,1.801000000000002
2.8460516975297807,3,100,497,5,100,A3,Tracy,1.801000000000002
10.400864821239631,3,100,497,5,100,core,Tracy_Olga,1.801000000000002
17.439855216355028,3,100,984,5,100,A1,NTD,38.403
4.707107429893849,3,100,984,5,100,A2,NTD,38.403
981.2694731984161,3,100,984,5,100,A3,NTD,38.403
11.429070888139947,3,100,984,5,100,core,NTD,38.403
21.752220187599466,3,100,984,5,100,A1,Ours,10.396
0.48912723642669703,3,100,984,5,100,A2,Ours,10.396
3.163291243208139,3,100,984,5,100,A3,Ours,10.396
11.954080391311718,3,100,984,5,100,core,Ours,10.396
21.752220187599466,3,100,984,5,100,A1,HOSVD,8.987000000000009
0.48912723642669703,3,100,984,5,100,A2,HOSVD,8.987000000000009
2.594289272228633,3,100,984,5,100,A3,HOSVD,8.987000000000009
12.148880093629602,3,100,984,5,100,core,HOSVD,8.987000000000009
22.57669415701062,3,100,984,5,100,A1,HOOI,9.039000000000001
0.255172658881116,3,100,984,5,100,A2,HOOI,9.039000000000001
2.6280676845241913,3,100,984,5,100,A3,HOOI,9.039000000000001
12.216436437111378,3,100,984,5,100,core,HOOI,9.039000000000001
29.200011988156298,3,100,984,5,100,A1,Olga,8.472999999999985
3.4346711474213563,3,100,984,5,100,A2,Olga,8.472999999999985
2.880003519840441,3,100,984,5,100,A3,Tracy,8.472999999999985
13.737839258929123,3,100,984,5,100,core,Tracy_Olga,8.472999999999985
43.875329010617314,3,100,2375,5,100,A1,NTD,89.269
3.008215494654848,3,100,2375,5,100,A2,NTD,89.269
2372.3979737740237,3,100,2375,5,100,A3,NTD,89.269
12.690254578314779,3,100,2375,5,100,core,NTD,89.269
18.8918255222597,3,100,2375,5,100,A1,Ours,7.6629999999999825
0.09640640057072176,3,100,2375,5,100,A2,Ours,7.6629999999999825
5.178368699093269,3,100,2375,5,100,A3,Ours,7.6629999999999825
13.057964706250061,3,100,2375,5,100,core,Ours,7.6629999999999825
18.8918255222597,3,100,2375,5,100,A1,HOSVD,4.540999999999997
0.09640640057072176,3,100,2375,5,100,A2,HOSVD,4.540999999999997
2.621848038334178,3,100,2375,5,100,A3,HOSVD,4.540999999999997
11.645135252045053,3,100,2375,5,100,core,HOSVD,4.540999999999997
18.90703733001957,3,100,2375,5,100,A1,HOOI,6.424999999999983
0.10200936565803398,3,100,2375,5,100,A2,HOOI,6.424999999999983
2.6495236441862393,3,100,2375,5,100,A3,HOOI,6.424999999999983
11.631570607753403,3,100,2375,5,100,core,HOOI,6.424999999999983
41.677708339884326,3,100,2375,5,100,A1,Olga,4.037000000000006
3.0575010664422972,3,100,2375,5,100,A2,Olga,4.037000000000006
2.9826479695315657,3,100,2375,5,100,A3,Tracy,4.037000000000006
11.471489382339668,3,100,2375,5,100,core,Tracy_Olga,4.037000000000006
112.64012350509196,3,100,4522,5,100,A1,NTD,156.446
3.008218662047789,3,100,4522,5,100,A2,NTD,156.446
4519.509876390083,3,100,4522,5,100,A3,NTD,156.446
11.186288110944195,3,100,4522,5,100,core,NTD,156.446
17.377833142962473,3,100,4522,5,100,A1,Ours,9.805999999999983
0.5591639805754941,3,100,4522,5,100,A2,Ours,9.805999999999983
5.327807661998825,3,100,4522,5,100,A3,Ours,9.805999999999983
9.968276034705237,3,100,4522,5,100,core,Ours,9.805999999999983
17.377833142962473,3,100,4522,5,100,A1,HOSVD,10.935999999999979
0.5591639805754941,3,100,4522,5,100,A2,HOSVD,10.935999999999979
2.699357865757567,3,100,4522,5,100,A3,HOSVD,10.935999999999979
12.226511309601774,3,100,4522,5,100,core,HOSVD,10.935999999999979
17.717773075865402,3,100,4522,5,100,A1,HOOI,18.38900000000001
0.2025008843163308,3,100,4522,5,100,A2,HOOI,18.38900000000001
2.739578267508595,3,100,4522,5,100,A3,HOOI,18.38900000000001
12.448792586382549,3,100,4522,5,100,core,HOOI,18.38900000000001
61.01973508951227,3,100,4522,5,100,A1,Olga,16.19999999999999
3.080812826366692,3,100,4522,5,100,A2,Olga,16.19999999999999
3.103015509081562,3,100,4522,5,100,A3,Tracy,16.19999999999999
14.279806227220087,3,100,4522,5,100,core,Tracy_Olga,16.19999999999999
112.36633445913763,3,100,5312,5,100,A1,NTD,191.43499999999995
4.122014142196132,3,100,5312,5,100,A2,NTD,191.43499999999995
5309.4980294717425,3,100,5312,5,100,A3,NTD,191.43499999999995
10.340250698982947,3,100,5312,5,100,core,NTD,191.43499999999995
22.222834613223004,3,100,5312,5,100,A1,Ours,6.301999999999907
0.32165181168784107,3,100,5312,5,100,A2,Ours,6.301999999999907
5.2357232346422204,3,100,5312,5,100,A3,Ours,6.301999999999907
8.771908789214931,3,100,5312,5,100,core,Ours,6.301999999999907
22.222834613223004,3,100,5312,5,100,A1,HOSVD,3.2280000000000655
0.32165181168784107,3,100,5312,5,100,A2,HOSVD,3.2280000000000655
2.730374415800848,3,100,5312,5,100,A3,HOSVD,3.2280000000000655
12.115154606182795,3,100,5312,5,100,core,HOSVD,3.2280000000000655
74.56592173441028,3,100,5312,5,100,A1,Olga,11.895000000000095
3.116248022004054,3,100,5312,5,100,A2,Olga,11.895000000000095
3.7705775593250466,3,100,5312,5,100,A3,Tracy,11.895000000000095
8.888389657926227,3,100,5312,5,100,core,Tracy_Olga,11.895000000000095
121.61098107753801,3,100,6063,5,100,A1,NTD,216.47299999999996
4.70714503835473,3,100,6063,5,100,A2,NTD,216.47299999999996
6060.5993668858755,3,100,6063,5,100,A3,NTD,216.47299999999996
10.533384579396458,3,100,6063,5,100,core,NTD,216.47299999999996
18.90398664481934,3,100,6063,5,100,A1,Ours,6.950999999999908
0.04658044787882022,3,100,6063,5,100,A2,Ours,6.950999999999908
5.237058296867612,3,100,6063,5,100,A3,Ours,6.950999999999908
9.330300821551393,3,100,6063,5,100,core,Ours,6.950999999999908
18.90398664481934,3,100,6063,5,100,A1,HOSVD,1.877999999999929
0.04658044787882022,3,100,6063,5,100,A2,HOSVD,1.877999999999929
4.234170410427402,3,100,6063,5,100,A3,HOSVD,1.877999999999929
12.012349577600075,3,100,6063,5,100,core,HOSVD,1.877999999999929
15.560142801956822,3,100,6063,5,100,A1,HOOI,9.629000000000019
0.33158631360721774,3,100,6063,5,100,A2,HOOI,9.629000000000019
3.8912216441491108,3,100,6063,5,100,A3,HOOI,9.629000000000019
11.029248151837015,3,100,6063,5,100,core,HOOI,9.629000000000019
66.4593292403383,3,100,6063,5,100,A1,Olga,3.1000000000000227
3.3793168466579395,3,100,6063,5,100,A2,Olga,3.1000000000000227
4.029986286911429,3,100,6063,5,100,A3,Tracy,3.1000000000000227
13.910188613905564,3,100,6063,5,100,core,Tracy_Olga,3.1000000000000227
97.44385536273279,3,100,6752,5,100,A1,NTD,211.21000000000015
3.1708446364562044,3,100,6752,5,100,A2,NTD,211.21000000000015
6749.5302198333,3,100,6752,5,100,A3,NTD,211.21000000000015
10.587046762797147,3,100,6752,5,100,core,NTD,211.21000000000015
25.09837569921717,3,100,6752,5,100,A1,Ours,14.433999999999969
0.08548697613815388,3,100,6752,5,100,A2,Ours,14.433999999999969
5.269349991910445,3,100,6752,5,100,A3,Ours,14.433999999999969
9.864830860265547,3,100,6752,5,100,core,Ours,14.433999999999969
25.09837569921717,3,100,6752,5,100,A1,HOSVD,11.675000000000182
0.08548697613815388,3,100,6752,5,100,A2,HOSVD,11.675000000000182
2.8050806283343674,3,100,6752,5,100,A3,HOSVD,11.675000000000182
12.11802649518385,3,100,6752,5,100,core,HOSVD,11.675000000000182
117.04506232990889,3,100,7529,5,100,A1,NTD,241.23000000000002
3.0082231542926476,3,100,7529,5,100,A2,NTD,241.23000000000002
7526.607660879526,3,100,7529,5,100,A3,NTD,241.23000000000002
8.090745098092503,3,100,7529,5,100,core,NTD,241.23000000000002
19.367984869703093,3,100,7529,5,100,A1,Ours,9.582000000000107
0.22143370141386376,3,100,7529,5,100,A2,Ours,9.582000000000107
5.306032211878541,3,100,7529,5,100,A3,Ours,9.582000000000107
14.112039962425978,3,100,7529,5,100,core,Ours,9.582000000000107
19.367984869703093,3,100,7529,5,100,A1,HOSVD,3.030999999999949
0.22143370141386376,3,100,7529,5,100,A2,HOSVD,3.030999999999949
4.053030917048883,3,100,7529,5,100,A3,HOSVD,3.030999999999949
11.00557204862808,3,100,7529,5,100,core,HOSVD,3.030999999999949
21.84358184614811,3,100,7529,5,100,A1,HOOI,13.799000000000206
0.1968454325337965,3,100,7529,5,100,A2,HOOI,13.799000000000206
4.027021593965517,3,100,7529,5,100,A3,HOOI,13.799000000000206
8.999523193236001,3,100,7529,5,100,core,HOOI,13.799000000000206
59.81580272768406,3,100,7529,5,100,A1,Olga,5.4939999999999145
3.046155112649645,3,100,7529,5,100,A2,Olga,5.4939999999999145
4.256829026639388,3,100,7529,5,100,A3,Tracy,5.4939999999999145
12.95489035222272,3,100,7529,5,100,core,Tracy_Olga,5.4939999999999145
83.89179205687144,3,100,8173,5,100,A1,NTD,262.73699999999985
4.707138061542466,3,100,8173,5,100,A2,NTD,262.73699999999985
8170.588135049725,3,100,8173,5,100,A3,NTD,262.73699999999985
9.648268787446879,3,100,8173,5,100,core,NTD,262.73699999999985
21.743928468133443,3,100,8173,5,100,A1,Ours,26.09900000000016
0.23162670322772166,3,100,8173,5,100,A2,Ours,26.09900000000016
5.28749040661649,3,100,8173,5,100,A3,Ours,26.09900000000016
12.013345015314371,3,100,8173,5,100,core,Ours,26.09900000000016
21.743928468133443,3,100,8173,5,100,A1,HOSVD,15.518000000000029
0.23162670322772166,3,100,8173,5,100,A2,HOSVD,15.518000000000029
4.8652684767155465,3,100,8173,5,100,A3,HOSVD,15.518000000000029
9.994884176143184,3,100,8173,5,100,core,HOSVD,15.518000000000029
21.47267023029942,3,100,8173,5,100,A1,HOOI,34.88999999999987
0.2334534349967359,3,100,8173,5,100,A2,HOOI,34.88999999999987
3.8769000935905957,3,100,8173,5,100,A3,HOOI,34.88999999999987
10.978904784994864,3,100,8173,5,100,core,HOOI,34.88999999999987
85.78122349652595,3,100,8173,5,100,A1,Olga,20.548000000000002
3.0553309857311333,3,100,8173,5,100,A2,Olga,20.548000000000002
4.3541287677576275,3,100,8173,5,100,A3,Tracy,20.548000000000002
10.451074304734584,3,100,8173,5,100,core,Tracy_Olga,20.548000000000002
10.747948118049205,3,100,100,5,3000,A1,NTD,3.3350000000000364
2.0401230204697143,3,100,100,5,3000,A2,NTD,3.3350000000000364
97.35106306671797,3,100,100,5,3000,A3,NTD,3.3350000000000364
11.064804420540472,3,100,100,5,3000,core,NTD,3.3350000000000364
3.2102895870577193,3,100,100,5,3000,A1,Ours,4.770999999999958
0.01807494941588065,3,100,100,5,3000,A2,Ours,4.770999999999958
0.03977213443170114,3,100,100,5,3000,A3,Ours,4.770999999999958
11.453658062342532,3,100,100,5,3000,core,Ours,4.770999999999958
3.2102895870577193,3,100,100,5,3000,A1,HOSVD,3.7819999999999254
0.01807494941588065,3,100,100,5,3000,A2,HOSVD,3.7819999999999254
0.03977142197932258,3,100,100,5,3000,A3,HOSVD,3.7819999999999254
11.45365701172604,3,100,100,5,3000,core,HOSVD,3.7819999999999254
3.2032139536451596,3,100,100,5,3000,A1,HOOI,4.361999999999853
0.013506799829855974,3,100,100,5,3000,A2,HOOI,4.361999999999853
0.03993003921189202,3,100,100,5,3000,A3,HOOI,4.361999999999853
11.455088597667741,3,100,100,5,3000,core,HOOI,4.361999999999853
3.7434267041049307,3,100,100,5,3000,A1,Olga,3.6269999999999527
0.006896326492178687,3,100,100,5,3000,A2,Olga,3.6269999999999527
1.064126827541049,3,100,100,5,3000,A3,Tracy,3.6269999999999527
11.397291927413555,3,100,100,5,3000,core,Tracy_Olga,3.6269999999999527
4.68016957103744,3,100,500,5,3000,A1,NTD,13.836999999999989
0.391842516620242,3,100,500,5,3000,A2,NTD,13.836999999999989
497.0000259119096,3,100,500,5,3000,A3,NTD,13.836999999999989
10.510986942123518,3,100,500,5,3000,core,NTD,13.836999999999989
2.690161868558264,3,100,500,5,3000,A1,Ours,1.6010000000001128
0.07301030559844819,3,100,500,5,3000,A2,Ours,1.6010000000001128
0.08632653864838537,3,100,500,5,3000,A3,Ours,1.6010000000001128
11.512753291277027,3,100,500,5,3000,core,Ours,1.6010000000001128
2.690161868558264,3,100,500,5,3000,A1,HOSVD,0.3369999999999891
0.07301030559844819,3,100,500,5,3000,A2,HOSVD,0.3369999999999891
0.08630252225126012,3,100,500,5,3000,A3,HOSVD,0.3369999999999891
11.512762891841625,3,100,500,5,3000,core,HOSVD,0.3369999999999891
2.647464172034601,3,100,500,5,3000,A1,HOOI,0.5739999999998417
0.05452725528453305,3,100,500,5,3000,A2,HOOI,0.5739999999998417
0.08628539540658066,3,100,500,5,3000,A3,HOOI,0.5739999999998417
11.513180477624527,3,100,500,5,3000,core,HOOI,0.5739999999998417
3.658182454255117,3,100,500,5,3000,A1,Olga,0.40300000000002
0.09070604156133652,3,100,500,5,3000,A2,Olga,0.40300000000002
1.2667783663790817,3,100,500,5,3000,A3,Tracy,0.40300000000002
11.477440816814214,3,100,500,5,3000,core,Tracy_Olga,0.40300000000002
8.4439484711696,3,100,1000,5,3000,A1,NTD,34.86699999999996
0.4587032088002617,3,100,1000,5,3000,A2,NTD,34.86699999999996
997.0001946178389,3,100,1000,5,3000,A3,NTD,34.86699999999996
12.360303399167899,3,100,1000,5,3000,core,NTD,34.86699999999996
4.403083998550816,3,100,1000,5,3000,A1,Ours,0.543999999999869
0.029181124058815743,3,100,1000,5,3000,A2,Ours,0.543999999999869
0.1212977618890869,3,100,1000,5,3000,A3,Ours,0.543999999999869
11.476018833464977,3,100,1000,5,3000,core,Ours,0.543999999999869
4.403083998550816,3,100,1000,5,3000,A1,HOSVD,0.36999999999989086
0.029181124058815743,3,100,1000,5,3000,A2,HOSVD,0.36999999999989086
0.11531468052450039,3,100,1000,5,3000,A3,HOSVD,0.36999999999989086
11.465511628267098,3,100,1000,5,3000,core,HOSVD,0.36999999999989086
4.38682476273754,3,100,1000,5,3000,A1,HOOI,0.7049999999999272
0.011175109521966596,3,100,1000,5,3000,A2,HOOI,0.7049999999999272
0.1150693753372911,3,100,1000,5,3000,A3,HOOI,0.7049999999999272
11.466780968930882,3,100,1000,5,3000,core,HOOI,0.7049999999999272
3.9079270824111005,3,100,1000,5,3000,A1,Olga,0.4680000000000746
0.10190958869480951,3,100,1000,5,3000,A2,Olga,0.4680000000000746
1.3476116851780633,3,100,1000,5,3000,A3,Tracy,0.4680000000000746
11.449275753864235,3,100,1000,5,3000,core,Tracy_Olga,0.4680000000000746
5.334499768219539,3,100,2498,5,3000,A1,NTD,85.269
1.5661429223633478,3,100,2498,5,3000,A2,NTD,85.269
2495.0326881014,3,100,2498,5,3000,A3,NTD,85.269
12.333182097055797,3,100,2498,5,3000,core,NTD,85.269
4.691158387266092,3,100,2498,5,3000,A1,Ours,4.454999999999927
0.03919091711537592,3,100,2498,5,3000,A2,Ours,4.454999999999927
2.481795118122983,3,100,2498,5,3000,A3,Ours,4.454999999999927
11.581227634306416,3,100,2498,5,3000,core,Ours,4.454999999999927
4.691158387266092,3,100,2498,5,3000,A1,HOSVD,1.82100000000014
0.03919091711537592,3,100,2498,5,3000,A2,HOSVD,1.82100000000014
2.4765028304040957,3,100,2498,5,3000,A3,HOSVD,1.82100000000014
11.579959889740023,3,100,2498,5,3000,core,HOSVD,1.82100000000014
4.6350010116084155,3,100,2498,5,3000,A1,HOOI,2.8350000000000364
0.05478029712817998,3,100,2498,5,3000,A2,HOOI,2.8350000000000364
2.473689986693817,3,100,2498,5,3000,A3,HOOI,2.8350000000000364
11.577743090519661,3,100,2498,5,3000,core,HOOI,2.8350000000000364
3.8015496486202305,3,100,2498,5,3000,A1,Olga,2.2650000000001
0.14072566925747157,3,100,2498,5,3000,A2,Olga,2.2650000000001
2.880500167725448,3,100,2498,5,3000,A3,Tracy,2.2650000000001
11.555943017901093,3,100,2498,5,3000,core,Tracy_Olga,2.2650000000001
4.646886955551038,3,100,4987,5,3000,A1,NTD,185.2410000000002
0.9796700165676724,3,100,4987,5,3000,A2,NTD,185.2410000000002
4984.068019106208,3,100,4987,5,3000,A3,NTD,185.2410000000002
9.359762576699119,3,100,4987,5,3000,core,NTD,185.2410000000002
4.023561497432267,3,100,4987,5,3000,A1,Ours,7.002999999999702
0.024788434695915955,3,100,4987,5,3000,A2,Ours,7.002999999999702
2.4985418105226342,3,100,4987,5,3000,A3,Ours,7.002999999999702
11.659104741816195,3,100,4987,5,3000,core,Ours,7.002999999999702
4.023561497432267,3,100,4987,5,3000,A1,HOSVD,3.1100000000001273
0.024788434695915955,3,100,4987,5,3000,A2,HOSVD,3.1100000000001273
2.477944455034433,3,100,4987,5,3000,A3,HOSVD,3.1100000000001273
11.6528431153811,3,100,4987,5,3000,core,HOSVD,3.1100000000001273
4.016704213401185,3,100,4987,5,3000,A1,HOOI,5.342000000000098
0.02801120642044438,3,100,4987,5,3000,A2,HOOI,5.342000000000098
2.4809782782020946,3,100,4987,5,3000,A3,HOOI,5.342000000000098
11.666695905930368,3,100,4987,5,3000,core,HOOI,5.342000000000098
3.3650423555184,3,100,4987,5,3000,A1,Olga,2.782000000000153
0.25710633065304517,3,100,4987,5,3000,A2,Olga,2.782000000000153
2.8658640583886017,3,100,4987,5,3000,A3,Tracy,2.782000000000153
11.666717236394108,3,100,4987,5,3000,core,Tracy_Olga,2.782000000000153
2.870512513767832,3,100,5976,5,3000,A1,NTD,197.87800000000016
0.9983668232569054,3,100,5976,5,3000,A2,NTD,197.87800000000016
5973.071921228156,3,100,5976,5,3000,A3,NTD,197.87800000000016
11.69321411812231,3,100,5976,5,3000,core,NTD,197.87800000000016
5.536787999128978,3,100,5976,5,3000,A1,Ours,9.121999999999844
0.0602790344627623,3,100,5976,5,3000,A2,Ours,9.121999999999844
2.533603117565294,3,100,5976,5,3000,A3,Ours,9.121999999999844
11.661020147098933,3,100,5976,5,3000,core,Ours,9.121999999999844
5.536787999128978,3,100,5976,5,3000,A1,HOSVD,2.6149999999997817
0.0602790344627623,3,100,5976,5,3000,A2,HOSVD,2.6149999999997817
2.503279763664884,3,100,5976,5,3000,A3,HOSVD,2.6149999999997817
11.652836525304066,3,100,5976,5,3000,core,HOSVD,2.6149999999997817
5.45447013262411,3,100,5976,5,3000,A1,HOOI,7.917999999999665
0.06891458973077208,3,100,5976,5,3000,A2,HOOI,7.917999999999665
2.5042774344022494,3,100,5976,5,3000,A3,HOOI,7.917999999999665
11.662035400061683,3,100,5976,5,3000,core,HOOI,7.917999999999665
5.501074034948338,3,100,5976,5,3000,A1,Olga,4.920000000000073
0.7480986629309704,3,100,5976,5,3000,A2,Olga,4.920000000000073
2.889114925164333,3,100,5976,5,3000,A3,Tracy,4.920000000000073
11.666262684046327,3,100,5976,5,3000,core,Tracy_Olga,4.920000000000073
5.819546827988274,3,100,6965,5,3000,A1,NTD,224.04800000000023
2.8631750499225594,3,100,6965,5,3000,A2,NTD,224.04800000000023
6962.074139438909,3,100,6965,5,3000,A3,NTD,224.04800000000023
10.793411217591885,3,100,6965,5,3000,core,NTD,224.04800000000023
3.2765598081476996,3,100,6965,5,3000,A1,Ours,8.663000000000011
0.049983463158972126,3,100,6965,5,3000,A2,Ours,8.663000000000011
2.563056350070727,3,100,6965,5,3000,A3,Ours,8.663000000000011
11.656311986263907,3,100,6965,5,3000,core,Ours,8.663000000000011
3.2765598081476996,3,100,6965,5,3000,A1,HOSVD,2.3339999999998327
0.049983463158972126,3,100,6965,5,3000,A2,HOSVD,2.3339999999998327
2.522744310165406,3,100,6965,5,3000,A3,HOSVD,2.3339999999998327
11.644704184493847,3,100,6965,5,3000,core,HOSVD,2.3339999999998327
3.27624510197932,3,100,6965,5,3000,A1,HOOI,6.3520000000003165
0.05011473523371587,3,100,6965,5,3000,A2,HOOI,6.3520000000003165
2.5260577708381162,3,100,6965,5,3000,A3,HOOI,6.3520000000003165
11.649648393875609,3,100,6965,5,3000,core,HOOI,6.3520000000003165
5.424943694175418,3,100,6965,5,3000,A1,Olga,4.255000000000109
0.5845329881988087,3,100,6965,5,3000,A2,Olga,4.255000000000109
2.9077019375630506,3,100,6965,5,3000,A3,Tracy,4.255000000000109
11.666724948587744,3,100,6965,5,3000,core,Tracy_Olga,4.255000000000109
5.893715685478107,3,100,7955,5,3000,A1,NTD,254.30600000000004
3.8209102050318275,3,100,7955,5,3000,A2,NTD,254.30600000000004
7952.077441910499,3,100,7955,5,3000,A3,NTD,254.30600000000004
13.204322171319573,3,100,7955,5,3000,core,NTD,254.30600000000004
2.9796541271775436,3,100,7955,5,3000,A1,Ours,20.759999999999764
0.021519659029616257,3,100,7955,5,3000,A2,Ours,20.759999999999764
2.5772551161308255,3,100,7955,5,3000,A3,Ours,20.759999999999764
11.699330861328614,3,100,7955,5,3000,core,Ours,20.759999999999764
2.9796541271775436,3,100,7955,5,3000,A1,HOSVD,7.760000000000218
0.021519659029616257,3,100,7955,5,3000,A2,HOSVD,7.760000000000218
2.5242088284442183,3,100,7955,5,3000,A3,HOSVD,7.760000000000218
11.682891595870222,3,100,7955,5,3000,core,HOSVD,7.760000000000218
3.030960049728062,3,100,7955,5,3000,A1,HOOI,11.152000000000044
0.020643897947121046,3,100,7955,5,3000,A2,HOOI,11.152000000000044
2.53013054117625,3,100,7955,5,3000,A3,HOOI,11.152000000000044
11.678515153314736,3,100,7955,5,3000,core,HOOI,11.152000000000044
3.6146466942335564,3,100,7955,5,3000,A1,Olga,6.26299999999992
0.7597344870912269,3,100,7955,5,3000,A2,Olga,6.26299999999992
2.8998851348773336,3,100,7955,5,3000,A3,Tracy,6.26299999999992
11.67008409543401,3,100,7955,5,3000,core,Tracy_Olga,6.26299999999992
2.8140050207408347,3,100,8949,5,3000,A1,NTD,282.98
3.0099736103327897,3,100,8949,5,3000,A2,NTD,282.98
8946.091462088287,3,100,8949,5,3000,A3,NTD,282.98
10.848784175886216,3,100,8949,5,3000,core,NTD,282.98
4.24827934899912,3,100,8949,5,3000,A1,Ours,14.632000000000062
0.09241748590022829,3,100,8949,5,3000,A2,Ours,14.632000000000062
2.5911072212192905,3,100,8949,5,3000,A3,Ours,14.632000000000062
11.68953504267756,3,100,8949,5,3000,core,Ours,14.632000000000062
4.24827934899912,3,100,8949,5,3000,A1,HOSVD,3.155999999999949
0.09241748590022829,3,100,8949,5,3000,A2,HOSVD,3.155999999999949
2.5237069815252955,3,100,8949,5,3000,A3,HOSVD,3.155999999999949
11.669501141233278,3,100,8949,5,3000,core,HOSVD,3.155999999999949
4.227880210385935,3,100,8949,5,3000,A1,HOOI,11.22900000000027
0.08375710411179343,3,100,8949,5,3000,A2,HOOI,11.22900000000027
2.5308841464587575,3,100,8949,5,3000,A3,HOOI,11.22900000000027
11.671863623936687,3,100,8949,5,3000,core,HOOI,11.22900000000027
3.6452377108004184,3,100,8949,5,3000,A1,Olga,5.428999999999633
0.9724687077640108,3,100,8949,5,3000,A2,Olga,5.428999999999633
2.903970463885993,3,100,8949,5,3000,A3,Tracy,5.428999999999633
11.689105281028729,3,100,8949,5,3000,core,Tracy_Olga,5.428999999999633
3.0709502955953307,3,100,9933,5,3000,A1,NTD,306.00700000000006
1.321235830558134,3,100,9933,5,3000,A2,NTD,306.00700000000006
9930.090469120756,3,100,9933,5,3000,A3,NTD,306.00700000000006
9.347431175153535,3,100,9933,5,3000,core,NTD,306.00700000000006
3.2721491154533604,3,100,9933,5,3000,A1,Ours,37.379999999999654
0.03545444502651483,3,100,9933,5,3000,A2,Ours,37.379999999999654
2.619043867682923,3,100,9933,5,3000,A3,Ours,37.379999999999654
11.676408709414563,3,100,9933,5,3000,core,Ours,37.379999999999654
3.2721491154533604,3,100,9933,5,3000,A1,HOSVD,16.588999999999942
0.03545444502651483,3,100,9933,5,3000,A2,HOSVD,16.588999999999942
2.5350637154125413,3,100,9933,5,3000,A3,HOSVD,16.588999999999942
11.652492120158037,3,100,9933,5,3000,core,HOSVD,16.588999999999942
3.311501785616347,3,100,9933,5,3000,A1,HOOI,38.452000000000226
0.027686601028746052,3,100,9933,5,3000,A2,HOOI,38.452000000000226
2.5388192997281154,3,100,9933,5,3000,A3,HOOI,38.452000000000226
11.666209455414238,3,100,9933,5,3000,core,HOOI,38.452000000000226
4.042625930064368,3,100,9933,5,3000,A1,Olga,18.907000000000153
1.3229805001717334,3,100,9933,5,3000,A2,Olga,18.907000000000153
2.921266692219392,3,100,9933,5,3000,A3,Tracy,18.907000000000153
12.51224251058406,3,100,9933,5,3000,core,Tracy_Olga,18.907000000000153
12.4776519890183,3,100,100,5,10000,A1,NTD,3.3600000000001273
2.5305756819777465,3,100,100,5,10000,A2,NTD,3.3600000000001273
97.00159452596995,3,100,100,5,10000,A3,NTD,3.3600000000001273
11.566793545003808,3,100,100,5,10000,core,NTD,3.3600000000001273
2.4008965571217713,3,100,100,5,10000,A1,Ours,4.117999999999938
0.008977267616625628,3,100,100,5,10000,A2,Ours,4.117999999999938
0.020849258135656423,3,100,100,5,10000,A3,Ours,4.117999999999938
11.49365759057276,3,100,100,5,10000,core,Ours,4.117999999999938
2.4008965571217713,3,100,100,5,10000,A1,HOSVD,3.769000000000233
0.008977267616625628,3,100,100,5,10000,A2,HOSVD,3.769000000000233
0.020849242673392526,3,100,100,5,10000,A3,HOSVD,3.769000000000233
11.493657466680203,3,100,100,5,10000,core,HOSVD,3.769000000000233
2.350849094402286,3,100,100,5,10000,A1,HOOI,2.700000000000273
0.015016822829243704,3,100,100,5,10000,A2,HOOI,2.700000000000273
0.02085243526470032,3,100,100,5,10000,A3,HOOI,2.700000000000273
11.49405283493445,3,100,100,5,10000,core,HOOI,2.700000000000273
1.7500425257945078,3,100,100,5,10000,A1,Olga,4.012000000000171
0.009357377105427651,3,100,100,5,10000,A2,Olga,4.012000000000171
1.0542658845513784,3,100,100,5,10000,A3,Tracy,4.012000000000171
11.464015998785063,3,100,100,5,10000,core,Tracy_Olga,4.012000000000171
13.3048889952327,3,100,500,5,10000,A1,NTD,14.33600000000024
1.7897275028032356,3,100,500,5,10000,A2,NTD,14.33600000000024
497.00015732069687,3,100,500,5,10000,A3,NTD,14.33600000000024
12.433568807640812,3,100,500,5,10000,core,NTD,14.33600000000024
2.795894387553125,3,100,500,5,10000,A1,Ours,4.112999999999829
0.015965594705446125,3,100,500,5,10000,A2,Ours,4.112999999999829
0.04432171361836908,3,100,500,5,10000,A3,Ours,4.112999999999829
11.486878769823674,3,100,500,5,10000,core,Ours,4.112999999999829
2.795894387553125,3,100,500,5,10000,A1,HOSVD,2.6929999999997563
0.015965594705446125,3,100,500,5,10000,A2,HOSVD,2.6929999999997563
0.04432135829869262,3,100,500,5,10000,A3,HOSVD,2.6929999999997563
11.486870441637477,3,100,500,5,10000,core,HOSVD,2.6929999999997563
2.835423853178018,3,100,500,5,10000,A1,HOOI,4.73700000000008
0.01405180851822447,3,100,500,5,10000,A2,HOOI,4.73700000000008
0.04434233710227151,3,100,500,5,10000,A3,HOOI,4.73700000000008
11.48669689353065,3,100,500,5,10000,core,HOOI,4.73700000000008
1.759132741724882,3,100,500,5,10000,A1,Olga,1.417000000000371
0.043569149910298435,3,100,500,5,10000,A2,Olga,1.417000000000371
1.2649154262932354,3,100,500,5,10000,A3,Tracy,1.417000000000371
11.490686564322951,3,100,500,5,10000,core,Tracy_Olga,1.417000000000371
10.066748576799652,3,100,1000,5,10000,A1,NTD,30.235000000000127
1.6086814500955553,3,100,1000,5,10000,A2,NTD,30.235000000000127
997.0000845617635,3,100,1000,5,10000,A3,NTD,30.235000000000127
6.972970706144566,3,100,1000,5,10000,core,NTD,30.235000000000127
2.3045599197121858,3,100,1000,5,10000,A1,Ours,0.9980000000000473
0.018139057079685342,3,100,1000,5,10000,A2,Ours,0.9980000000000473
0.0630929471302241,3,100,1000,5,10000,A3,Ours,0.9980000000000473
11.493949562539733,3,100,1000,5,10000,core,Ours,0.9980000000000473
2.3045599197121858,3,100,1000,5,10000,A1,HOSVD,0.9160000000001673
0.018139057079685342,3,100,1000,5,10000,A2,HOSVD,0.9160000000001673
0.06305575487891102,3,100,1000,5,10000,A3,HOSVD,0.9160000000001673
11.493924319830478,3,100,1000,5,10000,core,HOSVD,0.9160000000001673
2.322324701750366,3,100,1000,5,10000,A1,HOOI,1.6729999999997744
0.021176592381251608,3,100,1000,5,10000,A2,HOOI,1.6729999999997744
0.06315248908964749,3,100,1000,5,10000,A3,HOOI,1.6729999999997744
11.493840795264397,3,100,1000,5,10000,core,HOOI,1.6729999999997744
2.0316417321046383,3,100,1000,5,10000,A1,Olga,0.9270000000001346
0.02282510841648934,3,100,1000,5,10000,A2,Olga,0.9270000000001346
1.3414339688511001,3,100,1000,5,10000,A3,Tracy,0.9270000000001346
11.486028397328838,3,100,1000,5,10000,core,Tracy_Olga,0.9270000000001346
11.051670641215672,3,100,2500,5,10000,A1,NTD,92.87999999999965
0.9898427870988051,3,100,2500,5,10000,A2,NTD,92.87999999999965
2497.0004042183537,3,100,2500,5,10000,A3,NTD,92.87999999999965
14.486897561084975,3,100,2500,5,10000,core,NTD,92.87999999999965
2.9947898798326587,3,100,2500,5,10000,A1,Ours,1.900000000000091
0.010472684862632529,3,100,2500,5,10000,A2,Ours,1.900000000000091
3.190429541121938,3,100,2500,5,10000,A3,Ours,1.900000000000091
11.554315316048342,3,100,2500,5,10000,core,Ours,1.900000000000091
2.9947898798326587,3,100,2500,5,10000,A1,HOSVD,0.7989999999999782
0.010472684862632529,3,100,2500,5,10000,A2,HOSVD,0.7989999999999782
3.1904898799569517,3,100,2500,5,10000,A3,HOSVD,0.7989999999999782
11.553975510931775,3,100,2500,5,10000,core,HOSVD,0.7989999999999782
3.009243077882171,3,100,2500,5,10000,A1,HOOI,2.406999999999698
0.010617478474697588,3,100,2500,5,10000,A2,HOOI,2.406999999999698
3.184052367417832,3,100,2500,5,10000,A3,HOOI,2.406999999999698
11.567352135487507,3,100,2500,5,10000,core,HOOI,2.406999999999698
2.063016354809029,3,100,2500,5,10000,A1,Olga,1.2210000000000036
0.04593599925582452,3,100,2500,5,10000,A2,Olga,1.2210000000000036
1.5052470727010046,3,100,2500,5,10000,A3,Tracy,1.2210000000000036
11.40237251750431,3,100,2500,5,10000,core,Tracy_Olga,1.2210000000000036
7.748256625355337,3,100,4999,5,10000,A1,NTD,177.52599999999984
2.3109380077930815,3,100,4999,5,10000,A2,NTD,177.52599999999984
4996.035465042375,3,100,4999,5,10000,A3,NTD,177.52599999999984
9.056180576579475,3,100,4999,5,10000,core,NTD,177.52599999999984
2.658263803293007,3,100,4999,5,10000,A1,Ours,5.3409999999998945
0.02479967015076805,3,100,4999,5,10000,A2,Ours,5.3409999999998945
2.4801749355614007,3,100,4999,5,10000,A3,Ours,5.3409999999998945
11.499797077534073,3,100,4999,5,10000,core,Ours,5.3409999999998945
2.658263803293007,3,100,4999,5,10000,A1,HOSVD,3.4390000000003056
0.02479967015076805,3,100,4999,5,10000,A2,HOSVD,3.4390000000003056
2.478163186101965,3,100,4999,5,10000,A3,HOSVD,3.4390000000003056
11.500189269908908,3,100,4999,5,10000,core,HOSVD,3.4390000000003056
2.6510881488768514,3,100,4999,5,10000,A1,HOOI,6.6710000000002765
0.024177772257556664,3,100,4999,5,10000,A2,HOOI,6.6710000000002765
2.479025671573302,3,100,4999,5,10000,A3,HOOI,6.6710000000002765
11.500317848358819,3,100,4999,5,10000,core,HOOI,6.6710000000002765
2.0122076924199455,3,100,4999,5,10000,A1,Olga,2.6790000000000873
0.093520018312429,3,100,4999,5,10000,A2,Olga,2.6790000000000873
2.9243762013799683,3,100,4999,5,10000,A3,Tracy,2.6790000000000873
11.484012248721157,3,100,4999,5,10000,core,Tracy_Olga,2.6790000000000873
27.194902410844545,3,100,5995,5,10000,A1,NTD,203.29199999999946
1.3633511193410928,3,100,5995,5,10000,A2,NTD,203.29199999999946
5992.2054153666,3,100,5995,5,10000,A3,NTD,203.29199999999946
10.141132734959612,3,100,5995,5,10000,core,NTD,203.29199999999946
2.7665382790533752,3,100,5995,5,10000,A1,Ours,7.7150000000001455
0.03625863101529144,3,100,5995,5,10000,A2,Ours,7.7150000000001455
2.6422289805287185,3,100,5995,5,10000,A3,Ours,7.7150000000001455
12.881036322558936,3,100,5995,5,10000,core,Ours,7.7150000000001455
2.7665382790533752,3,100,5995,5,10000,A1,HOSVD,1.856999999999971
0.03625863101529144,3,100,5995,5,10000,A2,HOSVD,1.856999999999971
2.6391706608553935,3,100,5995,5,10000,A3,HOSVD,1.856999999999971
12.878031055175631,3,100,5995,5,10000,core,HOSVD,1.856999999999971
2.7590051108065525,3,100,5995,5,10000,A1,HOOI,5.996000000000095
0.037079059542259624,3,100,5995,5,10000,A2,HOOI,5.996000000000095
2.520977437131412,3,100,5995,5,10000,A3,HOOI,5.996000000000095
11.56662574670702,3,100,5995,5,10000,core,HOOI,5.996000000000095
1.8711995743042904,3,100,5995,5,10000,A1,Olga,3.8659999999999854
0.16731806232166568,3,100,5995,5,10000,A2,Olga,3.8659999999999854
3.0025729564756896,3,100,5995,5,10000,A3,Tracy,3.8659999999999854
11.563011891660892,3,100,5995,5,10000,core,Tracy_Olga,3.8659999999999854
6.972703028117602,3,100,6991,5,10000,A1,NTD,217.4400000000005
3.0875095355693145,3,100,6991,5,10000,A2,NTD,217.4400000000005
6988.031814791316,3,100,6991,5,10000,A3,NTD,217.4400000000005
13.776371606341293,3,100,6991,5,10000,core,NTD,217.4400000000005
2.189652219450124,3,100,6991,5,10000,A1,Ours,8.784999999999854
0.025597244851339726,3,100,6991,5,10000,A2,Ours,8.784999999999854
2.522587811641178,3,100,6991,5,10000,A3,Ours,8.784999999999854
11.671081194941866,3,100,6991,5,10000,core,Ours,8.784999999999854
2.189652219450124,3,100,6991,5,10000,A1,HOSVD,2.813000000000102
0.025597244851339726,3,100,6991,5,10000,A2,HOSVD,2.813000000000102
2.518952673897566,3,100,6991,5,10000,A3,HOSVD,2.813000000000102
11.670071495610399,3,100,6991,5,10000,core,HOSVD,2.813000000000102
2.2018834145455295,3,100,6991,5,10000,A1,HOOI,6.600000000000364
0.023311130077303968,3,100,6991,5,10000,A2,HOOI,6.600000000000364
4.379582766346734,3,100,6991,5,10000,A3,HOOI,6.600000000000364
9.376100630264833,3,100,6991,5,10000,core,HOOI,6.600000000000364
2.406009071995769,3,100,6991,5,10000,A1,Olga,4.51299999999992
0.14712000641075587,3,100,6991,5,10000,A2,Olga,4.51299999999992
2.8969958520328603,3,100,6991,5,10000,A3,Tracy,4.51299999999992
11.654924842007198,3,100,6991,5,10000,core,Tracy_Olga,4.51299999999992
8.486435287992993,3,100,7990,5,10000,A1,NTD,246.22100000000046
2.5443700934643765,3,100,7990,5,10000,A2,NTD,246.22100000000046
7987.036233884293,3,100,7990,5,10000,A3,NTD,246.22100000000046
8.76823582356154,3,100,7990,5,10000,core,NTD,246.22100000000046
2.1207938903628265,3,100,7990,5,10000,A1,Ours,9.759000000000015
0.03232214437220475,3,100,7990,5,10000,A2,Ours,9.759000000000015
2.4934765802064494,3,100,7990,5,10000,A3,Ours,9.759000000000015
11.673317297310554,3,100,7990,5,10000,core,Ours,9.759000000000015
2.1207938903628265,3,100,7990,5,10000,A1,HOSVD,2.293000000000575
0.03232214437220475,3,100,7990,5,10000,A2,HOSVD,2.293000000000575
2.488745136714881,3,100,7990,5,10000,A3,HOSVD,2.293000000000575
11.672004162839956,3,100,7990,5,10000,core,HOSVD,2.293000000000575
2.1252421649845195,3,100,7990,5,10000,A1,HOOI,9.699000000000524
0.02934461638098486,3,100,7990,5,10000,A2,HOOI,9.699000000000524
2.491796250132957,3,100,7990,5,10000,A3,HOOI,9.699000000000524
11.682256865154153,3,100,7990,5,10000,core,HOOI,9.699000000000524
2.2451070163370397,3,100,7990,5,10000,A1,Olga,6.134999999999309
0.36117667207335835,3,100,7990,5,10000,A2,Olga,6.134999999999309
2.877065225473994,3,100,7990,5,10000,A3,Tracy,6.134999999999309
11.677877047753693,3,100,7990,5,10000,core,Tracy_Olga,6.134999999999309
5.57226954503593,3,100,8988,5,10000,A1,NTD,288.6309999999994
2.4691002912545144,3,100,8988,5,10000,A2,NTD,288.6309999999994
8985.039194143723,3,100,8988,5,10000,A3,NTD,288.6309999999994
10.946984748468546,3,100,8988,5,10000,core,NTD,288.6309999999994
2.6306265556197688,3,100,8988,5,10000,A1,Ours,13.628000000000611
0.04343601143978518,3,100,8988,5,10000,A2,Ours,13.628000000000611
2.5468703989441037,3,100,8988,5,10000,A3,Ours,13.628000000000611
11.68558910963971,3,100,8988,5,10000,core,Ours,13.628000000000611
2.6306265556197688,3,100,8988,5,10000,A1,HOSVD,3.0140000000001237
0.04343601143978518,3,100,8988,5,10000,A2,HOSVD,3.0140000000001237
2.5403317099067304,3,100,8988,5,10000,A3,HOSVD,3.0140000000001237
11.685247789351937,3,100,8988,5,10000,core,HOSVD,3.0140000000001237
2.6411007905303503,3,100,8988,5,10000,A1,HOOI,11.423999999999978
0.047111561223491916,3,100,8988,5,10000,A2,HOOI,11.423999999999978
2.537775993212524,3,100,8988,5,10000,A3,HOOI,11.423999999999978
11.686397434311488,3,100,8988,5,10000,core,HOOI,11.423999999999978
2.0898212687986386,3,100,8988,5,10000,A1,Olga,5.536000000000058
0.26646397937931904,3,100,8988,5,10000,A2,Olga,5.536000000000058
2.913654879106357,3,100,8988,5,10000,A3,Tracy,5.536000000000058
11.606421139186825,3,100,8988,5,10000,core,Tracy_Olga,5.536000000000058
3.3746153944389765,3,100,9981,5,10000,A1,NTD,317.60299999999916
1.5246698550773081,3,100,9981,5,10000,A2,NTD,317.60299999999916
9978.034631844776,3,100,9981,5,10000,A3,NTD,317.60299999999916
11.19703516589099,3,100,9981,5,10000,core,NTD,317.60299999999916
2.5592475532569527,3,100,9981,5,10000,A1,Ours,14.677999999999884
0.034555975148745116,3,100,9981,5,10000,A2,Ours,14.677999999999884
2.516196796454732,3,100,9981,5,10000,A3,Ours,14.677999999999884
11.65773662434661,3,100,9981,5,10000,core,Ours,14.677999999999884
2.5592475532569527,3,100,9981,5,10000,A1,HOSVD,3.0479999999997744
0.034555975148745116,3,100,9981,5,10000,A2,HOSVD,3.0479999999997744
2.5087512796222717,3,100,9981,5,10000,A3,HOSVD,3.0479999999997744
11.655854473822533,3,100,9981,5,10000,core,HOSVD,3.0479999999997744
2.560098790477255,3,100,9981,5,10000,A1,HOOI,12.564000000000306
0.034254573867889354,3,100,9981,5,10000,A2,HOOI,12.564000000000306
2.509295760857455,3,100,9981,5,10000,A3,HOOI,12.564000000000306
11.659547775801963,3,100,9981,5,10000,core,HOOI,12.564000000000306
2.1135870053538697,3,100,9981,5,10000,A1,Olga,5.975000000000364
0.21841068080454967,3,100,9981,5,10000,A2,Olga,5.975000000000364
2.9024111053717094,3,100,9981,5,10000,A3,Tracy,5.975000000000364
11.645174235871295,3,100,9981,5,10000,core,Tracy_Olga,5.975000000000364
