error,K,Q1,R,Q2,M,mode,method,time
58.454081175122795,3,100,988,5,100,A1,NTD,38.155
1.0808418454406692,3,100,988,5,100,A2,NTD,38.155
985.2700028582643,3,100,988,5,100,A3,NTD,38.155
12.341410198468047,3,100,988,5,100,core,NTD,38.155
22.26602902367189,3,100,988,5,100,A1,Ours,6.522999999999996
0.08420100941792645,3,100,988,5,100,A2,Ours,6.522999999999996
3.28350622825461,3,100,988,5,100,A3,Ours,6.522999999999996
10.496443092162368,3,100,988,5,100,core,Ours,6.522999999999996
22.26602902367189,3,100,988,5,100,A1,HOSVD,5.478999999999999
0.08420100941792645,3,100,988,5,100,A2,HOSVD,5.478999999999999
2.5451450273540295,3,100,988,5,100,A3,HOSVD,5.478999999999999
12.044347158555214,3,100,988,5,100,core,HOSVD,5.478999999999999
18.98708962365367,3,100,988,5,100,A1,HOOI,6.847000000000001
0.09715511449328111,3,100,988,5,100,A2,HOOI,6.847000000000001
2.5664641906995835,3,100,988,5,100,A3,HOOI,6.847000000000001
12.107450224437633,3,100,988,5,100,core,HOOI,6.847000000000001
20.05249095098055,3,100,988,5,100,A1,Olga,3.213000000000008
1.5946215028605144,3,100,988,5,100,A2,Olga,3.213000000000008
2.8403818434473656,3,100,988,5,100,A3,Tracy,3.213000000000008
10.777966633679897,3,100,988,5,100,core,Tracy_Olga,3.213000000000008
113.48738249543237,3,100,4513,5,100,A1,NTD,160.31300000000002
5.080743695677209,3,100,4513,5,100,A2,NTD,160.31300000000002
4510.523015010853,3,100,4513,5,100,A3,NTD,160.31300000000002
10.83831470524889,3,100,4513,5,100,core,NTD,160.31300000000002
14.869656915831818,3,100,4513,5,100,A1,Ours,10.84299999999999
0.1363081074388327,3,100,4513,5,100,A2,Ours,10.84299999999999
5.40113043114279,3,100,4513,5,100,A3,Ours,10.84299999999999
9.462310577770701,3,100,4513,5,100,core,Ours,10.84299999999999
14.869656915831818,3,100,4513,5,100,A1,HOSVD,12.638000000000005
0.1363081074388327,3,100,4513,5,100,A2,HOSVD,12.638000000000005
2.7171056072721265,3,100,4513,5,100,A3,HOSVD,12.638000000000005
12.097730174783418,3,100,4513,5,100,core,HOSVD,12.638000000000005
14.886475736151436,3,100,4513,5,100,A1,HOOI,21.950000000000017
0.11990948289263205,3,100,4513,5,100,A2,HOOI,21.950000000000017
3.827205283060408,3,100,4513,5,100,A3,HOOI,21.950000000000017
13.843619995084483,3,100,4513,5,100,core,HOOI,21.950000000000017
47.65016940603404,3,100,4513,5,100,A1,Olga,15.684000000000026
2.6405764416599875,3,100,4513,5,100,A2,Olga,15.684000000000026
3.038663701128064,3,100,4513,5,100,A3,Tracy,15.684000000000026
10.961562246790981,3,100,4513,5,100,core,Tracy_Olga,15.684000000000026
120.15247097427161,3,100,8213,5,100,A1,NTD,282.162
3.5639080017419595,3,100,8213,5,100,A2,NTD,282.162
8210.598847350435,3,100,8213,5,100,A3,NTD,282.162
11.028119780151,3,100,8213,5,100,core,NTD,282.162
18.57402554541705,3,100,8213,5,100,A1,Ours,29.687000000000012
0.09295608701622321,3,100,8213,5,100,A2,Ours,29.687000000000012
5.417040851232677,3,100,8213,5,100,A3,Ours,29.687000000000012
12.166185943162896,3,100,8213,5,100,core,Ours,29.687000000000012
18.57402554541705,3,100,8213,5,100,A1,HOSVD,19.632000000000062
0.09295608701622321,3,100,8213,5,100,A2,HOSVD,19.632000000000062
4.892598395466461,3,100,8213,5,100,A3,HOSVD,19.632000000000062
9.789684699199274,3,100,8213,5,100,core,HOSVD,19.632000000000062
18.41945203732911,3,100,8213,5,100,A1,HOOI,15.039999999999964
0.06159857741018347,3,100,8213,5,100,A2,HOOI,15.039999999999964
3.9362943299200652,3,100,8213,5,100,A3,HOOI,15.039999999999964
12.504589920533164,3,100,8213,5,100,core,HOOI,15.039999999999964
78.61496078887605,3,100,8213,5,100,A1,Olga,10.733000000000061
2.434068701644901,3,100,8213,5,100,A2,Olga,10.733000000000061
3.910532788603472,3,100,8213,5,100,A3,Tracy,10.733000000000061
9.046766720196379,3,100,8213,5,100,core,Tracy_Olga,10.733000000000061
2.897293632576497,3,100,1000,5,500,A1,NTD,28.94799999999998
4.0377539602084,3,100,1000,5,500,A2,NTD,28.94799999999998
997.0053566162142,3,100,1000,5,500,A3,NTD,28.94799999999998
13.572398616911622,3,100,1000,5,500,core,NTD,28.94799999999998
9.618312344633834,3,100,1000,5,500,A1,Ours,1.5839999999999463
0.06730902888294135,3,100,1000,5,500,A2,Ours,1.5839999999999463
1.1306264722675867,3,100,1000,5,500,A3,Ours,1.5839999999999463
12.097730174783418,3,100,1000,5,500,core,Ours,1.5839999999999463
9.618312344633834,3,100,1000,5,500,A1,HOSVD,2.0009999999999764
0.06730902888294135,3,100,1000,5,500,A2,HOSVD,2.0009999999999764
1.104939855708393,3,100,1000,5,500,A3,HOSVD,2.0009999999999764
12.097730174783418,3,100,1000,5,500,core,HOSVD,2.0009999999999764
9.48188161814926,3,100,1000,5,500,A1,HOOI,1.5160000000000764
0.05709663926393407,3,100,1000,5,500,A2,HOOI,1.5160000000000764
1.1389187961416618,3,100,1000,5,500,A3,HOOI,1.5160000000000764
12.097730174783418,3,100,1000,5,500,core,HOOI,1.5160000000000764
8.038120201180734,3,100,1000,5,500,A1,Olga,2.26400000000001
0.029175289737854496,3,100,1000,5,500,A2,Olga,2.26400000000001
1.7222033654269198,3,100,1000,5,500,A3,Tracy,2.26400000000001
12.097730174783418,3,100,1000,5,500,core,Tracy_Olga,2.26400000000001
5.313480454744776,3,100,4892,5,500,A1,NTD,163.50300000000004
1.791421956379939,3,100,4892,5,500,A2,NTD,163.50300000000004
4889.242630964478,3,100,4892,5,500,A3,NTD,163.50300000000004
13.522478389596687,3,100,4892,5,500,core,NTD,163.50300000000004
7.154045134956149,3,100,4892,5,500,A1,Ours,14.392000000000053
0.023680928015439407,3,100,4892,5,500,A2,Ours,14.392000000000053
3.2747232124596777,3,100,4892,5,500,A3,Ours,14.392000000000053
10.223470625128833,3,100,4892,5,500,core,Ours,14.392000000000053
7.154045134956149,3,100,4892,5,500,A1,HOSVD,8.850999999999999
0.023680928015439407,3,100,4892,5,500,A2,HOSVD,8.850999999999999
2.6037939240004007,3,100,4892,5,500,A3,HOSVD,8.850999999999999
12.097730174783418,3,100,4892,5,500,core,HOSVD,8.850999999999999
7.253516959950813,3,100,4892,5,500,A1,HOOI,4.981999999999971
0.013565793143585666,3,100,4892,5,500,A2,HOOI,4.981999999999971
2.6161917819819025,3,100,4892,5,500,A3,HOOI,4.981999999999971
12.097730174783418,3,100,4892,5,500,core,HOOI,4.981999999999971
10.795509072634882,3,100,4892,5,500,A1,Olga,3.324000000000069
0.33370969714807286,3,100,4892,5,500,A2,Olga,3.324000000000069
2.8838797875754767,3,100,4892,5,500,A3,Tracy,3.324000000000069
12.044634169563642,3,100,4892,5,500,core,Tracy_Olga,3.324000000000069
55.2502126010438,3,100,9606,5,500,A1,NTD,357.1779999999999
2.644631027894745,3,100,9606,5,500,A2,NTD,357.1779999999999
9603.344835845211,3,100,9606,5,500,A3,NTD,357.1779999999999
8.17067992854719,3,100,9606,5,500,core,NTD,357.1779999999999
8.12967832421724,3,100,9606,5,500,A1,Ours,17.53800000000001
0.024981958811407846,3,100,9606,5,500,A2,Ours,17.53800000000001
5.365798036742725,3,100,9606,5,500,A3,Ours,17.53800000000001
13.957372323087103,3,100,9606,5,500,core,Ours,17.53800000000001
8.12967832421724,3,100,9606,5,500,A1,HOSVD,10.402000000000044
0.024981958811407846,3,100,9606,5,500,A2,HOSVD,10.402000000000044
2.6371149543464307,3,100,9606,5,500,A3,HOSVD,10.402000000000044
11.973954694120817,3,100,9606,5,500,core,HOSVD,10.402000000000044
8.940924446139901,3,100,9606,5,500,A1,HOOI,20.778999999999996
0.020233459145131517,3,100,9606,5,500,A2,HOOI,20.778999999999996
3.8294897984631495,3,100,9606,5,500,A3,HOOI,20.778999999999996
10.84494594153584,3,100,9606,5,500,core,HOOI,20.778999999999996
16.397882601017734,3,100,9606,5,500,A1,Olga,11.51299999999992
1.926628077376044,3,100,9606,5,500,A2,Olga,11.51299999999992
2.9401501201171727,3,100,9606,5,500,A3,Tracy,11.51299999999992
10.867648829869792,3,100,9606,5,500,core,Tracy_Olga,11.51299999999992
2.404288997178497,3,100,1000,5,1000,A1,NTD,29.188000000000102
0.06647974823187305,3,100,1000,5,1000,A2,NTD,29.188000000000102
997.0015967131593,3,100,1000,5,1000,A3,NTD,29.188000000000102
13.089092494620546,3,100,1000,5,1000,core,NTD,29.188000000000102
5.05713557223626,3,100,1000,5,1000,A1,Ours,2.5520000000001346
0.020056647034450852,3,100,1000,5,1000,A2,Ours,2.5520000000001346
0.6595649302192845,3,100,1000,5,1000,A3,Ours,2.5520000000001346
11.702052064567656,3,100,1000,5,1000,core,Ours,2.5520000000001346
5.05713557223626,3,100,1000,5,1000,A1,HOSVD,4.110999999999876
0.020056647034450852,3,100,1000,5,1000,A2,HOSVD,4.110999999999876
0.6505238010937714,3,100,1000,5,1000,A3,HOSVD,4.110999999999876
11.684938477092853,3,100,1000,5,1000,core,HOSVD,4.110999999999876
5.070635343308917,3,100,1000,5,1000,A1,HOOI,1.5899999999999181
0.02026712580338554,3,100,1000,5,1000,A2,HOOI,1.5899999999999181
0.6175049460344931,3,100,1000,5,1000,A3,HOOI,1.5899999999999181
11.692952813160845,3,100,1000,5,1000,core,HOOI,1.5899999999999181
5.719808362798894,3,100,1000,5,1000,A1,Olga,1.1489999999998872
0.010400706640931956,3,100,1000,5,1000,A2,Olga,1.1489999999998872
1.5225203434882124,3,100,1000,5,1000,A3,Tracy,1.1489999999998872
11.74211316029879,3,100,1000,5,1000,core,Tracy_Olga,1.1489999999998872
3.4112962051128566,3,100,4951,5,1000,A1,NTD,163.60500000000002
4.435978257637707,3,100,4951,5,1000,A2,NTD,163.60500000000002
4948.153286245957,3,100,4951,5,1000,A3,NTD,163.60500000000002
10.2537864606103,3,100,4951,5,1000,core,NTD,163.60500000000002
7.538160167189721,3,100,4951,5,1000,A1,Ours,5.473999999999933
0.01060508289274927,3,100,4951,5,1000,A2,Ours,5.473999999999933
2.9105152531597356,3,100,4951,5,1000,A3,Ours,5.473999999999933
11.743922809492798,3,100,4951,5,1000,core,Ours,5.473999999999933
7.538160167189721,3,100,4951,5,1000,A1,HOSVD,1.8119999999998981
0.01060508289274927,3,100,4951,5,1000,A2,HOSVD,1.8119999999998981
2.5619766768514345,3,100,4951,5,1000,A3,HOSVD,1.8119999999998981
12.097730174783418,3,100,4951,5,1000,core,HOSVD,1.8119999999998981
7.5749138951888595,3,100,4951,5,1000,A1,HOOI,4.3250000000000455
0.00894612347133584,3,100,4951,5,1000,A2,HOOI,4.3250000000000455
2.541942156313115,3,100,4951,5,1000,A3,HOOI,4.3250000000000455
11.881007776584777,3,100,4951,5,1000,core,HOOI,4.3250000000000455
6.050017090206986,3,100,4951,5,1000,A1,Olga,2.548999999999978
0.21250881307153316,3,100,4951,5,1000,A2,Olga,2.548999999999978
2.864562192582266,3,100,4951,5,1000,A3,Tracy,2.548999999999978
12.03820275917403,3,100,4951,5,1000,core,Tracy_Olga,2.548999999999978
48.40369014343079,3,100,9779,5,1000,A1,NTD,322.45399999999995
1.7914485821320878,3,100,9779,5,1000,A2,NTD,322.45399999999995
9776.193792530805,3,100,9779,5,1000,A3,NTD,322.45399999999995
8.969601244063611,3,100,9779,5,1000,core,NTD,322.45399999999995
5.165436826015304,3,100,9779,5,1000,A1,Ours,25.549999999999955
0.03062937323553974,3,100,9779,5,1000,A2,Ours,25.549999999999955
4.02966118844579,3,100,9779,5,1000,A3,Ours,25.549999999999955
11.615422018760736,3,100,9779,5,1000,core,Ours,25.549999999999955
5.165436826015304,3,100,9779,5,1000,A1,HOSVD,16.461000000000013
0.03062937323553974,3,100,9779,5,1000,A2,HOSVD,16.461000000000013
2.593331899559422,3,100,9779,5,1000,A3,HOSVD,16.461000000000013
12.062192389059033,3,100,9779,5,1000,core,HOSVD,16.461000000000013
5.0897490548851225,3,100,9779,5,1000,A1,HOOI,23.91599999999994
0.03164018870247547,3,100,9779,5,1000,A2,HOOI,23.91599999999994
2.6062801896734586,3,100,9779,5,1000,A3,HOOI,23.91599999999994
12.075168247164497,3,100,9779,5,1000,core,HOOI,23.91599999999994
7.0472242044511475,3,100,9779,5,1000,A1,Olga,26.99499999999989
0.4386459288818116,3,100,9779,5,1000,A2,Olga,26.99499999999989
2.8885683650596232,3,100,9779,5,1000,A3,Tracy,26.99499999999989
12.020489213017328,3,100,9779,5,1000,core,Tracy_Olga,26.99499999999989
2.1534104469583846,3,100,1000,5,2500,A1,NTD,28.128999999999905
1.4368806748040628,3,100,1000,5,2500,A2,NTD,28.128999999999905
997.0007856829051,3,100,1000,5,2500,A3,NTD,28.128999999999905
13.093744244109967,3,100,1000,5,2500,core,NTD,28.128999999999905
3.7376238735699805,3,100,1000,5,2500,A1,Ours,6.097999999999956
0.014279481022374089,3,100,1000,5,2500,A2,Ours,6.097999999999956
0.5372906152954308,3,100,1000,5,2500,A3,Ours,6.097999999999956
11.797798207315635,3,100,1000,5,2500,core,Ours,6.097999999999956
3.7376238735699805,3,100,1000,5,2500,A1,HOSVD,4.682999999999993
0.014279481022374089,3,100,1000,5,2500,A2,HOSVD,4.682999999999993
0.5359956187476316,3,100,1000,5,2500,A3,HOSVD,4.682999999999993
11.796510514372107,3,100,1000,5,2500,core,HOSVD,4.682999999999993
3.747954912615986,3,100,1000,5,2500,A1,HOOI,4.9220000000000255
0.01456299870714827,3,100,1000,5,2500,A2,HOOI,4.9220000000000255
0.5350799967889096,3,100,1000,5,2500,A3,HOOI,4.9220000000000255
11.800870419598455,3,100,1000,5,2500,core,HOOI,4.9220000000000255
2.997840576396885,3,100,1000,5,2500,A1,Olga,6.225999999999885
0.021571787032416825,3,100,1000,5,2500,A2,Olga,6.225999999999885
1.5178282847036808,3,100,1000,5,2500,A3,Tracy,6.225999999999885
11.79759915513615,3,100,1000,5,2500,core,Tracy_Olga,6.225999999999885
1.983666174280962,3,100,4983,5,2500,A1,NTD,162.67399999999975
0.736877299036494,3,100,4983,5,2500,A2,NTD,162.67399999999975
4980.082165557678,3,100,4983,5,2500,A3,NTD,162.67399999999975
11.459556047778888,3,100,4983,5,2500,core,NTD,162.67399999999975
3.6897606682032627,3,100,4983,5,2500,A1,Ours,5.648999999999887
0.024042825075128,3,100,4983,5,2500,A2,Ours,5.648999999999887
2.5405981013586634,3,100,4983,5,2500,A3,Ours,5.648999999999887
12.136690263071188,3,100,4983,5,2500,core,Ours,5.648999999999887
3.6897606682032627,3,100,4983,5,2500,A1,HOSVD,1.7159999999998945
0.024042825075128,3,100,4983,5,2500,A2,HOSVD,1.7159999999998945
2.5060358877667612,3,100,4983,5,2500,A3,HOSVD,1.7159999999998945
12.107525141156922,3,100,4983,5,2500,core,HOSVD,1.7159999999998945
3.678559661367916,3,100,4983,5,2500,A1,HOOI,4.782999999999902
0.024484135487326322,3,100,4983,5,2500,A2,HOOI,4.782999999999902
2.502456358973907,3,100,4983,5,2500,A3,HOOI,4.782999999999902
12.089295654449801,3,100,4983,5,2500,core,HOOI,4.782999999999902
3.804990128327545,3,100,4983,5,2500,A1,Olga,2.4600000000000364
0.07670272542080685,3,100,4983,5,2500,A2,Olga,2.4600000000000364
2.897768386905235,3,100,4983,5,2500,A3,Tracy,2.4600000000000364
12.158899129329633,3,100,4983,5,2500,core,Tracy_Olga,2.4600000000000364
2.4451652270227857,3,100,9917,5,2500,A1,NTD,336.77999999999975
1.0807341985847903,3,100,9917,5,2500,A2,NTD,336.77999999999975
9914.118679077517,3,100,9917,5,2500,A3,NTD,336.77999999999975
11.320294902749131,3,100,9917,5,2500,core,NTD,336.77999999999975
3.771495391832485,3,100,9917,5,2500,A1,Ours,14.037000000000262
0.02385595558039762,3,100,9917,5,2500,A2,Ours,14.037000000000262
2.870056029479407,3,100,9917,5,2500,A3,Ours,14.037000000000262
10.362924738885438,3,100,9917,5,2500,core,Ours,14.037000000000262
3.771495391832485,3,100,9917,5,2500,A1,HOSVD,3.6090000000003783
0.02385595558039762,3,100,9917,5,2500,A2,HOSVD,3.6090000000003783
2.560092937588283,3,100,9917,5,2500,A3,HOSVD,3.6090000000003783
12.109524073027341,3,100,9917,5,2500,core,HOSVD,3.6090000000003783
3.749232606959405,3,100,9917,5,2500,A1,HOOI,13.202999999999975
0.02566551520331389,3,100,9917,5,2500,A2,HOOI,13.202999999999975
4.855113066842309,3,100,9917,5,2500,A3,HOOI,13.202999999999975
10.975900724943465,3,100,9917,5,2500,core,HOOI,13.202999999999975
3.515039020859721,3,100,9917,5,2500,A1,Olga,7.126000000000204
0.16465501806054653,3,100,9917,5,2500,A2,Olga,7.126000000000204
2.864519101737332,3,100,9917,5,2500,A3,Tracy,7.126000000000204
12.029500587735061,3,100,9917,5,2500,core,Tracy_Olga,7.126000000000204
2.115214473498631,3,100,1000,5,5000,A1,NTD,28.947999999999865
0.1537065064658207,3,100,1000,5,5000,A2,NTD,28.947999999999865
997.0006044910084,3,100,1000,5,5000,A3,NTD,28.947999999999865
8.172968811254425,3,100,1000,5,5000,core,NTD,28.947999999999865
2.7198683260440673,3,100,1000,5,5000,A1,Ours,3.0700000000001637
0.005801872172070541,3,100,1000,5,5000,A2,Ours,3.0700000000001637
0.4756671768319206,3,100,1000,5,5000,A3,Ours,3.0700000000001637
11.973166455478268,3,100,1000,5,5000,core,Ours,3.0700000000001637
2.7198683260440673,3,100,1000,5,5000,A1,HOSVD,1.7089999999998327
0.005801872172070541,3,100,1000,5,5000,A2,HOSVD,1.7089999999998327
0.4755886483506065,3,100,1000,5,5000,A3,HOSVD,1.7089999999998327
11.972498107429796,3,100,1000,5,5000,core,HOSVD,1.7089999999998327
2.701906252281583,3,100,1000,5,5000,A1,HOOI,1.6419999999998254
0.0061506424902728,3,100,1000,5,5000,A2,HOOI,1.6419999999998254
0.477227215634295,3,100,1000,5,5000,A3,HOOI,1.6419999999998254
11.974451183121024,3,100,1000,5,5000,core,HOOI,1.6419999999998254
2.5072899597974496,3,100,1000,5,5000,A1,Olga,0.5660000000002583
0.013696578705154679,3,100,1000,5,5000,A2,Olga,0.5660000000002583
1.5481148246941818,3,100,1000,5,5000,A3,Tracy,0.5660000000002583
11.844734827692058,3,100,1000,5,5000,core,Tracy_Olga,0.5660000000002583
25.710794806877455,3,100,4991,5,5000,A1,NTD,158.78700000000026
0.31669273161390477,3,100,4991,5,5000,A2,NTD,158.78700000000026
4988.067378963631,3,100,4991,5,5000,A3,NTD,158.78700000000026
14.546100172178582,3,100,4991,5,5000,core,NTD,158.78700000000026
3.5794801242239656,3,100,4991,5,5000,A1,Ours,5.164999999999964
0.002032668622569534,3,100,4991,5,5000,A2,Ours,5.164999999999964
2.552996758040636,3,100,4991,5,5000,A3,Ours,5.164999999999964
12.065581425251386,3,100,4991,5,5000,core,Ours,5.164999999999964
3.5794801242239656,3,100,4991,5,5000,A1,HOSVD,1.8110000000001492
0.002032668622569534,3,100,4991,5,5000,A2,HOSVD,1.8110000000001492
2.5452784851196233,3,100,4991,5,5000,A3,HOSVD,1.8110000000001492
12.06007897897705,3,100,4991,5,5000,core,HOSVD,1.8110000000001492
3.5705794285482835,3,100,4991,5,5000,A1,HOOI,4.766999999999825
0.0018500727180712105,3,100,4991,5,5000,A2,HOOI,4.766999999999825
2.54212491820601,3,100,4991,5,5000,A3,HOOI,4.766999999999825
12.067849278317041,3,100,4991,5,5000,core,HOOI,4.766999999999825
2.8362894430199566,3,100,4991,5,5000,A1,Olga,2.7840000000001055
0.02958868250430402,3,100,4991,5,5000,A2,Olga,2.7840000000001055
2.8387212982846335,3,100,4991,5,5000,A3,Tracy,2.7840000000001055
12.066951285747106,3,100,4991,5,5000,core,Tracy_Olga,2.7840000000001055
9.403900261398523,3,100,9965,5,5000,A1,NTD,341.203
1.0807238356839117,3,100,9965,5,5000,A2,NTD,341.203
9962.07675619665,3,100,9965,5,5000,A3,NTD,341.203
11.309802212149782,3,100,9965,5,5000,core,NTD,341.203
3.8266012354044068,3,100,9965,5,5000,A1,Ours,18.534999999999854
0.015580200581063696,3,100,9965,5,5000,A2,Ours,18.534999999999854
2.582651637595095,3,100,9965,5,5000,A3,Ours,18.534999999999854
12.108679607740417,3,100,9965,5,5000,core,Ours,18.534999999999854
3.8266012354044068,3,100,9965,5,5000,A1,HOSVD,6.414999999999964
0.015580200581063696,3,100,9965,5,5000,A2,HOSVD,6.414999999999964
2.552438893035449,3,100,9965,5,5000,A3,HOSVD,6.414999999999964
12.068918213792385,3,100,9965,5,5000,core,HOSVD,6.414999999999964
3.835714623976928,3,100,9965,5,5000,A1,HOOI,13.41800000000012
0.014931021337185893,3,100,9965,5,5000,A2,HOOI,13.41800000000012
2.549694126304003,3,100,9965,5,5000,A3,HOOI,13.41800000000012
12.082036144388699,3,100,9965,5,5000,core,HOOI,13.41800000000012
2.541140551365142,3,100,9965,5,5000,A1,Olga,7.307999999999993
0.0772800013517139,3,100,9965,5,5000,A2,Olga,7.307999999999993
2.836313566954709,3,100,9965,5,5000,A3,Tracy,7.307999999999993
12.043131804436689,3,100,9965,5,5000,core,Tracy_Olga,7.307999999999993
2.686678356819351,3,100,1000,5,6000,A1,NTD,28.983000000000175
0.1705708417036911,3,100,1000,5,6000,A2,NTD,28.983000000000175
997.0000843757479,3,100,1000,5,6000,A3,NTD,28.983000000000175
14.226774658642913,3,100,1000,5,6000,core,NTD,28.983000000000175
3.1475686858683893,3,100,1000,5,6000,A1,Ours,0.9280000000003383
0.012565304889552065,3,100,1000,5,6000,A2,Ours,0.9280000000003383
0.18449574875977337,3,100,1000,5,6000,A3,Ours,0.9280000000003383
11.71282000492365,3,100,1000,5,6000,core,Ours,0.9280000000003383
3.1475686858683893,3,100,1000,5,6000,A1,HOSVD,0.569999999999709
0.012565304889552065,3,100,1000,5,6000,A2,HOSVD,0.569999999999709
0.1843054832267789,3,100,1000,5,6000,A3,HOSVD,0.569999999999709
11.712307319145703,3,100,1000,5,6000,core,HOSVD,0.569999999999709
3.130743458493672,3,100,1000,5,6000,A1,HOOI,0.7880000000000109
0.012835770465395413,3,100,1000,5,6000,A2,HOOI,0.7880000000000109
0.18358616175554396,3,100,1000,5,6000,A3,HOOI,0.7880000000000109
11.712454878348158,3,100,1000,5,6000,core,HOOI,0.7880000000000109
2.21202748492825,3,100,1000,5,6000,A1,Olga,0.5380000000000109
0.005954327246059644,3,100,1000,5,6000,A2,Olga,0.5380000000000109
1.3766809324433917,3,100,1000,5,6000,A3,Tracy,0.5380000000000109
11.756268065388682,3,100,1000,5,6000,core,Tracy_Olga,0.5380000000000109
2.9905176233534787,3,100,4993,5,6000,A1,NTD,166.80600000000004
0.44109933146318026,3,100,4993,5,6000,A2,NTD,166.80600000000004
4990.0407613993475,3,100,4993,5,6000,A3,NTD,166.80600000000004
12.868097512400029,3,100,4993,5,6000,core,NTD,166.80600000000004
2.194436775131374,3,100,4993,5,6000,A1,Ours,5.571999999999662
0.0076366082901556664,3,100,4993,5,6000,A2,Ours,5.571999999999662
2.5520506870955337,3,100,4993,5,6000,A3,Ours,5.571999999999662
12.010855538397143,3,100,4993,5,6000,core,Ours,5.571999999999662
2.194436775131374,3,100,4993,5,6000,A1,HOSVD,2.1859999999996944
0.0076366082901556664,3,100,4993,5,6000,A2,HOSVD,2.1859999999996944
2.5467080807667872,3,100,4993,5,6000,A3,HOSVD,2.1859999999996944
12.007385137181938,3,100,4993,5,6000,core,HOSVD,2.1859999999996944
2.192704732311463,3,100,4993,5,6000,A1,HOOI,4.644999999999982
0.007955861625292342,3,100,4993,5,6000,A2,HOOI,4.644999999999982
2.5495827168625733,3,100,4993,5,6000,A3,HOOI,4.644999999999982
11.992491300178388,3,100,4993,5,6000,core,HOOI,4.644999999999982
2.734846946160895,3,100,4993,5,6000,A1,Olga,2.736000000000331
0.02918518114340862,3,100,4993,5,6000,A2,Olga,2.736000000000331
2.8370602399552522,3,100,4993,5,6000,A3,Tracy,2.736000000000331
11.996473720372247,3,100,4993,5,6000,core,Tracy_Olga,2.736000000000331
2.024073149221054,3,100,9974,5,6000,A1,NTD,320.6119999999996
3.289878288362272,3,100,9974,5,6000,A2,NTD,320.6119999999996
9971.083198600743,3,100,9974,5,6000,A3,NTD,320.6119999999996
12.556321933439472,3,100,9974,5,6000,core,NTD,320.6119999999996
2.942095566636801,3,100,9974,5,6000,A1,Ours,12.989999999999782
0.010920882917403655,3,100,9974,5,6000,A2,Ours,12.989999999999782
2.570495343019399,3,100,9974,5,6000,A3,Ours,12.989999999999782
12.108563643288582,3,100,9974,5,6000,core,Ours,12.989999999999782
2.942095566636801,3,100,9974,5,6000,A1,HOSVD,7.834000000000287
0.010920882917403655,3,100,9974,5,6000,A2,HOSVD,7.834000000000287
2.5475279305886644,3,100,9974,5,6000,A3,HOSVD,7.834000000000287
12.091695291458253,3,100,9974,5,6000,core,HOSVD,7.834000000000287
2.9443280962542335,3,100,9974,5,6000,A1,HOOI,16.98199999999997
0.01128803692583912,3,100,9974,5,6000,A2,HOOI,16.98199999999997
2.55027383251626,3,100,9974,5,6000,A3,HOOI,16.98199999999997
12.0863443024075,3,100,9974,5,6000,core,HOOI,16.98199999999997
2.197011575480712,3,100,9974,5,6000,A1,Olga,20.49499999999989
0.05338482396696365,3,100,9974,5,6000,A2,Olga,20.49499999999989
2.857542594026554,3,100,9974,5,6000,A3,Tracy,20.49499999999989
12.032483639792723,3,100,9974,5,6000,core,Tracy_Olga,20.49499999999989
3.5556270535936094,3,100,1000,5,7000,A1,NTD,28.94499999999971
0.1827051747112314,3,100,1000,5,7000,A2,NTD,28.94499999999971
997.0003001269813,3,100,1000,5,7000,A3,NTD,28.94499999999971
9.835872971419596,3,100,1000,5,7000,core,NTD,28.94499999999971
2.7032200259995682,3,100,1000,5,7000,A1,Ours,7.192000000000007
0.019417325450654836,3,100,1000,5,7000,A2,Ours,7.192000000000007
0.1229603134617621,3,100,1000,5,7000,A3,Ours,7.192000000000007
11.77167028008448,3,100,1000,5,7000,core,Ours,7.192000000000007
2.7032200259995682,3,100,1000,5,7000,A1,HOSVD,7.528999999999996
0.019417325450654836,3,100,1000,5,7000,A2,HOSVD,7.528999999999996
0.12287930705970691,3,100,1000,5,7000,A3,HOSVD,7.528999999999996
11.771476247953753,3,100,1000,5,7000,core,HOSVD,7.528999999999996
2.6995423837459684,3,100,1000,5,7000,A1,HOOI,7.876999999999953
0.019129903935735583,3,100,1000,5,7000,A2,HOOI,7.876999999999953
0.1263038242682366,3,100,1000,5,7000,A3,HOOI,7.876999999999953
11.772703693520029,3,100,1000,5,7000,core,HOOI,7.876999999999953
1.846762768343029,3,100,1000,5,7000,A1,Olga,5.721000000000004
0.016520521849567812,3,100,1000,5,7000,A2,Olga,5.721000000000004
1.388708580870798,3,100,1000,5,7000,A3,Tracy,5.721000000000004
11.770630346845545,3,100,1000,5,7000,core,Tracy_Olga,5.721000000000004
7.988565613307179,3,100,4993,5,7000,A1,NTD,159.92700000000013
0.458553961760863,3,100,4993,5,7000,A2,NTD,159.92700000000013
4990.045571581133,3,100,4993,5,7000,A3,NTD,159.92700000000013
9.945412813675066,3,100,4993,5,7000,core,NTD,159.92700000000013
2.0359234293467408,3,100,4993,5,7000,A1,Ours,5.637000000000171
0.013161511202198143,3,100,4993,5,7000,A2,Ours,5.637000000000171
2.533831009735014,3,100,4993,5,7000,A3,Ours,5.637000000000171
12.11863995535669,3,100,4993,5,7000,core,Ours,5.637000000000171
2.0359234293467408,3,100,4993,5,7000,A1,HOSVD,1.7270000000003165
0.013161511202198143,3,100,4993,5,7000,A2,HOSVD,1.7270000000003165
2.5295648117923943,3,100,4993,5,7000,A3,HOSVD,1.7270000000003165
12.115518514052244,3,100,4993,5,7000,core,HOSVD,1.7270000000003165
2.0384007747747614,3,100,4993,5,7000,A1,HOOI,4.563000000000102
0.012138102533521607,3,100,4993,5,7000,A2,HOOI,4.563000000000102
2.53160666434836,3,100,4993,5,7000,A3,HOOI,4.563000000000102
12.121476542071182,3,100,4993,5,7000,core,HOOI,4.563000000000102
1.8300378053552686,3,100,4993,5,7000,A1,Olga,2.688000000000102
0.02605755912642583,3,100,4993,5,7000,A2,Olga,2.688000000000102
2.8585730746809057,3,100,4993,5,7000,A3,Tracy,2.688000000000102
12.116112981324514,3,100,4993,5,7000,core,Tracy_Olga,2.688000000000102
2.1546113603901813,3,100,9979,5,7000,A1,NTD,340.1550000000002
3.326781122762015,3,100,9979,5,7000,A2,NTD,340.1550000000002
9976.060516526073,3,100,9979,5,7000,A3,NTD,340.1550000000002
12.542924815400031,3,100,9979,5,7000,core,NTD,340.1550000000002
1.9976337947204577,3,100,9979,5,7000,A1,Ours,14.480999999999767
0.012656082695392394,3,100,9979,5,7000,A2,Ours,14.480999999999767
2.5491276821476245,3,100,9979,5,7000,A3,Ours,14.480999999999767
12.16974476727097,3,100,9979,5,7000,core,Ours,14.480999999999767
1.9976337947204577,3,100,9979,5,7000,A1,HOSVD,3.699999999999818
0.012656082695392394,3,100,9979,5,7000,A2,HOSVD,3.699999999999818
2.5315713728156743,3,100,9979,5,7000,A3,HOSVD,3.699999999999818
12.154911223761907,3,100,9979,5,7000,core,HOSVD,3.699999999999818
2.057872657714133,3,100,9979,5,7000,A1,HOOI,12.524999999999636
0.013090738843038085,3,100,9979,5,7000,A2,HOOI,12.524999999999636
2.5325744509852814,3,100,9979,5,7000,A3,HOOI,12.524999999999636
12.150613266424664,3,100,9979,5,7000,core,HOOI,12.524999999999636
2.172297254453401,3,100,9979,5,7000,A1,Olga,6.594000000000051
0.06562574612309872,3,100,9979,5,7000,A2,Olga,6.594000000000051
2.844100133168196,3,100,9979,5,7000,A3,Tracy,6.594000000000051
12.030740565415595,3,100,9979,5,7000,core,Tracy_Olga,6.594000000000051
3.4256628388096453,3,100,1000,5,8000,A1,NTD,27.999000000000706
0.42903579295241184,3,100,1000,5,8000,A2,NTD,27.999000000000706
997.0001163972413,3,100,1000,5,8000,A3,NTD,27.999000000000706
7.215415156760101,3,100,1000,5,8000,core,NTD,27.999000000000706
2.1163005730032567,3,100,1000,5,8000,A1,Ours,0.4900000000006912
0.008463010772688736,3,100,1000,5,8000,A2,Ours,0.4900000000006912
0.23183128584344637,3,100,1000,5,8000,A3,Ours,0.4900000000006912
11.76363056210056,3,100,1000,5,8000,core,Ours,0.4900000000006912
2.1163005730032567,3,100,1000,5,8000,A1,HOSVD,0.5820000000003347
0.008463010772688736,3,100,1000,5,8000,A2,HOSVD,0.5820000000003347
0.2317759900412961,3,100,1000,5,8000,A3,HOSVD,0.5820000000003347
11.763673334831896,3,100,1000,5,8000,core,HOSVD,0.5820000000003347
2.1055335013586745,3,100,1000,5,8000,A1,HOOI,0.7059999999992215
0.008104180843975028,3,100,1000,5,8000,A2,HOOI,0.7059999999992215
0.23550875625134834,3,100,1000,5,8000,A3,HOOI,0.7059999999992215
11.756747048402527,3,100,1000,5,8000,core,HOOI,0.7059999999992215
1.6387491028564953,3,100,1000,5,8000,A1,Olga,0.6530000000002474
0.0015104466654539148,3,100,1000,5,8000,A2,Olga,0.6530000000002474
1.4150426903500433,3,100,1000,5,8000,A3,Tracy,0.6530000000002474
11.74483785034069,3,100,1000,5,8000,core,Tracy_Olga,0.6530000000002474
4.688664713964158,3,100,4994,5,8000,A1,NTD,157.23000000000047
0.38451739909626226,3,100,4994,5,8000,A2,NTD,157.23000000000047
4991.039465925918,3,100,4994,5,8000,A3,NTD,157.23000000000047
10.776250713242613,3,100,4994,5,8000,core,NTD,157.23000000000047
2.472546550833709,3,100,4994,5,8000,A1,Ours,4.907000000000153
0.007410490331359522,3,100,4994,5,8000,A2,Ours,4.907000000000153
2.530768376952233,3,100,4994,5,8000,A3,Ours,4.907000000000153
12.132641132320682,3,100,4994,5,8000,core,Ours,4.907000000000153
2.472546550833709,3,100,4994,5,8000,A1,HOSVD,1.6580000000003565
0.007410490331359522,3,100,4994,5,8000,A2,HOSVD,1.6580000000003565
2.5274884991352744,3,100,4994,5,8000,A3,HOSVD,1.6580000000003565
12.129957018647,3,100,4994,5,8000,core,HOSVD,1.6580000000003565
2.4782812827298972,3,100,4994,5,8000,A1,HOOI,4.121000000000095
0.007282401560840212,3,100,4994,5,8000,A2,HOOI,4.121000000000095
2.5311530998907017,3,100,4994,5,8000,A3,HOOI,4.121000000000095
12.134898425277033,3,100,4994,5,8000,core,HOOI,4.121000000000095
1.8168484665148326,3,100,4994,5,8000,A1,Olga,2.5020000000004075
0.02212454393957213,3,100,4994,5,8000,A2,Olga,2.5020000000004075
2.8862750372797277,3,100,4994,5,8000,A3,Tracy,2.5020000000004075
12.139326050808116,3,100,4994,5,8000,core,Tracy_Olga,2.5020000000004075
3.575084803720297,3,100,9980,5,8000,A1,NTD,333.02399999999943
1.061531999567381,3,100,9980,5,8000,A2,NTD,333.02399999999943
9977.062545065832,3,100,9980,5,8000,A3,NTD,333.02399999999943
12.851983899874382,3,100,9980,5,8000,core,NTD,333.02399999999943
2.8450926139490185,3,100,9980,5,8000,A1,Ours,13.725999999999658
0.008901898807985803,3,100,9980,5,8000,A2,Ours,13.725999999999658
2.5447116468178943,3,100,9980,5,8000,A3,Ours,13.725999999999658
12.16129907993304,3,100,9980,5,8000,core,Ours,13.725999999999658
2.8450926139490185,3,100,9980,5,8000,A1,HOSVD,3.425000000000182
0.008901898807985803,3,100,9980,5,8000,A2,HOSVD,3.425000000000182
2.5312720682903262,3,100,9980,5,8000,A3,HOSVD,3.425000000000182
12.145968512978005,3,100,9980,5,8000,core,HOSVD,3.425000000000182
2.853947632871774,3,100,9980,5,8000,A1,HOOI,11.03899999999976
0.009292690194104171,3,100,9980,5,8000,A2,HOOI,11.03899999999976
2.534238662549418,3,100,9980,5,8000,A3,HOOI,11.03899999999976
12.149534219652208,3,100,9980,5,8000,core,HOOI,11.03899999999976
2.6714901348562803,3,100,9980,5,8000,A1,Olga,6.75
0.0573946103410983,3,100,9980,5,8000,A2,Olga,6.75
2.8505170791775494,3,100,9980,5,8000,A3,Tracy,6.75
11.977880673314136,3,100,9980,5,8000,core,Tracy_Olga,6.75
2.3118930536598445,3,100,1000,5,9000,A1,NTD,27.88499999999931
0.2518054046286953,3,100,1000,5,9000,A2,NTD,27.88499999999931
997.000040937061,3,100,1000,5,9000,A3,NTD,27.88499999999931
10.378447867403722,3,100,1000,5,9000,core,NTD,27.88499999999931
1.6020087980934778,3,100,1000,5,9000,A1,Ours,0.6559999999999491
0.0021593532479550186,3,100,1000,5,9000,A2,Ours,0.6559999999999491
0.09386303725449456,3,100,1000,5,9000,A3,Ours,0.6559999999999491
11.718314267414142,3,100,1000,5,9000,core,Ours,0.6559999999999491
1.6020087980934778,3,100,1000,5,9000,A1,HOSVD,0.5450000000000728
0.0021593532479550186,3,100,1000,5,9000,A2,HOSVD,0.5450000000000728
0.09384618409256204,3,100,1000,5,9000,A3,HOSVD,0.5450000000000728
11.718255560165431,3,100,1000,5,9000,core,HOSVD,0.5450000000000728
1.5994764060919548,3,100,1000,5,9000,A1,HOOI,0.931999999999789
0.0015876421626918188,3,100,1000,5,9000,A2,HOOI,0.931999999999789
0.09271778052665554,3,100,1000,5,9000,A3,HOOI,0.931999999999789
11.719026726711403,3,100,1000,5,9000,core,HOOI,0.931999999999789
1.7023440934038085,3,100,1000,5,9000,A1,Olga,0.5100000000002183
0.005318002912545568,3,100,1000,5,9000,A2,Olga,0.5100000000002183
1.3697361100726748,3,100,1000,5,9000,A3,Tracy,0.5100000000002183
11.739741466356994,3,100,1000,5,9000,core,Tracy_Olga,0.5100000000002183
12.149144601791493,3,100,4997,5,9000,A1,NTD,162.89499999999953
0.0883638142308658,3,100,4997,5,9000,A2,NTD,162.89499999999953
4994.040477113747,3,100,4997,5,9000,A3,NTD,162.89499999999953
9.638837215459402,3,100,4997,5,9000,core,NTD,162.89499999999953
1.3757898660406664,3,100,4997,5,9000,A1,Ours,4.98700000000008
0.006876934320233548,3,100,4997,5,9000,A2,Ours,4.98700000000008
2.9203509128791194,3,100,4997,5,9000,A3,Ours,4.98700000000008
9.008034404791303,3,100,4997,5,9000,core,Ours,4.98700000000008
1.3757898660406664,3,100,4997,5,9000,A1,HOSVD,1.649000000000342
0.006876934320233548,3,100,4997,5,9000,A2,HOSVD,1.649000000000342
2.9194920980419545,3,100,4997,5,9000,A3,HOSVD,1.649000000000342
9.008538016600774,3,100,4997,5,9000,core,HOSVD,1.649000000000342
1.3779906749512574,3,100,4997,5,9000,A1,HOOI,4.003999999999905
0.006585765769444561,3,100,4997,5,9000,A2,HOOI,4.003999999999905
3.240061589053183,3,100,4997,5,9000,A3,HOOI,4.003999999999905
11.160951238261326,3,100,4997,5,9000,core,HOOI,4.003999999999905
2.000751026998334,3,100,4997,5,9000,A1,Olga,2.5410000000001673
0.027643996025354348,3,100,4997,5,9000,A2,Olga,2.5410000000001673
2.930057081067371,3,100,4997,5,9000,A3,Tracy,2.5410000000001673
13.475555419387064,3,100,4997,5,9000,core,Tracy_Olga,2.5410000000001673
2.0405096225696817,3,100,9982,5,9000,A1,NTD,326.84899999999925
2.9333569415616374,3,100,9982,5,9000,A2,NTD,326.84899999999925
9979.045674859644,3,100,9982,5,9000,A3,NTD,326.84899999999925
9.963032258967557,3,100,9982,5,9000,core,NTD,326.84899999999925
2.0490350904452024,3,100,9982,5,9000,A1,Ours,13.349999999999454
0.012495925188093466,3,100,9982,5,9000,A2,Ours,13.349999999999454
2.571227415452515,3,100,9982,5,9000,A3,Ours,13.349999999999454
12.08859943015958,3,100,9982,5,9000,core,Ours,13.349999999999454
2.0490350904452024,3,100,9982,5,9000,A1,HOSVD,3.7559999999994034
0.012495925188093466,3,100,9982,5,9000,A2,HOSVD,3.7559999999994034
2.56199106065873,3,100,9982,5,9000,A3,HOSVD,3.7559999999994034
12.082163834737633,3,100,9982,5,9000,core,HOSVD,3.7559999999994034
2.0465367871503024,3,100,9982,5,9000,A1,HOOI,11.989000000000487
0.012400207330589766,3,100,9982,5,9000,A2,HOOI,11.989000000000487
2.562520139160258,3,100,9982,5,9000,A3,HOOI,11.989000000000487
12.079172456026734,3,100,9982,5,9000,core,HOOI,11.989000000000487
1.355604585634416,3,100,9982,5,9000,A1,Olga,6.635000000000218
0.05259131086361669,3,100,9982,5,9000,A2,Olga,6.635000000000218
2.8386839125408136,3,100,9982,5,9000,A3,Tracy,6.635000000000218
12.05357010695536,3,100,9982,5,9000,core,Tracy_Olga,6.635000000000218
2.7199882819634587,3,100,1000,5,10000,A1,NTD,28.695999999999913
0.49426158114335184,3,100,1000,5,10000,A2,NTD,28.695999999999913
997.0001431440077,3,100,1000,5,10000,A3,NTD,28.695999999999913
7.588604426977202,3,100,1000,5,10000,core,NTD,28.695999999999913
2.1132672116180227,3,100,1000,5,10000,A1,Ours,0.6729999999997744
0.005361243339464611,3,100,1000,5,10000,A2,Ours,0.6729999999997744
0.08041645439243068,3,100,1000,5,10000,A3,Ours,0.6729999999997744
11.703098385088733,3,100,1000,5,10000,core,Ours,0.6729999999997744
2.1132672116180227,3,100,1000,5,10000,A1,HOSVD,0.46599999999943975
0.005361243339464611,3,100,1000,5,10000,A2,HOSVD,0.46599999999943975
0.08037371428424701,3,100,1000,5,10000,A3,HOSVD,0.46599999999943975
11.70300372601402,3,100,1000,5,10000,core,HOSVD,0.46599999999943975
2.1024890878775433,3,100,1000,5,10000,A1,HOOI,0.7360000000007858
0.00497981287642996,3,100,1000,5,10000,A2,HOOI,0.7360000000007858
0.0806712991213598,3,100,1000,5,10000,A3,HOOI,0.7360000000007858
11.70737808695896,3,100,1000,5,10000,core,HOOI,0.7360000000007858
2.1909699893526557,3,100,1000,5,10000,A1,Olga,0.47400000000016007
0.002757279191854395,3,100,1000,5,10000,A2,Olga,0.47400000000016007
1.376955423828139,3,100,1000,5,10000,A3,Tracy,0.47400000000016007
11.476391724959718,3,100,1000,5,10000,core,Tracy_Olga,0.47400000000016007
2.4274383792155763,3,100,4995,5,10000,A1,NTD,156.38600000000042
0.12793573288146876,3,100,4995,5,10000,A2,NTD,156.38600000000042
4992.036777147651,3,100,4995,5,10000,A3,NTD,156.38600000000042
13.106052879661073,3,100,4995,5,10000,core,NTD,156.38600000000042
2.483268554064026,3,100,4995,5,10000,A1,Ours,4.914999999999964
0.010280626639596849,3,100,4995,5,10000,A2,Ours,4.914999999999964
2.5111059201512886,3,100,4995,5,10000,A3,Ours,4.914999999999964
12.165457138071599,3,100,4995,5,10000,core,Ours,4.914999999999964
2.483268554064026,3,100,4995,5,10000,A1,HOSVD,2.0219999999999345
0.010280626639596849,3,100,4995,5,10000,A2,HOSVD,2.0219999999999345
2.5089099403797945,3,100,4995,5,10000,A3,HOSVD,2.0219999999999345
12.16369086622721,3,100,4995,5,10000,core,HOSVD,2.0219999999999345
2.4247531635739628,3,100,4995,5,10000,A1,HOOI,4.791999999999462
0.010141773609813883,3,100,4995,5,10000,A2,HOOI,4.791999999999462
2.5083574745823967,3,100,4995,5,10000,A3,HOOI,4.791999999999462
12.16675490265089,3,100,4995,5,10000,core,HOOI,4.791999999999462
1.7868162566038654,3,100,4995,5,10000,A1,Olga,2.581000000000131
0.024096350621371783,3,100,4995,5,10000,A2,Olga,2.581000000000131
2.854930739363297,3,100,4995,5,10000,A3,Tracy,2.581000000000131
12.080512680683107,3,100,4995,5,10000,core,Tracy_Olga,2.581000000000131
2.0883760334428967,3,100,9983,5,10000,A1,NTD,330.3599999999997
1.8076970896228228,3,100,9983,5,10000,A2,NTD,330.3599999999997
9980.048776803584,3,100,9983,5,10000,A3,NTD,330.3599999999997
11.304229088933395,3,100,9983,5,10000,core,NTD,330.3599999999997
1.7243424185936282,3,100,9983,5,10000,A1,Ours,12.422999999999774
0.010613331246489175,3,100,9983,5,10000,A2,Ours,12.422999999999774
2.535913369928059,3,100,9983,5,10000,A3,Ours,12.422999999999774
12.0347971362654,3,100,9983,5,10000,core,Ours,12.422999999999774
1.7243424185936282,3,100,9983,5,10000,A1,HOSVD,2.5
0.010613331246489175,3,100,9983,5,10000,A2,HOSVD,2.5
2.5279620311115196,3,100,9983,5,10000,A3,HOSVD,2.5
12.022794545061743,3,100,9983,5,10000,core,HOSVD,2.5
1.7289849156780435,3,100,9983,5,10000,A1,HOOI,9.890999999999622
0.010799348082010243,3,100,9983,5,10000,A2,HOOI,9.890999999999622
2.5258930876396195,3,100,9983,5,10000,A3,HOOI,9.890999999999622
12.033052155588074,3,100,9983,5,10000,core,HOOI,9.890999999999622
1.6301296456701462,3,100,9983,5,10000,A1,Olga,5.438000000000102
0.04564783502242944,3,100,9983,5,10000,A2,Olga,5.438000000000102
2.83786338721042,3,100,9983,5,10000,A3,Tracy,5.438000000000102
12.0004385512086,3,100,9983,5,10000,core,Tracy_Olga,5.438000000000102
