error,K,Q1,R,Q2,M,mode,method,time
4.603050438397676,3,100,984,5,100,A1,NTD,37.2
2.269566070097139,3,100,984,5,100,A2,NTD,37.2
981.1949278298183,3,100,984,5,100,A3,NTD,37.2
10.751564221843953,3,100,984,5,100,core,NTD,37.2
9.90147384856406,3,100,984,5,100,A1,Ours,5.100999999999999
0.04004818717840854,3,100,984,5,100,A2,Ours,5.100999999999999
4.360564018840024,3,100,984,5,100,A3,Ours,5.100999999999999
8.847220143999788,3,100,984,5,100,core,Ours,5.100999999999999
9.90147384856406,3,100,984,5,100,A1,HOSVD,6.978999999999999
0.04004818717840854,3,100,984,5,100,A2,HOSVD,6.978999999999999
2.4655317543943234,3,100,984,5,100,A3,HOSVD,6.978999999999999
11.939724729927642,3,100,984,5,100,core,HOSVD,6.978999999999999
9.651306708340048,3,100,984,5,100,A1,HOOI,6.523000000000003
0.07566135923271122,3,100,984,5,100,A2,HOOI,6.523000000000003
2.5696026172048883,3,100,984,5,100,A3,HOOI,6.523000000000003
11.952961599763285,3,100,984,5,100,core,HOOI,6.523000000000003
18.527922588996198,3,100,984,5,100,A1,Olga,3.4570000000000007
0.2938032235322043,3,100,984,5,100,A2,Olga,3.4570000000000007
2.8756971985073756,3,100,984,5,100,A3,Tracy,3.4570000000000007
11.634208023302469,3,100,984,5,100,core,Tracy_Olga,3.4570000000000007
112.16214637625912,3,100,4527,5,100,A1,NTD,157.19
2.2696573652496532,3,100,4527,5,100,A2,NTD,157.19
4524.5420339364955,3,100,4527,5,100,A3,NTD,157.19
10.101126517093103,3,100,4527,5,100,core,NTD,157.19
13.60544358164292,3,100,4527,5,100,A1,Ours,5.1980000000000075
0.049755465268218765,3,100,4527,5,100,A2,Ours,5.1980000000000075
5.339130689555663,3,100,4527,5,100,A3,Ours,5.1980000000000075
11.774299809386777,3,100,4527,5,100,core,Ours,5.1980000000000075
13.60544358164292,3,100,4527,5,100,A1,HOSVD,5.182999999999993
0.049755465268218765,3,100,4527,5,100,A2,HOSVD,5.182999999999993
2.6742496384541843,3,100,4527,5,100,A3,HOSVD,5.182999999999993
12.029376003680223,3,100,4527,5,100,core,HOSVD,5.182999999999993
14.011878471809688,3,100,4527,5,100,A1,HOOI,12.39500000000001
0.062361299792943074,3,100,4527,5,100,A2,HOOI,12.39500000000001
2.7023039622034197,3,100,4527,5,100,A3,HOOI,12.39500000000001
11.641707778523251,3,100,4527,5,100,core,HOOI,12.39500000000001
68.65296560043907,3,100,4527,5,100,A1,Olga,15.180999999999983
3.8788955492680626,3,100,4527,5,100,A2,Olga,15.180999999999983
3.09847698763299,3,100,4527,5,100,A3,Tracy,15.180999999999983
10.55992061950216,3,100,4527,5,100,core,Tracy_Olga,15.180999999999983
117.1095798299173,3,100,8201,5,100,A1,NTD,282.995
4.077763306435942,3,100,8201,5,100,A2,NTD,282.995
8198.572157715264,3,100,8201,5,100,A3,NTD,282.995
10.045215872139526,3,100,8201,5,100,core,NTD,282.995
15.471822065810676,3,100,8201,5,100,A1,Ours,11.794999999999959
0.08792320791167062,3,100,8201,5,100,A2,Ours,11.794999999999959
4.457986986343888,3,100,8201,5,100,A3,Ours,11.794999999999959
10.37495038441691,3,100,8201,5,100,core,Ours,11.794999999999959
15.471822065810676,3,100,8201,5,100,A1,HOSVD,4.462999999999965
0.08792320791167062,3,100,8201,5,100,A2,HOSVD,4.462999999999965
4.6423103335458205,3,100,8201,5,100,A3,HOSVD,4.462999999999965
11.4637288106199,3,100,8201,5,100,core,HOSVD,4.462999999999965
15.489521030788877,3,100,8201,5,100,A1,HOOI,24.269000000000005
0.06647065063095998,3,100,8201,5,100,A2,HOOI,24.269000000000005
3.95890728247213,3,100,8201,5,100,A3,HOOI,24.269000000000005
9.39350211963925,3,100,8201,5,100,core,HOOI,24.269000000000005
72.87141703092945,3,100,8201,5,100,A1,Olga,20.00400000000002
3.9774328926601057,3,100,8201,5,100,A2,Olga,20.00400000000002
4.068506939564915,3,100,8201,5,100,A3,Tracy,20.00400000000002
10.917932246059252,3,100,8201,5,100,core,Tracy_Olga,20.00400000000002
2.2765244521453325,3,100,998,5,500,A1,NTD,26.98700000000008
1.4368693516277942,3,100,998,5,500,A2,NTD,26.98700000000008
995.0589954720992,3,100,998,5,500,A3,NTD,26.98700000000008
11.58513998061899,3,100,998,5,500,core,NTD,26.98700000000008
6.945287806223845,3,100,998,5,500,A1,Ours,1.3870000000000573
0.028791224501468995,3,100,998,5,500,A2,Ours,1.3870000000000573
2.429967281227,3,100,998,5,500,A3,Ours,1.3870000000000573
11.465786738323837,3,100,998,5,500,core,Ours,1.3870000000000573
6.945287806223845,3,100,998,5,500,A1,HOSVD,2.729000000000042
0.028791224501468995,3,100,998,5,500,A2,HOSVD,2.729000000000042
2.3968246095475707,3,100,998,5,500,A3,HOSVD,2.729000000000042
11.43912229981465,3,100,998,5,500,core,HOSVD,2.729000000000042
6.855673815733669,3,100,998,5,500,A1,HOOI,4.509999999999991
0.021767616762716373,3,100,998,5,500,A2,HOOI,4.509999999999991
2.400129332409174,3,100,998,5,500,A3,HOOI,4.509999999999991
11.472047028460702,3,100,998,5,500,core,HOOI,4.509999999999991
8.059567465960066,3,100,998,5,500,A1,Olga,3.5249999999999773
0.04982961421904225,3,100,998,5,500,A2,Olga,3.5249999999999773
2.8560074678812994,3,100,998,5,500,A3,Tracy,3.5249999999999773
11.796503407998951,3,100,998,5,500,core,Tracy_Olga,3.5249999999999773
4.5539137630579445,3,100,4905,5,500,A1,NTD,160.4330000000001
4.114102951406502,3,100,4905,5,500,A2,NTD,160.4330000000001
4902.1513905564725,3,100,4905,5,500,A3,NTD,160.4330000000001
10.886613898874378,3,100,4905,5,500,core,NTD,160.4330000000001
5.501465134931963,3,100,4905,5,500,A1,Ours,5.426000000000045
0.017710224655520898,3,100,4905,5,500,A2,Ours,5.426000000000045
4.916135697003712,3,100,4905,5,500,A3,Ours,5.426000000000045
12.141575513421689,3,100,4905,5,500,core,Ours,5.426000000000045
5.501465134931963,3,100,4905,5,500,A1,HOSVD,3.1720000000000255
0.017710224655520898,3,100,4905,5,500,A2,HOSVD,3.1720000000000255
2.5234574480725542,3,100,4905,5,500,A3,HOSVD,3.1720000000000255
11.839926314362819,3,100,4905,5,500,core,HOSVD,3.1720000000000255
5.469024382584797,3,100,4905,5,500,A1,HOOI,4.456000000000017
0.01744482974531138,3,100,4905,5,500,A2,HOOI,4.456000000000017
2.5273359348072657,3,100,4905,5,500,A3,HOOI,4.456000000000017
11.87346532107673,3,100,4905,5,500,core,HOOI,4.456000000000017
11.273853517591395,3,100,4905,5,500,A1,Olga,6.287000000000035
0.278879193487595,3,100,4905,5,500,A2,Olga,6.287000000000035
2.973947212875618,3,100,4905,5,500,A3,Tracy,6.287000000000035
11.62798594815556,3,100,4905,5,500,core,Tracy_Olga,6.287000000000035
14.20126105784403,3,100,9605,5,500,A1,NTD,315.18000000000006
3.808130983000251,3,100,9605,5,500,A2,NTD,315.18000000000006
9602.2730915686,3,100,9605,5,500,A3,NTD,315.18000000000006
12.315479125347894,3,100,9605,5,500,core,NTD,315.18000000000006
6.148800982483686,3,100,9605,5,500,A1,Ours,13.078999999999951
0.047852938089799985,3,100,9605,5,500,A2,Ours,13.078999999999951
5.301885400852204,3,100,9605,5,500,A3,Ours,13.078999999999951
10.752338674147904,3,100,9605,5,500,core,Ours,13.078999999999951
6.148800982483686,3,100,9605,5,500,A1,HOSVD,3.4269999999999072
0.047852938089799985,3,100,9605,5,500,A2,HOSVD,3.4269999999999072
2.543667783728934,3,100,9605,5,500,A3,HOSVD,3.4269999999999072
11.872391955198404,3,100,9605,5,500,core,HOSVD,3.4269999999999072
6.14468541454111,3,100,9605,5,500,A1,HOOI,12.165000000000191
0.04581650255909209,3,100,9605,5,500,A2,HOOI,12.165000000000191
3.825345064281098,3,100,9605,5,500,A3,HOOI,12.165000000000191
9.783262584866009,3,100,9605,5,500,core,HOOI,12.165000000000191
12.653073536206744,3,100,9605,5,500,A1,Olga,5.500999999999976
3.8830924126621436,3,100,9605,5,500,A2,Olga,5.500999999999976
2.985769136178022,3,100,9605,5,500,A3,Tracy,5.500999999999976
11.931061202468793,3,100,9605,5,500,core,Tracy_Olga,5.500999999999976
1.8935722131153943,3,100,1000,5,1000,A1,NTD,27.423000000000002
0.9707377154610961,3,100,1000,5,1000,A2,NTD,27.423000000000002
997.0012048985109,3,100,1000,5,1000,A3,NTD,27.423000000000002
11.256968393515367,3,100,1000,5,1000,core,NTD,27.423000000000002
4.173153174023939,3,100,1000,5,1000,A1,Ours,1.5909999999998945
0.010618777192279867,3,100,1000,5,1000,A2,Ours,1.5909999999998945
0.4216437196676956,3,100,1000,5,1000,A3,Ours,1.5909999999998945
10.971024048170625,3,100,1000,5,1000,core,Ours,1.5909999999998945
4.173153174023939,3,100,1000,5,1000,A1,HOSVD,0.8659999999999854
0.010618777192279867,3,100,1000,5,1000,A2,HOSVD,0.8659999999999854
0.419749860543676,3,100,1000,5,1000,A3,HOSVD,0.8659999999999854
10.96041565421188,3,100,1000,5,1000,core,HOSVD,0.8659999999999854
4.231615211981649,3,100,1000,5,1000,A1,HOOI,1.5450000000000728
0.01224640130838462,3,100,1000,5,1000,A2,HOOI,1.5450000000000728
0.4491724450022191,3,100,1000,5,1000,A3,HOOI,1.5450000000000728
10.989145422186569,3,100,1000,5,1000,core,HOOI,1.5450000000000728
4.472344582682564,3,100,1000,5,1000,A1,Olga,0.59699999999998
0.02192412718180946,3,100,1000,5,1000,A2,Olga,0.59699999999998
1.4394203278343196,3,100,1000,5,1000,A3,Tracy,0.59699999999998
11.812791677698034,3,100,1000,5,1000,core,Tracy_Olga,0.59699999999998
7.07482341668077,3,100,4961,5,1000,A1,NTD,153.56500000000005
4.269638327995931,3,100,4961,5,1000,A2,NTD,153.56500000000005
4958.097277104139,3,100,4961,5,1000,A3,NTD,153.56500000000005
10.323770358870725,3,100,4961,5,1000,core,NTD,153.56500000000005
4.071505935130212,3,100,4961,5,1000,A1,Ours,5.296000000000049
0.014492257242991923,3,100,4961,5,1000,A2,Ours,5.296000000000049
2.864171321591252,3,100,4961,5,1000,A3,Ours,5.296000000000049
12.708780167779414,3,100,4961,5,1000,core,Ours,5.296000000000049
4.071505935130212,3,100,4961,5,1000,A1,HOSVD,1.719000000000051
0.014492257242991923,3,100,4961,5,1000,A2,HOSVD,1.719000000000051
2.481422938261071,3,100,4961,5,1000,A3,HOSVD,1.719000000000051
11.52857832934002,3,100,4961,5,1000,core,HOSVD,1.719000000000051
4.066625887837311,3,100,4961,5,1000,A1,HOOI,4.82100000000014
0.015886238733947948,3,100,4961,5,1000,A2,HOOI,4.82100000000014
2.491625023225939,3,100,4961,5,1000,A3,HOOI,4.82100000000014
11.900711964577516,3,100,4961,5,1000,core,HOOI,4.82100000000014
6.124452627726134,3,100,4961,5,1000,A1,Olga,2.6200000000001182
0.07329619195199316,3,100,4961,5,1000,A2,Olga,2.6200000000001182
2.948393688823225,3,100,4961,5,1000,A3,Tracy,2.6200000000001182
11.580281016926229,3,100,4961,5,1000,core,Tracy_Olga,2.6200000000001182
3.80335830389383,3,100,9805,5,1000,A1,NTD,346.27600000000007
2.2696351781925865,3,100,9805,5,1000,A2,NTD,346.27600000000007
9802.17012882688,3,100,9805,5,1000,A3,NTD,346.27600000000007
11.359265638453488,3,100,9805,5,1000,core,NTD,346.27600000000007
6.017565373743044,3,100,9805,5,1000,A1,Ours,15.147000000000162
0.014530241536228084,3,100,9805,5,1000,A2,Ours,15.147000000000162
5.1540527088713715,3,100,9805,5,1000,A3,Ours,15.147000000000162
12.005184632154192,3,100,9805,5,1000,core,Ours,15.147000000000162
6.017565373743044,3,100,9805,5,1000,A1,HOSVD,3.615000000000009
0.014530241536228084,3,100,9805,5,1000,A2,HOSVD,3.615000000000009
2.5098696928991915,3,100,9805,5,1000,A3,HOSVD,3.615000000000009
11.990822496800709,3,100,9805,5,1000,core,HOSVD,3.615000000000009
5.996690493560456,3,100,9805,5,1000,A1,HOOI,12.423999999999978
0.015932654370517968,3,100,9805,5,1000,A2,HOOI,12.423999999999978
3.8087998186234433,3,100,9805,5,1000,A3,HOOI,12.423999999999978
11.47029886538793,3,100,9805,5,1000,core,HOOI,12.423999999999978
7.14785444432205,3,100,9805,5,1000,A1,Olga,6.430000000000064
0.46311543309648834,3,100,9805,5,1000,A2,Olga,6.430000000000064
2.9786985691247185,3,100,9805,5,1000,A3,Tracy,6.430000000000064
11.580379531577904,3,100,9805,5,1000,core,Tracy_Olga,6.430000000000064
3.2444664095131213,3,100,1000,5,2500,A1,NTD,28.57400000000007
0.05207800664440001,3,100,1000,5,2500,A2,NTD,28.57400000000007
997.000393425184,3,100,1000,5,2500,A3,NTD,28.57400000000007
13.185015738766774,3,100,1000,5,2500,core,NTD,28.57400000000007
2.8911557651168023,3,100,1000,5,2500,A1,Ours,1.7719999999999345
0.015111249280747807,3,100,1000,5,2500,A2,Ours,1.7719999999999345
0.1517073353836142,3,100,1000,5,2500,A3,Ours,1.7719999999999345
11.709841285795317,3,100,1000,5,2500,core,Ours,1.7719999999999345
2.8911557651168023,3,100,1000,5,2500,A1,HOSVD,1.4249999999999545
0.015111249280747807,3,100,1000,5,2500,A2,HOSVD,1.4249999999999545
0.15127291127251774,3,100,1000,5,2500,A3,HOSVD,1.4249999999999545
11.707805800990357,3,100,1000,5,2500,core,HOSVD,1.4249999999999545
2.8770526106563605,3,100,1000,5,2500,A1,HOOI,1.0299999999999727
0.014834602288733964,3,100,1000,5,2500,A2,HOOI,1.0299999999999727
0.15477207935867157,3,100,1000,5,2500,A3,HOOI,1.0299999999999727
11.720025007276506,3,100,1000,5,2500,core,HOOI,1.0299999999999727
2.7704444943939697,3,100,1000,5,2500,A1,Olga,1.05600000000004
0.012294845432873897,3,100,1000,5,2500,A2,Olga,1.05600000000004
1.3630024912292602,3,100,1000,5,2500,A3,Tracy,1.05600000000004
11.714858882426315,3,100,1000,5,2500,core,Tracy_Olga,1.05600000000004
1.8845372593886418,3,100,4985,5,2500,A1,NTD,153.41000000000008
4.075503204001121,3,100,4985,5,2500,A2,NTD,153.41000000000008
4982.061751487776,3,100,4985,5,2500,A3,NTD,153.41000000000008
13.038529788027388,3,100,4985,5,2500,core,NTD,153.41000000000008
2.7983911857702033,3,100,4985,5,2500,A1,Ours,13.03300000000013
0.009569442093576191,3,100,4985,5,2500,A2,Ours,13.03300000000013
2.509171050874962,3,100,4985,5,2500,A3,Ours,13.03300000000013
11.880492360160469,3,100,4985,5,2500,core,Ours,13.03300000000013
2.7983911857702033,3,100,4985,5,2500,A1,HOSVD,9.508000000000038
0.009569442093576191,3,100,4985,5,2500,A2,HOSVD,9.508000000000038
2.47536803753018,3,100,4985,5,2500,A3,HOSVD,9.508000000000038
11.86439806633077,3,100,4985,5,2500,core,HOSVD,9.508000000000038
2.7924651855155873,3,100,4985,5,2500,A1,HOOI,12.825000000000045
0.010170484251264898,3,100,4985,5,2500,A2,HOOI,12.825000000000045
2.4765772910873225,3,100,4985,5,2500,A3,HOOI,12.825000000000045
11.880231710813392,3,100,4985,5,2500,core,HOOI,12.825000000000045
3.858846825354058,3,100,4985,5,2500,A1,Olga,11.373999999999796
0.030594056486600157,3,100,4985,5,2500,A2,Olga,11.373999999999796
2.955951445140185,3,100,4985,5,2500,A3,Tracy,11.373999999999796
11.870123186289467,3,100,4985,5,2500,core,Tracy_Olga,11.373999999999796
1.6299832843369726,3,100,9922,5,2500,A1,NTD,328.07400000000007
3.885896043510805,3,100,9922,5,2500,A2,NTD,328.07400000000007
9919.088176774067,3,100,9922,5,2500,A3,NTD,328.07400000000007
12.351352855227805,3,100,9922,5,2500,core,NTD,328.07400000000007
3.3367510193231484,3,100,9922,5,2500,A1,Ours,14.537000000000262
0.005339194292677166,3,100,9922,5,2500,A2,Ours,14.537000000000262
2.596257099311714,3,100,9922,5,2500,A3,Ours,14.537000000000262
11.924055148598121,3,100,9922,5,2500,core,Ours,14.537000000000262
3.3367510193231484,3,100,9922,5,2500,A1,HOSVD,4.639999999999873
0.005339194292677166,3,100,9922,5,2500,A2,HOSVD,4.639999999999873
2.4722256529670767,3,100,9922,5,2500,A3,HOSVD,4.639999999999873
11.857909683682243,3,100,9922,5,2500,core,HOSVD,4.639999999999873
3.3397033641031175,3,100,9922,5,2500,A1,HOOI,10.760000000000218
0.005292352588674216,3,100,9922,5,2500,A2,HOOI,10.760000000000218
3.8012720288635844,3,100,9922,5,2500,A3,HOOI,10.760000000000218
10.098645374663677,3,100,9922,5,2500,core,HOOI,10.760000000000218
3.0511323143540863,3,100,9922,5,2500,A1,Olga,6.367999999999938
0.07178458258368788,3,100,9922,5,2500,A2,Olga,6.367999999999938
2.917489066359718,3,100,9922,5,2500,A3,Tracy,6.367999999999938
11.483807367012751,3,100,9922,5,2500,core,Tracy_Olga,6.367999999999938
4.723923591265942,3,100,1000,5,5000,A1,NTD,27.860999999999876
0.02373884919677363,3,100,1000,5,5000,A2,NTD,27.860999999999876
997.0001069913537,3,100,1000,5,5000,A3,NTD,27.860999999999876
16.030440086641832,3,100,1000,5,5000,core,NTD,27.860999999999876
2.171843294807756,3,100,1000,5,5000,A1,Ours,0.5
0.0064247963900258415,3,100,1000,5,5000,A2,Ours,0.5
0.10579997028293718,3,100,1000,5,5000,A3,Ours,0.5
11.753604811165408,3,100,1000,5,5000,core,Ours,0.5
2.171843294807756,3,100,1000,5,5000,A1,HOSVD,0.3799999999996544
0.0064247963900258415,3,100,1000,5,5000,A2,HOSVD,0.3799999999996544
0.10572838595849053,3,100,1000,5,5000,A3,HOSVD,0.3799999999996544
11.753341356313607,3,100,1000,5,5000,core,HOSVD,0.3799999999996544
2.1793507937288217,3,100,1000,5,5000,A1,HOOI,0.8460000000000036
0.006241436747803856,3,100,1000,5,5000,A2,HOOI,0.8460000000000036
0.10662629974731078,3,100,1000,5,5000,A3,HOOI,0.8460000000000036
11.754062942289282,3,100,1000,5,5000,core,HOOI,0.8460000000000036
2.058365800067111,3,100,1000,5,5000,A1,Olga,0.42099999999982174
0.011648430576214456,3,100,1000,5,5000,A2,Olga,0.42099999999982174
1.3483176508627315,3,100,1000,5,5000,A3,Tracy,0.42099999999982174
11.769721397333699,3,100,1000,5,5000,core,Tracy_Olga,0.42099999999982174
3.1512820452021235,3,100,4993,5,5000,A1,NTD,153.35699999999997
2.276723821360812,3,100,4993,5,5000,A2,NTD,153.35699999999997
4990.032119511839,3,100,4993,5,5000,A3,NTD,153.35699999999997
13.188865872722353,3,100,4993,5,5000,core,NTD,153.35699999999997
1.3481057933244858,3,100,4993,5,5000,A1,Ours,5.5590000000001965
0.015320936751637227,3,100,4993,5,5000,A2,Ours,5.5590000000001965
2.4854155926983,3,100,4993,5,5000,A3,Ours,5.5590000000001965
11.894153537777985,3,100,4993,5,5000,core,Ours,5.5590000000001965
1.3481057933244858,3,100,4993,5,5000,A1,HOSVD,4.364000000000033
0.015320936751637227,3,100,4993,5,5000,A2,HOSVD,4.364000000000033
2.477883966264845,3,100,4993,5,5000,A3,HOSVD,4.364000000000033
11.890296924369078,3,100,4993,5,5000,core,HOSVD,4.364000000000033
1.3409615320660213,3,100,4993,5,5000,A1,HOOI,6.697000000000116
0.015221027510451582,3,100,4993,5,5000,A2,HOOI,6.697000000000116
2.4748347166520754,3,100,4993,5,5000,A3,HOOI,6.697000000000116
11.911053052946023,3,100,4993,5,5000,core,HOOI,6.697000000000116
1.9983386860674424,3,100,4993,5,5000,A1,Olga,6.34900000000016
0.022388047911866216,3,100,4993,5,5000,A2,Olga,6.34900000000016
2.898558608040925,3,100,4993,5,5000,A3,Tracy,6.34900000000016
11.885497854486891,3,100,4993,5,5000,core,Tracy_Olga,6.34900000000016
2.3817239678344206,3,100,9962,5,5000,A1,NTD,332.27
0.2696417987860616,3,100,9962,5,5000,A2,NTD,332.27
9959.058126363532,3,100,9962,5,5000,A3,NTD,332.27
11.220056088763329,3,100,9962,5,5000,core,NTD,332.27
1.752834928113688,3,100,9962,5,5000,A1,Ours,15.26299999999992
0.00754455934430844,3,100,9962,5,5000,A2,Ours,15.26299999999992
2.497959815827867,3,100,9962,5,5000,A3,Ours,15.26299999999992
11.886546668815173,3,100,9962,5,5000,core,Ours,15.26299999999992
1.752834928113688,3,100,9962,5,5000,A1,HOSVD,3.88799999999992
0.00754455934430844,3,100,9962,5,5000,A2,HOSVD,3.88799999999992
2.4665998312998436,3,100,9962,5,5000,A3,HOSVD,3.88799999999992
11.871652736899433,3,100,9962,5,5000,core,HOSVD,3.88799999999992
1.7486671235757472,3,100,9962,5,5000,A1,HOOI,11.471999999999753
0.007209907761977236,3,100,9962,5,5000,A2,HOOI,11.471999999999753
2.470228044428001,3,100,9962,5,5000,A3,HOOI,11.471999999999753
11.876155071089913,3,100,9962,5,5000,core,HOOI,11.471999999999753
2.058406384017172,3,100,9962,5,5000,A1,Olga,6.916999999999916
0.02530734227553016,3,100,9962,5,5000,A2,Olga,6.916999999999916
2.9244237801541693,3,100,9962,5,5000,A3,Tracy,6.916999999999916
11.824920823507622,3,100,9962,5,5000,core,Tracy_Olga,6.916999999999916
2.6413013044558062,3,100,1000,5,6000,A1,NTD,27.911999999999807
0.27752806583292255,3,100,1000,5,6000,A2,NTD,27.911999999999807
997.0001133418594,3,100,1000,5,6000,A3,NTD,27.911999999999807
15.350155812207964,3,100,1000,5,6000,core,NTD,27.911999999999807
2.1506646944353185,3,100,1000,5,6000,A1,Ours,0.9349999999999454
6.938607828163771e-4,3,100,1000,5,6000,A2,Ours,0.9349999999999454
0.23280949018211172,3,100,1000,5,6000,A3,Ours,0.9349999999999454
11.141701135730107,3,100,1000,5,6000,core,Ours,0.9349999999999454
2.1506646944353185,3,100,1000,5,6000,A1,HOSVD,0.46800000000030195
6.938607828163771e-4,3,100,1000,5,6000,A2,HOSVD,0.46800000000030195
0.23275061549246198,3,100,1000,5,6000,A3,HOSVD,0.46800000000030195
11.141545006671283,3,100,1000,5,6000,core,HOSVD,0.46800000000030195
2.1356672145315807,3,100,1000,5,6000,A1,HOOI,0.7049999999999272
8.14803627501084e-4,3,100,1000,5,6000,A2,HOOI,0.7049999999999272
0.22801766462895365,3,100,1000,5,6000,A3,HOOI,0.7049999999999272
11.163981312668298,3,100,1000,5,6000,core,HOOI,0.7049999999999272
1.8283752396830377,3,100,1000,5,6000,A1,Olga,0.5929999999998472
0.006492459390939749,3,100,1000,5,6000,A2,Olga,0.5929999999998472
1.3924515593974585,3,100,1000,5,6000,A3,Tracy,0.5929999999998472
11.089450064756507,3,100,1000,5,6000,core,Tracy_Olga,0.5929999999998472
1.707800303606447,3,100,4996,5,6000,A1,NTD,155.92599999999993
0.6059475997068169,3,100,4996,5,6000,A2,NTD,155.92599999999993
4993.037377979723,3,100,4996,5,6000,A3,NTD,155.92599999999993
6.34494691914083,3,100,4996,5,6000,core,NTD,155.92599999999993
1.8026003180660037,3,100,4996,5,6000,A1,Ours,5.403999999999996
0.006963459203307858,3,100,4996,5,6000,A2,Ours,5.403999999999996
2.4350301403419734,3,100,4996,5,6000,A3,Ours,5.403999999999996
11.804979133558003,3,100,4996,5,6000,core,Ours,5.403999999999996
1.8026003180660037,3,100,4996,5,6000,A1,HOSVD,1.887000000000171
0.006963459203307858,3,100,4996,5,6000,A2,HOSVD,1.887000000000171
2.429140226481549,3,100,4996,5,6000,A3,HOSVD,1.887000000000171
11.802411328131019,3,100,4996,5,6000,core,HOSVD,1.887000000000171
1.8074653956391977,3,100,4996,5,6000,A1,HOOI,4.661000000000058
0.007019324329019688,3,100,4996,5,6000,A2,HOOI,4.661000000000058
2.4266485513048437,3,100,4996,5,6000,A3,HOOI,4.661000000000058
11.816489210654012,3,100,4996,5,6000,core,HOOI,4.661000000000058
1.6087305321327137,3,100,4996,5,6000,A1,Olga,3.1529999999997926
0.004842684068456733,3,100,4996,5,6000,A2,Olga,3.1529999999997926
2.9529087920903616,3,100,4996,5,6000,A3,Tracy,3.1529999999997926
11.803053845126879,3,100,4996,5,6000,core,Tracy_Olga,3.1529999999997926
4.6765441104888525,3,100,9969,5,6000,A1,NTD,333.3989999999999
1.0881018284448878,3,100,9969,5,6000,A2,NTD,333.3989999999999
9966.038452295703,3,100,9969,5,6000,A3,NTD,333.3989999999999
9.354452224524756,3,100,9969,5,6000,core,NTD,333.3989999999999
1.8067732932297131,3,100,9969,5,6000,A1,Ours,15.811999999999898
0.003951340831742662,3,100,9969,5,6000,A2,Ours,15.811999999999898
2.4983846543195267,3,100,9969,5,6000,A3,Ours,15.811999999999898
11.896733794011647,3,100,9969,5,6000,core,Ours,15.811999999999898
1.8067732932297131,3,100,9969,5,6000,A1,HOSVD,3.548999999999978
0.003951340831742662,3,100,9969,5,6000,A2,HOSVD,3.548999999999978
2.476416474751913,3,100,9969,5,6000,A3,HOSVD,3.548999999999978
11.887017985649905,3,100,9969,5,6000,core,HOSVD,3.548999999999978
1.812001379870358,3,100,9969,5,6000,A1,HOOI,13.730999999999767
0.003926127470192153,3,100,9969,5,6000,A2,HOOI,13.730999999999767
2.4778779454319877,3,100,9969,5,6000,A3,HOOI,13.730999999999767
11.886307894558492,3,100,9969,5,6000,core,HOOI,13.730999999999767
1.9003433944362491,3,100,9969,5,6000,A1,Olga,8.364000000000033
0.019779386605912764,3,100,9969,5,6000,A2,Olga,8.364000000000033
2.926330562128277,3,100,9969,5,6000,A3,Tracy,8.364000000000033
11.842605114184986,3,100,9969,5,6000,core,Tracy_Olga,8.364000000000033
4.278504056818542,3,100,1000,5,7000,A1,NTD,27.778999999999996
0.030385294342766843,3,100,1000,5,7000,A2,NTD,27.778999999999996
997.0001068103888,3,100,1000,5,7000,A3,NTD,27.778999999999996
11.401180079476914,3,100,1000,5,7000,core,NTD,27.778999999999996
2.243260990771009,3,100,1000,5,7000,A1,Ours,0.624000000000251
7.682527304832195e-4,3,100,1000,5,7000,A2,Ours,0.624000000000251
0.16770843603897873,3,100,1000,5,7000,A3,Ours,0.624000000000251
11.527279719805115,3,100,1000,5,7000,core,Ours,0.624000000000251
2.243260990771009,3,100,1000,5,7000,A1,HOSVD,0.5140000000001237
7.682527304832195e-4,3,100,1000,5,7000,A2,HOSVD,0.5140000000001237
0.16759220861035162,3,100,1000,5,7000,A3,HOSVD,0.5140000000001237
11.527146333569384,3,100,1000,5,7000,core,HOSVD,0.5140000000001237
2.247735110060129,3,100,1000,5,7000,A1,HOOI,1.0770000000002256
0.0011441592949030758,3,100,1000,5,7000,A2,HOOI,1.0770000000002256
0.1715892012536372,3,100,1000,5,7000,A3,HOOI,1.0770000000002256
11.521501010453486,3,100,1000,5,7000,core,HOOI,1.0770000000002256
2.215730408334771,3,100,1000,5,7000,A1,Olga,0.7770000000000437
0.004282653623775234,3,100,1000,5,7000,A2,Olga,0.7770000000000437
1.3603356252383934,3,100,1000,5,7000,A3,Tracy,0.7770000000000437
11.855137870425873,3,100,1000,5,7000,core,Tracy_Olga,0.7770000000000437
4.169264677549217,3,100,4993,5,7000,A1,NTD,155.42399999999998
0.23624762595603507,3,100,4993,5,7000,A2,NTD,155.42399999999998
4990.03241993596,3,100,4993,5,7000,A3,NTD,155.42399999999998
12.964416963859687,3,100,4993,5,7000,core,NTD,155.42399999999998
1.470824084892396,3,100,4993,5,7000,A1,Ours,9.386999999999716
0.011508481885889392,3,100,4993,5,7000,A2,Ours,9.386999999999716
2.451379298623742,3,100,4993,5,7000,A3,Ours,9.386999999999716
11.823396998594234,3,100,4993,5,7000,core,Ours,9.386999999999716
1.470824084892396,3,100,4993,5,7000,A1,HOSVD,9.805000000000291
0.011508481885889392,3,100,4993,5,7000,A2,HOSVD,9.805000000000291
2.4469200318924074,3,100,4993,5,7000,A3,HOSVD,9.805000000000291
11.821498509001485,3,100,4993,5,7000,core,HOSVD,9.805000000000291
1.4735138444679086,3,100,4993,5,7000,A1,HOOI,14.766000000000076
0.012007217043010212,3,100,4993,5,7000,A2,HOOI,14.766000000000076
2.448861790497125,3,100,4993,5,7000,A3,HOOI,14.766000000000076
11.82307238568275,3,100,4993,5,7000,core,HOOI,14.766000000000076
1.7137822380467342,3,100,4993,5,7000,A1,Olga,12.621999999999844
0.012304208725137421,3,100,4993,5,7000,A2,Olga,12.621999999999844
2.9615699812409466,3,100,4993,5,7000,A3,Tracy,12.621999999999844
11.812922820171012,3,100,4993,5,7000,core,Tracy_Olga,12.621999999999844
1.5968156667155486,3,100,9978,5,7000,A1,NTD,336.7600000000002
0.2669365751792881,3,100,9978,5,7000,A2,NTD,336.7600000000002
9975.042260167651,3,100,9978,5,7000,A3,NTD,336.7600000000002
15.480731935262442,3,100,9978,5,7000,core,NTD,336.7600000000002
1.1836946954654852,3,100,9978,5,7000,A1,Ours,15.358000000000175
0.00567049098025397,3,100,9978,5,7000,A2,Ours,15.358000000000175
2.4713059790991543,3,100,9978,5,7000,A3,Ours,15.358000000000175
11.852787016620454,3,100,9978,5,7000,core,Ours,15.358000000000175
1.1836946954654852,3,100,9978,5,7000,A1,HOSVD,4.3200000000006185
0.00567049098025397,3,100,9978,5,7000,A2,HOSVD,4.3200000000006185
2.455233734927153,3,100,9978,5,7000,A3,HOSVD,4.3200000000006185
11.845866349835088,3,100,9978,5,7000,core,HOSVD,4.3200000000006185
1.1820297500560843,3,100,9978,5,7000,A1,HOOI,13.952000000000226
0.005861962029756233,3,100,9978,5,7000,A2,HOOI,13.952000000000226
2.4544111515930505,3,100,9978,5,7000,A3,HOOI,13.952000000000226
11.811947239498359,3,100,9978,5,7000,core,HOOI,13.952000000000226
1.9779464129509123,3,100,9978,5,7000,A1,Olga,6.498000000000502
0.01786149376448585,3,100,9978,5,7000,A2,Olga,6.498000000000502
2.9240598924305132,3,100,9978,5,7000,A3,Tracy,6.498000000000502
11.816307084988413,3,100,9978,5,7000,core,Tracy_Olga,6.498000000000502
3.7636330810823333,3,100,1000,5,8000,A1,NTD,28.60400000000027
0.061743987241384066,3,100,1000,5,8000,A2,NTD,28.60400000000027
997.0001037365579,3,100,1000,5,8000,A3,NTD,28.60400000000027
4.2001927381853665,3,100,1000,5,8000,core,NTD,28.60400000000027
2.041376807936642,3,100,1000,5,8000,A1,Ours,0.8599999999996726
0.004158869133209569,3,100,1000,5,8000,A2,Ours,0.8599999999996726
0.06426727315192059,3,100,1000,5,8000,A3,Ours,0.8599999999996726
11.72186981115616,3,100,1000,5,8000,core,Ours,0.8599999999996726
2.041376807936642,3,100,1000,5,8000,A1,HOSVD,0.9260000000003856
0.004158869133209569,3,100,1000,5,8000,A2,HOSVD,0.9260000000003856
0.06426311485036518,3,100,1000,5,8000,A3,HOSVD,0.9260000000003856
11.72185734592928,3,100,1000,5,8000,core,HOSVD,0.9260000000003856
2.0301275502282166,3,100,1000,5,8000,A1,HOOI,0.8320000000003347
0.004370929098021475,3,100,1000,5,8000,A2,HOOI,0.8320000000003347
0.06422057327457392,3,100,1000,5,8000,A3,HOOI,0.8320000000003347
11.722278625583574,3,100,1000,5,8000,core,HOOI,0.8320000000003347
1.4457845045620026,3,100,1000,5,8000,A1,Olga,0.4850000000005821
0.004330567374960027,3,100,1000,5,8000,A2,Olga,0.4850000000005821
1.342037664586215,3,100,1000,5,8000,A3,Tracy,0.4850000000005821
11.748382720276572,3,100,1000,5,8000,core,Tracy_Olga,0.4850000000005821
4.9168542829465265,3,100,4994,5,8000,A1,NTD,158.42999999999938
2.8203572695098416,3,100,4994,5,8000,A2,NTD,158.42999999999938
4991.03873019329,3,100,4994,5,8000,A3,NTD,158.42999999999938
11.961999108942566,3,100,4994,5,8000,core,NTD,158.42999999999938
1.2589864751049993,3,100,4994,5,8000,A1,Ours,5.018000000000029
0.005806675820001733,3,100,4994,5,8000,A2,Ours,5.018000000000029
2.5195055678300844,3,100,4994,5,8000,A3,Ours,5.018000000000029
11.793061893381486,3,100,4994,5,8000,core,Ours,5.018000000000029
1.2589864751049993,3,100,4994,5,8000,A1,HOSVD,1.7859999999991487
0.005806675820001733,3,100,4994,5,8000,A2,HOSVD,1.7859999999991487
2.518076504124471,3,100,4994,5,8000,A3,HOSVD,1.7859999999991487
11.791707876242524,3,100,4994,5,8000,core,HOSVD,1.7859999999991487
1.256360251212749,3,100,4994,5,8000,A1,HOOI,4.668999999999869
0.006416707864971544,3,100,4994,5,8000,A2,HOOI,4.668999999999869
2.5140016785467902,3,100,4994,5,8000,A3,HOOI,4.668999999999869
11.797220116921315,3,100,4994,5,8000,core,HOOI,4.668999999999869
1.708745091508193,3,100,4994,5,8000,A1,Olga,2.481999999999971
0.01055450918447749,3,100,4994,5,8000,A2,Olga,2.481999999999971
3.0556858204167643,3,100,4994,5,8000,A3,Tracy,2.481999999999971
11.842465152618527,3,100,4994,5,8000,core,Tracy_Olga,2.481999999999971
3.889871097212084,3,100,9979,5,8000,A1,NTD,333.4800000000005
0.2559942294693676,3,100,9979,5,8000,A2,NTD,333.4800000000005
9976.050771909977,3,100,9979,5,8000,A3,NTD,333.4800000000005
14.967649769773706,3,100,9979,5,8000,core,NTD,333.4800000000005
1.4082272952568675,3,100,9979,5,8000,A1,Ours,16.764000000000124
0.007520116435568604,3,100,9979,5,8000,A2,Ours,16.764000000000124
2.4589790690673174,3,100,9979,5,8000,A3,Ours,16.764000000000124
11.777620506090715,3,100,9979,5,8000,core,Ours,16.764000000000124
1.4082272952568675,3,100,9979,5,8000,A1,HOSVD,3.3580000000001746
0.007520116435568604,3,100,9979,5,8000,A2,HOSVD,3.3580000000001746
2.4466351184869146,3,100,9979,5,8000,A3,HOSVD,3.3580000000001746
11.772334837466811,3,100,9979,5,8000,core,HOSVD,3.3580000000001746
1.4068055415408338,3,100,9979,5,8000,A1,HOOI,13.902999999999338
0.007210927725017931,3,100,9979,5,8000,A2,HOOI,13.902999999999338
2.448274537565467,3,100,9979,5,8000,A3,HOOI,13.902999999999338
11.773847765009108,3,100,9979,5,8000,core,HOOI,13.902999999999338
1.7943863655522094,3,100,9979,5,8000,A1,Olga,6.947000000000116
0.019352000777961384,3,100,9979,5,8000,A2,Olga,6.947000000000116
2.9127236951426148,3,100,9979,5,8000,A3,Tracy,6.947000000000116
11.775146534359685,3,100,9979,5,8000,core,Tracy_Olga,6.947000000000116
2.084006282732336,3,100,1000,5,9000,A1,NTD,28.902000000000044
0.06563714288367804,3,100,1000,5,9000,A2,NTD,28.902000000000044
997.0000414222951,3,100,1000,5,9000,A3,NTD,28.902000000000044
9.271447382629367,3,100,1000,5,9000,core,NTD,28.902000000000044
2.693693003946412,3,100,1000,5,9000,A1,Ours,0.5770000000002256
0.013127147698089007,3,100,1000,5,9000,A2,Ours,0.5770000000002256
0.23496385554475205,3,100,1000,5,9000,A3,Ours,0.5770000000002256
11.549113461719303,3,100,1000,5,9000,core,Ours,0.5770000000002256
2.693693003946412,3,100,1000,5,9000,A1,HOSVD,0.3969999999999345
0.013127147698089007,3,100,1000,5,9000,A2,HOSVD,0.3969999999999345
0.23491500161112794,3,100,1000,5,9000,A3,HOSVD,0.3969999999999345
11.54904491825539,3,100,1000,5,9000,core,HOSVD,0.3969999999999345
2.689154260998431,3,100,1000,5,9000,A1,HOOI,0.6970000000001164
0.012807599954522086,3,100,1000,5,9000,A2,HOOI,0.6970000000001164
0.23466267517509506,3,100,1000,5,9000,A3,HOOI,0.6970000000001164
11.548436499186836,3,100,1000,5,9000,core,HOOI,0.6970000000001164
1.7064009123460282,3,100,1000,5,9000,A1,Olga,0.6719999999995707
0.0068533507621533684,3,100,1000,5,9000,A2,Olga,0.6719999999995707
1.404717950292284,3,100,1000,5,9000,A3,Tracy,0.6719999999995707
11.511753809020457,3,100,1000,5,9000,core,Tracy_Olga,0.6719999999995707
4.8788858977293525,3,100,4997,5,9000,A1,NTD,156.58100000000013
0.746547977251598,3,100,4997,5,9000,A2,NTD,156.58100000000013
4994.027519659166,3,100,4997,5,9000,A3,NTD,156.58100000000013
11.216116838902712,3,100,4997,5,9000,core,NTD,156.58100000000013
1.270023544093428,3,100,4997,5,9000,A1,Ours,4.940000000000509
0.008050217345543282,3,100,4997,5,9000,A2,Ours,4.940000000000509
2.5672730921344966,3,100,4997,5,9000,A3,Ours,4.940000000000509
12.02588039821408,3,100,4997,5,9000,core,Ours,4.940000000000509
1.270023544093428,3,100,4997,5,9000,A1,HOSVD,1.9160000000001673
0.008050217345543282,3,100,4997,5,9000,A2,HOSVD,1.9160000000001673
2.566116123548186,3,100,4997,5,9000,A3,HOSVD,1.9160000000001673
12.0267539040542,3,100,4997,5,9000,core,HOSVD,1.9160000000001673
1.2686240286642647,3,100,4997,5,9000,A1,HOOI,4.652000000000044
0.007992129863701245,3,100,4997,5,9000,A2,HOOI,4.652000000000044
2.559226959619787,3,100,4997,5,9000,A3,HOOI,4.652000000000044
11.988368207903193,3,100,4997,5,9000,core,HOOI,4.652000000000044
1.2046924800539458,3,100,4997,5,9000,A1,Olga,3.01299999999992
0.009122639354765323,3,100,4997,5,9000,A2,Olga,3.01299999999992
2.9822306098143105,3,100,4997,5,9000,A3,Tracy,3.01299999999992
11.800009421477984,3,100,4997,5,9000,core,Tracy_Olga,3.01299999999992
2.634134490993107,3,100,9987,5,9000,A1,NTD,334.27700000000004
0.5658017303752139,3,100,9987,5,9000,A2,NTD,334.27700000000004
9984.039704041583,3,100,9987,5,9000,A3,NTD,334.27700000000004
15.57687284639418,3,100,9987,5,9000,core,NTD,334.27700000000004
2.0664109741891457,3,100,9987,5,9000,A1,Ours,15.838999999999942
0.01477293319134355,3,100,9987,5,9000,A2,Ours,15.838999999999942
2.468403394111203,3,100,9987,5,9000,A3,Ours,15.838999999999942
11.892541047176113,3,100,9987,5,9000,core,Ours,15.838999999999942
2.0664109741891457,3,100,9987,5,9000,A1,HOSVD,3.3859999999995125
0.01477293319134355,3,100,9987,5,9000,A2,HOSVD,3.3859999999995125
2.458946416846188,3,100,9987,5,9000,A3,HOSVD,3.3859999999995125
11.888073682164167,3,100,9987,5,9000,core,HOSVD,3.3859999999995125
2.065417422767123,3,100,9987,5,9000,A1,HOOI,12.168999999999869
0.014642085711537684,3,100,9987,5,9000,A2,HOOI,12.168999999999869
2.4591770857476845,3,100,9987,5,9000,A3,HOOI,12.168999999999869
11.89071025317329,3,100,9987,5,9000,core,HOOI,12.168999999999869
1.5966278947685268,3,100,9987,5,9000,A1,Olga,6.588999999999942
0.023889298227319705,3,100,9987,5,9000,A2,Olga,6.588999999999942
2.9051593420738415,3,100,9987,5,9000,A3,Tracy,6.588999999999942
11.874395481094487,3,100,9987,5,9000,core,Tracy_Olga,6.588999999999942
3.147682487709019,3,100,1000,5,10000,A1,NTD,28.014000000000124
0.07685994202278196,3,100,1000,5,10000,A2,NTD,28.014000000000124
997.0001083892167,3,100,1000,5,10000,A3,NTD,28.014000000000124
11.213311889401993,3,100,1000,5,10000,core,NTD,28.014000000000124
1.189830272044155,3,100,1000,5,10000,A1,Ours,0.5630000000001019
0.004065499670030869,3,100,1000,5,10000,A2,Ours,0.5630000000001019
0.17761651458005046,3,100,1000,5,10000,A3,Ours,0.5630000000001019
11.198809481046675,3,100,1000,5,10000,core,Ours,0.5630000000001019
1.189830272044155,3,100,1000,5,10000,A1,HOSVD,0.5069999999996071
0.004065499670030869,3,100,1000,5,10000,A2,HOSVD,0.5069999999996071
0.17758757642553868,3,100,1000,5,10000,A3,HOSVD,0.5069999999996071
11.198842510373373,3,100,1000,5,10000,core,HOSVD,0.5069999999996071
1.1928798077593645,3,100,1000,5,10000,A1,HOOI,1.1369999999997162
0.003747740529632279,3,100,1000,5,10000,A2,HOOI,1.1369999999997162
0.1794849152132949,3,100,1000,5,10000,A3,HOOI,1.1369999999997162
11.190763341246159,3,100,1000,5,10000,core,HOOI,1.1369999999997162
1.4797749997549363,3,100,1000,5,10000,A1,Olga,0.5990000000001601
0.003139214239556652,3,100,1000,5,10000,A2,Olga,0.5990000000001601
1.372965583283724,3,100,1000,5,10000,A3,Tracy,0.5990000000001601
11.183105970811415,3,100,1000,5,10000,core,Tracy_Olga,0.5990000000001601
4.862865549185296,3,100,4999,5,10000,A1,NTD,153.21600000000035
0.5899490136265992,3,100,4999,5,10000,A2,NTD,153.21600000000035
4996.026904487356,3,100,4999,5,10000,A3,NTD,153.21600000000035
15.909347273046635,3,100,4999,5,10000,core,NTD,153.21600000000035
2.0775800344742605,3,100,4999,5,10000,A1,Ours,4.743000000000393
0.013772158915597464,3,100,4999,5,10000,A2,Ours,4.743000000000393
2.5576632085998434,3,100,4999,5,10000,A3,Ours,4.743000000000393
12.012927515511933,3,100,4999,5,10000,core,Ours,4.743000000000393
2.0775800344742605,3,100,4999,5,10000,A1,HOSVD,2.5540000000000873
0.013772158915597464,3,100,4999,5,10000,A2,HOSVD,2.5540000000000873
2.5567068838335394,3,100,4999,5,10000,A3,HOSVD,2.5540000000000873
12.013913407396425,3,100,4999,5,10000,core,HOSVD,2.5540000000000873
2.0808517883785265,3,100,4999,5,10000,A1,HOOI,4.2719999999999345
0.013920124139848725,3,100,4999,5,10000,A2,HOOI,4.2719999999999345
2.572838935004539,3,100,4999,5,10000,A3,HOOI,4.2719999999999345
12.115804492458178,3,100,4999,5,10000,core,HOOI,4.2719999999999345
1.85038911554825,3,100,4999,5,10000,A1,Olga,3.0440000000007785
0.008680065778409872,3,100,4999,5,10000,A2,Olga,3.0440000000007785
3.005150955343235,3,100,4999,5,10000,A3,Tracy,3.0440000000007785
11.817835102517227,3,100,4999,5,10000,core,Tracy_Olga,3.0440000000007785
12.3268237164543,3,100,9988,5,10000,A1,NTD,325.8869999999997
0.26955357339323316,3,100,9988,5,10000,A2,NTD,325.8869999999997
9985.029948610267,3,100,9988,5,10000,A3,NTD,325.8869999999997
11.5326861769068,3,100,9988,5,10000,core,NTD,325.8869999999997
1.1263199878025074,3,100,9988,5,10000,A1,Ours,15.693000000000211
0.005194524677011712,3,100,9988,5,10000,A2,Ours,15.693000000000211
2.460418274542574,3,100,9988,5,10000,A3,Ours,15.693000000000211
11.86752159908612,3,100,9988,5,10000,core,Ours,15.693000000000211
1.1263199878025074,3,100,9988,5,10000,A1,HOSVD,3.4290000000000873
0.005194524677011712,3,100,9988,5,10000,A2,HOSVD,3.4290000000000873
2.452433699791696,3,100,9988,5,10000,A3,HOSVD,3.4290000000000873
11.86395847459867,3,100,9988,5,10000,core,HOSVD,3.4290000000000873
1.125890024022266,3,100,9988,5,10000,A1,HOOI,12.694999999999709
0.004984250697008151,3,100,9988,5,10000,A2,HOOI,12.694999999999709
2.4526539527089533,3,100,9988,5,10000,A3,HOOI,12.694999999999709
11.868654408103602,3,100,9988,5,10000,core,HOOI,12.694999999999709
1.5747694936181578,3,100,9988,5,10000,A1,Olga,6.301000000000386
0.010724945431868846,3,100,9988,5,10000,A2,Olga,6.301000000000386
2.927690437374673,3,100,9988,5,10000,A3,Tracy,6.301000000000386
11.890812068210144,3,100,9988,5,10000,core,Tracy_Olga,6.301000000000386
