error,K,Q1,R,Q2,M,mode,method,time
5.514090957365509,3,100,100,5,100,A1,NTD,4.36
2.2288093653868573,3,100,100,5,100,A2,NTD,4.36
97.00214838985596,3,100,100,5,100,A3,NTD,4.36
12.99451091568513,3,100,100,5,100,core,NTD,4.36
14.92688832625321,3,100,100,5,100,A1,Ours,2.927999999999999
0.09620655351244065,3,100,100,5,100,A2,Ours,2.927999999999999
0.36065029189923065,3,100,100,5,100,A3,Ours,2.927999999999999
9.53566266641824,3,100,100,5,100,core,Ours,2.927999999999999
14.92688832625321,3,100,100,5,100,A1,HOSVD,1.799999999999999
0.09620655351244065,3,100,100,5,100,A2,HOSVD,1.799999999999999
0.35939400593412074,3,100,100,5,100,A3,HOSVD,1.799999999999999
9.532743865703603,3,100,100,5,100,core,HOSVD,1.799999999999999
14.582404014739378,3,100,100,5,100,A1,HOOI,2.4899999999999984
0.047582689735051385,3,100,100,5,100,A2,HOOI,2.4899999999999984
0.31832826096001327,3,100,100,5,100,A3,HOOI,2.4899999999999984
9.710022835036613,3,100,100,5,100,core,HOOI,2.4899999999999984
14.22712708467928,3,100,100,5,100,A1,Olga,1.3960000000000008
0.11383484404643736,3,100,100,5,100,A2,Olga,1.3960000000000008
1.0733666678688054,3,100,100,5,100,A3,Tracy,1.3960000000000008
13.577853342278532,3,100,100,5,100,core,Tracy_Olga,1.3960000000000008
7.020020046273139,3,100,497,5,100,A1,NTD,21.363000000000003
2.137909244524849,3,100,497,5,100,A2,NTD,21.363000000000003
494.16774680717174,3,100,497,5,100,A3,NTD,21.363000000000003
8.91464012018292,3,100,497,5,100,core,NTD,21.363000000000003
12.950594658112701,3,100,497,5,100,A1,Ours,3.8770000000000024
0.16882495764522953,3,100,497,5,100,A2,Ours,3.8770000000000024
2.6678305637093462,3,100,497,5,100,A3,Ours,3.8770000000000024
14.301861918945603,3,100,497,5,100,core,Ours,3.8770000000000024
12.950594658112701,3,100,497,5,100,A1,HOSVD,4.731000000000002
0.16882495764522953,3,100,497,5,100,A2,HOSVD,4.731000000000002
2.45776323280861,3,100,497,5,100,A3,HOSVD,4.731000000000002
14.322241410862294,3,100,497,5,100,core,HOSVD,4.731000000000002
12.731881571979635,3,100,497,5,100,A1,HOOI,5.774000000000001
0.09855085157141659,3,100,497,5,100,A2,HOOI,5.774000000000001
2.4878181809834374,3,100,497,5,100,A3,HOOI,5.774000000000001
10.239420821887904,3,100,497,5,100,core,HOOI,5.774000000000001
14.954868399134732,3,100,497,5,100,A1,Olga,1.225999999999999
0.5786444034671305,3,100,497,5,100,A2,Olga,1.225999999999999
2.813655323568256,3,100,497,5,100,A3,Tracy,1.225999999999999
9.251015148981658,3,100,497,5,100,core,Tracy_Olga,1.225999999999999
7.9545270659813205,3,100,983,5,100,A1,NTD,39.12499999999999
1.9778951979539035,3,100,983,5,100,A2,NTD,39.12499999999999
980.2037256968185,3,100,983,5,100,A3,NTD,39.12499999999999
8.914710801773255,3,100,983,5,100,core,NTD,39.12499999999999
12.94693644187601,3,100,983,5,100,A1,Ours,13.15700000000001
0.3429321785112301,3,100,983,5,100,A2,Ours,13.15700000000001
4.770979228046393,3,100,983,5,100,A3,Ours,13.15700000000001
11.42890947839044,3,100,983,5,100,core,Ours,13.15700000000001
12.94693644187601,3,100,983,5,100,A1,HOSVD,10.206000000000003
0.3429321785112301,3,100,983,5,100,A2,HOSVD,10.206000000000003
2.5514609518973352,3,100,983,5,100,A3,HOSVD,10.206000000000003
15.04928804359741,3,100,983,5,100,core,HOSVD,10.206000000000003
13.73882423202749,3,100,983,5,100,A1,HOOI,10.158000000000001
0.055854951884928485,3,100,983,5,100,A2,HOOI,10.158000000000001
2.5727356728705937,3,100,983,5,100,A3,HOOI,10.158000000000001
10.446157233418129,3,100,983,5,100,core,HOOI,10.158000000000001
18.581067919290486,3,100,983,5,100,A1,Olga,6.3019999999999925
0.7391608287503143,3,100,983,5,100,A2,Olga,6.3019999999999925
2.8677851230104494,3,100,983,5,100,A3,Tracy,6.3019999999999925
14.298634360003442,3,100,983,5,100,core,Tracy_Olga,6.3019999999999925
83.31772715192301,3,100,2391,5,100,A1,NTD,88.86399999999998
3.8841577271831333,3,100,2391,5,100,A2,NTD,88.86399999999998
2388.3437596044473,3,100,2391,5,100,A3,NTD,88.86399999999998
10.334625166215373,3,100,2391,5,100,core,NTD,88.86399999999998
9.075890319021939,3,100,2391,5,100,A1,Ours,6.60299999999998
0.2797982665784538,3,100,2391,5,100,A2,Ours,6.60299999999998
4.623007965335297,3,100,2391,5,100,A3,Ours,6.60299999999998
10.388059283367706,3,100,2391,5,100,core,Ours,6.60299999999998
9.075890319021939,3,100,2391,5,100,A1,HOSVD,4.174000000000007
0.2797982665784538,3,100,2391,5,100,A2,HOSVD,4.174000000000007
2.586995819717618,3,100,2391,5,100,A3,HOSVD,4.174000000000007
9.359318598475255,3,100,2391,5,100,core,HOSVD,4.174000000000007
8.810574193769956,3,100,2391,5,100,A1,HOOI,5.7479999999999905
0.09032568824109073,3,100,2391,5,100,A2,HOOI,5.7479999999999905
2.6159576265105895,3,100,2391,5,100,A3,HOOI,5.7479999999999905
10.424454092894457,3,100,2391,5,100,core,HOOI,5.7479999999999905
31.837170375681563,3,100,2391,5,100,A1,Olga,3.415999999999997
3.466558057618475,3,100,2391,5,100,A2,Olga,3.415999999999997
2.9327103421586136,3,100,2391,5,100,A3,Tracy,3.415999999999997
14.29177104542481,3,100,2391,5,100,core,Tracy_Olga,3.415999999999997
111.91568500468253,3,100,4515,5,100,A1,NTD,160.81499999999997
4.229338901874665,3,100,4515,5,100,A2,NTD,160.81499999999997
4512.457988529002,3,100,4515,5,100,A3,NTD,160.81499999999997
9.772537034853778,3,100,4515,5,100,core,NTD,160.81499999999997
13.57856030997083,3,100,4515,5,100,A1,Ours,14.305000000000007
0.04509005989417855,3,100,4515,5,100,A2,Ours,14.305000000000007
5.381434422485025,3,100,4515,5,100,A3,Ours,14.305000000000007
11.559121978641341,3,100,4515,5,100,core,Ours,14.305000000000007
13.57856030997083,3,100,4515,5,100,A1,HOSVD,14.168000000000006
0.04509005989417855,3,100,4515,5,100,A2,HOSVD,14.168000000000006
2.6978216511633852,3,100,4515,5,100,A3,HOSVD,14.168000000000006
14.66958907830324,3,100,4515,5,100,core,HOSVD,14.168000000000006
11.043953443313706,3,100,4515,5,100,A1,HOOI,20.409999999999968
0.061423776403901155,3,100,4515,5,100,A2,HOOI,20.409999999999968
2.721106848070625,3,100,4515,5,100,A3,HOOI,20.409999999999968
14.845971425656291,3,100,4515,5,100,core,HOOI,20.409999999999968
44.326798385527084,3,100,4515,5,100,A1,Olga,12.159000000000049
2.521855641841206,3,100,4515,5,100,A2,Olga,12.159000000000049
3.011571381416596,3,100,4515,5,100,A3,Tracy,12.159000000000049
10.831330134937941,3,100,4515,5,100,core,Tracy_Olga,12.159000000000049
119.27875031280425,3,100,5367,5,100,A1,NTD,191.47700000000003
3.977870844961217,3,100,5367,5,100,A2,NTD,191.47700000000003
5364.5231869329045,3,100,5367,5,100,A3,NTD,191.47700000000003
8.996068769594778,3,100,5367,5,100,core,NTD,191.47700000000003
13.366150749839218,3,100,5367,5,100,A1,Ours,9.807999999999993
0.14693536159815343,3,100,5367,5,100,A2,Ours,9.807999999999993
5.3505522656307445,3,100,5367,5,100,A3,Ours,9.807999999999993
9.197547671363784,3,100,5367,5,100,core,Ours,9.807999999999993
13.366150749839218,3,100,5367,5,100,A1,HOSVD,8.137000000000057
0.14693536159815343,3,100,5367,5,100,A2,HOSVD,8.137000000000057
2.708091335464635,3,100,5367,5,100,A3,HOSVD,8.137000000000057
10.23624749566937,3,100,5367,5,100,core,HOSVD,8.137000000000057
13.09605663078503,3,100,5367,5,100,A1,HOOI,11.062999999999988
0.09821327401791338,3,100,5367,5,100,A2,HOOI,11.062999999999988
4.200019510441202,3,100,5367,5,100,A3,HOOI,11.062999999999988
8.415325834265502,3,100,5367,5,100,core,HOOI,11.062999999999988
33.11733100047787,3,100,5367,5,100,A1,Olga,7.66599999999994
3.8790540824741058,3,100,5367,5,100,A2,Olga,7.66599999999994
3.0345623754469084,3,100,5367,5,100,A3,Tracy,7.66599999999994
10.684815075392157,3,100,5367,5,100,core,Tracy_Olga,7.66599999999994
107.61946904179271,3,100,6114,5,100,A1,NTD,211.8950000000001
4.229376472843541,3,100,6114,5,100,A2,NTD,211.8950000000001
6111.560958907494,3,100,6114,5,100,A3,NTD,211.8950000000001
10.160326194241204,3,100,6114,5,100,core,NTD,211.8950000000001
14.660573004524966,3,100,6114,5,100,A1,Ours,6.970000000000027
0.25896186863104953,3,100,6114,5,100,A2,Ours,6.970000000000027
5.259876182618322,3,100,6114,5,100,A3,Ours,6.970000000000027
12.642326097629194,3,100,6114,5,100,core,Ours,6.970000000000027
14.660573004524966,3,100,6114,5,100,A1,HOSVD,1.9699999999999136
0.25896186863104953,3,100,6114,5,100,A2,HOSVD,1.9699999999999136
4.0065112762270205,3,100,6114,5,100,A3,HOSVD,1.9699999999999136
10.06953068863587,3,100,6114,5,100,core,HOSVD,1.9699999999999136
14.435976256408058,3,100,6114,5,100,A1,HOOI,8.297000000000025
0.07400731641356537,3,100,6114,5,100,A2,HOOI,8.297000000000025
3.4119124160527474,3,100,6114,5,100,A3,HOOI,8.297000000000025
7.544852472505129,3,100,6114,5,100,core,HOOI,8.297000000000025
56.54565379033306,3,100,6114,5,100,A1,Olga,3.6370000000000573
3.58910113432865,3,100,6114,5,100,A2,Olga,3.6370000000000573
3.999866668869302,3,100,6114,5,100,A3,Tracy,3.6370000000000573
11.267834022700693,3,100,6114,5,100,core,Tracy_Olga,3.6370000000000573
119.44406875506463,3,100,6904,5,100,A1,NTD,216.466
3.955479894092527,3,100,6904,5,100,A2,NTD,216.466
6901.551112794015,3,100,6904,5,100,A3,NTD,216.466
9.717038421586995,3,100,6904,5,100,core,NTD,216.466
11.518275920122878,3,100,6904,5,100,A1,Ours,14.692000000000007
0.08506087450166354,3,100,6904,5,100,A2,Ours,14.692000000000007
5.229907604200636,3,100,6904,5,100,A3,Ours,14.692000000000007
10.1041556374012,3,100,6904,5,100,core,Ours,14.692000000000007
11.518275920122878,3,100,6904,5,100,A1,HOSVD,6.47400000000016
0.08506087450166354,3,100,6904,5,100,A2,HOSVD,6.47400000000016
3.4114634725746313,3,100,6904,5,100,A3,HOSVD,6.47400000000016
10.64548435467162,3,100,6904,5,100,core,HOSVD,6.47400000000016
11.928401938602772,3,100,6904,5,100,A1,HOOI,12.835000000000036
0.11880607616782399,3,100,6904,5,100,A2,HOOI,12.835000000000036
3.528201718876378,3,100,6904,5,100,A3,HOOI,12.835000000000036
11.5608905315332,3,100,6904,5,100,core,HOOI,12.835000000000036
49.24418394919564,3,100,6904,5,100,A1,Olga,4.996000000000095
4.170679650287005,3,100,6904,5,100,A2,Olga,4.996000000000095
3.1999258809712883,3,100,6904,5,100,A3,Tracy,4.996000000000095
11.267436430775701,3,100,6904,5,100,core,Tracy_Olga,4.996000000000095
122.40180459254358,3,100,7564,5,100,A1,NTD,236.8660000000002
2.22939853560926,3,100,7564,5,100,A2,NTD,236.8660000000002
7561.600232290773,3,100,7564,5,100,A3,NTD,236.8660000000002
10.115195808908446,3,100,7564,5,100,core,NTD,236.8660000000002
14.120424860303004,3,100,7564,5,100,A1,Ours,9.394000000000005
0.13195747796462934,3,100,7564,5,100,A2,Ours,9.394000000000005
5.284184546132186,3,100,7564,5,100,A3,Ours,9.394000000000005
10.010917323720385,3,100,7564,5,100,core,Ours,9.394000000000005
14.120424860303004,3,100,7564,5,100,A1,HOSVD,2.8890000000001237
0.13195747796462934,3,100,7564,5,100,A2,HOSVD,2.8890000000001237
3.398505851605933,3,100,7564,5,100,A3,HOSVD,2.8890000000001237
10.881854904536969,3,100,7564,5,100,core,HOSVD,2.8890000000001237
45.81682296499779,3,100,7564,5,100,A1,Olga,5.2009999999997945
2.875067065626629,3,100,7564,5,100,A2,Olga,5.2009999999997945
3.1509110000102107,3,100,7564,5,100,A3,Tracy,5.2009999999997945
11.88856644173057,3,100,7564,5,100,core,Tracy_Olga,5.2009999999997945
106.36481189900783,3,100,8267,5,100,A1,NTD,260.41600000000017
3.8151223437285715,3,100,8267,5,100,A2,NTD,260.41600000000017
8264.572173241388,3,100,8267,5,100,A3,NTD,260.41600000000017
10.312330001428162,3,100,8267,5,100,core,NTD,260.41600000000017
13.41819787410136,3,100,8267,5,100,A1,Ours,19.480999999999995
0.19482361129399525,3,100,8267,5,100,A2,Ours,19.480999999999995
5.391819971739326,3,100,8267,5,100,A3,Ours,19.480999999999995
9.282706666980923,3,100,8267,5,100,core,Ours,19.480999999999995
13.41819787410136,3,100,8267,5,100,A1,HOSVD,18.126999999999953
0.19482361129399525,3,100,8267,5,100,A2,HOSVD,18.126999999999953
2.850266416743491,3,100,8267,5,100,A3,HOSVD,18.126999999999953
14.584384592519765,3,100,8267,5,100,core,HOSVD,18.126999999999953
13.312652483252172,3,100,8267,5,100,A1,HOOI,26.45699999999988
0.20385461888121945,3,100,8267,5,100,A2,HOOI,26.45699999999988
3.458318116637185,3,100,8267,5,100,A3,HOOI,26.45699999999988
10.96632360024741,3,100,8267,5,100,core,HOOI,26.45699999999988
49.07453654054753,3,100,8267,5,100,A1,Olga,22.136999999999944
0.3199580611016452,3,100,8267,5,100,A2,Olga,22.136999999999944
4.004401501253909,3,100,8267,5,100,A3,Tracy,22.136999999999944
10.995238593426063,3,100,8267,5,100,core,Tracy_Olga,22.136999999999944
4.294188540231613,3,100,100,5,3000,A1,NTD,3.2339999999999236
0.5692027216806114,3,100,100,5,3000,A2,NTD,3.2339999999999236
97,3,100,100,5,3000,A3,NTD,3.2339999999999236
8.754932105302974,3,100,100,5,3000,core,NTD,3.2339999999999236
3.436547165296237,3,100,100,5,3000,A1,Ours,4.845000000000027
0.017596420350944848,3,100,100,5,3000,A2,Ours,4.845000000000027
0.04019776544163413,3,100,100,5,3000,A3,Ours,4.845000000000027
13.659284974939013,3,100,100,5,3000,core,Ours,4.845000000000027
3.436547165296237,3,100,100,5,3000,A1,HOSVD,5.9780000000000655
0.017596420350944848,3,100,100,5,3000,A2,HOSVD,5.9780000000000655
0.04019900343530649,3,100,100,5,3000,A3,HOSVD,5.9780000000000655
13.659288998426973,3,100,100,5,3000,core,HOSVD,5.9780000000000655
3.4432479102976488,3,100,100,5,3000,A1,HOOI,4.100000000000136
0.016435672515403937,3,100,100,5,3000,A2,HOOI,4.100000000000136
0.04000934568405419,3,100,100,5,3000,A3,HOOI,4.100000000000136
10.125558028771586,3,100,100,5,3000,core,HOOI,4.100000000000136
3.3968488259165235,3,100,100,5,3000,A1,Olga,4.539999999999964
0.021499606012766775,3,100,100,5,3000,A2,Olga,4.539999999999964
0.9846985966990702,3,100,100,5,3000,A3,Tracy,4.539999999999964
14.350097413966019,3,100,100,5,3000,core,Tracy_Olga,4.539999999999964
3.04103451190798,3,100,500,5,3000,A1,NTD,14.138999999999896
0.685474765545623,3,100,500,5,3000,A2,NTD,14.138999999999896
497.0000682145204,3,100,500,5,3000,A3,NTD,14.138999999999896
11.285033030430073,3,100,500,5,3000,core,NTD,14.138999999999896
2.35434012858411,3,100,500,5,3000,A1,Ours,5.344000000000051
0.011236943681526947,3,100,500,5,3000,A2,Ours,5.344000000000051
0.08790230229072725,3,100,500,5,3000,A3,Ours,5.344000000000051
8.980888339609018,3,100,500,5,3000,core,Ours,5.344000000000051
2.35434012858411,3,100,500,5,3000,A1,HOSVD,4.580999999999904
0.011236943681526947,3,100,500,5,3000,A2,HOSVD,4.580999999999904
0.08785506481261911,3,100,500,5,3000,A3,HOSVD,4.580999999999904
8.980904535074272,3,100,500,5,3000,core,HOSVD,4.580999999999904
2.354382934747645,3,100,500,5,3000,A1,HOOI,2.326000000000022
0.013099578243613647,3,100,500,5,3000,A2,HOOI,2.326000000000022
0.0880361714226782,3,100,500,5,3000,A3,HOOI,2.326000000000022
8.980160498761581,3,100,500,5,3000,core,HOOI,2.326000000000022
2.523213421153464,3,100,500,5,3000,A1,Olga,0.5729999999998654
0.022800191252656726,3,100,500,5,3000,A2,Olga,0.5729999999998654
1.2584424780410943,3,100,500,5,3000,A3,Tracy,0.5729999999998654
14.45579230412821,3,100,500,5,3000,core,Tracy_Olga,0.5729999999998654
3.1166711712577797,3,100,1000,5,3000,A1,NTD,34.429999999999836
1.394024398160084,3,100,1000,5,3000,A2,NTD,34.429999999999836
997.0002134341299,3,100,1000,5,3000,A3,NTD,34.429999999999836
14.066067963518208,3,100,1000,5,3000,core,NTD,34.429999999999836
2.9199820749244427,3,100,1000,5,3000,A1,Ours,0.4980000000000473
0.02845405979881166,3,100,1000,5,3000,A2,Ours,0.4980000000000473
0.12355923171968067,3,100,1000,5,3000,A3,Ours,0.4980000000000473
9.031775958008478,3,100,1000,5,3000,core,Ours,0.4980000000000473
2.9199820749244427,3,100,1000,5,3000,A1,HOSVD,0.4149999999999636
0.02845405979881166,3,100,1000,5,3000,A2,HOSVD,0.4149999999999636
0.12303963378534936,3,100,1000,5,3000,A3,HOSVD,0.4149999999999636
9.031536734414631,3,100,1000,5,3000,core,HOSVD,0.4149999999999636
2.9140176797981954,3,100,1000,5,3000,A1,HOOI,0.9420000000000073
0.021456575876949897,3,100,1000,5,3000,A2,HOOI,0.9420000000000073
0.1231950375016034,3,100,1000,5,3000,A3,HOOI,0.9420000000000073
9.031179878186972,3,100,1000,5,3000,core,HOOI,0.9420000000000073
3.440850296893791,3,100,1000,5,3000,A1,Olga,0.4499999999998181
0.026125521312265643,3,100,1000,5,3000,A2,Olga,0.4499999999998181
1.3220173099963772,3,100,1000,5,3000,A3,Tracy,0.4499999999998181
8.976644561406058,3,100,1000,5,3000,core,Tracy_Olga,0.4499999999998181
3.297378220157189,3,100,2498,5,3000,A1,NTD,86.20100000000002
2.0972094779464765,3,100,2498,5,3000,A2,NTD,86.20100000000002
2495.0467092273366,3,100,2498,5,3000,A3,NTD,86.20100000000002
13.795738532790313,3,100,2498,5,3000,core,NTD,86.20100000000002
1.7529189936872422,3,100,2498,5,3000,A1,Ours,4.119000000000142
0.02037973365048281,3,100,2498,5,3000,A2,Ours,4.119000000000142
2.472845870920066,3,100,2498,5,3000,A3,Ours,4.119000000000142
15.048998369898865,3,100,2498,5,3000,core,Ours,4.119000000000142
1.7529189936872422,3,100,2498,5,3000,A1,HOSVD,1.8690000000001419
0.02037973365048281,3,100,2498,5,3000,A2,HOSVD,1.8690000000001419
2.4662729105727594,3,100,2498,5,3000,A3,HOSVD,1.8690000000001419
15.045078667286388,3,100,2498,5,3000,core,HOSVD,1.8690000000001419
1.7504560579966328,3,100,2498,5,3000,A1,HOOI,3.4010000000000673
0.02559015417159438,3,100,2498,5,3000,A2,HOOI,3.4010000000000673
2.4648487412845217,3,100,2498,5,3000,A3,HOOI,3.4010000000000673
10.593783327557283,3,100,2498,5,3000,core,HOOI,3.4010000000000673
2.2437718938387246,3,100,2498,5,3000,A1,Olga,2.2509999999999764
0.06695939852321658,3,100,2498,5,3000,A2,Olga,2.2509999999999764
2.8427609995117593,3,100,2498,5,3000,A3,Tracy,2.2509999999999764
13.55636787645855,3,100,2498,5,3000,core,Tracy_Olga,2.2509999999999764
2.986920036378279,3,100,4995,5,3000,A1,NTD,168.7070000000001
3.7851120367625666,3,100,4995,5,3000,A2,NTD,168.7070000000001
4992.059145425497,3,100,4995,5,3000,A3,NTD,168.7070000000001
8.870591918962408,3,100,4995,5,3000,core,NTD,168.7070000000001
3.557463193708272,3,100,4995,5,3000,A1,Ours,5.347999999999956
0.04826322832577084,3,100,4995,5,3000,A2,Ours,5.347999999999956
2.52637280580077,3,100,4995,5,3000,A3,Ours,5.347999999999956
13.798050764473015,3,100,4995,5,3000,core,Ours,5.347999999999956
3.557463193708272,3,100,4995,5,3000,A1,HOSVD,2.2100000000000364
0.04826322832577084,3,100,4995,5,3000,A2,HOSVD,2.2100000000000364
2.5026633728999923,3,100,4995,5,3000,A3,HOSVD,2.2100000000000364
13.777872474046818,3,100,4995,5,3000,core,HOSVD,2.2100000000000364
3.5402319099143207,3,100,4995,5,3000,A1,HOOI,4.644999999999982
0.04204140831112343,3,100,4995,5,3000,A2,HOOI,4.644999999999982
2.5018890249457453,3,100,4995,5,3000,A3,HOOI,4.644999999999982
13.771590257352814,3,100,4995,5,3000,core,HOOI,4.644999999999982
4.016710484364335,3,100,4995,5,3000,A1,Olga,3.4529999999999745
0.12773573501790367,3,100,4995,5,3000,A2,Olga,3.4529999999999745
2.836019441396511,3,100,4995,5,3000,A3,Tracy,3.4529999999999745
9.895680456450695,3,100,4995,5,3000,core,Tracy_Olga,3.4529999999999745
3.012269003035345,3,100,5975,5,3000,A1,NTD,193.49000000000024
0.5558931497122694,3,100,5975,5,3000,A2,NTD,193.49000000000024
5972.061027140911,3,100,5975,5,3000,A3,NTD,193.49000000000024
12.361796931968486,3,100,5975,5,3000,core,NTD,193.49000000000024
2.7862135774621413,3,100,5975,5,3000,A1,Ours,6.472000000000207
0.01548124130421117,3,100,5975,5,3000,A2,Ours,6.472000000000207
2.5397215190806657,3,100,5975,5,3000,A3,Ours,6.472000000000207
13.605572749865113,3,100,5975,5,3000,core,Ours,6.472000000000207
2.7862135774621413,3,100,5975,5,3000,A1,HOSVD,2.8530000000000655
0.01548124130421117,3,100,5975,5,3000,A2,HOSVD,2.8530000000000655
2.503824846613623,3,100,5975,5,3000,A3,HOSVD,2.8530000000000655
13.568421845130857,3,100,5975,5,3000,core,HOSVD,2.8530000000000655
2.773608156194153,3,100,5975,5,3000,A1,HOOI,7.1909999999998035
0.020562837225813674,3,100,5975,5,3000,A2,HOOI,7.1909999999998035
2.5042534855662857,3,100,5975,5,3000,A3,HOOI,7.1909999999998035
13.554087109914937,3,100,5975,5,3000,core,HOOI,7.1909999999998035
3.049086600562485,3,100,5975,5,3000,A1,Olga,4.553000000000338
0.21642215333680698,3,100,5975,5,3000,A2,Olga,4.553000000000338
2.868974761656338,3,100,5975,5,3000,A3,Tracy,4.553000000000338
10.351676485236162,3,100,5975,5,3000,core,Tracy_Olga,4.553000000000338
3.61178808064745,3,100,6977,5,3000,A1,NTD,217.1590000000001
2.203942119479432,3,100,6977,5,3000,A2,NTD,217.1590000000001
6974.094986317957,3,100,6977,5,3000,A3,NTD,217.1590000000001
12.225040826161655,3,100,6977,5,3000,core,NTD,217.1590000000001
3.3822461230931844,3,100,6977,5,3000,A1,Ours,8.605000000000018
0.024363091592373407,3,100,6977,5,3000,A2,Ours,8.605000000000018
2.5605766918805517,3,100,6977,5,3000,A3,Ours,8.605000000000018
14.74057202025892,3,100,6977,5,3000,core,Ours,8.605000000000018
3.3822461230931844,3,100,6977,5,3000,A1,HOSVD,2.7020000000002256
0.024363091592373407,3,100,6977,5,3000,A2,HOSVD,2.7020000000002256
2.5181416240764976,3,100,6977,5,3000,A3,HOSVD,2.7020000000002256
14.770367625150236,3,100,6977,5,3000,core,HOSVD,2.7020000000002256
3.2701737646794187,3,100,6977,5,3000,A1,HOOI,6.373999999999796
0.021446847746021725,3,100,6977,5,3000,A2,HOOI,6.373999999999796
2.5178673910337723,3,100,6977,5,3000,A3,HOOI,6.373999999999796
14.767396617139088,3,100,6977,5,3000,core,HOOI,6.373999999999796
2.6657161704937575,3,100,6977,5,3000,A1,Olga,4.253000000000156
0.10281894994852403,3,100,6977,5,3000,A2,Olga,4.253000000000156
2.825750788822524,3,100,6977,5,3000,A3,Tracy,4.253000000000156
14.348720242315798,3,100,6977,5,3000,core,Tracy_Olga,4.253000000000156
2.6688157662706917,3,100,7962,5,3000,A1,NTD,249.92699999999968
2.2293832989556863,3,100,7962,5,3000,A2,NTD,249.92699999999968
7959.083078737955,3,100,7962,5,3000,A3,NTD,249.92699999999968
13.190944328817315,3,100,7962,5,3000,core,NTD,249.92699999999968
2.6342552113681963,3,100,7962,5,3000,A1,Ours,9.342000000000098
0.015414235112486657,3,100,7962,5,3000,A2,Ours,9.342000000000098
2.576258167290518,3,100,7962,5,3000,A3,Ours,9.342000000000098
10.48423960523624,3,100,7962,5,3000,core,Ours,9.342000000000098
2.6342552113681963,3,100,7962,5,3000,A1,HOSVD,5.211999999999989
0.015414235112486657,3,100,7962,5,3000,A2,HOSVD,5.211999999999989
2.5177839054615814,3,100,7962,5,3000,A3,HOSVD,5.211999999999989
10.527039348448353,3,100,7962,5,3000,core,HOSVD,5.211999999999989
2.6319361756975153,3,100,7962,5,3000,A1,HOOI,9.493999999999687
0.02602129274847277,3,100,7962,5,3000,A2,HOOI,9.493999999999687
2.5200947534902296,3,100,7962,5,3000,A3,HOOI,9.493999999999687
10.542574578611832,3,100,7962,5,3000,core,HOOI,9.493999999999687
3.095505269296586,3,100,7962,5,3000,A1,Olga,9.5300000000002
0.0646587195556268,3,100,7962,5,3000,A2,Olga,9.5300000000002
2.846221265975556,3,100,7962,5,3000,A3,Tracy,9.5300000000002
12.046562394674423,3,100,7962,5,3000,core,Tracy_Olga,9.5300000000002
2.9080246701901107,3,100,8958,5,3000,A1,NTD,271.799
4.229380557257851,3,100,8958,5,3000,A2,NTD,271.799
8955.0774865663,3,100,8958,5,3000,A3,NTD,271.799
11.002596590569521,3,100,8958,5,3000,core,NTD,271.799
2.389420017618187,3,100,8958,5,3000,A1,Ours,11.724999999999909
0.015884096504724478,3,100,8958,5,3000,A2,Ours,11.724999999999909
2.598542699760093,3,100,8958,5,3000,A3,Ours,11.724999999999909
10.461118433526243,3,100,8958,5,3000,core,Ours,11.724999999999909
2.389420017618187,3,100,8958,5,3000,A1,HOSVD,3.9090000000001055
0.015884096504724478,3,100,8958,5,3000,A2,HOSVD,3.9090000000001055
2.5243098308093153,3,100,8958,5,3000,A3,HOSVD,3.9090000000001055
10.513536518031035,3,100,8958,5,3000,core,HOSVD,3.9090000000001055
2.3959502273273663,3,100,8958,5,3000,A1,HOOI,9.557999999999993
0.006054174390166026,3,100,8958,5,3000,A2,HOOI,9.557999999999993
2.5261226959429828,3,100,8958,5,3000,A3,HOOI,9.557999999999993
10.53322629488555,3,100,8958,5,3000,core,HOOI,9.557999999999993
3.022221690841581,3,100,8958,5,3000,A1,Olga,6.055000000000291
0.023690302561632022,3,100,8958,5,3000,A2,Olga,6.055000000000291
2.856776372369619,3,100,8958,5,3000,A3,Tracy,6.055000000000291
14.357670258054425,3,100,8958,5,3000,core,Tracy_Olga,6.055000000000291
3.106306126928084,3,100,9952,5,3000,A1,NTD,304.7840000000001
1.513351880121701,3,100,9952,5,3000,A2,NTD,304.7840000000001
9949.09264209705,3,100,9952,5,3000,A3,NTD,304.7840000000001
9.850418560798017,3,100,9952,5,3000,core,NTD,304.7840000000001
2.4321007616530483,3,100,9952,5,3000,A1,Ours,16.91899999999987
0.015803019192132284,3,100,9952,5,3000,A2,Ours,16.91899999999987
2.6085580985520216,3,100,9952,5,3000,A3,Ours,16.91899999999987
14.778990693625326,3,100,9952,5,3000,core,Ours,16.91899999999987
2.4321007616530483,3,100,9952,5,3000,A1,HOSVD,10.882000000000062
0.015803019192132284,3,100,9952,5,3000,A2,HOSVD,10.882000000000062
2.521977674120575,3,100,9952,5,3000,A3,HOSVD,10.882000000000062
14.848709799933648,3,100,9952,5,3000,core,HOSVD,10.882000000000062
2.4391025712260803,3,100,9952,5,3000,A1,HOOI,26.143999999999778
0.016027878510869797,3,100,9952,5,3000,A2,HOOI,26.143999999999778
2.5230549333390426,3,100,9952,5,3000,A3,HOOI,26.143999999999778
14.859589519082132,3,100,9952,5,3000,core,HOOI,26.143999999999778
3.6372387802387034,3,100,9952,5,3000,A1,Olga,27.06899999999996
0.11303742011914933,3,100,9952,5,3000,A2,Olga,27.06899999999996
2.8311306331974193,3,100,9952,5,3000,A3,Tracy,27.06899999999996
14.377806655211073,3,100,9952,5,3000,core,Tracy_Olga,27.06899999999996
2.610439550464203,3,100,100,5,10000,A1,NTD,3.8400000000001455
0.8831137200698366,3,100,100,5,10000,A2,NTD,3.8400000000001455
97,3,100,100,5,10000,A3,NTD,3.8400000000001455
12.929241010866885,3,100,100,5,10000,core,NTD,3.8400000000001455
1.7259108899141073,3,100,100,5,10000,A1,Ours,6.526000000000295
0.007066851672198788,3,100,100,5,10000,A2,Ours,6.526000000000295
0.023585201343258932,3,100,100,5,10000,A3,Ours,6.526000000000295
10.150239997763075,3,100,100,5,10000,core,Ours,6.526000000000295
1.7259108899141073,3,100,100,5,10000,A1,HOSVD,7.101000000000113
0.007066851672198788,3,100,100,5,10000,A2,HOSVD,7.101000000000113
0.02358534177477439,3,100,100,5,10000,A3,HOSVD,7.101000000000113
10.150240280804123,3,100,100,5,10000,core,HOSVD,7.101000000000113
1.7257746476743863,3,100,100,5,10000,A1,HOOI,7.462999999999738
0.007414803913738702,3,100,100,5,10000,A2,HOOI,7.462999999999738
0.02356504842948673,3,100,100,5,10000,A3,HOOI,7.462999999999738
10.15017695970642,3,100,100,5,10000,core,HOOI,7.462999999999738
1.8766745015197728,3,100,100,5,10000,A1,Olga,3.992000000000189
0.005823485065372687,3,100,100,5,10000,A2,Olga,3.992000000000189
0.9856749125638286,3,100,100,5,10000,A3,Tracy,3.992000000000189
9.005306148479413,3,100,100,5,10000,core,Tracy_Olga,3.992000000000189
2.557406773140454,3,100,500,5,10000,A1,NTD,14.851999999999862
0.8820891039334325,3,100,500,5,10000,A2,NTD,14.851999999999862
497.0000181794957,3,100,500,5,10000,A3,NTD,14.851999999999862
13.916740720864816,3,100,500,5,10000,core,NTD,14.851999999999862
1.3656123632630732,3,100,500,5,10000,A1,Ours,5.854000000000269
0.008555932133890042,3,100,500,5,10000,A2,Ours,5.854000000000269
0.047232618331296834,3,100,500,5,10000,A3,Ours,5.854000000000269
14.402586437105647,3,100,500,5,10000,core,Ours,5.854000000000269
1.3656123632630732,3,100,500,5,10000,A1,HOSVD,4.413000000000011
0.008555932133890042,3,100,500,5,10000,A2,HOSVD,4.413000000000011
0.04723536801434223,3,100,500,5,10000,A3,HOSVD,4.413000000000011
14.402584877465992,3,100,500,5,10000,core,HOSVD,4.413000000000011
1.3612140156640005,3,100,500,5,10000,A1,HOOI,8.655999999999949
0.009038264754611674,3,100,500,5,10000,A2,HOOI,8.655999999999949
0.04719709318371671,3,100,500,5,10000,A3,HOOI,8.655999999999949
14.403005873811548,3,100,500,5,10000,core,HOOI,8.655999999999949
1.5201684882984778,3,100,500,5,10000,A1,Olga,6.751999999999953
0.007041328196028764,3,100,500,5,10000,A2,Olga,6.751999999999953
1.2522270734357555,3,100,500,5,10000,A3,Tracy,6.751999999999953
14.449695381762819,3,100,500,5,10000,core,Tracy_Olga,6.751999999999953
2.9122089578230197,3,100,1000,5,10000,A1,NTD,32.8100000000004
0.48818285779562853,3,100,1000,5,10000,A2,NTD,32.8100000000004
997.000108351926,3,100,1000,5,10000,A3,NTD,32.8100000000004
12.906777020746672,3,100,1000,5,10000,core,NTD,32.8100000000004
1.5734817177081555,3,100,1000,5,10000,A1,Ours,3.605000000000018
0.017163497152761813,3,100,1000,5,10000,A2,Ours,3.605000000000018
0.06325591131208975,3,100,1000,5,10000,A3,Ours,3.605000000000018
14.401236401703468,3,100,1000,5,10000,core,Ours,3.605000000000018
1.5734817177081555,3,100,1000,5,10000,A1,HOSVD,3.962999999999738
0.017163497152761813,3,100,1000,5,10000,A2,HOSVD,3.962999999999738
0.06325072975887441,3,100,1000,5,10000,A3,HOSVD,3.962999999999738
14.40122941211158,3,100,1000,5,10000,core,HOSVD,3.962999999999738
1.5775993577004146,3,100,1000,5,10000,A1,HOOI,4.7159999999998945
0.01705126828705401,3,100,1000,5,10000,A2,HOOI,4.7159999999998945
0.06318545715726191,3,100,1000,5,10000,A3,HOOI,4.7159999999998945
14.40094802986007,3,100,1000,5,10000,core,HOOI,4.7159999999998945
1.4017507223643175,3,100,1000,5,10000,A1,Olga,3.3659999999999854
0.013302862927330648,3,100,1000,5,10000,A2,Olga,3.3659999999999854
1.3093332901029595,3,100,1000,5,10000,A3,Tracy,3.3659999999999854
14.428673449425228,3,100,1000,5,10000,core,Tracy_Olga,3.3659999999999854
2.9512896874442753,3,100,2500,5,10000,A1,NTD,91.24199999999973
0.3228885245943669,3,100,2500,5,10000,A2,NTD,91.24199999999973
2497.0002977741947,3,100,2500,5,10000,A3,NTD,91.24199999999973
12.865908188262202,3,100,2500,5,10000,core,NTD,91.24199999999973
1.2333468483701397,3,100,2500,5,10000,A1,Ours,1.9279999999998836
0.00477095680399296,3,100,2500,5,10000,A2,Ours,1.9279999999998836
0.28629738547174594,3,100,2500,5,10000,A3,Ours,1.9279999999998836
8.721078181384366,3,100,2500,5,10000,core,Ours,1.9279999999998836
1.2333468483701397,3,100,2500,5,10000,A1,HOSVD,0.9159999999997126
0.00477095680399296,3,100,2500,5,10000,A2,HOSVD,0.9159999999997126
0.2864099577368577,3,100,2500,5,10000,A3,HOSVD,0.9159999999997126
8.72000946975415,3,100,2500,5,10000,core,HOSVD,0.9159999999997126
1.2357405327507487,3,100,2500,5,10000,A1,HOOI,2.8840000000000146
0.005871504207053551,3,100,2500,5,10000,A2,HOOI,2.8840000000000146
0.2926546338975713,3,100,2500,5,10000,A3,HOOI,2.8840000000000146
8.717718244399396,3,100,2500,5,10000,core,HOOI,2.8840000000000146
1.4515036448172471,3,100,2500,5,10000,A1,Olga,1.1619999999998072
0.012830435147541175,3,100,2500,5,10000,A2,Olga,1.1619999999998072
1.4464402637659877,3,100,2500,5,10000,A3,Tracy,1.1619999999998072
13.824528643322026,3,100,2500,5,10000,core,Tracy_Olga,1.1619999999998072
2.9304748899586417,3,100,4996,5,10000,A1,NTD,176.1279999999997
0.5803612957296693,3,100,4996,5,10000,A2,NTD,176.1279999999997
4993.029588338512,3,100,4996,5,10000,A3,NTD,176.1279999999997
13.21000397493378,3,100,4996,5,10000,core,NTD,176.1279999999997
1.2621528227511256,3,100,4996,5,10000,A1,Ours,5.593000000000302
0.008173254856617643,3,100,4996,5,10000,A2,Ours,5.593000000000302
2.492012831872423,3,100,4996,5,10000,A3,Ours,5.593000000000302
14.190341281439153,3,100,4996,5,10000,core,Ours,5.593000000000302
1.2621528227511256,3,100,4996,5,10000,A1,HOSVD,1.930000000000291
0.008173254856617643,3,100,4996,5,10000,A2,HOSVD,1.930000000000291
2.491206403733908,3,100,4996,5,10000,A3,HOSVD,1.930000000000291
14.188595603182405,3,100,4996,5,10000,core,HOSVD,1.930000000000291
1.173367504084376,3,100,4996,5,10000,A1,HOOI,4.569000000000415
0.00807907970254969,3,100,4996,5,10000,A2,HOOI,4.569000000000415
2.4897950029140032,3,100,4996,5,10000,A3,HOOI,4.569000000000415
14.320464920920214,3,100,4996,5,10000,core,HOOI,4.569000000000415
1.2147241324947766,3,100,4996,5,10000,A1,Olga,2.588000000000193
0.019456632573308024,3,100,4996,5,10000,A2,Olga,2.588000000000193
2.921119030569481,3,100,4996,5,10000,A3,Tracy,2.588000000000193
14.321613475305153,3,100,4996,5,10000,core,Tracy_Olga,2.588000000000193
2.7798967474973586,3,100,5995,5,10000,A1,NTD,204.13700000000017
3.209933288271091,3,100,5995,5,10000,A2,NTD,204.13700000000017
5992.032740050788,3,100,5995,5,10000,A3,NTD,204.13700000000017
12.616109150237614,3,100,5995,5,10000,core,NTD,204.13700000000017
1.2140353777298674,3,100,5995,5,10000,A1,Ours,6.6820000000006985
0.014260484377519532,3,100,5995,5,10000,A2,Ours,6.6820000000006985
2.4935337740078958,3,100,5995,5,10000,A3,Ours,6.6820000000006985
10.504085428322151,3,100,5995,5,10000,core,Ours,6.6820000000006985
1.2140353777298674,3,100,5995,5,10000,A1,HOSVD,2.4650000000001455
0.014260484377519532,3,100,5995,5,10000,A2,HOSVD,2.4650000000001455
2.490449284738365,3,100,5995,5,10000,A3,HOSVD,2.4650000000001455
10.506016648366625,3,100,5995,5,10000,core,HOSVD,2.4650000000001455
1.2142320319521134,3,100,5995,5,10000,A1,HOOI,5.667000000000371
0.014876664003058596,3,100,5995,5,10000,A2,HOOI,5.667000000000371
2.4907455037914588,3,100,5995,5,10000,A3,HOOI,5.667000000000371
10.498196362897735,3,100,5995,5,10000,core,HOOI,5.667000000000371
1.8048327467378102,3,100,5995,5,10000,A1,Olga,3.8659999999999854
0.033298349875250655,3,100,5995,5,10000,A2,Olga,3.8659999999999854
2.8226408212262717,3,100,5995,5,10000,A3,Tracy,3.8659999999999854
14.24904001304194,3,100,5995,5,10000,core,Tracy_Olga,3.8659999999999854
3.541439623693075,3,100,6996,5,10000,A1,NTD,227.22100000000046
0.16131996531146975,3,100,6996,5,10000,A2,NTD,227.22100000000046
6993.035132031076,3,100,6996,5,10000,A3,NTD,227.22100000000046
10.760307581404485,3,100,6996,5,10000,core,NTD,227.22100000000046
1.1374541480453841,3,100,6996,5,10000,A1,Ours,8.668000000000575
0.006087002203073661,3,100,6996,5,10000,A2,Ours,8.668000000000575
2.476301813098445,3,100,6996,5,10000,A3,Ours,8.668000000000575
10.899845309902775,3,100,6996,5,10000,core,Ours,8.668000000000575
1.1374541480453841,3,100,6996,5,10000,A1,HOSVD,2.584000000000742
0.006087002203073661,3,100,6996,5,10000,A2,HOSVD,2.584000000000742
2.471495573028886,3,100,6996,5,10000,A3,HOSVD,2.584000000000742
10.901103759751448,3,100,6996,5,10000,core,HOSVD,2.584000000000742
1.1361968688153843,3,100,6996,5,10000,A1,HOOI,6.6030000000000655
0.003934330545782525,3,100,6996,5,10000,A2,HOOI,6.6030000000000655
2.470762774010877,3,100,6996,5,10000,A3,HOOI,6.6030000000000655
10.919796462362516,3,100,6996,5,10000,core,HOOI,6.6030000000000655
1.5043909336625239,3,100,6996,5,10000,A1,Olga,4.058999999999287
0.014902349939687901,3,100,6996,5,10000,A2,Olga,4.058999999999287
2.861018310956006,3,100,6996,5,10000,A3,Tracy,4.058999999999287
14.841795938892249,3,100,6996,5,10000,core,Tracy_Olga,4.058999999999287
3.44752666092878,3,100,7990,5,10000,A1,NTD,259.0029999999997
3.508550033285171,3,100,7990,5,10000,A2,NTD,259.0029999999997
7987.030254418423,3,100,7990,5,10000,A3,NTD,259.0029999999997
8.649163878331137,3,100,7990,5,10000,core,NTD,259.0029999999997
1.3486360906759707,3,100,7990,5,10000,A1,Ours,10.561000000000604
0.009460102787871837,3,100,7990,5,10000,A2,Ours,10.561000000000604
2.5064587419330144,3,100,7990,5,10000,A3,Ours,10.561000000000604
9.36390547459868,3,100,7990,5,10000,core,Ours,10.561000000000604
1.3486360906759707,3,100,7990,5,10000,A1,HOSVD,3.1270000000004075
0.009460102787871837,3,100,7990,5,10000,A2,HOSVD,3.1270000000004075
2.5011782263095887,3,100,7990,5,10000,A3,HOSVD,3.1270000000004075
9.364547883517305,3,100,7990,5,10000,core,HOSVD,3.1270000000004075
1.2784614565600243,3,100,7990,5,10000,A1,HOOI,8.528000000000247
0.010028024715322032,3,100,7990,5,10000,A2,HOOI,8.528000000000247
2.5015747127089782,3,100,7990,5,10000,A3,HOOI,8.528000000000247
9.360171313854321,3,100,7990,5,10000,core,HOOI,8.528000000000247
1.4137508747984833,3,100,7990,5,10000,A1,Olga,4.778000000000247
0.02468525383007686,3,100,7990,5,10000,A2,Olga,4.778000000000247
2.875944295478666,3,100,7990,5,10000,A3,Tracy,4.778000000000247
13.851045397220899,3,100,7990,5,10000,core,Tracy_Olga,4.778000000000247
2.6626161258548904,3,100,8985,5,10000,A1,NTD,283.85099999999966
2.109044696517325,3,100,8985,5,10000,A2,NTD,283.85099999999966
8982.036183499153,3,100,8985,5,10000,A3,NTD,283.85099999999966
13.512010232860886,3,100,8985,5,10000,core,NTD,283.85099999999966
1.637873302268501,3,100,8985,5,10000,A1,Ours,12.595000000000255
0.018378839880966415,3,100,8985,5,10000,A2,Ours,12.595000000000255
2.4885547421189447,3,100,8985,5,10000,A3,Ours,12.595000000000255
13.509435066272044,3,100,8985,5,10000,core,Ours,12.595000000000255
1.637873302268501,3,100,8985,5,10000,A1,HOSVD,3.231999999999971
0.018378839880966415,3,100,8985,5,10000,A2,HOSVD,3.231999999999971
2.4811797728619096,3,100,8985,5,10000,A3,HOSVD,3.231999999999971
9.135266029479752,3,100,8985,5,10000,core,HOSVD,3.231999999999971
1.6379461749826327,3,100,8985,5,10000,A1,HOOI,9.83599999999933
0.016953819376065,3,100,8985,5,10000,A2,HOOI,9.83599999999933
2.480205254140419,3,100,8985,5,10000,A3,HOOI,9.83599999999933
13.482196815800645,3,100,8985,5,10000,core,HOOI,9.83599999999933
1.1016250187982253,3,100,8985,5,10000,A1,Olga,6.5919999999996435
0.061878285938079085,3,100,8985,5,10000,A2,Olga,6.5919999999996435
2.8530045784975457,3,100,8985,5,10000,A3,Tracy,6.5919999999996435
14.651743931239011,3,100,8985,5,10000,core,Tracy_Olga,6.5919999999996435
13.817744772754416,3,100,9980,5,10000,A1,NTD,314.83700000000044
2.4946392517328286,3,100,9980,5,10000,A2,NTD,314.83700000000044
9977.036504907479,3,100,9980,5,10000,A3,NTD,314.83700000000044
12.897737310729546,3,100,9980,5,10000,core,NTD,314.83700000000044
1.2390391961309923,3,100,9980,5,10000,A1,Ours,13.53400000000056
0.01495306547654611,3,100,9980,5,10000,A2,Ours,13.53400000000056
2.5150021351153393,3,100,9980,5,10000,A3,Ours,13.53400000000056
10.850051886332539,3,100,9980,5,10000,core,Ours,13.53400000000056
1.2390391961309923,3,100,9980,5,10000,A1,HOSVD,3.61200000000008
0.01495306547654611,3,100,9980,5,10000,A2,HOSVD,3.61200000000008
2.506401370024569,3,100,9980,5,10000,A3,HOSVD,3.61200000000008
10.852460347620239,3,100,9980,5,10000,core,HOSVD,3.61200000000008
1.2402267398158764,3,100,9980,5,10000,A1,HOOI,10.041000000000167
0.015875563027717584,3,100,9980,5,10000,A2,HOOI,10.041000000000167
2.5071673314336818,3,100,9980,5,10000,A3,HOOI,10.041000000000167
10.861583043321534,3,100,9980,5,10000,core,HOOI,10.041000000000167
1.6104393657732547,3,100,9980,5,10000,A1,Olga,6.208999999999833
0.019002893735966107,3,100,9980,5,10000,A2,Olga,6.208999999999833
2.8463751056849,3,100,9980,5,10000,A3,Tracy,6.208999999999833
14.774561334517825,3,100,9980,5,10000,core,Tracy_Olga,6.208999999999833
