error,K,Q1,R,Q2,M,mode,method,time
5.819194906781021,3,100,100,5,100,A1,NTD,4.188000000000001
3.950057644515681,3,100,100,5,100,A2,NTD,4.188000000000001
97.00848285885942,3,100,100,5,100,A3,NTD,4.188000000000001
13.229273764116474,3,100,100,5,100,core,NTD,4.188000000000001
18.543315652350632,3,100,100,5,100,A1,Ours,2.437999999999999
0.15931473885305505,3,100,100,5,100,A2,Ours,2.437999999999999
0.23256563647901737,3,100,100,5,100,A3,Ours,2.437999999999999
12.1167850224019,3,100,100,5,100,core,Ours,2.437999999999999
18.543315652350632,3,100,100,5,100,A1,HOSVD,2.468
0.15931473885305505,3,100,100,5,100,A2,HOSVD,2.468
0.23611415098000046,3,100,100,5,100,A3,HOSVD,2.468
12.121107288715452,3,100,100,5,100,core,HOSVD,2.468
17.93806210446671,3,100,100,5,100,A1,HOOI,1.945999999999998
0.06409839947594659,3,100,100,5,100,A2,HOOI,1.945999999999998
0.24608533430900498,3,100,100,5,100,A3,HOOI,1.945999999999998
12.093146893324414,3,100,100,5,100,core,HOOI,1.945999999999998
16.179708713355165,3,100,100,5,100,A1,Olga,1.902000000000001
0.12031218048650796,3,100,100,5,100,A2,Olga,1.902000000000001
1.1669976670705686,3,100,100,5,100,A3,Tracy,1.902000000000001
12.19940760802675,3,100,100,5,100,core,Tracy_Olga,1.902000000000001
6.207607821434207,3,100,494,5,100,A1,NTD,21.514
3.367590124445998,3,100,494,5,100,A2,NTD,21.514
491.2751664979581,3,100,494,5,100,A3,NTD,21.514
11.970238318325778,3,100,494,5,100,core,NTD,21.514
14.355724523089384,3,100,494,5,100,A1,Ours,3.583999999999996
0.17214022056088968,3,100,494,5,100,A2,Ours,3.583999999999996
3.0537760846790936,3,100,494,5,100,A3,Ours,3.583999999999996
11.361860112531392,3,100,494,5,100,core,Ours,3.583999999999996
14.355724523089384,3,100,494,5,100,A1,HOSVD,3.2879999999999967
0.17214022056088968,3,100,494,5,100,A2,HOSVD,3.2879999999999967
2.524634331035089,3,100,494,5,100,A3,HOSVD,3.2879999999999967
12.792421864787366,3,100,494,5,100,core,HOSVD,3.2879999999999967
11.50723391632249,3,100,494,5,100,A1,HOOI,4.618000000000002
0.10625480889471715,3,100,494,5,100,A2,HOOI,4.618000000000002
2.5311604121725324,3,100,494,5,100,A3,HOOI,4.618000000000002
12.599440297706805,3,100,494,5,100,core,HOOI,4.618000000000002
18.310792871370207,3,100,494,5,100,A1,Olga,2.469000000000001
0.5102126343392789,3,100,494,5,100,A2,Olga,2.469000000000001
2.8785517882947915,3,100,494,5,100,A3,Tracy,2.469000000000001
12.907017834479063,3,100,494,5,100,core,Tracy_Olga,2.469000000000001
9.83585697926941,3,100,978,5,100,A1,NTD,37.663999999999994
4.790051507003947,3,100,978,5,100,A2,NTD,37.663999999999994
975.3356358480967,3,100,978,5,100,A3,NTD,37.663999999999994
11.98399982524062,3,100,978,5,100,core,NTD,37.663999999999994
16.563335882721567,3,100,978,5,100,A1,Ours,8.254999999999995
0.045255968971763046,3,100,978,5,100,A2,Ours,8.254999999999995
2.903683976652366,3,100,978,5,100,A3,Ours,8.254999999999995
10.508567357373007,3,100,978,5,100,core,Ours,8.254999999999995
16.563335882721567,3,100,978,5,100,A1,HOSVD,14.668000000000006
0.045255968971763046,3,100,978,5,100,A2,HOSVD,14.668000000000006
2.521108510765686,3,100,978,5,100,A3,HOSVD,14.668000000000006
12.611247982547082,3,100,978,5,100,core,HOSVD,14.668000000000006
16.204895624066154,3,100,978,5,100,A1,HOOI,10.168000000000006
0.025808460405472466,3,100,978,5,100,A2,HOOI,10.168000000000006
2.572846683622013,3,100,978,5,100,A3,HOOI,10.168000000000006
12.545622670265086,3,100,978,5,100,core,HOOI,10.168000000000006
18.397723235615693,3,100,978,5,100,A1,Olga,9.012
2.005967487906702,3,100,978,5,100,A2,Olga,9.012
2.8562980494824535,3,100,978,5,100,A3,Tracy,9.012
8.988195943257365,3,100,978,5,100,core,Tracy_Olga,9.012
86.48923112602064,3,100,2382,5,100,A1,NTD,87.542
4.790131670466228,3,100,2382,5,100,A2,NTD,87.542
2379.8282169402455,3,100,2382,5,100,A3,NTD,87.542
11.699425187667028,3,100,2382,5,100,core,NTD,87.542
22.18288396075728,3,100,2382,5,100,A1,Ours,5.978999999999985
0.06054815643413638,3,100,2382,5,100,A2,Ours,5.978999999999985
4.951351820309432,3,100,2382,5,100,A3,Ours,5.978999999999985
13.976677206144636,3,100,2382,5,100,core,Ours,5.978999999999985
22.18288396075728,3,100,2382,5,100,A1,HOSVD,5.499000000000024
0.06054815643413638,3,100,2382,5,100,A2,HOSVD,5.499000000000024
2.630100909320029,3,100,2382,5,100,A3,HOSVD,5.499000000000024
12.668799082421847,3,100,2382,5,100,core,HOSVD,5.499000000000024
21.606865763877966,3,100,2382,5,100,A1,HOOI,5.240000000000009
0.08646438711219778,3,100,2382,5,100,A2,HOOI,5.240000000000009
2.67657057826587,3,100,2382,5,100,A3,HOOI,5.240000000000009
13.022278997749055,3,100,2382,5,100,core,HOOI,5.240000000000009
31.718474386519325,3,100,2382,5,100,A1,Olga,4.286999999999978
2.325852340795556,3,100,2382,5,100,A2,Olga,4.286999999999978
2.985305589992178,3,100,2382,5,100,A3,Tracy,4.286999999999978
11.046307316608255,3,100,2382,5,100,core,Tracy_Olga,4.286999999999978
112.41124748224642,3,100,4507,5,100,A1,NTD,164.987
4.790119809811812,3,100,4507,5,100,A2,NTD,164.987
4504.424686977543,3,100,4507,5,100,A3,NTD,164.987
11.299681898487279,3,100,4507,5,100,core,NTD,164.987
21.675671173684375,3,100,4507,5,100,A1,Ours,14.427999999999997
0.0953351056885287,3,100,4507,5,100,A2,Ours,14.427999999999997
5.382040849413825,3,100,4507,5,100,A3,Ours,14.427999999999997
13.984080384396156,3,100,4507,5,100,core,Ours,14.427999999999997
21.675671173684375,3,100,4507,5,100,A1,HOSVD,13.540999999999997
0.0953351056885287,3,100,4507,5,100,A2,HOSVD,13.540999999999997
2.7159246187310826,3,100,4507,5,100,A3,HOSVD,13.540999999999997
12.988154189671292,3,100,4507,5,100,core,HOSVD,13.540999999999997
21.13692442882799,3,100,4507,5,100,A1,HOOI,19.98399999999998
0.04770087304115752,3,100,4507,5,100,A2,HOOI,19.98399999999998
3.9524342837960353,3,100,4507,5,100,A3,HOOI,19.98399999999998
9.089774261655066,3,100,4507,5,100,core,HOOI,19.98399999999998
36.42161561531775,3,100,4507,5,100,A1,Olga,13.710000000000036
3.2522858523541203,3,100,4507,5,100,A2,Olga,13.710000000000036
3.091256166688533,3,100,4507,5,100,A3,Tracy,13.710000000000036
7.743250710203029,3,100,4507,5,100,core,Tracy_Olga,13.710000000000036
125.54720094571923,3,100,5257,5,100,A1,NTD,189.836
4.032609165845435,3,100,5257,5,100,A2,NTD,189.836
5254.527287401056,3,100,5257,5,100,A3,NTD,189.836
11.537125507188959,3,100,5257,5,100,core,NTD,189.836
15.27424881381617,3,100,5257,5,100,A1,Ours,11.706000000000017
0.08068894425444731,3,100,5257,5,100,A2,Ours,11.706000000000017
5.307032290022642,3,100,5257,5,100,A3,Ours,11.706000000000017
12.023152616725191,3,100,5257,5,100,core,Ours,11.706000000000017
15.27424881381617,3,100,5257,5,100,A1,HOSVD,10.065999999999917
0.08068894425444731,3,100,5257,5,100,A2,HOSVD,10.065999999999917
4.414448517364318,3,100,5257,5,100,A3,HOSVD,10.065999999999917
11.95768358753988,3,100,5257,5,100,core,HOSVD,10.065999999999917
12.675792536769473,3,100,5257,5,100,A1,HOOI,13.105999999999995
0.016970335818936623,3,100,5257,5,100,A2,HOOI,13.105999999999995
4.84555330268054,3,100,5257,5,100,A3,HOOI,13.105999999999995
9.04021515971011,3,100,5257,5,100,core,HOOI,13.105999999999995
44.24855195905401,3,100,5257,5,100,A1,Olga,13.047000000000025
2.355806281234002,3,100,5257,5,100,A2,Olga,13.047000000000025
4.42381414837501,3,100,5257,5,100,A3,Tracy,13.047000000000025
11.934667736966375,3,100,5257,5,100,core,Tracy_Olga,13.047000000000025
123.5724885011177,3,100,6000,5,100,A1,NTD,206.70799999999997
2.7901118391283237,3,100,6000,5,100,A2,NTD,206.70799999999997
5998.015328128803,3,100,6000,5,100,A3,NTD,206.70799999999997
11.446519038075552,3,100,6000,5,100,core,NTD,206.70799999999997
18.61278089506866,3,100,6000,5,100,A1,Ours,6.380999999999972
0.12995102781709142,3,100,6000,5,100,A2,Ours,6.380999999999972
5.215541284739851,3,100,6000,5,100,A3,Ours,6.380999999999972
13.976683861817857,3,100,6000,5,100,core,Ours,6.380999999999972
18.61278089506866,3,100,6000,5,100,A1,HOSVD,2.590000000000032
0.12995102781709142,3,100,6000,5,100,A2,HOSVD,2.590000000000032
2.8448618368938035,3,100,6000,5,100,A3,HOSVD,2.590000000000032
12.667263675676676,3,100,6000,5,100,core,HOSVD,2.590000000000032
18.31278225528932,3,100,6000,5,100,A1,HOOI,7.349000000000046
0.17609951492382148,3,100,6000,5,100,A2,HOOI,7.349000000000046
2.929705412135961,3,100,6000,5,100,A3,HOOI,7.349000000000046
12.694178041375645,3,100,6000,5,100,core,HOOI,7.349000000000046
55.173218289804986,3,100,6000,5,100,A1,Olga,3.673999999999978
2.6453877289508627,3,100,6000,5,100,A2,Olga,3.673999999999978
4.391621866143467,3,100,6000,5,100,A3,Tracy,3.673999999999978
11.038329566470901,3,100,6000,5,100,core,Tracy_Olga,3.673999999999978
117.32288601662376,3,100,6756,5,100,A1,NTD,208.721
4.790105042527935,3,100,6756,5,100,A2,NTD,208.721
6753.609033428516,3,100,6756,5,100,A3,NTD,208.721
11.041202509387407,3,100,6756,5,100,core,NTD,208.721
16.735097952960597,3,100,6756,5,100,A1,Ours,14.879999999999882
0.09203863275414945,3,100,6756,5,100,A2,Ours,14.879999999999882
5.317724673529546,3,100,6756,5,100,A3,Ours,14.879999999999882
11.993731523917004,3,100,6756,5,100,core,Ours,14.879999999999882
16.735097952960597,3,100,6756,5,100,A1,HOSVD,6.480000000000018
0.09203863275414945,3,100,6756,5,100,A2,HOSVD,6.480000000000018
3.6062132863287135,3,100,6756,5,100,A3,HOSVD,6.480000000000018
8.365414913315163,3,100,6756,5,100,core,HOSVD,6.480000000000018
15.451714453506941,3,100,6756,5,100,A1,HOOI,13.85200000000009
0.0643637664214436,3,100,6756,5,100,A2,HOOI,13.85200000000009
3.6015396928980463,3,100,6756,5,100,A3,HOOI,13.85200000000009
8.563513869829942,3,100,6756,5,100,core,HOOI,13.85200000000009
48.14041548933225,3,100,6756,5,100,A1,Olga,4.992999999999938
2.359834168981516,3,100,6756,5,100,A2,Olga,4.992999999999938
4.462241144445383,3,100,6756,5,100,A3,Tracy,4.992999999999938
11.07955051252708,3,100,6756,5,100,core,Tracy_Olga,4.992999999999938
118.34730559235904,3,100,7444,5,100,A1,NTD,232.67200000000003
4.790103107572343,3,100,7444,5,100,A2,NTD,232.67200000000003
7441.598875904247,3,100,7444,5,100,A3,NTD,232.67200000000003
11.67645936592415,3,100,7444,5,100,core,NTD,232.67200000000003
23.181188143244928,3,100,7444,5,100,A1,Ours,8.781999999999925
0.02080888501462692,3,100,7444,5,100,A2,Ours,8.781999999999925
5.34085441815411,3,100,7444,5,100,A3,Ours,8.781999999999925
9.39711842833642,3,100,7444,5,100,core,Ours,8.781999999999925
23.181188143244928,3,100,7444,5,100,A1,HOSVD,2.752999999999929
0.02080888501462692,3,100,7444,5,100,A2,HOSVD,2.752999999999929
3.9641162262838487,3,100,7444,5,100,A3,HOSVD,2.752999999999929
8.99940489817381,3,100,7444,5,100,core,HOSVD,2.752999999999929
22.407057601409115,3,100,7444,5,100,A1,HOOI,10.43600000000015
0.034436430981875515,3,100,7444,5,100,A2,HOOI,10.43600000000015
4.020381218537213,3,100,7444,5,100,A3,HOOI,10.43600000000015
8.583832992662773,3,100,7444,5,100,core,HOOI,10.43600000000015
89.33256229843688,3,100,7444,5,100,A1,Olga,6.091000000000122
3.0261314560815853,3,100,7444,5,100,A2,Olga,6.091000000000122
4.499380784885115,3,100,7444,5,100,A3,Tracy,6.091000000000122
11.976466374005053,3,100,7444,5,100,core,Tracy_Olga,6.091000000000122
122.2689097571834,3,100,8119,5,100,A1,NTD,248.43000000000006
1.209941051002368,3,100,8119,5,100,A2,NTD,248.43000000000006
8116.948516505627,3,100,8119,5,100,A3,NTD,248.43000000000006
11.15127505840297,3,100,8119,5,100,core,NTD,248.43000000000006
18.816988274766356,3,100,8119,5,100,A1,Ours,19.942000000000007
0.08712461350564688,3,100,8119,5,100,A2,Ours,19.942000000000007
5.440145980366581,3,100,8119,5,100,A3,Ours,19.942000000000007
9.995933896108797,3,100,8119,5,100,core,Ours,19.942000000000007
16.39184138052516,3,100,8119,5,100,A1,HOOI,25.912000000000035
0.06300753918984811,3,100,8119,5,100,A2,HOOI,25.912000000000035
3.8845483080478602,3,100,8119,5,100,A3,HOOI,25.912000000000035
12.034069437028151,3,100,8119,5,100,core,HOOI,25.912000000000035
103.1619251937896,3,100,8119,5,100,A1,Olga,18.680000000000064
3.339238989698347,3,100,8119,5,100,A2,Olga,18.680000000000064
4.2258941672955075,3,100,8119,5,100,A3,Tracy,18.680000000000064
11.617004633183852,3,100,8119,5,100,core,Tracy_Olga,18.680000000000064
2.6115101706658614,3,100,100,5,3000,A1,NTD,3.3889999999998963
0.2231039096232899,3,100,100,5,3000,A2,NTD,3.3889999999998963
97.00008825765033,3,100,100,5,3000,A3,NTD,3.3889999999998963
11.00320057839381,3,100,100,5,3000,core,NTD,3.3889999999998963
3.1866610541450746,3,100,100,5,3000,A1,Ours,9.991000000000213
0.008125390954838349,3,100,100,5,3000,A2,Ours,9.991000000000213
0.043824328944715496,3,100,100,5,3000,A3,Ours,9.991000000000213
12.942553841839702,3,100,100,5,3000,core,Ours,9.991000000000213
3.1866610541450746,3,100,100,5,3000,A1,HOSVD,5.475999999999885
0.008125390954838349,3,100,100,5,3000,A2,HOSVD,5.475999999999885
0.04383095435603898,3,100,100,5,3000,A3,HOSVD,5.475999999999885
12.942561849931229,3,100,100,5,3000,core,HOSVD,5.475999999999885
3.1996390317163104,3,100,100,5,3000,A1,HOOI,6.357999999999947
0.0077035329351545275,3,100,100,5,3000,A2,HOOI,6.357999999999947
0.04304638650798881,3,100,100,5,3000,A3,HOOI,6.357999999999947
12.94233960770836,3,100,100,5,3000,core,HOOI,6.357999999999947
2.8751851227478387,3,100,100,5,3000,A1,Olga,4.203999999999951
0.005238648046730034,3,100,100,5,3000,A2,Olga,4.203999999999951
1.123471923765914,3,100,100,5,3000,A3,Tracy,4.203999999999951
12.939925325782195,3,100,100,5,3000,core,Tracy_Olga,4.203999999999951
2.1966491298606012,3,100,500,5,3000,A1,NTD,13.44600000000014
0.44581398398713035,3,100,500,5,3000,A2,NTD,13.44600000000014
497.4307981083061,3,100,500,5,3000,A3,NTD,13.44600000000014
12.967367218177232,3,100,500,5,3000,core,NTD,13.44600000000014
4.147374733354777,3,100,500,5,3000,A1,Ours,6.701999999999998
0.012596940923993615,3,100,500,5,3000,A2,Ours,6.701999999999998
0.16350012101627842,3,100,500,5,3000,A3,Ours,6.701999999999998
12.86699726556157,3,100,500,5,3000,core,Ours,6.701999999999998
4.147374733354777,3,100,500,5,3000,A1,HOSVD,5.15099999999984
0.012596940923993615,3,100,500,5,3000,A2,HOSVD,5.15099999999984
0.16337091284762006,3,100,500,5,3000,A3,HOSVD,5.15099999999984
12.866784300915223,3,100,500,5,3000,core,HOSVD,5.15099999999984
4.099902866862492,3,100,500,5,3000,A1,HOOI,5.307999999999993
0.010919772159054947,3,100,500,5,3000,A2,HOOI,5.307999999999993
0.1668683191949469,3,100,500,5,3000,A3,HOOI,5.307999999999993
12.866377222944834,3,100,500,5,3000,core,HOOI,5.307999999999993
3.0226693398307543,3,100,500,5,3000,A1,Olga,4.057999999999993
0.019116777063054993,3,100,500,5,3000,A2,Olga,4.057999999999993
1.3021960335119689,3,100,500,5,3000,A3,Tracy,4.057999999999993
12.88863232879265,3,100,500,5,3000,core,Tracy_Olga,4.057999999999993
2.4419272485839483,3,100,1000,5,3000,A1,NTD,34.646000000000186
0.6446127891005777,3,100,1000,5,3000,A2,NTD,34.646000000000186
997.0004367430545,3,100,1000,5,3000,A3,NTD,34.646000000000186
12.871946534444564,3,100,1000,5,3000,core,NTD,34.646000000000186
3.889555231867327,3,100,1000,5,3000,A1,Ours,0.6559999999999491
0.03399019770653034,3,100,1000,5,3000,A2,Ours,0.6559999999999491
0.7571214293547643,3,100,1000,5,3000,A3,Ours,0.6559999999999491
11.728175602332483,3,100,1000,5,3000,core,Ours,0.6559999999999491
3.889555231867327,3,100,1000,5,3000,A1,HOSVD,0.8830000000000382
0.03399019770653034,3,100,1000,5,3000,A2,HOSVD,0.8830000000000382
0.7566141319110583,3,100,1000,5,3000,A3,HOSVD,0.8830000000000382
11.727187100101228,3,100,1000,5,3000,core,HOSVD,0.8830000000000382
3.884845148486136,3,100,1000,5,3000,A1,HOOI,0.9149999999999636
0.033120549396507014,3,100,1000,5,3000,A2,HOOI,0.9149999999999636
0.757513550619441,3,100,1000,5,3000,A3,HOOI,0.9149999999999636
11.731838340863158,3,100,1000,5,3000,core,HOOI,0.9149999999999636
2.3246957729793656,3,100,1000,5,3000,A1,Olga,0.5829999999998563
0.047122900776311434,3,100,1000,5,3000,A2,Olga,0.5829999999998563
1.3488734957445359,3,100,1000,5,3000,A3,Tracy,0.5829999999998563
12.951585439166568,3,100,1000,5,3000,core,Tracy_Olga,0.5829999999998563
2.4438875077902593,3,100,2498,5,3000,A1,NTD,89.81399999999985
0.7601611882404892,3,100,2498,5,3000,A2,NTD,89.81399999999985
2495.0623757880753,3,100,2498,5,3000,A3,NTD,89.81399999999985
11.983570527020852,3,100,2498,5,3000,core,NTD,89.81399999999985
3.197900546086328,3,100,2498,5,3000,A1,Ours,2.6319999999998345
0.020230015198984076,3,100,2498,5,3000,A2,Ours,2.6319999999998345
2.460214749668415,3,100,2498,5,3000,A3,Ours,2.6319999999998345
12.91479199824866,3,100,2498,5,3000,core,Ours,2.6319999999998345
3.197900546086328,3,100,2498,5,3000,A1,HOSVD,1.33199999999988
0.020230015198984076,3,100,2498,5,3000,A2,HOSVD,1.33199999999988
2.454182893349298,3,100,2498,5,3000,A3,HOSVD,1.33199999999988
12.911600807748103,3,100,2498,5,3000,core,HOSVD,1.33199999999988
3.1928337668012836,3,100,2498,5,3000,A1,HOOI,2.451999999999998
0.019967705675728368,3,100,2498,5,3000,A2,HOOI,2.451999999999998
2.4535086149453385,3,100,2498,5,3000,A3,HOOI,2.451999999999998
12.911801604143642,3,100,2498,5,3000,core,HOOI,2.451999999999998
3.178976287856239,3,100,2498,5,3000,A1,Olga,2.5160000000000764
0.08679992682500304,3,100,2498,5,3000,A2,Olga,2.5160000000000764
2.9005610238398245,3,100,2498,5,3000,A3,Tracy,2.5160000000000764
11.616838030978645,3,100,2498,5,3000,core,Tracy_Olga,2.5160000000000764
2.0306793547671416,3,100,4986,5,3000,A1,NTD,180.34500000000025
0.18002998631570571,3,100,4986,5,3000,A2,NTD,180.34500000000025
4983.053388302902,3,100,4986,5,3000,A3,NTD,180.34500000000025
8.954194571588411,3,100,4986,5,3000,core,NTD,180.34500000000025
5.322606426156864,3,100,4986,5,3000,A1,Ours,6.013999999999669
0.011734029115920409,3,100,4986,5,3000,A2,Ours,6.013999999999669
2.5058864680651167,3,100,4986,5,3000,A3,Ours,6.013999999999669
12.940545632228657,3,100,4986,5,3000,core,Ours,6.013999999999669
5.322606426156864,3,100,4986,5,3000,A1,HOSVD,2.2109999999997854
0.011734029115920409,3,100,4986,5,3000,A2,HOSVD,2.2109999999997854
2.485415410449467,3,100,4986,5,3000,A3,HOSVD,2.2109999999997854
12.940545632228657,3,100,4986,5,3000,core,HOSVD,2.2109999999997854
5.337938657412855,3,100,4986,5,3000,A1,HOOI,5.9520000000002256
0.0113658109959409,3,100,4986,5,3000,A2,HOOI,5.9520000000002256
2.4956824801409523,3,100,4986,5,3000,A3,HOOI,5.9520000000002256
12.940545632228657,3,100,4986,5,3000,core,HOOI,5.9520000000002256
3.568287284541151,3,100,4986,5,3000,A1,Olga,5.480000000000018
0.21560188358410554,3,100,4986,5,3000,A2,Olga,5.480000000000018
2.865201772063516,3,100,4986,5,3000,A3,Tracy,5.480000000000018
11.5292937254644,3,100,4986,5,3000,core,Tracy_Olga,5.480000000000018
2.0244533767900923,3,100,5972,5,3000,A1,NTD,196.7829999999999
1.9601984446134662,3,100,5972,5,3000,A2,NTD,196.7829999999999
5969.159042526096,3,100,5972,5,3000,A3,NTD,196.7829999999999
12.209732558067975,3,100,5972,5,3000,core,NTD,196.7829999999999
4.878740708744035,3,100,5972,5,3000,A1,Ours,8.268000000000029
0.00889295104938394,3,100,5972,5,3000,A2,Ours,8.268000000000029
2.548401921554217,3,100,5972,5,3000,A3,Ours,8.268000000000029
12.940545632228657,3,100,5972,5,3000,core,Ours,8.268000000000029
4.878740708744035,3,100,5972,5,3000,A1,HOSVD,4.057999999999993
0.00889295104938394,3,100,5972,5,3000,A2,HOSVD,4.057999999999993
2.5183369371068,3,100,5972,5,3000,A3,HOSVD,4.057999999999993
12.940545632228657,3,100,5972,5,3000,core,HOSVD,4.057999999999993
4.90571432881987,3,100,5972,5,3000,A1,HOOI,5.961999999999989
0.011134556377139846,3,100,5972,5,3000,A2,HOOI,5.961999999999989
2.51851072454176,3,100,5972,5,3000,A3,HOOI,5.961999999999989
12.940545632228657,3,100,5972,5,3000,core,HOOI,5.961999999999989
2.8568710708816667,3,100,5972,5,3000,A1,Olga,5.045000000000073
0.2076645321886796,3,100,5972,5,3000,A2,Olga,5.045000000000073
2.882937657152249,3,100,5972,5,3000,A3,Tracy,5.045000000000073
11.60918994139327,3,100,5972,5,3000,core,Tracy_Olga,5.045000000000073
2.1403786793376636,3,100,6955,5,3000,A1,NTD,222.79400000000032
1.2099259288089497,3,100,6955,5,3000,A2,NTD,222.79400000000032
6952.100533458827,3,100,6955,5,3000,A3,NTD,222.79400000000032
8.566330827470852,3,100,6955,5,3000,core,NTD,222.79400000000032
3.431417437840875,3,100,6955,5,3000,A1,Ours,8.402000000000044
0.02438490336455344,3,100,6955,5,3000,A2,Ours,8.402000000000044
2.553506163187878,3,100,6955,5,3000,A3,Ours,8.402000000000044
12.784586058260745,3,100,6955,5,3000,core,Ours,8.402000000000044
3.431417437840875,3,100,6955,5,3000,A1,HOSVD,2.95699999999988
0.02438490336455344,3,100,6955,5,3000,A2,HOSVD,2.95699999999988
2.5110639957111687,3,100,6955,5,3000,A3,HOSVD,2.95699999999988
12.736563173992762,3,100,6955,5,3000,core,HOSVD,2.95699999999988
3.413150840402116,3,100,6955,5,3000,A1,HOOI,6.666999999999916
0.02310524494514489,3,100,6955,5,3000,A2,HOOI,6.666999999999916
2.5349446437045717,3,100,6955,5,3000,A3,HOOI,6.666999999999916
11.850876769641214,3,100,6955,5,3000,core,HOOI,6.666999999999916
2.8993334953233396,3,100,6955,5,3000,A1,Olga,4.4340000000001965
0.24343426443899827,3,100,6955,5,3000,A2,Olga,4.4340000000001965
2.9010345443607526,3,100,6955,5,3000,A3,Tracy,4.4340000000001965
11.632869655267218,3,100,6955,5,3000,core,Tracy_Olga,4.4340000000001965
2.2672848571994844,3,100,7948,5,3000,A1,NTD,241.23700000000008
3.209939962691345,3,100,7948,5,3000,A2,NTD,241.23700000000008
7945.155606851816,3,100,7948,5,3000,A3,NTD,241.23700000000008
12.822060104021864,3,100,7948,5,3000,core,NTD,241.23700000000008
4.050106967184404,3,100,7948,5,3000,A1,Ours,12.846000000000004
0.016098970053855678,3,100,7948,5,3000,A2,Ours,12.846000000000004
2.574139946382071,3,100,7948,5,3000,A3,Ours,12.846000000000004
12.940545632228655,3,100,7948,5,3000,core,Ours,12.846000000000004
4.050106967184404,3,100,7948,5,3000,A1,HOSVD,6.5470000000000255
0.016098970053855678,3,100,7948,5,3000,A2,HOSVD,6.5470000000000255
2.521179784385846,3,100,7948,5,3000,A3,HOSVD,6.5470000000000255
12.940545632228657,3,100,7948,5,3000,core,HOSVD,6.5470000000000255
4.057048467164917,3,100,7948,5,3000,A1,HOOI,10.717000000000098
0.016332757051463146,3,100,7948,5,3000,A2,HOOI,10.717000000000098
2.5269320200325494,3,100,7948,5,3000,A3,HOOI,10.717000000000098
12.940545632228657,3,100,7948,5,3000,core,HOOI,10.717000000000098
3.1967424237059303,3,100,7948,5,3000,A1,Olga,5.3659999999999854
0.2737086619057981,3,100,7948,5,3000,A2,Olga,5.3659999999999854
2.898260908221918,3,100,7948,5,3000,A3,Tracy,5.3659999999999854
11.551586508968782,3,100,7948,5,3000,core,Tracy_Olga,5.3659999999999854
2.251101966260938,3,100,8936,5,3000,A1,NTD,274.52300000000014
0.8559426602171816,3,100,8936,5,3000,A2,NTD,274.52300000000014
8933.0898264377,3,100,8936,5,3000,A3,NTD,274.52300000000014
15.457088996381557,3,100,8936,5,3000,core,NTD,274.52300000000014
3.689840781497731,3,100,8936,5,3000,A1,Ours,11.450000000000273
0.02433169093284035,3,100,8936,5,3000,A2,Ours,11.450000000000273
2.5863671669331962,3,100,8936,5,3000,A3,Ours,11.450000000000273
12.940545632228657,3,100,8936,5,3000,core,Ours,11.450000000000273
3.689840781497731,3,100,8936,5,3000,A1,HOSVD,3.0979999999999563
0.02433169093284035,3,100,8936,5,3000,A2,HOSVD,3.0979999999999563
2.518293120984471,3,100,8936,5,3000,A3,HOSVD,3.0979999999999563
12.940545632228657,3,100,8936,5,3000,core,HOSVD,3.0979999999999563
3.718079713361196,3,100,8936,5,3000,A1,HOOI,9.163000000000011
0.019419567871776264,3,100,8936,5,3000,A2,HOOI,9.163000000000011
3.879521361046892,3,100,8936,5,3000,A3,HOOI,9.163000000000011
11.958068682780633,3,100,8936,5,3000,core,HOOI,9.163000000000011
3.4237510321678384,3,100,8936,5,3000,A1,Olga,5.757999999999811
0.31465633898969414,3,100,8936,5,3000,A2,Olga,5.757999999999811
2.9015594244970724,3,100,8936,5,3000,A3,Tracy,5.757999999999811
11.58268797475913,3,100,8936,5,3000,core,Tracy_Olga,5.757999999999811
2.2499667011286375,3,100,9933,5,3000,A1,NTD,312.49800000000005
2.3169016713757777,3,100,9933,5,3000,A2,NTD,312.49800000000005
9930.115637916566,3,100,9933,5,3000,A3,NTD,312.49800000000005
9.619304169840893,3,100,9933,5,3000,core,NTD,312.49800000000005
4.2393972164351945,3,100,9933,5,3000,A1,Ours,21.519000000000233
0.014857119579829624,3,100,9933,5,3000,A2,Ours,21.519000000000233
3.4031221446415,3,100,9933,5,3000,A3,Ours,21.519000000000233
9.261939375061836,3,100,9933,5,3000,core,Ours,21.519000000000233
4.2393972164351945,3,100,9933,5,3000,A1,HOSVD,25.070999999999913
0.014857119579829624,3,100,9933,5,3000,A2,HOSVD,25.070999999999913
2.5242458618741557,3,100,9933,5,3000,A3,HOSVD,25.070999999999913
12.940545632228657,3,100,9933,5,3000,core,HOSVD,25.070999999999913
4.238095668199629,3,100,9933,5,3000,A1,HOOI,30.71900000000005
0.013517309206063323,3,100,9933,5,3000,A2,HOOI,30.71900000000005
2.5321752287450536,3,100,9933,5,3000,A3,HOOI,30.71900000000005
12.940545632228657,3,100,9933,5,3000,core,HOOI,30.71900000000005
3.7305487097694945,3,100,9933,5,3000,A1,Olga,23.708999999999833
0.3355699862114806,3,100,9933,5,3000,A2,Olga,23.708999999999833
2.892561654982507,3,100,9933,5,3000,A3,Tracy,23.708999999999833
11.608090476297198,3,100,9933,5,3000,core,Tracy_Olga,23.708999999999833
2.9468253942647498,3,100,100,5,10000,A1,NTD,3.2890000000002146
0.32493840954289693,3,100,100,5,10000,A2,NTD,3.2890000000002146
97,3,100,100,5,10000,A3,NTD,3.2890000000002146
13.798626292660314,3,100,100,5,10000,core,NTD,3.2890000000002146
1.9585764276629558,3,100,100,5,10000,A1,Ours,5.0359999999996035
0.00488379930345089,3,100,100,5,10000,A2,Ours,5.0359999999996035
0.02272506611293299,3,100,100,5,10000,A3,Ours,5.0359999999996035
12.940435384069751,3,100,100,5,10000,core,Ours,5.0359999999996035
1.9585764276629558,3,100,100,5,10000,A1,HOSVD,4.367999999999938
0.00488379930345089,3,100,100,5,10000,A2,HOSVD,4.367999999999938
0.02272534852481526,3,100,100,5,10000,A3,HOSVD,4.367999999999938
12.94043565522031,3,100,100,5,10000,core,HOSVD,4.367999999999938
1.9642777887603122,3,100,100,5,10000,A1,HOOI,5.9529999999999745
0.004948018225367631,3,100,100,5,10000,A2,HOOI,5.9529999999999745
0.022725269821272952,3,100,100,5,10000,A3,HOOI,5.9529999999999745
12.940299836131752,3,100,100,5,10000,core,HOOI,5.9529999999999745
1.6530788286829092,3,100,100,5,10000,A1,Olga,5.5590000000001965
0.0032017691388646742,3,100,100,5,10000,A2,Olga,5.5590000000001965
1.1207731986371,3,100,100,5,10000,A3,Tracy,5.5590000000001965
12.942846465130607,3,100,100,5,10000,core,Tracy_Olga,5.5590000000001965
2.453088349066752,3,100,500,5,10000,A1,NTD,13.161000000000058
1.1683140480309178,3,100,500,5,10000,A2,NTD,13.161000000000058
497.0000604280258,3,100,500,5,10000,A3,NTD,13.161000000000058
5.997268234267625,3,100,500,5,10000,core,NTD,13.161000000000058
2.054519200084098,3,100,500,5,10000,A1,Ours,6.986000000000331
0.005406604690461735,3,100,500,5,10000,A2,Ours,6.986000000000331
0.060092955649528136,3,100,500,5,10000,A3,Ours,6.986000000000331
12.940244755423068,3,100,500,5,10000,core,Ours,6.986000000000331
2.054519200084098,3,100,500,5,10000,A1,HOSVD,5.056999999999789
0.005406604690461735,3,100,500,5,10000,A2,HOSVD,5.056999999999789
0.06007963772018104,3,100,500,5,10000,A3,HOSVD,5.056999999999789
12.940248887034036,3,100,500,5,10000,core,HOSVD,5.056999999999789
2.0424708910463365,3,100,500,5,10000,A1,HOOI,4.833999999999833
0.004980292289870368,3,100,500,5,10000,A2,HOOI,4.833999999999833
0.05965395132656986,3,100,500,5,10000,A3,HOOI,4.833999999999833
12.940059595364367,3,100,500,5,10000,core,HOOI,4.833999999999833
1.6492489523502853,3,100,500,5,10000,A1,Olga,4.153000000000247
0.011436088830883945,3,100,500,5,10000,A2,Olga,4.153000000000247
1.280361624837944,3,100,500,5,10000,A3,Tracy,4.153000000000247
12.941402055918676,3,100,500,5,10000,core,Tracy_Olga,4.153000000000247
2.4059771788026034,3,100,1000,5,10000,A1,NTD,30.25
0.26801606983667486,3,100,1000,5,10000,A2,NTD,30.25
997.0001005394914,3,100,1000,5,10000,A3,NTD,30.25
11.980220455042287,3,100,1000,5,10000,core,NTD,30.25
1.5894826830988846,3,100,1000,5,10000,A1,Ours,3.8570000000004256
0.00577216428146653,3,100,1000,5,10000,A2,Ours,3.8570000000004256
0.10738352370277224,3,100,1000,5,10000,A3,Ours,3.8570000000004256
12.938943484037978,3,100,1000,5,10000,core,Ours,3.8570000000004256
1.5894826830988846,3,100,1000,5,10000,A1,HOSVD,3.925999999999931
0.00577216428146653,3,100,1000,5,10000,A2,HOSVD,3.925999999999931
0.10738159648231725,3,100,1000,5,10000,A3,HOSVD,3.925999999999931
12.938941473216182,3,100,1000,5,10000,core,HOSVD,3.925999999999931
1.5900073045647334,3,100,1000,5,10000,A1,HOOI,3.9400000000000546
0.005162181829380473,3,100,1000,5,10000,A2,HOOI,3.9400000000000546
0.10624313840139775,3,100,1000,5,10000,A3,HOOI,3.9400000000000546
12.938503312377232,3,100,1000,5,10000,core,HOOI,3.9400000000000546
1.5230336396164579,3,100,1000,5,10000,A1,Olga,1.5279999999997926
0.012103796445751722,3,100,1000,5,10000,A2,Olga,1.5279999999997926
1.347502650599978,3,100,1000,5,10000,A3,Tracy,1.5279999999997926
12.940170867987941,3,100,1000,5,10000,core,Tracy_Olga,1.5279999999997926
2.383732966976744,3,100,2500,5,10000,A1,NTD,88.6289999999999
0.2850239835678576,3,100,2500,5,10000,A2,NTD,88.6289999999999
2497.0002103214706,3,100,2500,5,10000,A3,NTD,88.6289999999999
8.99554689467958,3,100,2500,5,10000,core,NTD,88.6289999999999
1.5416239233479834,3,100,2500,5,10000,A1,Ours,2.036999999999807
0.0022402195896567014,3,100,2500,5,10000,A2,Ours,2.036999999999807
1.017001114738994,3,100,2500,5,10000,A3,Ours,2.036999999999807
10.394280878862219,3,100,2500,5,10000,core,Ours,2.036999999999807
1.5416239233479834,3,100,2500,5,10000,A1,HOSVD,1.16800000000012
0.0022402195896567014,3,100,2500,5,10000,A2,HOSVD,1.16800000000012
1.0168153090137209,3,100,2500,5,10000,A3,HOSVD,1.16800000000012
10.394319537382039,3,100,2500,5,10000,core,HOSVD,1.16800000000012
1.5365988440222689,3,100,2500,5,10000,A1,HOOI,2.5520000000001346
0.0015113067498672664,3,100,2500,5,10000,A2,HOOI,2.5520000000001346
1.0113998460297173,3,100,2500,5,10000,A3,HOOI,2.5520000000001346
10.38631619881064,3,100,2500,5,10000,core,HOOI,2.5520000000001346
1.3969091690666984,3,100,2500,5,10000,A1,Olga,1.3730000000000473
0.032356123202966,3,100,2500,5,10000,A2,Olga,1.3730000000000473
1.5052692565357197,3,100,2500,5,10000,A3,Tracy,1.3730000000000473
12.940545632228657,3,100,2500,5,10000,core,Tracy_Olga,1.3730000000000473
2.2150461946837763,3,100,4999,5,10000,A1,NTD,181.67300000000023
0.2524769473020559,3,100,4999,5,10000,A2,NTD,181.67300000000023
4996.023671753471,3,100,4999,5,10000,A3,NTD,181.67300000000023
12.914146732814313,3,100,4999,5,10000,core,NTD,181.67300000000023
2.7421484343683336,3,100,4999,5,10000,A1,Ours,5.846000000000004
0.0049685491559569505,3,100,4999,5,10000,A2,Ours,5.846000000000004
2.5675007119426136,3,100,4999,5,10000,A3,Ours,5.846000000000004
11.672446531715305,3,100,4999,5,10000,core,Ours,5.846000000000004
2.7421484343683336,3,100,4999,5,10000,A1,HOSVD,2.7269999999998618
0.0049685491559569505,3,100,4999,5,10000,A2,HOSVD,2.7269999999998618
2.5664609521929433,3,100,4999,5,10000,A3,HOSVD,2.7269999999998618
11.671192401432592,3,100,4999,5,10000,core,HOSVD,2.7269999999998618
2.7467426173234077,3,100,4999,5,10000,A1,HOOI,5.447000000000116
0.004985461349125373,3,100,4999,5,10000,A2,HOOI,5.447000000000116
2.567061899267425,3,100,4999,5,10000,A3,HOOI,5.447000000000116
11.69616344019805,3,100,4999,5,10000,core,HOOI,5.447000000000116
1.5562963196328303,3,100,4999,5,10000,A1,Olga,2.955000000000382
0.06534179899735576,3,100,4999,5,10000,A2,Olga,2.955000000000382
3.020229760083769,3,100,4999,5,10000,A3,Tracy,2.955000000000382
11.85866437293901,3,100,4999,5,10000,core,Tracy_Olga,2.955000000000382
2.31375215777904,3,100,5995,5,10000,A1,NTD,192.5659999999998
0.10282606184330029,3,100,5995,5,10000,A2,NTD,192.5659999999998
5992.469048117403,3,100,5995,5,10000,A3,NTD,192.5659999999998
9.024426721207321,3,100,5995,5,10000,core,NTD,192.5659999999998
1.7868036922836037,3,100,5995,5,10000,A1,Ours,6.467999999999847
0.014209930747306275,3,100,5995,5,10000,A2,Ours,6.467999999999847
2.5200949121306047,3,100,5995,5,10000,A3,Ours,6.467999999999847
12.080887964923697,3,100,5995,5,10000,core,Ours,6.467999999999847
1.7868036922836037,3,100,5995,5,10000,A1,HOSVD,2.548000000000684
0.014209930747306275,3,100,5995,5,10000,A2,HOSVD,2.548000000000684
2.5171263324392994,3,100,5995,5,10000,A3,HOSVD,2.548000000000684
12.07870407094972,3,100,5995,5,10000,core,HOSVD,2.548000000000684
1.7886941415593873,3,100,5995,5,10000,A1,HOOI,5.756000000000313
0.013870249126032498,3,100,5995,5,10000,A2,HOOI,5.756000000000313
2.516049699236475,3,100,5995,5,10000,A3,HOOI,5.756000000000313
12.132073614785458,3,100,5995,5,10000,core,HOOI,5.756000000000313
2.0777604333518767,3,100,5995,5,10000,A1,Olga,3.2049999999999272
0.07525502033402183,3,100,5995,5,10000,A2,Olga,3.2049999999999272
2.996124024881493,3,100,5995,5,10000,A3,Tracy,3.2049999999999272
12.124320764184812,3,100,5995,5,10000,core,Tracy_Olga,3.2049999999999272
2.233364558886523,3,100,6992,5,10000,A1,NTD,210.96900000000005
0.32061208553027476,3,100,6992,5,10000,A2,NTD,210.96900000000005
6989.040551194973,3,100,6992,5,10000,A3,NTD,210.96900000000005
11.999591609732928,3,100,6992,5,10000,core,NTD,210.96900000000005
2.00082503324186,3,100,6992,5,10000,A1,Ours,7.777000000000044
0.006573263271306334,3,100,6992,5,10000,A2,Ours,7.777000000000044
2.513792034515879,3,100,6992,5,10000,A3,Ours,7.777000000000044
12.940545632228657,3,100,6992,5,10000,core,Ours,7.777000000000044
2.00082503324186,3,100,6992,5,10000,A1,HOSVD,2.617000000000189
0.006573263271306334,3,100,6992,5,10000,A2,HOSVD,2.617000000000189
2.5101496225040196,3,100,6992,5,10000,A3,HOSVD,2.617000000000189
12.940545632228657,3,100,6992,5,10000,core,HOSVD,2.617000000000189
1.9991288066884636,3,100,6992,5,10000,A1,HOOI,6.5700000000006185
0.006539618017682433,3,100,6992,5,10000,A2,HOOI,6.5700000000006185
2.507844825999095,3,100,6992,5,10000,A3,HOOI,6.5700000000006185
12.940545632228657,3,100,6992,5,10000,core,HOOI,6.5700000000006185
1.6915057804665683,3,100,6992,5,10000,A1,Olga,4.10399999999936
0.08335891308118255,3,100,6992,5,10000,A2,Olga,4.10399999999936
2.882479331758829,3,100,6992,5,10000,A3,Tracy,4.10399999999936
11.548771700219648,3,100,6992,5,10000,core,Tracy_Olga,4.10399999999936
2.1961941666359293,3,100,7988,5,10000,A1,NTD,239.30000000000018
0.377981487159485,3,100,7988,5,10000,A2,NTD,239.30000000000018
7985.036803672592,3,100,7988,5,10000,A3,NTD,239.30000000000018
15.839357202722086,3,100,7988,5,10000,core,NTD,239.30000000000018
2.5564414055785174,3,100,7988,5,10000,A1,Ours,8.878999999999905
0.005277869190262758,3,100,7988,5,10000,A2,Ours,8.878999999999905
2.502526143787804,3,100,7988,5,10000,A3,Ours,8.878999999999905
12.940545632228657,3,100,7988,5,10000,core,Ours,8.878999999999905
2.5564414055785174,3,100,7988,5,10000,A1,HOSVD,3.411000000000058
0.005277869190262758,3,100,7988,5,10000,A2,HOSVD,3.411000000000058
2.497742887900215,3,100,7988,5,10000,A3,HOSVD,3.411000000000058
12.940545632228657,3,100,7988,5,10000,core,HOSVD,3.411000000000058
2.5551865743036006,3,100,7988,5,10000,A1,HOOI,7.364999999999782
0.005331234186873915,3,100,7988,5,10000,A2,HOOI,7.364999999999782
2.5001852596588447,3,100,7988,5,10000,A3,HOOI,7.364999999999782
12.940545632228657,3,100,7988,5,10000,core,HOOI,7.364999999999782
1.9896222847885856,3,100,7988,5,10000,A1,Olga,4.798999999999978
0.08877859885996965,3,100,7988,5,10000,A2,Olga,4.798999999999978
2.8834475856548054,3,100,7988,5,10000,A3,Tracy,4.798999999999978
11.561073133429598,3,100,7988,5,10000,core,Tracy_Olga,4.798999999999978
2.342270007437396,3,100,8984,5,10000,A1,NTD,269.0169999999998
2.0053838321392274,3,100,8984,5,10000,A2,NTD,269.0169999999998
8981.039123017612,3,100,8984,5,10000,A3,NTD,269.0169999999998
9.504376170875046,3,100,8984,5,10000,core,NTD,269.0169999999998
2.0602253695697397,3,100,8984,5,10000,A1,Ours,10.818000000000211
0.0050514891300470635,3,100,8984,5,10000,A2,Ours,10.818000000000211
2.5028137187131283,3,100,8984,5,10000,A3,Ours,10.818000000000211
12.940545632228657,3,100,8984,5,10000,core,Ours,10.818000000000211
2.0602253695697397,3,100,8984,5,10000,A1,HOSVD,3.2479999999995925
0.0050514891300470635,3,100,8984,5,10000,A2,HOSVD,3.2479999999995925
2.496774950190325,3,100,8984,5,10000,A3,HOSVD,3.2479999999995925
12.940545632228657,3,100,8984,5,10000,core,HOSVD,3.2479999999995925
2.052987447557462,3,100,8984,5,10000,A1,HOOI,8.280000000000655
0.005007522952705203,3,100,8984,5,10000,A2,HOOI,8.280000000000655
4.806776644464412,3,100,8984,5,10000,A3,HOOI,8.280000000000655
10.998071970855527,3,100,8984,5,10000,core,HOOI,8.280000000000655
1.5699691852993878,3,100,8984,5,10000,A1,Olga,5.7390000000004875
0.10844460842488927,3,100,8984,5,10000,A2,Olga,5.7390000000004875
2.8824394871987615,3,100,8984,5,10000,A3,Tracy,5.7390000000004875
11.573278415031346,3,100,8984,5,10000,core,Tracy_Olga,5.7390000000004875
2.239341762587234,3,100,9982,5,10000,A1,NTD,309.65300000000025
2.4766803928359264,3,100,9982,5,10000,A2,NTD,309.65300000000025
9979.118941596316,3,100,9982,5,10000,A3,NTD,309.65300000000025
9.329889580923378,3,100,9982,5,10000,core,NTD,309.65300000000025
1.7850184775033342,3,100,9982,5,10000,A1,Ours,14.689000000000306
0.006035977766301866,3,100,9982,5,10000,A2,Ours,14.689000000000306
2.507618459889856,3,100,9982,5,10000,A3,Ours,14.689000000000306
12.940545632228655,3,100,9982,5,10000,core,Ours,14.689000000000306
1.7850184775033342,3,100,9982,5,10000,A1,HOSVD,3.5659999999998035
0.006035977766301866,3,100,9982,5,10000,A2,HOSVD,3.5659999999998035
2.4997904984992645,3,100,9982,5,10000,A3,HOSVD,3.5659999999998035
12.940545632228657,3,100,9982,5,10000,core,HOSVD,3.5659999999998035
1.7988842918365544,3,100,9982,5,10000,A1,HOOI,11.695999999999913
0.006075693157519342,3,100,9982,5,10000,A2,HOOI,11.695999999999913
2.5026693778295988,3,100,9982,5,10000,A3,HOOI,11.695999999999913
12.940545632228657,3,100,9982,5,10000,core,HOOI,11.695999999999913
1.5678283328567335,3,100,9982,5,10000,A1,Olga,6.5330000000003565
0.11342897733157951,3,100,9982,5,10000,A2,Olga,6.5330000000003565
2.897364479215347,3,100,9982,5,10000,A3,Tracy,6.5330000000003565
11.578317707489383,3,100,9982,5,10000,core,Tracy_Olga,6.5330000000003565
