error,K,Q1,R,Q2,M,mode,method,time
81.0630710945025,3,100,981,5,100,A1,NTD,37.044
2.0205667208116473,3,100,981,5,100,A2,NTD,37.044
978.6803109202751,3,100,981,5,100,A3,NTD,37.044
10.583142020064994,3,100,981,5,100,core,NTD,37.044
43.75462739136632,3,100,981,5,100,A1,Ours,3.701999999999998
0.3067749319956556,3,100,981,5,100,A2,Ours,3.701999999999998
2.999675629677347,3,100,981,5,100,A3,Ours,3.701999999999998
10.029118362719748,3,100,981,5,100,core,Ours,3.701999999999998
43.75462739136632,3,100,981,5,100,A1,HOSVD,6.753999999999998
0.3067749319956556,3,100,981,5,100,A2,HOSVD,6.753999999999998
3.9219978728096656,3,100,981,5,100,A3,HOSVD,6.753999999999998
12.524807679071268,3,100,981,5,100,core,HOSVD,6.753999999999998
40.10064994276091,3,100,981,5,100,A1,HOOI,6.950000000000003
0.30092021577876404,3,100,981,5,100,A2,HOOI,6.950000000000003
3.1433127990907512,3,100,981,5,100,A3,HOOI,6.950000000000003
11.868046402249888,3,100,981,5,100,core,HOOI,6.950000000000003
68.12827190229594,3,100,981,5,100,A1,Olga,5.7890000000000015
4.088669507560427,3,100,981,5,100,A2,Olga,5.7890000000000015
2.8562810215123022,3,100,981,5,100,A3,Tracy,5.7890000000000015
9.480794454422972,3,100,981,5,100,core,Tracy_Olga,5.7890000000000015
122.03145092312744,3,100,4434,5,100,A1,NTD,151.01800000000003
4.020270780722952,3,100,4434,5,100,A2,NTD,151.01800000000003
4431.483534535266,3,100,4434,5,100,A3,NTD,151.01800000000003
10.673892342989259,3,100,4434,5,100,core,NTD,151.01800000000003
41.03546268091847,3,100,4434,5,100,A1,Ours,4.371999999999986
0.587147166437581,3,100,4434,5,100,A2,Ours,4.371999999999986
5.080186066906851,3,100,4434,5,100,A3,Ours,4.371999999999986
8.805405029933006,3,100,4434,5,100,core,Ours,4.371999999999986
41.03546268091847,3,100,4434,5,100,A1,HOSVD,1.6710000000000207
0.587147166437581,3,100,4434,5,100,A2,HOSVD,1.6710000000000207
3.8735642658149856,3,100,4434,5,100,A3,HOSVD,1.6710000000000207
7.960594392679654,3,100,4434,5,100,core,HOSVD,1.6710000000000207
33.60851716949348,3,100,4434,5,100,A1,HOOI,15.27600000000001
0.14076853936277545,3,100,4434,5,100,A2,HOOI,15.27600000000001
2.912259534041338,3,100,4434,5,100,A3,HOOI,15.27600000000001
13.510724236979557,3,100,4434,5,100,core,HOOI,15.27600000000001
79.1622404917287,3,100,4434,5,100,A1,Olga,13.637
4.742485427604089,3,100,4434,5,100,A2,Olga,13.637
3.1263795600566855,3,100,4434,5,100,A3,Tracy,13.637
10.104847410982833,3,100,4434,5,100,core,Tracy_Olga,13.637
126.86655093939252,3,100,8016,5,100,A1,NTD,267.94699999999995
4.020551626752229,3,100,8016,5,100,A2,NTD,267.94699999999995
8013.658981890262,3,100,8016,5,100,A3,NTD,267.94699999999995
10.175560946570965,3,100,8016,5,100,core,NTD,267.94699999999995
42.100203898265775,3,100,8016,5,100,A1,Ours,10.120000000000005
0.3647723723746427,3,100,8016,5,100,A2,Ours,10.120000000000005
5.323861281450045,3,100,8016,5,100,A3,Ours,10.120000000000005
9.17845116663347,3,100,8016,5,100,core,Ours,10.120000000000005
42.100203898265775,3,100,8016,5,100,A1,HOSVD,2.8439999999999372
0.3647723723746427,3,100,8016,5,100,A2,HOSVD,2.8439999999999372
4.834813683930504,3,100,8016,5,100,A3,HOSVD,2.8439999999999372
11.000575847328713,3,100,8016,5,100,core,HOSVD,2.8439999999999372
41.239437786260815,3,100,8016,5,100,A1,HOOI,14.456999999999994
0.21171521337550195,3,100,8016,5,100,A2,HOOI,14.456999999999994
4.864238531961816,3,100,8016,5,100,A3,HOOI,14.456999999999994
11.70642252387394,3,100,8016,5,100,core,HOOI,14.456999999999994
81.88601526176348,3,100,8016,5,100,A1,Olga,5.058999999999969
6.135149235895754,3,100,8016,5,100,A2,Olga,5.058999999999969
4.971560954171944,3,100,8016,5,100,A3,Tracy,5.058999999999969
12.42901075759922,3,100,8016,5,100,core,Tracy_Olga,5.058999999999969
55.8555993928463,3,100,996,5,500,A1,NTD,27.743999999999915
1.1962556616339783,3,100,996,5,500,A2,NTD,27.743999999999915
993.034849467328,3,100,996,5,500,A3,NTD,27.743999999999915
9.457047749709792,3,100,996,5,500,core,NTD,27.743999999999915
23.05690660309205,3,100,996,5,500,A1,Ours,7.9249999999999545
0.27248948176849724,3,100,996,5,500,A2,Ours,7.9249999999999545
2.6557057710791083,3,100,996,5,500,A3,Ours,7.9249999999999545
13.510724332607385,3,100,996,5,500,core,Ours,7.9249999999999545
23.05690660309205,3,100,996,5,500,A1,HOSVD,8.129000000000019
0.27248948176849724,3,100,996,5,500,A2,HOSVD,8.129000000000019
2.623120658963521,3,100,996,5,500,A3,HOSVD,8.129000000000019
13.51072433260738,3,100,996,5,500,core,HOSVD,8.129000000000019
22.903579736780234,3,100,996,5,500,A1,HOOI,11.886000000000081
0.23731685918023707,3,100,996,5,500,A2,HOOI,11.886000000000081
2.6246379369732207,3,100,996,5,500,A3,HOOI,11.886000000000081
13.510724332607385,3,100,996,5,500,core,HOOI,11.886000000000081
23.720000703170353,3,100,996,5,500,A1,Olga,10.341999999999985
0.11980639229626464,3,100,996,5,500,A2,Olga,10.341999999999985
2.8489171467852814,3,100,996,5,500,A3,Tracy,10.341999999999985
10.060797616278592,3,100,996,5,500,core,Tracy_Olga,10.341999999999985
61.935959558590895,3,100,4885,5,500,A1,NTD,164.452
1.9998012597161272,3,100,4885,5,500,A2,NTD,164.452
4882.298071099001,3,100,4885,5,500,A3,NTD,164.452
10.85929079102831,3,100,4885,5,500,core,NTD,164.452
17.181562315675365,3,100,4885,5,500,A1,Ours,5.187000000000012
0.04299827992453648,3,100,4885,5,500,A2,Ours,5.187000000000012
5.127475131380638,3,100,4885,5,500,A3,Ours,5.187000000000012
13.021623379814168,3,100,4885,5,500,core,Ours,5.187000000000012
17.181562315675365,3,100,4885,5,500,A1,HOSVD,1.86200000000008
0.04299827992453648,3,100,4885,5,500,A2,HOSVD,1.86200000000008
3.260799714780641,3,100,4885,5,500,A3,HOSVD,1.86200000000008
10.921843352608686,3,100,4885,5,500,core,HOSVD,1.86200000000008
17.11417613379253,3,100,4885,5,500,A1,HOOI,5.105000000000018
0.04081663426469815,3,100,4885,5,500,A2,HOOI,5.105000000000018
2.689049401997454,3,100,4885,5,500,A3,HOOI,5.105000000000018
10.65035004307942,3,100,4885,5,500,core,HOOI,5.105000000000018
64.98867882014386,3,100,4885,5,500,A1,Olga,3.2030000000000882
4.154676073169353,3,100,4885,5,500,A2,Olga,3.2030000000000882
3.8644177595977034,3,100,4885,5,500,A3,Tracy,3.2030000000000882
10.222850346201225,3,100,4885,5,500,core,Tracy_Olga,3.2030000000000882
74.92570843368783,3,100,9566,5,500,A1,NTD,304.74700000000007
4.020293091144394,3,100,9566,5,500,A2,NTD,304.74700000000007
9563.531450843435,3,100,9566,5,500,A3,NTD,304.74700000000007
10.040356543851026,3,100,9566,5,500,core,NTD,304.74700000000007
30.92067437767207,3,100,9566,5,500,A1,Ours,12.491999999999962
0.14141454823283164,3,100,9566,5,500,A2,Ours,12.491999999999962
5.152756003353429,3,100,9566,5,500,A3,Ours,12.491999999999962
12,3,100,9566,5,500,core,Ours,12.491999999999962
30.92067437767207,3,100,9566,5,500,A1,HOSVD,3.2280000000000655
0.14141454823283164,3,100,9566,5,500,A2,HOSVD,3.2280000000000655
3.214874378545895,3,100,9566,5,500,A3,HOSVD,3.2280000000000655
11.781036878670161,3,100,9566,5,500,core,HOSVD,3.2280000000000655
29.918675487307876,3,100,9566,5,500,A1,HOOI,12.233000000000175
0.11888355739709194,3,100,9566,5,500,A2,HOOI,12.233000000000175
3.9714211444064187,3,100,9566,5,500,A3,HOOI,12.233000000000175
10.436333593193353,3,100,9566,5,500,core,HOOI,12.233000000000175
76.13080696151916,3,100,9566,5,500,A1,Olga,6.014000000000124
3.8612758056286416,3,100,9566,5,500,A2,Olga,6.014000000000124
2.9592383543296865,3,100,9566,5,500,A3,Tracy,6.014000000000124
10.012037388705409,3,100,9566,5,500,core,Tracy_Olga,6.014000000000124
63.692996556645205,3,100,1000,5,1000,A1,NTD,28.319999999999936
1.1280349587639333,3,100,1000,5,1000,A2,NTD,28.319999999999936
997.0043241927766,3,100,1000,5,1000,A3,NTD,28.319999999999936
11.269951646236885,3,100,1000,5,1000,core,NTD,28.319999999999936
16.900367511141432,3,100,1000,5,1000,A1,Ours,0.5249999999998636
0.08686113860629088,3,100,1000,5,1000,A2,Ours,0.5249999999998636
0.964181462317685,3,100,1000,5,1000,A3,Ours,0.5249999999998636
13.424234343567731,3,100,1000,5,1000,core,Ours,0.5249999999998636
16.900367511141432,3,100,1000,5,1000,A1,HOSVD,0.4979999999998199
0.08686113860629088,3,100,1000,5,1000,A2,HOSVD,0.4979999999998199
0.9531833937740724,3,100,1000,5,1000,A3,HOSVD,0.4979999999998199
13.413659318255137,3,100,1000,5,1000,core,HOSVD,0.4979999999998199
16.970621954139524,3,100,1000,5,1000,A1,HOOI,0.7690000000000055
0.08717818912782672,3,100,1000,5,1000,A2,HOOI,0.7690000000000055
0.9266357850043698,3,100,1000,5,1000,A3,HOOI,0.7690000000000055
13.403223514390564,3,100,1000,5,1000,core,HOOI,0.7690000000000055
11.690167351135674,3,100,1000,5,1000,A1,Olga,0.44299999999998363
0.1370415537592663,3,100,1000,5,1000,A2,Olga,0.44299999999998363
1.616730639354921,3,100,1000,5,1000,A3,Tracy,0.44299999999998363
9.680718646385612,3,100,1000,5,1000,core,Tracy_Olga,0.44299999999998363
51.86598384465516,3,100,4940,5,1000,A1,NTD,147.51099999999997
3.9992824306546537,3,100,4940,5,1000,A2,NTD,147.51099999999997
4937.08773834828,3,100,4940,5,1000,A3,NTD,147.51099999999997
11.706460916573333,3,100,4940,5,1000,core,NTD,147.51099999999997
15.361830926421582,3,100,4940,5,1000,A1,Ours,7.326000000000022
0.1080026485092798,3,100,4940,5,1000,A2,Ours,7.326000000000022
3.0251630760493815,3,100,4940,5,1000,A3,Ours,7.326000000000022
10.126445436034693,3,100,4940,5,1000,core,Ours,7.326000000000022
15.361830926421582,3,100,4940,5,1000,A1,HOSVD,6.933999999999969
0.1080026485092798,3,100,4940,5,1000,A2,HOSVD,6.933999999999969
2.646899933027601,3,100,4940,5,1000,A3,HOSVD,6.933999999999969
13.510713112753486,3,100,4940,5,1000,core,HOSVD,6.933999999999969
14.48407131079878,3,100,4940,5,1000,A1,HOOI,5.484000000000151
0.0911666387114481,3,100,4940,5,1000,A2,HOOI,5.484000000000151
2.6712877893294746,3,100,4940,5,1000,A3,HOOI,5.484000000000151
13.51071301712566,3,100,4940,5,1000,core,HOOI,5.484000000000151
80.02913343893621,3,100,4940,5,1000,A1,Olga,2.9489999999998417
4.051281357497353,3,100,4940,5,1000,A2,Olga,2.9489999999998417
2.8717268836255765,3,100,4940,5,1000,A3,Tracy,2.9489999999998417
9.990461112148777,3,100,4940,5,1000,core,Tracy_Olga,2.9489999999998417
63.98411775808044,3,100,9771,5,1000,A1,NTD,322.02700000000004
1.9801888348028343,3,100,9771,5,1000,A2,NTD,322.02700000000004
9768.655166650804,3,100,9771,5,1000,A3,NTD,322.02700000000004
11.786444931720348,3,100,9771,5,1000,core,NTD,322.02700000000004
13.781825428144883,3,100,9771,5,1000,A1,Ours,13.54099999999994
0.08264269893640765,3,100,9771,5,1000,A2,Ours,13.54099999999994
3.891762180220918,3,100,9771,5,1000,A3,Ours,13.54099999999994
10.631887669386316,3,100,9771,5,1000,core,Ours,13.54099999999994
13.781825428144883,3,100,9771,5,1000,A1,HOSVD,3.2749999999998636
0.08264269893640765,3,100,9771,5,1000,A2,HOSVD,3.2749999999998636
2.6499482521075994,3,100,9771,5,1000,A3,HOSVD,3.2749999999998636
13.510713112753486,3,100,9771,5,1000,core,HOSVD,3.2749999999998636
13.224304655587636,3,100,9771,5,1000,A1,HOOI,13.223999999999933
0.11004331231262318,3,100,9771,5,1000,A2,HOOI,13.223999999999933
2.664346339585751,3,100,9771,5,1000,A3,HOOI,13.223999999999933
11.741969687987924,3,100,9771,5,1000,core,HOOI,13.223999999999933
75.86968177782883,3,100,9771,5,1000,A1,Olga,6.235999999999876
4.00908868394479,3,100,9771,5,1000,A2,Olga,6.235999999999876
2.9129734392328315,3,100,9771,5,1000,A3,Tracy,6.235999999999876
9.802347203149543,3,100,9771,5,1000,core,Tracy_Olga,6.235999999999876
27.085907884333217,3,100,1000,5,2500,A1,NTD,28.158999999999878
1.9963940972315144,3,100,1000,5,2500,A2,NTD,28.158999999999878
997.0017458727834,3,100,1000,5,2500,A3,NTD,28.158999999999878
12.778829247259207,3,100,1000,5,2500,core,NTD,28.158999999999878
11.176272274765283,3,100,1000,5,2500,A1,Ours,0.7049999999999272
0.032845224277679226,3,100,1000,5,2500,A2,Ours,0.7049999999999272
0.7604050820103729,3,100,1000,5,2500,A3,Ours,0.7049999999999272
10.609895309777828,3,100,1000,5,2500,core,Ours,0.7049999999999272
11.176272274765283,3,100,1000,5,2500,A1,HOSVD,0.7089999999998327
0.032845224277679226,3,100,1000,5,2500,A2,HOSVD,0.7089999999998327
0.7594258723319571,3,100,1000,5,2500,A3,HOSVD,0.7089999999998327
10.605700765953467,3,100,1000,5,2500,core,HOSVD,0.7089999999998327
11.14361077228504,3,100,1000,5,2500,A1,HOOI,0.7180000000000746
0.0312738386941049,3,100,1000,5,2500,A2,HOOI,0.7180000000000746
0.7477598667347525,3,100,1000,5,2500,A3,HOOI,0.7180000000000746
10.673837584683941,3,100,1000,5,2500,core,HOOI,0.7180000000000746
7.8124454803474785,3,100,1000,5,2500,A1,Olga,0.45900000000006
0.02969738518847748,3,100,1000,5,2500,A2,Olga,0.45900000000006
1.4911410184513179,3,100,1000,5,2500,A3,Tracy,0.45900000000006
11.308657172076352,3,100,1000,5,2500,core,Tracy_Olga,0.45900000000006
38.32340336532107,3,100,4975,5,2500,A1,NTD,154.51300000000015
2.2158906558748055,3,100,4975,5,2500,A2,NTD,154.51300000000015
4972.202824504493,3,100,4975,5,2500,A3,NTD,154.51300000000015
11.630964541461799,3,100,4975,5,2500,core,NTD,154.51300000000015
12.4216757704827,3,100,4975,5,2500,A1,Ours,14.694999999999936
0.05418931569833517,3,100,4975,5,2500,A2,Ours,14.694999999999936
3.514732557279371,3,100,4975,5,2500,A3,Ours,14.694999999999936
13.089517295736725,3,100,4975,5,2500,core,Ours,14.694999999999936
12.4216757704827,3,100,4975,5,2500,A1,HOSVD,10.829999999999927
0.05418931569833517,3,100,4975,5,2500,A2,HOSVD,10.829999999999927
2.9390471777710214,3,100,4975,5,2500,A3,HOSVD,10.829999999999927
13.510724236979552,3,100,4975,5,2500,core,HOSVD,10.829999999999927
12.518327215504547,3,100,4975,5,2500,A1,HOOI,14.122000000000071
0.04479422047528209,3,100,4975,5,2500,A2,HOOI,14.122000000000071
2.641133523417017,3,100,4975,5,2500,A3,HOOI,14.122000000000071
13.510724236979552,3,100,4975,5,2500,core,HOOI,14.122000000000071
11.33415356798146,3,100,4975,5,2500,A1,Olga,16.72999999999979
0.1508232426107988,3,100,4975,5,2500,A2,Olga,16.72999999999979
2.8784791561271064,3,100,4975,5,2500,A3,Tracy,16.72999999999979
9.952531845165474,3,100,4975,5,2500,core,Tracy_Olga,16.72999999999979
73.70312716051731,3,100,9914,5,2500,A1,NTD,316.1569999999997
2.700930978117624,3,100,9914,5,2500,A2,NTD,316.1569999999997
9911.136199167886,3,100,9914,5,2500,A3,NTD,316.1569999999997
10.69616923756893,3,100,9914,5,2500,core,NTD,316.1569999999997
10.88470624564395,3,100,9914,5,2500,A1,Ours,13.418999999999869
0.030828364466415802,3,100,9914,5,2500,A2,Ours,13.418999999999869
2.948124169646782,3,100,9914,5,2500,A3,Ours,13.418999999999869
9.755520431359157,3,100,9914,5,2500,core,Ours,13.418999999999869
10.88470624564395,3,100,9914,5,2500,A1,HOSVD,3.3830000000002656
0.030828364466415802,3,100,9914,5,2500,A2,HOSVD,3.3830000000002656
2.6127173225184843,3,100,9914,5,2500,A3,HOSVD,3.3830000000002656
10.760014868315933,3,100,9914,5,2500,core,HOSVD,3.3830000000002656
10.83908049908562,3,100,9914,5,2500,A1,HOOI,13.407999999999902
0.030518227784426054,3,100,9914,5,2500,A2,HOOI,13.407999999999902
3.5242808058797586,3,100,9914,5,2500,A3,HOOI,13.407999999999902
10.74998513246402,3,100,9914,5,2500,core,HOOI,13.407999999999902
15.193663253161622,3,100,9914,5,2500,A1,Olga,6.208999999999833
3.934550862336437,3,100,9914,5,2500,A2,Olga,6.208999999999833
2.873808470298118,3,100,9914,5,2500,A3,Tracy,6.208999999999833
11.207859008633932,3,100,9914,5,2500,core,Tracy_Olga,6.208999999999833
23.385749826947393,3,100,1000,5,5000,A1,NTD,28.00099999999975
2.2024564246693474,3,100,1000,5,5000,A2,NTD,28.00099999999975
997.0000021232751,3,100,1000,5,5000,A3,NTD,28.00099999999975
10.886205985033937,3,100,1000,5,5000,core,NTD,28.00099999999975
6.089399277305319,3,100,1000,5,5000,A1,Ours,0.6020000000003165
0.08850288379375565,3,100,1000,5,5000,A2,Ours,0.6020000000003165
0.3170433718957215,3,100,1000,5,5000,A3,Ours,0.6020000000003165
10.929842699561592,3,100,1000,5,5000,core,Ours,0.6020000000003165
6.089399277305319,3,100,1000,5,5000,A1,HOSVD,1.030999999999949
0.08850288379375565,3,100,1000,5,5000,A2,HOSVD,1.030999999999949
0.31672619546693787,3,100,1000,5,5000,A3,HOSVD,1.030999999999949
10.928533795589736,3,100,1000,5,5000,core,HOSVD,1.030999999999949
6.1371751922615765,3,100,1000,5,5000,A1,HOOI,1.7340000000003783
0.08683165012029893,3,100,1000,5,5000,A2,HOOI,1.7340000000003783
0.30873286088020063,3,100,1000,5,5000,A3,HOOI,1.7340000000003783
10.919678565918847,3,100,1000,5,5000,core,HOOI,1.7340000000003783
4.842793087423115,3,100,1000,5,5000,A1,Olga,0.8969999999999345
0.075460058607948,3,100,1000,5,5000,A2,Olga,0.8969999999999345
1.4578176428077088,3,100,1000,5,5000,A3,Tracy,0.8969999999999345
9.675425911257783,3,100,1000,5,5000,core,Tracy_Olga,0.8969999999999345
76.41119425425303,3,100,4989,5,5000,A1,NTD,159.788
1.3934446812257089,3,100,4989,5,5000,A2,NTD,159.788
4986.042811291103,3,100,4989,5,5000,A3,NTD,159.788
11.348795289015516,3,100,4989,5,5000,core,NTD,159.788
9.2251430892921409,3,100,4989,5,5000,A1,Ours,5.394999999999982
0.0408728533667233,3,100,4989,5,5000,A2,Ours,5.394999999999982
2.646214157699559,3,100,4989,5,5000,A3,Ours,5.394999999999982
11.775997999519198,3,100,4989,5,5000,core,Ours,5.394999999999982
9.2251430892921409,3,100,4989,5,5000,A1,HOSVD,2.3910000000000764
0.0408728533667233,3,100,4989,5,5000,A2,HOSVD,2.3910000000000764
2.636654102012691,3,100,4989,5,5000,A3,HOSVD,2.3910000000000764
11.766385104726057,3,100,4989,5,5000,core,HOSVD,2.3910000000000764
9.242980973074989,3,100,4989,5,5000,A1,HOOI,7.494999999999891
0.046243015220795033,3,100,4989,5,5000,A2,HOOI,7.494999999999891
2.637653448877559,3,100,4989,5,5000,A3,HOOI,7.494999999999891
11.748268574894999,3,100,4989,5,5000,core,HOOI,7.494999999999891
5.23971138834085,3,100,4989,5,5000,A1,Olga,4.344000000000051
0.04399316437435985,3,100,4989,5,5000,A2,Olga,4.344000000000051
2.871451464393497,3,100,4989,5,5000,A3,Tracy,4.344000000000051
11.735991757402958,3,100,4989,5,5000,core,Tracy_Olga,4.344000000000051
38.27424841336136,3,100,9965,5,5000,A1,NTD,329.45799999999963
4.020813040898528,3,100,9965,5,5000,A2,NTD,329.45799999999963
9962.213274374471,3,100,9965,5,5000,A3,NTD,329.45799999999963
12.869816717122342,3,100,9965,5,5000,core,NTD,329.45799999999963
6.942574000690731,3,100,9965,5,5000,A1,Ours,14.33999999999969
0.05280303288280098,3,100,9965,5,5000,A2,Ours,14.33999999999969
3.50572282073521,3,100,9965,5,5000,A3,Ours,14.33999999999969
10.953195202221078,3,100,9965,5,5000,core,Ours,14.33999999999969
6.942574000690731,3,100,9965,5,5000,A1,HOSVD,3.492000000000189
0.05280303288280098,3,100,9965,5,5000,A2,HOSVD,3.492000000000189
2.6000163771996325,3,100,9965,5,5000,A3,HOSVD,3.492000000000189
11.756901841399968,3,100,9965,5,5000,core,HOSVD,3.492000000000189
6.987197623969362,3,100,9965,5,5000,A1,HOOI,10.884000000000015
0.052559342273012365,3,100,9965,5,5000,A2,HOOI,10.884000000000015
2.6047670350808216,3,100,9965,5,5000,A3,HOOI,10.884000000000015
11.770374556275982,3,100,9965,5,5000,core,HOOI,10.884000000000015
9.047638432062074,3,100,9965,5,5000,A1,Olga,6.468000000000302
0.1256762357908003,3,100,9965,5,5000,A2,Olga,6.468000000000302
2.8456254709281112,3,100,9965,5,5000,A3,Tracy,6.468000000000302
9.959645364618323,3,100,9965,5,5000,core,Tracy_Olga,6.468000000000302
26.89644688358925,3,100,1000,5,6000,A1,NTD,28.13700000000017
2.4766056523255244,3,100,1000,5,6000,A2,NTD,28.13700000000017
997.1236616396895,3,100,1000,5,6000,A3,NTD,28.13700000000017
13.764236635280541,3,100,1000,5,6000,core,NTD,28.13700000000017
9.295735500049037,3,100,1000,5,6000,A1,Ours,0.5570000000002437
0.03070926928247234,3,100,1000,5,6000,A2,Ours,0.5570000000002437
0.2101427055530432,3,100,1000,5,6000,A3,Ours,0.5570000000002437
10.836847457198962,3,100,1000,5,6000,core,Ours,0.5570000000002437
9.295735500049037,3,100,1000,5,6000,A1,HOSVD,0.4610000000002401
0.03070926928247234,3,100,1000,5,6000,A2,HOSVD,0.4610000000002401
0.20993438731407368,3,100,1000,5,6000,A3,HOSVD,0.4610000000002401
10.836244413238127,3,100,1000,5,6000,core,HOSVD,0.4610000000002401
9.367918774957023,3,100,1000,5,6000,A1,HOOI,0.8159999999998035
0.023690214785338715,3,100,1000,5,6000,A2,HOOI,0.8159999999998035
0.2103462092995884,3,100,1000,5,6000,A3,HOOI,0.8159999999998035
10.836951460325484,3,100,1000,5,6000,core,HOOI,0.8159999999998035
4.976362703235077,3,100,1000,5,6000,A1,Olga,0.5670000000000073
0.01829218050012986,3,100,1000,5,6000,A2,Olga,0.5670000000000073
1.4239359068284971,3,100,1000,5,6000,A3,Tracy,0.5670000000000073
9.673385047595385,3,100,1000,5,6000,core,Tracy_Olga,0.5670000000000073
29.329724799624692,3,100,4992,5,6000,A1,NTD,156.32900000000018
2.702011118498589,3,100,4992,5,6000,A2,NTD,156.32900000000018
4989.012959325922,3,100,4992,5,6000,A3,NTD,156.32900000000018
10.629979878413934,3,100,4992,5,6000,core,NTD,156.32900000000018
5.991820513663038,3,100,4992,5,6000,A1,Ours,5.994000000000142
0.043501017609762396,3,100,4992,5,6000,A2,Ours,5.994000000000142
2.5864924103784688,3,100,4992,5,6000,A3,Ours,5.994000000000142
11.70409994181772,3,100,4992,5,6000,core,Ours,5.994000000000142
5.991820513663038,3,100,4992,5,6000,A1,HOSVD,4.251000000000204
0.043501017609762396,3,100,4992,5,6000,A2,HOSVD,4.251000000000204
2.5768939837433087,3,100,4992,5,6000,A3,HOSVD,4.251000000000204
11.704515741793633,3,100,4992,5,6000,core,HOSVD,4.251000000000204
5.961187510344388,3,100,4992,5,6000,A1,HOOI,4.282999999999902
0.04481649720655546,3,100,4992,5,6000,A2,HOOI,4.282999999999902
2.5775940244500237,3,100,4992,5,6000,A3,HOOI,4.282999999999902
11.693699939501903,3,100,4992,5,6000,core,HOOI,4.282999999999902
5.719638824836638,3,100,4992,5,6000,A1,Olga,8.9659999999998945
0.03357273405531811,3,100,4992,5,6000,A2,Olga,8.9659999999998945
2.931966320912672,3,100,4992,5,6000,A3,Tracy,8.9659999999998945
11.6718431550567,3,100,4992,5,6000,core,Tracy_Olga,8.9659999999998945
58.569525305013066,3,100,9959,5,6000,A1,NTD,340.326
1.1930705484170583,3,100,9959,5,6000,A2,NTD,340.326
9956.015697077155,3,100,9959,5,6000,A3,NTD,340.326
11.334177875052012,3,100,9959,5,6000,core,NTD,340.326
8.949859316598841,3,100,9959,5,6000,A1,Ours,14.289999999999964
0.01597886901162389,3,100,9959,5,6000,A2,Ours,14.289999999999964
2.6353428066910327,3,100,9959,5,6000,A3,Ours,14.289999999999964
11.781547040676545,3,100,9959,5,6000,core,Ours,14.289999999999964
8.949859316598841,3,100,9959,5,6000,A1,HOSVD,3.576000000000022
0.01597886901162389,3,100,9959,5,6000,A2,HOSVD,3.576000000000022
2.608776570775248,3,100,9959,5,6000,A3,HOSVD,3.576000000000022
11.708951277919036,3,100,9959,5,6000,core,HOSVD,3.576000000000022
8.594058050490323,3,100,9959,5,6000,A1,HOOI,11.342000000000098
0.019245634235473513,3,100,9959,5,6000,A2,HOOI,11.342000000000098
2.613274445583486,3,100,9959,5,6000,A3,HOOI,11.342000000000098
11.740127845136412,3,100,9959,5,6000,core,HOOI,11.342000000000098
6.2101774426270415,3,100,9959,5,6000,A1,Olga,6.433999999999742
0.03624366497815714,3,100,9959,5,6000,A2,Olga,6.433999999999742
2.8663552086559623,3,100,9959,5,6000,A3,Tracy,6.433999999999742
10.029173838767157,3,100,9959,5,6000,core,Tracy_Olga,6.433999999999742
61.17409121632009,3,100,1000,5,7000,A1,NTD,28.41300000000001
2.1594823518366946,3,100,1000,5,7000,A2,NTD,28.41300000000001
997.0003269442892,3,100,1000,5,7000,A3,NTD,28.41300000000001
11.075381439326915,3,100,1000,5,7000,core,NTD,28.41300000000001
6.811990079141863,3,100,1000,5,7000,A1,Ours,0.5710000000003674
0.011319356271578328,3,100,1000,5,7000,A2,Ours,0.5710000000003674
0.16021755667228404,3,100,1000,5,7000,A3,Ours,0.5710000000003674
10.780425603466936,3,100,1000,5,7000,core,Ours,0.5710000000003674
6.811990079141863,3,100,1000,5,7000,A1,HOSVD,0.5950000000002547
0.011319356271578328,3,100,1000,5,7000,A2,HOSVD,0.5950000000002547
0.1600864671687245,3,100,1000,5,7000,A3,HOSVD,0.5950000000002547
10.779971939388945,3,100,1000,5,7000,core,HOSVD,0.5950000000002547
6.888584890277939,3,100,1000,5,7000,A1,HOOI,0.8510000000001128
0.010410343730812429,3,100,1000,5,7000,A2,HOOI,0.8510000000001128
0.16263887751926226,3,100,1000,5,7000,A3,HOOI,0.8510000000001128
10.78330397426234,3,100,1000,5,7000,core,HOOI,0.8510000000001128
4.393804981883974,3,100,1000,5,7000,A1,Olga,0.5370000000002619
0.012706115887028711,3,100,1000,5,7000,A2,Olga,0.5370000000002619
1.4078127461719594,3,100,1000,5,7000,A3,Tracy,0.5370000000002619
9.694032502027204,3,100,1000,5,7000,core,Tracy_Olga,0.5370000000002619
60.05671574374818,3,100,4993,5,7000,A1,NTD,158.4430000000002
0.019313378154063504,3,100,4993,5,7000,A2,NTD,158.4430000000002
4990.004717643277,3,100,4993,5,7000,A3,NTD,158.4430000000002
11.262197056504059,3,100,4993,5,7000,core,NTD,158.4430000000002
9.679574417085542,3,100,4993,5,7000,A1,Ours,4.981999999999971
0.032743877808876304,3,100,4993,5,7000,A2,Ours,4.981999999999971
2.7702914683641167,3,100,4993,5,7000,A3,Ours,4.981999999999971
11.662374506093009,3,100,4993,5,7000,core,Ours,4.981999999999971
9.679574417085542,3,100,4993,5,7000,A1,HOSVD,1.7139999999999418
0.032743877808876304,3,100,4993,5,7000,A2,HOSVD,1.7139999999999418
2.767131331283688,3,100,4993,5,7000,A3,HOSVD,1.7139999999999418
11.659427157822087,3,100,4993,5,7000,core,HOSVD,1.7139999999999418
9.750332123435946,3,100,4993,5,7000,A1,HOOI,4.55199999999968
0.030767926042937016,3,100,4993,5,7000,A2,HOOI,4.55199999999968
2.6014135411784136,3,100,4993,5,7000,A3,HOOI,4.55199999999968
11.694005070850565,3,100,4993,5,7000,core,HOOI,4.55199999999968
5.011321624846078,3,100,4993,5,7000,A1,Olga,2.6890000000003056
0.019712160191671838,3,100,4993,5,7000,A2,Olga,2.6890000000003056
2.8867231460322103,3,100,4993,5,7000,A3,Tracy,2.6890000000003056
11.386303121507474,3,100,4993,5,7000,core,Tracy_Olga,2.6890000000003056
26.856011606656157,3,100,9970,5,7000,A1,NTD,328.22000000000025
1.0986045730240053,3,100,9970,5,7000,A2,NTD,328.22000000000025
9967.048522307614,3,100,9970,5,7000,A3,NTD,328.22000000000025
12.617203073069948,3,100,9970,5,7000,core,NTD,328.22000000000025
7.47969512689827,3,100,9970,5,7000,A1,Ours,12.99200000000019
0.028306751114360734,3,100,9970,5,7000,A2,Ours,12.99200000000019
2.597463527584473,3,100,9970,5,7000,A3,Ours,12.99200000000019
11.780831726359487,3,100,9970,5,7000,core,Ours,12.99200000000019
7.47969512689827,3,100,9970,5,7000,A1,HOSVD,3.4960000000000946
0.028306751114360734,3,100,9970,5,7000,A2,HOSVD,3.4960000000000946
2.5759276972636513,3,100,9970,5,7000,A3,HOSVD,3.4960000000000946
11.726442593849331,3,100,9970,5,7000,core,HOSVD,3.4960000000000946
7.233445407539161,3,100,9970,5,7000,A1,HOOI,12.960000000000036
0.02813713755720859,3,100,9970,5,7000,A2,HOOI,12.960000000000036
2.5926914744520624,3,100,9970,5,7000,A3,HOOI,12.960000000000036
11.744556096010333,3,100,9970,5,7000,core,HOOI,12.960000000000036
5.999506804086026,3,100,9970,5,7000,A1,Olga,6.498999999999796
0.0614471623101391,3,100,9970,5,7000,A2,Olga,6.498999999999796
2.848539076516323,3,100,9970,5,7000,A3,Tracy,6.498999999999796
9.980050386575313,3,100,9970,5,7000,core,Tracy_Olga,6.498999999999796
58.97998352764088,3,100,1000,5,8000,A1,NTD,28.85199999999986
2.0676943759987725,3,100,1000,5,8000,A2,NTD,28.85199999999986
997.0000213969269,3,100,1000,5,8000,A3,NTD,28.85199999999986
9.813133674647458,3,100,1000,5,8000,core,NTD,28.85199999999986
6.8123455749888695,3,100,1000,5,8000,A1,Ours,0.5860000000002401
0.03060279831421373,3,100,1000,5,8000,A2,Ours,0.5860000000002401
0.5436657802292024,3,100,1000,5,8000,A3,Ours,0.5860000000002401
11.122020845076415,3,100,1000,5,8000,core,Ours,0.5860000000002401
6.8123455749888695,3,100,1000,5,8000,A1,HOSVD,0.4190000000003238
0.03060279831421373,3,100,1000,5,8000,A2,HOSVD,0.4190000000003238
0.5434502777720306,3,100,1000,5,8000,A3,HOSVD,0.4190000000003238
11.121476574157052,3,100,1000,5,8000,core,HOSVD,0.4190000000003238
6.7731963358110505,3,100,1000,5,8000,A1,HOOI,0.7219999999997526
0.029267413457049522,3,100,1000,5,8000,A2,HOOI,0.7219999999997526
0.5444922963849406,3,100,1000,5,8000,A3,HOOI,0.7219999999997526
11.115827543456739,3,100,1000,5,8000,core,HOOI,0.7219999999997526
4.232838859995344,3,100,1000,5,8000,A1,Olga,0.5869999999999891
0.014390772082633358,3,100,1000,5,8000,A2,Olga,0.5869999999999891
1.4213049565153897,3,100,1000,5,8000,A3,Tracy,0.5869999999999891
10.897500635394572,3,100,1000,5,8000,core,Tracy_Olga,0.5869999999999891
33.17705009369425,3,100,4997,5,8000,A1,NTD,159.3439999999996
4.015515161873118,3,100,4997,5,8000,A2,NTD,159.3439999999996
4994.42685108534,3,100,4997,5,8000,A3,NTD,159.3439999999996
11.158617696330495,3,100,4997,5,8000,core,NTD,159.3439999999996
4.435738694143234,3,100,4997,5,8000,A1,Ours,5.26299999999992
0.029475215253374785,3,100,4997,5,8000,A2,Ours,5.26299999999992
2.6276894520902387,3,100,4997,5,8000,A3,Ours,5.26299999999992
11.747358870711617,3,100,4997,5,8000,core,Ours,5.26299999999992
4.435738694143234,3,100,4997,5,8000,A1,HOSVD,2.9149999999999636
0.029475215253374785,3,100,4997,5,8000,A2,HOSVD,2.9149999999999636
2.6237988948044833,3,100,4997,5,8000,A3,HOSVD,2.9149999999999636
11.74314947645431,3,100,4997,5,8000,core,HOSVD,2.9149999999999636
4.487505817675026,3,100,4997,5,8000,A1,HOOI,5.097999999999956
0.03108798328935994,3,100,4997,5,8000,A2,HOOI,5.097999999999956
2.629099471121629,3,100,4997,5,8000,A3,HOOI,5.097999999999956
11.727023224594241,3,100,4997,5,8000,core,HOOI,5.097999999999956
3.6277806303355224,3,100,4997,5,8000,A1,Olga,3.225000000000364
0.03597725175473554,3,100,4997,5,8000,A2,Olga,3.225000000000364
2.8651640427312,3,100,4997,5,8000,A3,Tracy,3.225000000000364
9.880276556739595,3,100,4997,5,8000,core,Tracy_Olga,3.225000000000364
43.651442028341144,3,100,9971,5,8000,A1,NTD,326.1199999999999
3.1212205420926105,3,100,9971,5,8000,A2,NTD,326.1199999999999
9968.491523741244,3,100,9971,5,8000,A3,NTD,326.1199999999999
11.84730053559582,3,100,9971,5,8000,core,NTD,326.1199999999999
4.665114530381453,3,100,9971,5,8000,A1,Ours,13.378999999999905
0.03721790623331001,3,100,9971,5,8000,A2,Ours,13.378999999999905
2.727999092341559,3,100,9971,5,8000,A3,Ours,13.378999999999905
11.70720035871356,3,100,9971,5,8000,core,Ours,13.378999999999905
4.665114530381453,3,100,9971,5,8000,A1,HOSVD,3.6790000000000873
0.03721790623331001,3,100,9971,5,8000,A2,HOSVD,3.6790000000000873
2.719286829474482,3,100,9971,5,8000,A3,HOSVD,3.6790000000000873
11.708025437059359,3,100,9971,5,8000,core,HOSVD,3.6790000000000873
4.834504195657555,3,100,9971,5,8000,A1,HOOI,11.158000000000357
0.03665623310351045,3,100,9971,5,8000,A2,HOOI,11.158000000000357
2.6100981901425993,3,100,9971,5,8000,A3,HOOI,11.158000000000357
11.692915229463484,3,100,9971,5,8000,core,HOOI,11.158000000000357
5.724562100592072,3,100,9971,5,8000,A1,Olga,6.57799999999952
0.038703333949397206,3,100,9971,5,8000,A2,Olga,6.57799999999952
2.8488740889309705,3,100,9971,5,8000,A3,Tracy,6.57799999999952
9.898832507177158,3,100,9971,5,8000,core,Tracy_Olga,6.57799999999952
75.58515626759628,3,100,1000,5,9000,A1,NTD,28.661999999999352
0.463978873554597,3,100,1000,5,9000,A2,NTD,28.661999999999352
997.0000055976427,3,100,1000,5,9000,A3,NTD,28.661999999999352
11.409557377673538,3,100,1000,5,9000,core,NTD,28.661999999999352
5.215783458431077,3,100,1000,5,9000,A1,Ours,0.73700000000008
0.020089916001219555,3,100,1000,5,9000,A2,Ours,0.73700000000008
0.48019935015452053,3,100,1000,5,9000,A3,Ours,0.73700000000008
10.992469925883363,3,100,1000,5,9000,core,Ours,0.73700000000008
5.215783458431077,3,100,1000,5,9000,A1,HOSVD,0.7999999999992724
0.020089916001219555,3,100,1000,5,9000,A2,HOSVD,0.7999999999992724
0.48000184376498156,3,100,1000,5,9000,A3,HOSVD,0.7999999999992724
10.991931194757568,3,100,1000,5,9000,core,HOSVD,0.7999999999992724
5.163559462402517,3,100,1000,5,9000,A1,HOOI,0.7240000000001601
0.019751113979280324,3,100,1000,5,9000,A2,HOOI,0.7240000000001601
0.48581770686850817,3,100,1000,5,9000,A3,HOOI,0.7240000000001601
10.998357359879469,3,100,1000,5,9000,core,HOOI,0.7240000000001601
3.148764071554633,3,100,1000,5,9000,A1,Olga,0.4389999999993961
0.02022343675241791,3,100,1000,5,9000,A2,Olga,0.4389999999993961
1.4111075851533326,3,100,1000,5,9000,A3,Tracy,0.4389999999993961
9.707198512550672,3,100,1000,5,9000,core,Tracy_Olga,0.4389999999993961
26.543689669594905,3,100,4994,5,9000,A1,NTD,153.4369999999999
3.091638570997089,3,100,4994,5,9000,A2,NTD,153.4369999999999
4991.051937693476,3,100,4994,5,9000,A3,NTD,153.4369999999999
10.791976044338044,3,100,4994,5,9000,core,NTD,153.4369999999999
5.732135372957714,3,100,4994,5,9000,A1,Ours,5.3309999999992215
0.02516351102599379,3,100,4994,5,9000,A2,Ours,5.3309999999992215
2.6277363493420323,3,100,4994,5,9000,A3,Ours,5.3309999999992215
11.780383824086396,3,100,4994,5,9000,core,Ours,5.3309999999992215
5.732135372957714,3,100,4994,5,9000,A1,HOSVD,1.806999999999789
0.02516351102599379,3,100,4994,5,9000,A2,HOSVD,1.806999999999789
2.624698313744196,3,100,4994,5,9000,A3,HOSVD,1.806999999999789
11.772552215940962,3,100,4994,5,9000,core,HOSVD,1.806999999999789
5.74438873129627,3,100,4994,5,9000,A1,HOOI,4.177000000000589
0.02415676520372284,3,100,4994,5,9000,A2,HOOI,4.177000000000589
2.624817050189257,3,100,4994,5,9000,A3,HOOI,4.177000000000589
11.739491772875047,3,100,4994,5,9000,core,HOOI,4.177000000000589
3.6386338066698816,3,100,4994,5,9000,A1,Olga,2.8059999999995853
0.03815754957996142,3,100,4994,5,9000,A2,Olga,2.8059999999995853
2.8514564060630003,3,100,4994,5,9000,A3,Tracy,2.8059999999995853
9.961518055714668,3,100,4994,5,9000,core,Tracy_Olga,2.8059999999995853
59.69218172975612,3,100,9980,5,9000,A1,NTD,323.9929999999995
0.5824306270144789,3,100,9980,5,9000,A2,NTD,323.9929999999995
9977.498956798121,3,100,9980,5,9000,A3,NTD,323.9929999999995
9.584334464922895,3,100,9980,5,9000,core,NTD,323.9929999999995
5.826345692570824,3,100,9980,5,9000,A1,Ours,12.748999999999796
0.02259140945898342,3,100,9980,5,9000,A2,Ours,12.748999999999796
2.612457703653941,3,100,9980,5,9000,A3,Ours,12.748999999999796
11.71083254505428,3,100,9980,5,9000,core,Ours,12.748999999999796
5.826345692570824,3,100,9980,5,9000,A1,HOSVD,3.3519999999998618
0.02259140945898342,3,100,9980,5,9000,A2,HOSVD,3.3519999999998618
2.6001588792533967,3,100,9980,5,9000,A3,HOSVD,3.3519999999998618
11.703592171119396,3,100,9980,5,9000,core,HOSVD,3.3519999999998618
5.85647185584405,3,100,9980,5,9000,A1,HOOI,9.903999999999542
0.02264168852880057,3,100,9980,5,9000,A2,HOOI,9.903999999999542
2.605479655009426,3,100,9980,5,9000,A3,HOOI,9.903999999999542
11.764174588740302,3,100,9980,5,9000,core,HOOI,9.903999999999542
4.30109251119172,3,100,9980,5,9000,A1,Olga,6.436999999999898
0.04289559451065812,3,100,9980,5,9000,A2,Olga,6.436999999999898
2.854123242129092,3,100,9980,5,9000,A3,Tracy,6.436999999999898
9.93295056572056,3,100,9980,5,9000,core,Tracy_Olga,6.436999999999898
35.423238787853784,3,100,1000,5,10000,A1,NTD,28.279999999999745
0.7437080863622554,3,100,1000,5,10000,A2,NTD,28.279999999999745
997.0091006358324,3,100,1000,5,10000,A3,NTD,28.279999999999745
10.521304894807976,3,100,1000,5,10000,core,NTD,28.279999999999745
7.466008968978338,3,100,1000,5,10000,A1,Ours,0.5720000000001164
0.010979228228159004,3,100,1000,5,10000,A2,Ours,0.5720000000001164
0.7831930823062564,3,100,1000,5,10000,A3,Ours,0.5720000000001164
9.972412745086306,3,100,1000,5,10000,core,Ours,0.5720000000001164
7.466008968978338,3,100,1000,5,10000,A1,HOSVD,0.5100000000002183
0.010979228228159004,3,100,1000,5,10000,A2,HOSVD,0.5100000000002183
0.7831681879897997,3,100,1000,5,10000,A3,HOSVD,0.5100000000002183
9.972395343388753,3,100,1000,5,10000,core,HOSVD,0.5100000000002183
7.448848817638925,3,100,1000,5,10000,A1,HOOI,1.0360000000000582
0.013028279448813315,3,100,1000,5,10000,A2,HOOI,1.0360000000000582
0.8126236899585917,3,100,1000,5,10000,A3,HOOI,1.0360000000000582
9.976479649457941,3,100,1000,5,10000,core,HOOI,1.0360000000000582
3.829754570380645,3,100,1000,5,10000,A1,Olga,0.6769999999996799
0.013646363214063458,3,100,1000,5,10000,A2,Olga,0.6769999999996799
1.4215945708953275,3,100,1000,5,10000,A3,Tracy,0.6769999999996799
9.639472698343825,3,100,1000,5,10000,core,Tracy_Olga,0.6769999999996799
77.01068570504832,3,100,4997,5,10000,A1,NTD,159.09100000000035
0.4205975358458527,3,100,4997,5,10000,A2,NTD,159.09100000000035
4994.102115122315,3,100,4997,5,10000,A3,NTD,159.09100000000035
10.570463096996708,3,100,4997,5,10000,core,NTD,159.09100000000035
5.27298762602462,3,100,4997,5,10000,A1,Ours,5.015000000000327
0.02638319657274323,3,100,4997,5,10000,A2,Ours,5.015000000000327
2.6336610762839316,3,100,4997,5,10000,A3,Ours,5.015000000000327
11.721525653718977,3,100,4997,5,10000,core,Ours,5.015000000000327
5.27298762602462,3,100,4997,5,10000,A1,HOSVD,2.1229999999995925
0.02638319657274323,3,100,4997,5,10000,A2,HOSVD,2.1229999999995925
2.6315792782127505,3,100,4997,5,10000,A3,HOSVD,2.1229999999995925
11.715405126334366,3,100,4997,5,10000,core,HOSVD,2.1229999999995925
5.291966704647561,3,100,4997,5,10000,A1,HOOI,4.274000000000342
0.025283162487482847,3,100,4997,5,10000,A2,HOOI,4.274000000000342
2.629053781760609,3,100,4997,5,10000,A3,HOOI,4.274000000000342
11.750178338442355,3,100,4997,5,10000,core,HOOI,4.274000000000342
4.336897896076861,3,100,4997,5,10000,A1,Olga,2.463999999999942
0.025056303322136486,3,100,4997,5,10000,A2,Olga,2.463999999999942
2.8649175645984464,3,100,4997,5,10000,A3,Tracy,2.463999999999942
9.937625155301655,3,100,4997,5,10000,core,Tracy_Olga,2.463999999999942
20.55377807715519,3,100,9977,5,10000,A1,NTD,328.03099999999995
1.0116428951350027,3,100,9977,5,10000,A2,NTD,328.03099999999995
9974.064679367004,3,100,9977,5,10000,A3,NTD,328.03099999999995
12.521033158839243,3,100,9977,5,10000,core,NTD,328.03099999999995
4.889349854437452,3,100,9977,5,10000,A1,Ours,13.697000000000116
0.01819235139856387,3,100,9977,5,10000,A2,Ours,13.697000000000116
2.613656848180078,3,100,9977,5,10000,A3,Ours,13.697000000000116
11.710281945713685,3,100,9977,5,10000,core,Ours,13.697000000000116
4.889349854437452,3,100,9977,5,10000,A1,HOSVD,3.092000000000553
0.01819235139856387,3,100,9977,5,10000,A2,HOSVD,3.092000000000553
2.60376595052804,3,100,9977,5,10000,A3,HOSVD,3.092000000000553
11.686848433284583,3,100,9977,5,10000,core,HOSVD,3.092000000000553
4.861245103056831,3,100,9977,5,10000,A1,HOOI,10.582000000000335
0.018987677902043285,3,100,9977,5,10000,A2,HOOI,10.582000000000335
2.6008199621875847,3,100,9977,5,10000,A3,HOOI,10.582000000000335
11.747412331444684,3,100,9977,5,10000,core,HOOI,10.582000000000335
4.789764359800242,3,100,9977,5,10000,A1,Olga,6.438999999999396
0.023091831538430783,3,100,9977,5,10000,A2,Olga,6.438999999999396
2.857214601381293,3,100,9977,5,10000,A3,Tracy,6.438999999999396
9.975521677293115,3,100,9977,5,10000,core,Tracy_Olga,6.438999999999396
