error,K,Q1,R,Q2,M,mode,method,time
8.919813570774485,3,100,100,5,100,A1,NTD,4.243
0.6811206896592594,3,100,100,5,100,A2,NTD,4.243
97.00197600797738,3,100,100,5,100,A3,NTD,4.243
14.897776048757555,3,100,100,5,100,core,NTD,4.243
19.856045045813282,3,100,100,5,100,A1,Ours,3.6340000000000003
0.027396367383960427,3,100,100,5,100,A2,Ours,3.6340000000000003
0.2239210121397575,3,100,100,5,100,A3,Ours,3.6340000000000003
11.3426623427391,3,100,100,5,100,core,Ours,3.6340000000000003
19.856045045813282,3,100,100,5,100,A1,HOSVD,2.1519999999999992
0.027396367383960427,3,100,100,5,100,A2,HOSVD,2.1519999999999992
0.2306387655564177,3,100,100,5,100,A3,HOSVD,2.1519999999999992
11.33328873233098,3,100,100,5,100,core,HOSVD,2.1519999999999992
18.228474204096543,3,100,100,5,100,A1,HOOI,2.1229999999999976
0.050012081668171886,3,100,100,5,100,A2,HOOI,2.1229999999999976
0.20870057853921106,3,100,100,5,100,A3,HOOI,2.1229999999999976
11.37747235880678,3,100,100,5,100,core,HOOI,2.1229999999999976
24.029812717637913,3,100,100,5,100,A1,Olga,1.1930000000000014
0.07453197822070554,3,100,100,5,100,A2,Olga,1.1930000000000014
1.0155047594919042,3,100,100,5,100,A3,Tracy,1.1930000000000014
11.391528440886745,3,100,100,5,100,core,Tracy_Olga,1.1930000000000014
12.611864826932063,3,100,498,5,100,A1,NTD,21.697000000000003
1.782360363680754,3,100,498,5,100,A2,NTD,21.697000000000003
495.2292411259084,3,100,498,5,100,A3,NTD,21.697000000000003
13.989301792988252,3,100,498,5,100,core,NTD,21.697000000000003
19.728046801723586,3,100,498,5,100,A1,Ours,3.1300000000000026
0.10660484110746332,3,100,498,5,100,A2,Ours,3.1300000000000026
2.821462024222397,3,100,498,5,100,A3,Ours,3.1300000000000026
11.547747861785398,3,100,498,5,100,core,Ours,3.1300000000000026
19.728046801723586,3,100,498,5,100,A1,HOSVD,3.8670000000000044
0.10660484110746332,3,100,498,5,100,A2,HOSVD,3.8670000000000044
2.4251491389221296,3,100,498,5,100,A3,HOSVD,3.8670000000000044
9.984882544706252,3,100,498,5,100,core,HOSVD,3.8670000000000044
19.34230778540421,3,100,498,5,100,A1,HOOI,3.926000000000002
0.0939761709815336,3,100,498,5,100,A2,HOOI,3.926000000000002
2.4430121740657413,3,100,498,5,100,A3,HOOI,3.926000000000002
10.29051462821173,3,100,498,5,100,core,HOOI,3.926000000000002
24.351100170821265,3,100,498,5,100,A1,Olga,3.350999999999999
0.39546803664453645,3,100,498,5,100,A2,Olga,3.350999999999999
2.8423942526822676,3,100,498,5,100,A3,Tracy,3.350999999999999
6.394606524897139,3,100,498,5,100,core,Tracy_Olga,3.350999999999999
40.59832918272651,3,100,980,5,100,A1,NTD,38.440000000000005
4.027616682361065,3,100,980,5,100,A2,NTD,38.440000000000005
977.2698354673554,3,100,980,5,100,A3,NTD,38.440000000000005
8.914405035649335,3,100,980,5,100,core,NTD,38.440000000000005
21.18991839618246,3,100,980,5,100,A1,Ours,9.9410000000000025
0.0686904529773094,3,100,980,5,100,A2,Ours,9.9410000000000025
3.6825884624636065,3,100,980,5,100,A3,Ours,9.9410000000000025
11.209572434650031,3,100,980,5,100,core,Ours,9.9410000000000025
21.18991839618246,3,100,980,5,100,A1,HOSVD,8.027999999999992
0.0686904529773094,3,100,980,5,100,A2,HOSVD,8.027999999999992
2.548838046080137,3,100,980,5,100,A3,HOSVD,8.027999999999992
6.370553914050077,3,100,980,5,100,core,HOSVD,8.027999999999992
21.227432161386208,3,100,980,5,100,A1,HOOI,10.328000000000003
0.06702043745542427,3,100,980,5,100,A2,HOOI,10.328000000000003
2.5964573304561935,3,100,980,5,100,A3,HOOI,10.328000000000003
6.287147039834631,3,100,980,5,100,core,HOOI,10.328000000000003
35.33412930210443,3,100,980,5,100,A1,Olga,8.835999999999999
0.14889254331326174,3,100,980,5,100,A2,Olga,8.835999999999999
2.8982748722252354,3,100,980,5,100,A3,Tracy,8.835999999999999
11.689676478933016,3,100,980,5,100,core,Tracy_Olga,8.835999999999999
65.15482047214485,3,100,2388,5,100,A1,NTD,84.656
3.9332015932407876,3,100,2388,5,100,A2,NTD,84.656
2385.4256400477843,3,100,2388,5,100,A3,NTD,84.656
11.473324977739086,3,100,2388,5,100,core,NTD,84.656
25.12524311138745,3,100,2388,5,100,A1,Ours,2.2560000000000002
0.03276082772758444,3,100,2388,5,100,A2,Ours,2.2560000000000002
4.922655744735997,3,100,2388,5,100,A3,Ours,2.2560000000000002
11.411876806973007,3,100,2388,5,100,core,Ours,2.2560000000000002
25.12524311138745,3,100,2388,5,100,A1,HOSVD,0.8889999999999816
0.03276082772758444,3,100,2388,5,100,A2,HOSVD,0.8889999999999816
2.572282197364696,3,100,2388,5,100,A3,HOSVD,0.8889999999999816
6.569702845920003,3,100,2388,5,100,core,HOSVD,0.8889999999999816
24.732715219606323,3,100,2388,5,100,A1,HOOI,3.7890000000000157
0.01979364101480264,3,100,2388,5,100,A2,HOOI,3.7890000000000157
2.6096871725351454,3,100,2388,5,100,A3,HOOI,3.7890000000000157
6.4840477807443015,3,100,2388,5,100,core,HOOI,3.7890000000000157
75.9169306239742,3,100,2388,5,100,A1,Olga,5.765999999999991
0.2753608078934189,3,100,2388,5,100,A2,Olga,5.765999999999991
2.933389878452785,3,100,2388,5,100,A3,Tracy,5.765999999999991
12.31257772255172,3,100,2388,5,100,core,Tracy_Olga,5.765999999999991
70.72184145553987,3,100,4525,5,100,A1,NTD,157.18900000000002
3.9889172225801888,3,100,4525,5,100,A2,NTD,157.18900000000002
4522.551558812215,3,100,4525,5,100,A3,NTD,157.18900000000002
9.435233649899804,3,100,4525,5,100,core,NTD,157.18900000000002
16.70855269763969,3,100,4525,5,100,A1,Ours,4.699999999999989
0.09759393554736094,3,100,4525,5,100,A2,Ours,4.699999999999989
5.406328553769865,3,100,4525,5,100,A3,Ours,4.699999999999989
10.148040256484496,3,100,4525,5,100,core,Ours,4.699999999999989
16.70855269763969,3,100,4525,5,100,A1,HOSVD,2.2129999999999654
0.09759393554736094,3,100,4525,5,100,A2,HOSVD,2.2129999999999654
2.6836591062726405,3,100,4525,5,100,A3,HOSVD,2.2129999999999654
11.68947026074592,3,100,4525,5,100,core,HOSVD,2.2129999999999654
16.124083453964737,3,100,4525,5,100,A1,HOOI,6.2760000000000105
0.060035023196711376,3,100,4525,5,100,A2,HOOI,6.2760000000000105
2.7800569630797503,3,100,4525,5,100,A3,HOOI,6.2760000000000105
6.375812250936608,3,100,4525,5,100,core,HOOI,6.2760000000000105
68.0385897820795,3,100,4525,5,100,A1,Olga,3.4850000000000136
4.072720659268046,3,100,4525,5,100,A2,Olga,3.4850000000000136
3.138352698786498,3,100,4525,5,100,A3,Tracy,3.4850000000000136
12.902983148381045,3,100,4525,5,100,core,Tracy_Olga,3.4850000000000136
90.38921866129922,3,100,5352,5,100,A1,NTD,183.50600000000003
2.0672122559629296,3,100,5352,5,100,A2,NTD,183.50600000000003
5349.4849529316125,3,100,5352,5,100,A3,NTD,183.50600000000003
12.460440293244766,3,100,5352,5,100,core,NTD,183.50600000000003
18.57222547264373,3,100,5352,5,100,A1,Ours,5.585000000000036
0.05076555176420813,3,100,5352,5,100,A2,Ours,5.585000000000036
5.347571504994888,3,100,5352,5,100,A3,Ours,5.585000000000036
8.3071439084528,3,100,5352,5,100,core,Ours,5.585000000000036
18.787016175722954,3,100,5352,5,100,A1,HOOI,6.397000000000048
0.04737517124219105,3,100,5352,5,100,A2,HOOI,6.397000000000048
3.4698414768083925,3,100,5352,5,100,A3,HOOI,6.397000000000048
9.181941300261444,3,100,5352,5,100,core,HOOI,6.397000000000048
77.67139213254671,3,100,5352,5,100,A1,Olga,2.7170000000000982
1.0534982140907925,3,100,5352,5,100,A2,Olga,2.7170000000000982
3.852746076790949,3,100,5352,5,100,A3,Tracy,2.7170000000000982
10.169668083582813,3,100,5352,5,100,core,Tracy_Olga,2.7170000000000982
116.96012528388432,3,100,6071,5,100,A1,NTD,191.15099999999995
4.0114016639162715,3,100,6071,5,100,A2,NTD,191.15099999999995
6068.536714930426,3,100,6071,5,100,A3,NTD,191.15099999999995
11.304518317800515,3,100,6071,5,100,core,NTD,191.15099999999995
17.035957978493876,3,100,6071,5,100,A1,Ours,6.307999999999993
0.06532497732500808,3,100,6071,5,100,A2,Ours,6.307999999999993
5.326038395998225,3,100,6071,5,100,A3,Ours,6.307999999999993
10.905602197228921,3,100,6071,5,100,core,Ours,6.307999999999993
17.035957978493876,3,100,6071,5,100,A1,HOSVD,1.8500000000000227
0.06532497732500808,3,100,6071,5,100,A2,HOSVD,1.8500000000000227
2.762366995118633,3,100,6071,5,100,A3,HOSVD,1.8500000000000227
9.919800889713613,3,100,6071,5,100,core,HOSVD,1.8500000000000227
17.04293502062279,3,100,6071,5,100,A1,HOOI,8.163000000000011
0.06721160883355924,3,100,6071,5,100,A2,HOOI,8.163000000000011
2.805659813646989,3,100,6071,5,100,A3,HOOI,8.163000000000011
9.967574706332918,3,100,6071,5,100,core,HOOI,8.163000000000011
91.62663039747612,3,100,6071,5,100,A1,Olga,3.5970000000000937
4.164668163780352,3,100,6071,5,100,A2,Olga,3.5970000000000937
3.2027998654639642,3,100,6071,5,100,A3,Tracy,3.5970000000000937
13.686379687904545,3,100,6071,5,100,core,Tracy_Olga,3.5970000000000937
118.56355454697668,3,100,6860,5,100,A1,NTD,221.1830000000001
4.027575362834162,3,100,6860,5,100,A2,NTD,221.1830000000001
6857.564113765612,3,100,6860,5,100,A3,NTD,221.1830000000001
11.597143164289466,3,100,6860,5,100,core,NTD,221.1830000000001
22.191047412163865,3,100,6860,5,100,A1,Ours,7.580999999999904
0.08910555156188303,3,100,6860,5,100,A2,Ours,7.580999999999904
5.326963995806525,3,100,6860,5,100,A3,Ours,7.580999999999904
8.29609855701126,3,100,6860,5,100,core,Ours,7.580999999999904
22.191047412163865,3,100,6860,5,100,A1,HOSVD,4.109000000000151
0.08910555156188303,3,100,6860,5,100,A2,HOSVD,4.109000000000151
2.7800942188211333,3,100,6860,5,100,A3,HOSVD,4.109000000000151
11.796269451345447,3,100,6860,5,100,core,HOSVD,4.109000000000151
22.543271042547747,3,100,6860,5,100,A1,HOOI,10.134000000000015
0.0799095758338332,3,100,6860,5,100,A2,HOOI,10.134000000000015
3.4084516023847264,3,100,6860,5,100,A3,HOOI,10.134000000000015
10.182806644156033,3,100,6860,5,100,core,HOOI,10.134000000000015
66.45684886298982,3,100,6860,5,100,A1,Olga,6.050000000000182
0.13614360176113566,3,100,6860,5,100,A2,Olga,6.050000000000182
3.934505452550628,3,100,6860,5,100,A3,Tracy,6.050000000000182
6.47253790946197,3,100,6860,5,100,core,Tracy_Olga,6.050000000000182
117.69380475993813,3,100,7525,5,100,A1,NTD,233.65800000000013
4.011387245188292,3,100,7525,5,100,A2,NTD,233.65800000000013
7522.577978542503,3,100,7525,5,100,A3,NTD,233.65800000000013
9.432903276951912,3,100,7525,5,100,core,NTD,233.65800000000013
21.949608794957022,3,100,7525,5,100,A1,Ours,8.708999999999833
0.12269519189606008,3,100,7525,5,100,A2,Ours,8.708999999999833
5.243363954798006,3,100,7525,5,100,A3,Ours,8.708999999999833
10.17037047416148,3,100,7525,5,100,core,Ours,8.708999999999833
21.02604940154997,3,100,7525,5,100,A1,HOOI,10.845000000000027
0.12353194577260797,3,100,7525,5,100,A2,HOOI,10.845000000000027
3.8468180731004185,3,100,7525,5,100,A3,HOOI,10.845000000000027
8.916123184496756,3,100,7525,5,100,core,HOOI,10.845000000000027
70.51161916976037,3,100,7525,5,100,A1,Olga,4.514000000000124
2.4764324919982186,3,100,7525,5,100,A2,Olga,4.514000000000124
3.4472571621039196,3,100,7525,5,100,A3,Tracy,4.514000000000124
10.979343693245257,3,100,7525,5,100,core,Tracy_Olga,4.514000000000124
120.3708424596919,3,100,8268,5,100,A1,NTD,251.9179999999999
3.933133196745801,3,100,8268,5,100,A2,NTD,251.9179999999999
8265.607714328014,3,100,8268,5,100,A3,NTD,251.9179999999999
11.408533102340307,3,100,8268,5,100,core,NTD,251.9179999999999
15.736346789263013,3,100,8268,5,100,A1,Ours,9.976999999999862
0.07362892466137566,3,100,8268,5,100,A2,Ours,9.976999999999862
5.303454215145428,3,100,8268,5,100,A3,Ours,9.976999999999862
10.52101033568081,3,100,8268,5,100,core,Ours,9.976999999999862
15.736346789263013,3,100,8268,5,100,A1,HOSVD,3.022000000000162
0.07362892466137566,3,100,8268,5,100,A2,HOSVD,3.022000000000162
4.057687676081228,3,100,8268,5,100,A3,HOSVD,3.022000000000162
9.580670549608175,3,100,8268,5,100,core,HOSVD,3.022000000000162
76.51637176025886,3,100,8268,5,100,A1,Olga,5.516000000000076
0.9806199672315762,3,100,8268,5,100,A2,Olga,5.516000000000076
4.076061904190887,3,100,8268,5,100,A3,Tracy,5.516000000000076
12.342265618010831,3,100,8268,5,100,core,Tracy_Olga,5.516000000000076
3.0341575751772307,3,100,100,5,3000,A1,NTD,3.525000000000091
0.6347787117422429,3,100,100,5,3000,A2,NTD,3.525000000000091
97,3,100,100,5,3000,A3,NTD,3.525000000000091
11.77185048826622,3,100,100,5,3000,core,NTD,3.525000000000091
4.980560362167426,3,100,100,5,3000,A1,Ours,0.07999999999992724
0.013927516717362823,3,100,100,5,3000,A2,Ours,0.07999999999992724
0.04012662562466562,3,100,100,5,3000,A3,Ours,0.07999999999992724
11.29024819014629,3,100,100,5,3000,core,Ours,0.07999999999992724
4.980560362167426,3,100,100,5,3000,A1,HOSVD,0.06700000000000728
0.013927516717362823,3,100,100,5,3000,A2,HOSVD,0.06700000000000728
0.04013457531903278,3,100,100,5,3000,A3,HOSVD,0.06700000000000728
11.2902431276064,3,100,100,5,3000,core,HOSVD,0.06700000000000728
5.012173350152118,3,100,100,5,3000,A1,HOOI,0.10199999999986176
0.013921686231774784,3,100,100,5,3000,A2,HOOI,0.10199999999986176
0.03892305386781755,3,100,100,5,3000,A3,HOOI,0.10199999999986176
11.292622971168983,3,100,100,5,3000,core,HOOI,0.10199999999986176
3.9639298825604903,3,100,100,5,3000,A1,Olga,0.07400000000006912
0.012389119422589112,3,100,100,5,3000,A2,Olga,0.07400000000006912
0.9517831931400058,3,100,100,5,3000,A3,Tracy,0.07400000000006912
11.206528005123927,3,100,100,5,3000,core,Tracy_Olga,0.07400000000006912
5.78851915727191,3,100,500,5,3000,A1,NTD,14.402000000000044
0.06296926394016132,3,100,500,5,3000,A2,NTD,14.402000000000044
497.0000692631342,3,100,500,5,3000,A3,NTD,14.402000000000044
11.753156582459395,3,100,500,5,3000,core,NTD,14.402000000000044
4.28654413495665,3,100,500,5,3000,A1,Ours,0.28099999999994907
0.03162502914692687,3,100,500,5,3000,A2,Ours,0.28099999999994907
0.21876078480675223,3,100,500,5,3000,A3,Ours,0.28099999999994907
11.54567599310401,3,100,500,5,3000,core,Ours,0.28099999999994907
4.28654413495665,3,100,500,5,3000,A1,HOSVD,0.24300000000016553
0.03162502914692687,3,100,500,5,3000,A2,HOSVD,0.24300000000016553
0.21864944799474806,3,100,500,5,3000,A3,HOSVD,0.24300000000016553
11.545500660285539,3,100,500,5,3000,core,HOSVD,0.24300000000016553
4.210530469245566,3,100,500,5,3000,A1,HOOI,0.5370000000000346
0.03179572032349323,3,100,500,5,3000,A2,HOOI,0.5370000000000346
0.2250365830021564,3,100,500,5,3000,A3,HOOI,0.5370000000000346
11.551251937509955,3,100,500,5,3000,core,HOOI,0.5370000000000346
3.3485249492137026,3,100,500,5,3000,A1,Olga,0.31399999999985084
0.013577590022146709,3,100,500,5,3000,A2,Olga,0.31399999999985084
1.3790754861087413,3,100,500,5,3000,A3,Tracy,0.31399999999985084
11.469760487862331,3,100,500,5,3000,core,Tracy_Olga,0.31399999999985084
4.675991141894595,3,100,1000,5,3000,A1,NTD,33.746000000000095
0.238075413389988,3,100,1000,5,3000,A2,NTD,33.746000000000095
997.001024138277,3,100,1000,5,3000,A3,NTD,33.746000000000095
8.52599787408856,3,100,1000,5,3000,core,NTD,33.746000000000095
4.869776411719216,3,100,1000,5,3000,A1,Ours,2.2329999999999472
0.005679031896023105,3,100,1000,5,3000,A2,Ours,2.2329999999999472
0.2787492016539009,3,100,1000,5,3000,A3,Ours,2.2329999999999472
11.520812962241965,3,100,1000,5,3000,core,Ours,2.2329999999999472
4.869776411719216,3,100,1000,5,3000,A1,HOSVD,2.3640000000000327
0.005679031896023105,3,100,1000,5,3000,A2,HOSVD,2.3640000000000327
0.27846788584099746,3,100,1000,5,3000,A3,HOSVD,2.3640000000000327
11.51810788697247,3,100,1000,5,3000,core,HOSVD,2.3640000000000327
4.8704185223795085,3,100,1000,5,3000,A1,HOOI,6.723999999999933
0.004917805706664346,3,100,1000,5,3000,A2,HOOI,6.723999999999933
0.27909918439667253,3,100,1000,5,3000,A3,HOOI,6.723999999999933
11.519135635901323,3,100,1000,5,3000,core,HOOI,6.723999999999933
3.2513524106919984,3,100,1000,5,3000,A1,Olga,2.9400000000000546
0.009644911849500684,3,100,1000,5,3000,A2,Olga,2.9400000000000546
1.420885685942597,3,100,1000,5,3000,A3,Tracy,2.9400000000000546
11.632972486378085,3,100,1000,5,3000,core,Tracy_Olga,2.9400000000000546
5.8501066852062715,3,100,2498,5,3000,A1,NTD,85.33600000000001
1.740248277523138,3,100,2498,5,3000,A2,NTD,85.33600000000001
2495.038559388085,3,100,2498,5,3000,A3,NTD,85.33600000000001
11.563355925925176,3,100,2498,5,3000,core,NTD,85.33600000000001
3.5969339928864184,3,100,2498,5,3000,A1,Ours,8.836000000000013
0.01230716297059703,3,100,2498,5,3000,A2,Ours,8.836000000000013
2.4403057364310157,3,100,2498,5,3000,A3,Ours,8.836000000000013
11.784863232849592,3,100,2498,5,3000,core,Ours,8.836000000000013
3.5969339928864184,3,100,2498,5,3000,A1,HOSVD,9.444999999999936
0.01230716297059703,3,100,2498,5,3000,A2,HOSVD,9.444999999999936
2.436859766983779,3,100,2498,5,3000,A3,HOSVD,9.444999999999936
11.776719325637902,3,100,2498,5,3000,core,HOSVD,9.444999999999936
3.6445406534003393,3,100,2498,5,3000,A1,HOOI,11.704999999999927
0.011611448590186285,3,100,2498,5,3000,A2,HOOI,11.704999999999927
2.520646135917575,3,100,2498,5,3000,A3,HOOI,11.704999999999927
11.382913911081186,3,100,2498,5,3000,core,HOOI,11.704999999999927
3.1501133147062235,3,100,2498,5,3000,A1,Olga,8.56899999999996
0.010453838260309881,3,100,2498,5,3000,A2,Olga,8.56899999999996
2.935065274408517,3,100,2498,5,3000,A3,Tracy,8.56899999999996
11.78408789630208,3,100,2498,5,3000,core,Tracy_Olga,8.56899999999996
21.775874243652027,3,100,4985,5,3000,A1,NTD,170.11899999999991
2.092189298526334,3,100,4985,5,3000,A2,NTD,170.11899999999991
4982.054294205196,3,100,4985,5,3000,A3,NTD,170.11899999999991
9.923514457038612,3,100,4985,5,3000,core,NTD,170.11899999999991
4.666172395715706,3,100,4985,5,3000,A1,Ours,7.404999999999973
0.01885023156142135,3,100,4985,5,3000,A2,Ours,7.404999999999973
2.489075099825177,3,100,4985,5,3000,A3,Ours,7.404999999999973
11.473328995465728,3,100,4985,5,3000,core,Ours,7.404999999999973
4.666172395715706,3,100,4985,5,3000,A1,HOSVD,2.7950000000000728
0.01885023156142135,3,100,4985,5,3000,A2,HOSVD,2.7950000000000728
2.465544200865518,3,100,4985,5,3000,A3,HOSVD,2.7950000000000728
11.456440886344526,3,100,4985,5,3000,core,HOSVD,2.7950000000000728
4.5649291976553,3,100,4985,5,3000,A1,HOOI,4.701999999999998
0.018978818429860354,3,100,4985,5,3000,A2,HOOI,4.701999999999998
2.4613135328448013,3,100,4985,5,3000,A3,HOOI,4.701999999999998
11.51667417903809,3,100,4985,5,3000,core,HOOI,4.701999999999998
3.58223888679749,3,100,4985,5,3000,A1,Olga,2.4220000000000255
0.042301349694433,3,100,4985,5,3000,A2,Olga,2.4220000000000255
2.8740909734858735,3,100,4985,5,3000,A3,Tracy,2.4220000000000255
6.509425796596523,3,100,4985,5,3000,core,Tracy_Olga,2.4220000000000255
88.82002459252577,3,100,5981,5,3000,A1,NTD,196.65699999999993
4.011402137078353,3,100,5981,5,3000,A2,NTD,196.65699999999993
5978.094232268149,3,100,5981,5,3000,A3,NTD,196.65699999999993
10.908228870868673,3,100,5981,5,3000,core,NTD,196.65699999999993
3.844671220024036,3,100,5981,5,3000,A1,Ours,6.858000000000175
0.01333794894879277,3,100,5981,5,3000,A2,Ours,6.858000000000175
2.521727765164195,3,100,5981,5,3000,A3,Ours,6.858000000000175
11.225155770522425,3,100,5981,5,3000,core,Ours,6.858000000000175
3.844671220024036,3,100,5981,5,3000,A1,HOSVD,2.08600000000024
0.01333794894879277,3,100,5981,5,3000,A2,HOSVD,2.08600000000024
2.4863366328359806,3,100,5981,5,3000,A3,HOSVD,2.08600000000024
11.199388566522885,3,100,5981,5,3000,core,HOSVD,2.08600000000024
3.791911346446229,3,100,5981,5,3000,A1,HOOI,5.887000000000171
0.012741978973979107,3,100,5981,5,3000,A2,HOOI,5.887000000000171
2.489611237480143,3,100,5981,5,3000,A3,HOOI,5.887000000000171
11.176874541634295,3,100,5981,5,3000,core,HOOI,5.887000000000171
4.227443193738197,3,100,5981,5,3000,A1,Olga,3.1710000000002765
0.026174757841851484,3,100,5981,5,3000,A2,Olga,3.1710000000002765
2.9058526043396182,3,100,5981,5,3000,A3,Tracy,3.1710000000002765
6.301774968968597,3,100,5981,5,3000,core,Tracy_Olga,3.1710000000002765
82.01988992242772,3,100,6971,5,3000,A1,NTD,218.31500000000005
0.06721225113787119,3,100,6971,5,3000,A2,NTD,218.31500000000005
6968.098400931524,3,100,6971,5,3000,A3,NTD,218.31500000000005
11.63767421730979,3,100,6971,5,3000,core,NTD,218.31500000000005
3.766098742720989,3,100,6971,5,3000,A1,Ours,8.182999999999993
0.004519012612204926,3,100,6971,5,3000,A2,Ours,8.182999999999993
2.613423394587798,3,100,6971,5,3000,A3,Ours,8.182999999999993
11.437126946403003,3,100,6971,5,3000,core,Ours,8.182999999999993
3.766098742720989,3,100,6971,5,3000,A1,HOSVD,2.2669999999998254
0.004519012612204926,3,100,6971,5,3000,A2,HOSVD,2.2669999999998254
2.5939631061499737,3,100,6971,5,3000,A3,HOSVD,2.2669999999998254
11.418187662004478,3,100,6971,5,3000,core,HOSVD,2.2669999999998254
3.773414013566814,3,100,6971,5,3000,A1,HOOI,6.858999999999924
0.0041151719818174545,3,100,6971,5,3000,A2,HOOI,6.858999999999924
2.6077118646851014,3,100,6971,5,3000,A3,HOOI,6.858999999999924
11.218613864871859,3,100,6971,5,3000,core,HOOI,6.858999999999924
4.580935097697333,3,100,6971,5,3000,A1,Olga,3.9980000000000473
0.019887436969630776,3,100,6971,5,3000,A2,Olga,3.9980000000000473
2.9650558265897544,3,100,6971,5,3000,A3,Tracy,3.9980000000000473
6.433344667263085,3,100,6971,5,3000,core,Tracy_Olga,3.9980000000000473
3.115799083295849,3,100,7962,5,3000,A1,NTD,243.14499999999998
2.220232623915921,3,100,7962,5,3000,A2,NTD,243.14499999999998
7959.077846806167,3,100,7962,5,3000,A3,NTD,243.14499999999998
13.964705355401938,3,100,7962,5,3000,core,NTD,243.14499999999998
3.3502908202801334,3,100,7962,5,3000,A1,Ours,9.222999999999956
0.010790155724457616,3,100,7962,5,3000,A2,Ours,9.222999999999956
2.555324639948505,3,100,7962,5,3000,A3,Ours,9.222999999999956
11.800406691166359,3,100,7962,5,3000,core,Ours,9.222999999999956
3.3502908202801334,3,100,7962,5,3000,A1,HOSVD,2.7090000000002874
0.010790155724457616,3,100,7962,5,3000,A2,HOSVD,2.7090000000002874
2.5015714102985154,3,100,7962,5,3000,A3,HOSVD,2.7090000000002874
11.779847486370443,3,100,7962,5,3000,core,HOSVD,2.7090000000002874
3.414002549416879,3,100,7962,5,3000,A1,HOOI,7.780999999999949
0.011082619672176093,3,100,7962,5,3000,A2,HOOI,7.780999999999949
2.4749514830479105,3,100,7962,5,3000,A3,HOOI,7.780999999999949
11.828927855686713,3,100,7962,5,3000,core,HOOI,7.780999999999949
4.237106707103463,3,100,7962,5,3000,A1,Olga,4.595000000000255
0.01438995591235817,3,100,7962,5,3000,A2,Olga,4.595000000000255
2.8940102839439295,3,100,7962,5,3000,A3,Tracy,4.595000000000255
6.490915839998144,3,100,7962,5,3000,core,Tracy_Olga,4.595000000000255
6.2236242789484875,3,100,8951,5,3000,A1,NTD,273.27599999999984
4.0672068481158234,3,100,8951,5,3000,A2,NTD,273.27599999999984
8948.081470803381,3,100,8951,5,3000,A3,NTD,273.27599999999984
13.300106623568933,3,100,8951,5,3000,core,NTD,273.27599999999984
3.1548144464167125,3,100,8951,5,3000,A1,Ours,11.334000000000287
0.007832672055912643,3,100,8951,5,3000,A2,Ours,11.334000000000287
2.5386178152043573,3,100,8951,5,3000,A3,Ours,11.334000000000287
11.869950516111768,3,100,8951,5,3000,core,Ours,11.334000000000287
3.1548144464167125,3,100,8951,5,3000,A1,HOSVD,3.618999999999687
0.007832672055912643,3,100,8951,5,3000,A2,HOSVD,3.618999999999687
2.4529551067037016,3,100,8951,5,3000,A3,HOSVD,3.618999999999687
11.852605623454844,3,100,8951,5,3000,core,HOSVD,3.618999999999687
3.2214533023066,3,100,8951,5,3000,A1,HOOI,8.931999999999789
0.007920638255219981,3,100,8951,5,3000,A2,HOOI,8.931999999999789
2.4793017898018688,3,100,8951,5,3000,A3,HOOI,8.931999999999789
11.82800806604158,3,100,8951,5,3000,core,HOOI,8.931999999999789
5.891648643205511,3,100,8951,5,3000,A1,Olga,5.543999999999869
0.01222695496952511,3,100,8951,5,3000,A2,Olga,5.543999999999869
2.910503201034887,3,100,8951,5,3000,A3,Tracy,5.543999999999869
11.764118141466247,3,100,8951,5,3000,core,Tracy_Olga,5.543999999999869
88.22712444972908,3,100,9942,5,3000,A1,NTD,302.26800000000003
0.06721006509213152,3,100,9942,5,3000,A2,NTD,302.26800000000003
9939.103220899731,3,100,9942,5,3000,A3,NTD,302.26800000000003
8.012545421901159,3,100,9942,5,3000,core,NTD,302.26800000000003
4.838543670105263,3,100,9942,5,3000,A1,Ours,13.23299999999972
0.013948120185132206,3,100,9942,5,3000,A2,Ours,13.23299999999972
2.8800052192300094,3,100,9942,5,3000,A3,Ours,13.23299999999972
12.135867987604973,3,100,9942,5,3000,core,Ours,13.23299999999972
4.838543670105263,3,100,9942,5,3000,A1,HOSVD,3.400000000000091
0.013948120185132206,3,100,9942,5,3000,A2,HOSVD,3.400000000000091
2.480849030378477,3,100,9942,5,3000,A3,HOSVD,3.400000000000091
6.346176510559727,3,100,9942,5,3000,core,HOSVD,3.400000000000091
4.822215837960458,3,100,9942,5,3000,A1,HOOI,11.584000000000287
0.013024702739133054,3,100,9942,5,3000,A2,HOOI,11.584000000000287
2.4527513413652944,3,100,9942,5,3000,A3,HOOI,11.584000000000287
11.864578070314247,3,100,9942,5,3000,core,HOOI,11.584000000000287
5.578101575074088,3,100,9942,5,3000,A1,Olga,8.454999999999927
0.026062103384210195,3,100,9942,5,3000,A2,Olga,8.454999999999927
2.8954152067765784,3,100,9942,5,3000,A3,Tracy,8.454999999999927
6.503805810781303,3,100,9942,5,3000,core,Tracy_Olga,8.454999999999927
9.322881534634815,3,100,100,5,10000,A1,NTD,3.4909999999999854
0.3082671884060995,3,100,100,5,10000,A2,NTD,3.4909999999999854
97,3,100,100,5,10000,A3,NTD,3.4909999999999854
9.979432793625003,3,100,100,5,10000,core,NTD,3.4909999999999854
1.9988435033277334,3,100,100,5,10000,A1,Ours,0.17400000000043292
0.01398242586260932,3,100,100,5,10000,A2,Ours,0.17400000000043292
0.022436057135412434,3,100,100,5,10000,A3,Ours,0.17400000000043292
11.24041411270028,3,100,100,5,10000,core,Ours,0.17400000000043292
1.9988435033277334,3,100,100,5,10000,A1,HOSVD,0.20800000000008367
0.01398242586260932,3,100,100,5,10000,A2,HOSVD,0.20800000000008367
0.02243607625237526,3,100,100,5,10000,A3,HOSVD,0.20800000000008367
11.240413494149662,3,100,100,5,10000,core,HOSVD,0.20800000000008367
1.97527546863716,3,100,100,5,10000,A1,HOOI,0.2919999999999163
0.01439582890895449,3,100,100,5,10000,A2,HOOI,0.2919999999999163
0.0224070244649743,3,100,100,5,10000,A3,HOOI,0.2919999999999163
11.240533537368375,3,100,100,5,10000,core,HOOI,0.2919999999999163
1.9915294963488028,3,100,100,5,10000,A1,Olga,0.15999999999985448
0.007907296671567319,3,100,100,5,10000,A2,Olga,0.15999999999985448
0.9558080111884357,3,100,100,5,10000,A3,Tracy,0.15999999999985448
11.180617066324457,3,100,100,5,10000,core,Tracy_Olga,0.15999999999985448
10.749738458444513,3,100,500,5,10000,A1,NTD,14.903000000000247
0.3646244549928766,3,100,500,5,10000,A2,NTD,14.903000000000247
497.0000493627073,3,100,500,5,10000,A3,NTD,14.903000000000247
9.762562674190061,3,100,500,5,10000,core,NTD,14.903000000000247
2.1778824614561936,3,100,500,5,10000,A1,Ours,0.29300000000012005
0.011284152247376075,3,100,500,5,10000,A2,Ours,0.29300000000012005
0.046916856055558336,3,100,500,5,10000,A3,Ours,0.29300000000012005
11.255874615441677,3,100,500,5,10000,core,Ours,0.29300000000012005
2.1778824614561936,3,100,500,5,10000,A1,HOSVD,0.23099999999976717
0.011284152247376075,3,100,500,5,10000,A2,HOSVD,0.23099999999976717
0.04691814995318404,3,100,500,5,10000,A3,HOSVD,0.23099999999976717
11.255863770762913,3,100,500,5,10000,core,HOSVD,0.23099999999976717
2.1785771540111973,3,100,500,5,10000,A1,HOOI,0.6700000000000728
0.01136980415693034,3,100,500,5,10000,A2,HOOI,0.6700000000000728
0.04690982963246687,3,100,500,5,10000,A3,HOOI,0.6700000000000728
11.256293518665807,3,100,500,5,10000,core,HOOI,0.6700000000000728
1.537030936259702,3,100,500,5,10000,A1,Olga,0.3730000000000473
0.008708306714149378,3,100,500,5,10000,A2,Olga,0.3730000000000473
1.316369630750932,3,100,500,5,10000,A3,Tracy,0.3730000000000473
11.193811976018754,3,100,500,5,10000,core,Tracy_Olga,0.3730000000000473
4.746899665632878,3,100,1000,5,10000,A1,NTD,31.838000000000193
0.14393208358515777,3,100,1000,5,10000,A2,NTD,31.838000000000193
997.0001542061178,3,100,1000,5,10000,A3,NTD,31.838000000000193
13.468192938160968,3,100,1000,5,10000,core,NTD,31.838000000000193
1.7199975708342794,3,100,1000,5,10000,A1,Ours,0.5309999999999491
0.008505302583394452,3,100,1000,5,10000,A2,Ours,0.5309999999999491
0.06706055012562928,3,100,1000,5,10000,A3,Ours,0.5309999999999491
11.229748963893714,3,100,1000,5,10000,core,Ours,0.5309999999999491
1.7199975708342794,3,100,1000,5,10000,A1,HOSVD,0.40099999999983993
0.008505302583394452,3,100,1000,5,10000,A2,HOSVD,0.40099999999983993
0.06706583503927017,3,100,1000,5,10000,A3,HOSVD,0.40099999999983993
11.229719408963323,3,100,1000,5,10000,core,HOSVD,0.40099999999983993
1.7142795531546875,3,100,1000,5,10000,A1,HOOI,0.7650000000003274
0.008455109329493374,3,100,1000,5,10000,A2,HOOI,0.7650000000003274
0.06697854846488983,3,100,1000,5,10000,A3,HOOI,0.7650000000003274
11.230164839262086,3,100,1000,5,10000,core,HOOI,0.7650000000003274
1.625190216913097,3,100,1000,5,10000,A1,Olga,0.6069999999999709
0.002470026738187731,3,100,1000,5,10000,A2,Olga,0.6069999999999709
1.3654126363084123,3,100,1000,5,10000,A3,Tracy,0.6069999999999709
11.199365464430507,3,100,1000,5,10000,core,Tracy_Olga,0.6069999999999709
4.38266229976525,3,100,2499,5,10000,A1,NTD,89.51800000000003
0.07832854579312593,3,100,2499,5,10000,A2,NTD,89.51800000000003
2496.02939527092,3,100,2499,5,10000,A3,NTD,89.51800000000003
9.654674196118643,3,100,2499,5,10000,core,NTD,89.51800000000003
1.8904369245035433,3,100,2499,5,10000,A1,Ours,2.3960000000001855
0.0018830091201651096,3,100,2499,5,10000,A2,Ours,2.3960000000001855
2.4151603077643506,3,100,2499,5,10000,A3,Ours,2.3960000000001855
11.45565687126338,3,100,2499,5,10000,core,Ours,2.3960000000001855
1.8904369245035433,3,100,2499,5,10000,A1,HOSVD,1.0910000000003492
0.0018830091201651096,3,100,2499,5,10000,A2,HOSVD,1.0910000000003492
2.414607699623723,3,100,2499,5,10000,A3,HOSVD,1.0910000000003492
11.455686141278969,3,100,2499,5,10000,core,HOSVD,1.0910000000003492
1.9081713580237116,3,100,2499,5,10000,A1,HOOI,2.4900000000002365
0.0020678856891580234,3,100,2499,5,10000,A2,HOOI,2.4900000000002365
2.4140345632159486,3,100,2499,5,10000,A3,HOOI,2.4900000000002365
11.455120183363658,3,100,2499,5,10000,core,HOOI,2.4900000000002365
2.5190685717538797,3,100,2499,5,10000,A1,Olga,1.1570000000001528
0.006574401700237417,3,100,2499,5,10000,A2,Olga,1.1570000000001528
2.9002094746436553,3,100,2499,5,10000,A3,Tracy,1.1570000000001528
11.4486460703195,3,100,2499,5,10000,core,Tracy_Olga,1.1570000000001528
5.39694529724887,3,100,4995,5,10000,A1,NTD,181.23900000000003
0.9124626497463814,3,100,4995,5,10000,A2,NTD,181.23900000000003
4992.030144525663,3,100,4995,5,10000,A3,NTD,181.23900000000003
13.36656409607024,3,100,4995,5,10000,core,NTD,181.23900000000003
2.029359281091617,3,100,4995,5,10000,A1,Ours,14.322000000000116
0.003080277764814777,3,100,4995,5,10000,A2,Ours,14.322000000000116
2.4451630529291575,3,100,4995,5,10000,A3,Ours,14.322000000000116
11.785525274392784,3,100,4995,5,10000,core,Ours,14.322000000000116
2.029359281091617,3,100,4995,5,10000,A1,HOSVD,9.679999999999836
0.003080277764814777,3,100,4995,5,10000,A2,HOSVD,9.679999999999836
2.443050600780263,3,100,4995,5,10000,A3,HOSVD,9.679999999999836
11.784457035215725,3,100,4995,5,10000,core,HOSVD,9.679999999999836
2.021588562417118,3,100,4995,5,10000,A1,HOOI,11.272999999999683
0.002995316503127649,3,100,4995,5,10000,A2,HOOI,11.272999999999683
2.4453904800183786,3,100,4995,5,10000,A3,HOOI,11.272999999999683
11.785681366001892,3,100,4995,5,10000,core,HOOI,11.272999999999683
1.826902700548634,3,100,4995,5,10000,A1,Olga,9.996999999999844
0.007169409681044323,3,100,4995,5,10000,A2,Olga,9.996999999999844
2.956138023809224,3,100,4995,5,10000,A3,Tracy,9.996999999999844
11.762478533412118,3,100,4995,5,10000,core,Tracy_Olga,9.996999999999844
5.050849851114984,3,100,5997,5,10000,A1,NTD,201.3050000000003
4.7378598052793315,3,100,5997,5,10000,A2,NTD,201.3050000000003
5994.031208480723,3,100,5997,5,10000,A3,NTD,201.3050000000003
11.497188002231658,3,100,5997,5,10000,core,NTD,201.3050000000003
2.8171971736764094,3,100,5997,5,10000,A1,Ours,7.135999999999967
0.003410957374504506,3,100,5997,5,10000,A2,Ours,7.135999999999967
2.599817542687919,3,100,5997,5,10000,A3,Ours,7.135999999999967
10.983389245915236,3,100,5997,5,10000,core,Ours,7.135999999999967
2.8171971736764094,3,100,5997,5,10000,A1,HOSVD,2.755999999999858
0.003410957374504506,3,100,5997,5,10000,A2,HOSVD,2.755999999999858
2.5985302063977573,3,100,5997,5,10000,A3,HOSVD,2.755999999999858
10.981848272427282,3,100,5997,5,10000,core,HOSVD,2.755999999999858
2.81572936752559,3,100,5997,5,10000,A1,HOOI,5.581000000000131
0.00354572142156988,3,100,5997,5,10000,A2,HOOI,5.581000000000131
2.602516936244848,3,100,5997,5,10000,A3,HOOI,5.581000000000131
11.191241235193704,3,100,5997,5,10000,core,HOOI,5.581000000000131
1.7224244975628642,3,100,5997,5,10000,A1,Olga,3.269999999999982
0.006469235986203448,3,100,5997,5,10000,A2,Olga,3.269999999999982
2.91933943905733,3,100,5997,5,10000,A3,Tracy,3.269999999999982
11.673936454526856,3,100,5997,5,10000,core,Tracy_Olga,3.269999999999982
5.214639803568654,3,100,6990,5,10000,A1,NTD,220.10699999999997
0.586932237912965,3,100,6990,5,10000,A2,NTD,220.10699999999997
6987.034834719323,3,100,6990,5,10000,A3,NTD,220.10699999999997
13.385748940028229,3,100,6990,5,10000,core,NTD,220.10699999999997
3.503047934098622,3,100,6990,5,10000,A1,Ours,8.673999999999978
0.003989961704077056,3,100,6990,5,10000,A2,Ours,8.673999999999978
2.4285336983442565,3,100,6990,5,10000,A3,Ours,8.673999999999978
11.501271178180577,3,100,6990,5,10000,core,Ours,8.673999999999978
3.503047934098622,3,100,6990,5,10000,A1,HOSVD,2.618999999999687
0.003989961704077056,3,100,6990,5,10000,A2,HOSVD,2.618999999999687
2.4245656169771275,3,100,6990,5,10000,A3,HOSVD,2.618999999999687
11.501874593020709,3,100,6990,5,10000,core,HOSVD,2.618999999999687
3.5204702853344236,3,100,6990,5,10000,A1,HOOI,6.823999999999614
0.0037968297165569946,3,100,6990,5,10000,A2,HOOI,6.823999999999614
2.4252301895612285,3,100,6990,5,10000,A3,HOOI,6.823999999999614
11.501549130781443,3,100,6990,5,10000,core,HOOI,6.823999999999614
1.8759845559525976,3,100,6990,5,10000,A1,Olga,3.9249999999992724
0.0012828357572171678,3,100,6990,5,10000,A2,Olga,3.9249999999992724
2.9377543067402767,3,100,6990,5,10000,A3,Tracy,3.9249999999992724
11.501537986489954,3,100,6990,5,10000,core,Tracy_Olga,3.9249999999992724
4.007188319215831,3,100,7987,5,10000,A1,NTD,249.2529999999997
0.05300995773394123,3,100,7987,5,10000,A2,NTD,249.2529999999997
7984.035459556933,3,100,7987,5,10000,A3,NTD,249.2529999999997
15.110680416629025,3,100,7987,5,10000,core,NTD,249.2529999999997
1.9402746754144906,3,100,7987,5,10000,A1,Ours,9.84100000000035
0.015862336270561033,3,100,7987,5,10000,A2,Ours,9.84100000000035
2.46015715877571,3,100,7987,5,10000,A3,Ours,9.84100000000035
11.643914172355434,3,100,7987,5,10000,core,Ours,9.84100000000035
1.9402746754144906,3,100,7987,5,10000,A1,HOSVD,2.7840000000005602
0.015862336270561033,3,100,7987,5,10000,A2,HOSVD,2.7840000000005602
2.4561054249976015,3,100,7987,5,10000,A3,HOSVD,2.7840000000005602
11.640617528095007,3,100,7987,5,10000,core,HOSVD,2.7840000000005602
1.936168450990761,3,100,7987,5,10000,A1,HOOI,8.646999999999935
0.016063619340498794,3,100,7987,5,10000,A2,HOOI,8.646999999999935
2.4598351759146864,3,100,7987,5,10000,A3,HOOI,8.646999999999935
11.634668806678402,3,100,7987,5,10000,core,HOOI,8.646999999999935
2.033093197770985,3,100,7987,5,10000,A1,Olga,4.768000000000029
0.011030030615124663,3,100,7987,5,10000,A2,Olga,4.768000000000029
2.904301925276407,3,100,7987,5,10000,A3,Tracy,4.768000000000029
11.472260056444139,3,100,7987,5,10000,core,Tracy_Olga,4.768000000000029
6.2161653133976875,3,100,8987,5,10000,A1,NTD,279.83700000000044
0.35887140489967223,3,100,8987,5,10000,A2,NTD,279.83700000000044
8984.037812454948,3,100,8987,5,10000,A3,NTD,279.83700000000044
7.974948837042119,3,100,8987,5,10000,core,NTD,279.83700000000044
1.3540383222538594,3,100,8987,5,10000,A1,Ours,11.332999999999629
0.0035736051476973527,3,100,8987,5,10000,A2,Ours,11.332999999999629
2.4498382528953786,3,100,8987,5,10000,A3,Ours,11.332999999999629
11.818787511482643,3,100,8987,5,10000,core,Ours,11.332999999999629
1.3540383222538594,3,100,8987,5,10000,A1,HOSVD,3.030999999999949
0.0035736051476973527,3,100,8987,5,10000,A2,HOSVD,3.030999999999949
2.4430614370379615,3,100,8987,5,10000,A3,HOSVD,3.030999999999949
11.817072925481353,3,100,8987,5,10000,core,HOSVD,3.030999999999949
1.3667733338121808,3,100,8987,5,10000,A1,HOOI,9.93499999999949
0.0036641418845634686,3,100,8987,5,10000,A2,HOOI,9.93499999999949
2.4405874646660504,3,100,8987,5,10000,A3,HOOI,9.93499999999949
11.818464223427876,3,100,8987,5,10000,core,HOOI,9.93499999999949
2.146017165016563,3,100,8987,5,10000,A1,Olga,5.415999999999258
0.006927427480055421,3,100,8987,5,10000,A2,Olga,5.415999999999258
2.891939652583992,3,100,8987,5,10000,A3,Tracy,5.415999999999258
11.739989290908857,3,100,8987,5,10000,core,Tracy_Olga,5.415999999999258
81.4690823977553,3,100,9982,5,10000,A1,NTD,302.9969999999994
0.27918946451835813,3,100,9982,5,10000,A2,NTD,302.9969999999994
9979.040713811937,3,100,9982,5,10000,A3,NTD,302.9969999999994
15.225568891482956,3,100,9982,5,10000,core,NTD,302.9969999999994
2.1980563382445224,3,100,9982,5,10000,A1,Ours,12.338999999999942
0.015327488679548943,3,100,9982,5,10000,A2,Ours,12.338999999999942
2.4791561895797254,3,100,9982,5,10000,A3,Ours,12.338999999999942
11.498743400355123,3,100,9982,5,10000,core,Ours,12.338999999999942
2.1980563382445224,3,100,9982,5,10000,A1,HOSVD,2.8890000000001237
0.015327488679548943,3,100,9982,5,10000,A2,HOSVD,2.8890000000001237
2.471161635683844,3,100,9982,5,10000,A3,HOSVD,2.8890000000001237
11.49771445660523,3,100,9982,5,10000,core,HOSVD,2.8890000000001237
2.2085286501052943,3,100,9982,5,10000,A1,HOOI,10.855999999999767
0.015153510738529438,3,100,9982,5,10000,A2,HOOI,10.855999999999767
2.4706269861807435,3,100,9982,5,10000,A3,HOOI,10.855999999999767
11.499086658444877,3,100,9982,5,10000,core,HOOI,10.855999999999767
2.094666482302569,3,100,9982,5,10000,A1,Olga,6.35399999999936
0.003596778851526546,3,100,9982,5,10000,A2,Olga,6.35399999999936
2.9119238082096963,3,100,9982,5,10000,A3,Tracy,6.35399999999936
11.503599763325882,3,100,9982,5,10000,core,Tracy_Olga,6.35399999999936
