error,K,Q1,R,Q2,M,mode,method,time
11.302930487566629,3,100,100,5,100,A1,NTD,4.41
2.7724353209560872,3,100,100,5,100,A2,NTD,4.41
97.0069665886447,3,100,100,5,100,A3,NTD,4.41
11.74588756666178,3,100,100,5,100,core,NTD,4.41
18.261629091898943,3,100,100,5,100,A1,Ours,2.623000000000001
0.05955792132748684,3,100,100,5,100,A2,Ours,2.623000000000001
0.23547771629257855,3,100,100,5,100,A3,Ours,2.623000000000001
11.299975014394663,3,100,100,5,100,core,Ours,2.623000000000001
18.261629091898943,3,100,100,5,100,A1,HOSVD,1.6599999999999984
0.05955792132748684,3,100,100,5,100,A2,HOSVD,1.6599999999999984
0.2392916305165562,3,100,100,5,100,A3,HOSVD,1.6599999999999984
11.305870119087603,3,100,100,5,100,core,HOSVD,1.6599999999999984
20.678362309832004,3,100,100,5,100,A1,HOOI,1.8520000000000003
0.03806999700711752,3,100,100,5,100,A2,HOOI,1.8520000000000003
0.22755207802270294,3,100,100,5,100,A3,HOOI,1.8520000000000003
11.258085859194988,3,100,100,5,100,core,HOOI,1.8520000000000003
24.963878599009032,3,100,100,5,100,A1,Olga,1.352999999999998
1.1352479215452762,3,100,100,5,100,A2,Olga,1.352999999999998
1.0023090641314698,3,100,100,5,100,A3,Tracy,1.352999999999998
10.347678194017595,3,100,100,5,100,core,Tracy_Olga,1.352999999999998
29.120881980538854,3,100,497,5,100,A1,NTD,21.349
3.6939861368471836,3,100,497,5,100,A2,NTD,21.349
494.2361656323824,3,100,497,5,100,A3,NTD,21.349
12.990004679890317,3,100,497,5,100,core,NTD,21.349
24.458797062965072,3,100,497,5,100,A1,Ours,0.32099999999999795
0.20899188699198276,3,100,497,5,100,A2,Ours,0.32099999999999795
2.8049233328781034,3,100,497,5,100,A3,Ours,0.32099999999999795
11.93022611708026,3,100,497,5,100,core,Ours,0.32099999999999795
24.458797062965072,3,100,497,5,100,A1,HOSVD,1.591000000000001
0.20899188699198276,3,100,497,5,100,A2,HOSVD,1.591000000000001
2.4876539653222354,3,100,497,5,100,A3,HOSVD,1.591000000000001
12.462403190481547,3,100,497,5,100,core,HOSVD,1.591000000000001
23.62756127921599,3,100,497,5,100,A1,HOOI,4.044999999999995
0.10421149200543128,3,100,497,5,100,A2,HOOI,4.044999999999995
2.511114646093257,3,100,497,5,100,A3,HOOI,4.044999999999995
12.50669689896608,3,100,497,5,100,core,HOOI,4.044999999999995
25.00420593915715,3,100,497,5,100,A1,Olga,2.939
0.7589015307700814,3,100,497,5,100,A2,Olga,2.939
2.747296514229614,3,100,497,5,100,A3,Tracy,2.939
10.074443908771718,3,100,497,5,100,core,Tracy_Olga,2.939
37.13787824750819,3,100,981,5,100,A1,NTD,38.233000000000004
4.711548571010598,3,100,981,5,100,A2,NTD,38.233000000000004
978.2974968694684,3,100,981,5,100,A3,NTD,38.233000000000004
10.774604469834149,3,100,981,5,100,core,NTD,38.233000000000004
23.6280419123887,3,100,981,5,100,A1,Ours,5.022999999999996
0.1182304599585612,3,100,981,5,100,A2,Ours,5.022999999999996
4.714158294519564,3,100,981,5,100,A3,Ours,5.022999999999996
9.741249420444971,3,100,981,5,100,core,Ours,5.022999999999996
23.6280419123887,3,100,981,5,100,A1,HOSVD,8.939999999999998
0.1182304599585612,3,100,981,5,100,A2,HOSVD,8.939999999999998
2.587156877855384,3,100,981,5,100,A3,HOSVD,8.939999999999998
11.163865922679735,3,100,981,5,100,core,HOSVD,8.939999999999998
23.66206814702108,3,100,981,5,100,A1,HOOI,11.111000000000004
0.07640695374678066,3,100,981,5,100,A2,HOOI,11.111000000000004
2.6244424313038066,3,100,981,5,100,A3,HOOI,11.111000000000004
11.163865922679735,3,100,981,5,100,core,HOOI,11.111000000000004
31.971822850224406,3,100,981,5,100,A1,Olga,7.6710000000000065
2.206302584205546,3,100,981,5,100,A2,Olga,7.6710000000000065
2.83197579350332,3,100,981,5,100,A3,Tracy,7.6710000000000065
11.165690806382285,3,100,981,5,100,core,Tracy_Olga,7.6710000000000065
100.97775469940896,3,100,2368,5,100,A1,NTD,90.025
4.064486008852476,3,100,2368,5,100,A2,NTD,90.025
2365.427997103942,3,100,2368,5,100,A3,NTD,90.025
8.908809763166198,3,100,2368,5,100,core,NTD,90.025
23.63652942743939,3,100,2368,5,100,A1,Ours,1.9089999999999918
0.37156202440088,3,100,2368,5,100,A2,Ours,1.9089999999999918
5.214078390990604,3,100,2368,5,100,A3,Ours,1.9089999999999918
11.621343183965354,3,100,2368,5,100,core,Ours,1.9089999999999918
23.63652942743939,3,100,2368,5,100,A1,HOSVD,0.7839999999999918
0.37156202440088,3,100,2368,5,100,A2,HOSVD,0.7839999999999918
2.673548767193663,3,100,2368,5,100,A3,HOSVD,0.7839999999999918
11.751443190685595,3,100,2368,5,100,core,HOSVD,0.7839999999999918
22.428451643309206,3,100,2368,5,100,A1,HOOI,3.1699999999999875
0.31887776590061007,3,100,2368,5,100,A2,HOOI,3.1699999999999875
2.6969098428816385,3,100,2368,5,100,A3,HOOI,3.1699999999999875
11.46055461235715,3,100,2368,5,100,core,HOOI,3.1699999999999875
76.08670342049619,3,100,2368,5,100,A1,Olga,1.4240000000000066
3.9410275411908136,3,100,2368,5,100,A2,Olga,1.4240000000000066
2.921322734234112,3,100,2368,5,100,A3,Tracy,1.4240000000000066
12.572838266573111,3,100,2368,5,100,core,Tracy_Olga,1.4240000000000066
110.37114617467442,3,100,4555,5,100,A1,NTD,169.25900000000001
2.064531000762994,3,100,4555,5,100,A2,NTD,169.25900000000001
4552.5235740409835,3,100,4555,5,100,A3,NTD,169.25900000000001
8.745408244585308,3,100,4555,5,100,core,NTD,169.25900000000001
18.127143178323607,3,100,4555,5,100,A1,Ours,6.0190000000000055
0.1453439293397434,3,100,4555,5,100,A2,Ours,6.0190000000000055
5.248010450270723,3,100,4555,5,100,A3,Ours,6.0190000000000055
9.148991830234742,3,100,4555,5,100,core,Ours,6.0190000000000055
18.127143178323607,3,100,4555,5,100,A1,HOSVD,1.8140000000000214
0.1453439293397434,3,100,4555,5,100,A2,HOSVD,1.8140000000000214
2.761195924010144,3,100,4555,5,100,A3,HOSVD,1.8140000000000214
11.279624698412329,3,100,4555,5,100,core,HOSVD,1.8140000000000214
17.93376413931113,3,100,4555,5,100,A1,HOOI,8.341000000000008
0.08681076553123909,3,100,4555,5,100,A2,HOOI,8.341000000000008
3.986864499123205,3,100,4555,5,100,A3,HOOI,8.341000000000008
9.987436162799654,3,100,4555,5,100,core,HOOI,8.341000000000008
93.39742986585188,3,100,4555,5,100,A1,Olga,8.098000000000013
4.118095039642136,3,100,4555,5,100,A2,Olga,8.098000000000013
2.980636150215511,3,100,4555,5,100,A3,Tracy,8.098000000000013
8.617326998172935,3,100,4555,5,100,core,Tracy_Olga,8.098000000000013
124.99726124800583,3,100,5338,5,100,A1,NTD,197.49400000000009
3.2238350778677995,3,100,5338,5,100,A2,NTD,197.49400000000009
5335.537696036682,3,100,5338,5,100,A3,NTD,197.49400000000009
9.51616069512973,3,100,5338,5,100,core,NTD,197.49400000000009
22.74935230045869,3,100,5338,5,100,A1,Ours,6.393000000000029
0.13889109142625514,3,100,5338,5,100,A2,Ours,6.393000000000029
5.139429553199464,3,100,5338,5,100,A3,Ours,6.393000000000029
8.435713156968276,3,100,5338,5,100,core,Ours,6.393000000000029
22.74935230045869,3,100,5338,5,100,A1,HOSVD,1.76400000000001
0.13889109142625514,3,100,5338,5,100,A2,HOSVD,1.76400000000001
2.771963538664763,3,100,5338,5,100,A3,HOSVD,1.76400000000001
10.814013302310205,3,100,5338,5,100,core,HOSVD,1.76400000000001
21.821411253588103,3,100,5338,5,100,A1,HOOI,8.187000000000012
0.12680988494471535,3,100,5338,5,100,A2,HOOI,8.187000000000012
3.411916314929181,3,100,5338,5,100,A3,HOOI,8.187000000000012
8.19755340796165,3,100,5338,5,100,core,HOOI,8.187000000000012
86.13898970602762,3,100,5338,5,100,A1,Olga,2.9529999999999745
1.7755397210032866,3,100,5338,5,100,A2,Olga,2.9529999999999745
3.0341182238977575,3,100,5338,5,100,A3,Tracy,2.9529999999999745
11.797960505380686,3,100,5338,5,100,core,Tracy_Olga,2.9529999999999745
126.44034526034932,3,100,6121,5,100,A1,NTD,229.13800000000003
3.0822080403215497,3,100,6121,5,100,A2,NTD,229.13800000000003
6118.482913987884,3,100,6121,5,100,A3,NTD,229.13800000000003
10.439655122346458,3,100,6121,5,100,core,NTD,229.13800000000003
20.88971507346564,3,100,6121,5,100,A1,Ours,7.4640000000000555
0.11715984583646012,3,100,6121,5,100,A2,Ours,7.4640000000000555
5.14859821564867,3,100,6121,5,100,A3,Ours,7.4640000000000555
13.502174446409606,3,100,6121,5,100,core,Ours,7.4640000000000555
20.88971507346564,3,100,6121,5,100,A1,HOSVD,2.1469999999999345
0.11715984583646012,3,100,6121,5,100,A2,HOSVD,2.1469999999999345
2.814700336479765,3,100,6121,5,100,A3,HOSVD,2.1469999999999345
9.611294557158649,3,100,6121,5,100,core,HOSVD,2.1469999999999345
20.870101077237162,3,100,6121,5,100,A1,HOOI,8.399000000000001
0.09390763983544229,3,100,6121,5,100,A2,HOOI,8.399000000000001
3.9062902819687584,3,100,6121,5,100,A3,HOOI,8.399000000000001
12.618672458368287,3,100,6121,5,100,core,HOOI,8.399000000000001
87.65749277268397,3,100,6121,5,100,A1,Olga,3.3029999999999973
4.297330255839201,3,100,6121,5,100,A2,Olga,3.3029999999999973
3.742446966513879,3,100,6121,5,100,A3,Tracy,3.3029999999999973
10.984445423799887,3,100,6121,5,100,core,Tracy_Olga,3.3029999999999973
125.46737948840615,3,100,6859,5,100,A1,NTD,222.471
4.347445833787974,3,100,6859,5,100,A2,NTD,222.471
6856.555652436767,3,100,6859,5,100,A3,NTD,222.471
10.056257331183636,3,100,6859,5,100,core,NTD,222.471
18.067169698525095,3,100,6859,5,100,A1,Ours,13.559999999999945
0.08415367566663409,3,100,6859,5,100,A2,Ours,13.559999999999945
5.148978120745154,3,100,6859,5,100,A3,Ours,13.559999999999945
11.354251215603814,3,100,6859,5,100,core,Ours,13.559999999999945
17.356275210531997,3,100,6859,5,100,A1,HOOI,13.082000000000107
0.17989095192077925,3,100,6859,5,100,A2,HOOI,13.082000000000107
3.9536299766076906,3,100,6859,5,100,A3,HOOI,13.082000000000107
11.09102623480245,3,100,6859,5,100,core,HOOI,13.082000000000107
109.95110057875873,3,100,6859,5,100,A1,Olga,10.990000000000009
3.668660146258569,3,100,6859,5,100,A2,Olga,10.990000000000009
4.047597692521464,3,100,6859,5,100,A3,Tracy,10.990000000000009
10.241162379800345,3,100,6859,5,100,core,Tracy_Olga,10.990000000000009
119.4188164980647,3,100,7530,5,100,A1,NTD,234.17399999999998
2.711694626709175,3,100,7530,5,100,A2,NTD,234.17399999999998
7527.552700272745,3,100,7530,5,100,A3,NTD,234.17399999999998
10.83255996598213,3,100,7530,5,100,core,NTD,234.17399999999998
22.670117450030915,3,100,7530,5,100,A1,Ours,10.355999999999995
0.0972653633235452,3,100,7530,5,100,A2,Ours,10.355999999999995
5.288526158299353,3,100,7530,5,100,A3,Ours,10.355999999999995
11.14816394847036,3,100,7530,5,100,core,Ours,10.355999999999995
21.618740977931914,3,100,7530,5,100,A1,HOOI,11.155999999999949
0.1020272011488875,3,100,7530,5,100,A2,HOOI,11.155999999999949
3.92678847765028,3,100,7530,5,100,A3,HOOI,11.155999999999949
11.357025340732287,3,100,7530,5,100,core,HOOI,11.155999999999949
73.86521678902167,3,100,7530,5,100,A1,Olga,5.104999999999791
4.326397823174948,3,100,7530,5,100,A2,Olga,5.104999999999791
3.1305736700126103,3,100,7530,5,100,A3,Tracy,5.104999999999791
13.491766418211995,3,100,7530,5,100,core,Tracy_Olga,5.104999999999791
121.61257851531305,3,100,8264,5,100,A1,NTD,269.0920000000001
4.711630869710948,3,100,8264,5,100,A2,NTD,269.0920000000001
8261.58100651008,3,100,8264,5,100,A3,NTD,269.0920000000001
9.30503965402218,3,100,8264,5,100,core,NTD,269.0920000000001
19.693354595352126,3,100,8264,5,100,A1,Ours,21.48199999999997
0.0655133319168075,3,100,8264,5,100,A2,Ours,21.48199999999997
5.203279811009566,3,100,8264,5,100,A3,Ours,21.48199999999997
13.891177146288038,3,100,8264,5,100,core,Ours,21.48199999999997
19.693354595352126,3,100,8264,5,100,A1,HOSVD,13.578999999999951
0.0655133319168075,3,100,8264,5,100,A2,HOSVD,13.578999999999951
4.000050706657495,3,100,8264,5,100,A3,HOSVD,13.578999999999951
11.823413542365238,3,100,8264,5,100,core,HOSVD,13.578999999999951
19.174141199698443,3,100,8264,5,100,A1,HOOI,29.057000000000016
0.06744312621903008,3,100,8264,5,100,A2,HOOI,29.057000000000016
4.8797299758417765,3,100,8264,5,100,A3,HOOI,29.057000000000016
9.98149209494915,3,100,8264,5,100,core,HOOI,29.057000000000016
86.5006769546552,3,100,8264,5,100,A1,Olga,20.576999999999998
3.175887815185244,3,100,8264,5,100,A2,Olga,20.576999999999998
3.236958579245671,3,100,8264,5,100,A3,Tracy,20.576999999999998
12.92771270764398,3,100,8264,5,100,core,Tracy_Olga,20.576999999999998
5.24753568334937,3,100,100,5,3000,A1,NTD,3.3479999999999563
0.9330570422292999,3,100,100,5,3000,A2,NTD,3.3479999999999563
97,3,100,100,5,3000,A3,NTD,3.3479999999999563
9.038130131628026,3,100,100,5,3000,core,NTD,3.3479999999999563
4.203932197880025,3,100,100,5,3000,A1,Ours,8.023999999999887
0.014469851047100602,3,100,100,5,3000,A2,Ours,8.023999999999887
0.05131784352360953,3,100,100,5,3000,A3,Ours,8.023999999999887
10.82777649045149,3,100,100,5,3000,core,Ours,8.023999999999887
4.203932197880025,3,100,100,5,3000,A1,HOSVD,5.264000000000124
0.014469851047100602,3,100,100,5,3000,A2,HOSVD,5.264000000000124
0.0513188748636788,3,100,100,5,3000,A3,HOSVD,5.264000000000124
10.827779579721359,3,100,100,5,3000,core,HOSVD,5.264000000000124
4.117166910518775,3,100,100,5,3000,A1,HOOI,4.836999999999989
0.015856687789677512,3,100,100,5,3000,A2,HOOI,4.836999999999989
0.05154420149013243,3,100,100,5,3000,A3,HOOI,4.836999999999989
10.82421390642362,3,100,100,5,3000,core,HOOI,4.836999999999989
3.74945956913132,3,100,100,5,3000,A1,Olga,3.2250000000001364
0.014220711572613901,3,100,100,5,3000,A2,Olga,3.2250000000001364
0.963975940400567,3,100,100,5,3000,A3,Tracy,3.2250000000001364
12.375829973868607,3,100,100,5,3000,core,Tracy_Olga,3.2250000000001364
5.563917566764314,3,100,500,5,3000,A1,NTD,14.323999999999842
0.6286080255775941,3,100,500,5,3000,A2,NTD,14.323999999999842
497.0002864104237,3,100,500,5,3000,A3,NTD,14.323999999999842
10.780963626286807,3,100,500,5,3000,core,NTD,14.323999999999842
4.0828530167360935,3,100,500,5,3000,A1,Ours,5.3659999999999854
0.018707012761942105,3,100,500,5,3000,A2,Ours,5.3659999999999854
0.13904658356157185,3,100,500,5,3000,A3,Ours,5.3659999999999854
11.200347876707143,3,100,500,5,3000,core,Ours,5.3659999999999854
4.0828530167360935,3,100,500,5,3000,A1,HOSVD,3.9990000000000236
0.018707012761942105,3,100,500,5,3000,A2,HOSVD,3.9990000000000236
0.13897797178189722,3,100,500,5,3000,A3,HOSVD,3.9990000000000236
11.200104981803948,3,100,500,5,3000,core,HOSVD,3.9990000000000236
4.082617053414694,3,100,500,5,3000,A1,HOOI,6.149999999999864
0.01778577943103302,3,100,500,5,3000,A2,HOOI,6.149999999999864
0.1392295022661114,3,100,500,5,3000,A3,HOOI,6.149999999999864
11.20427374341884,3,100,500,5,3000,core,HOOI,6.149999999999864
3.6929367448691806,3,100,500,5,3000,A1,Olga,5.320999999999913
0.027020900925785653,3,100,500,5,3000,A2,Olga,5.320999999999913
1.272629877420741,3,100,500,5,3000,A3,Tracy,5.320999999999913
11.283123634353206,3,100,500,5,3000,core,Tracy_Olga,5.320999999999913
18.425488542128782,3,100,1000,5,3000,A1,NTD,32.75199999999995
0.4873966216776328,3,100,1000,5,3000,A2,NTD,32.75199999999995
997.0001305198108,3,100,1000,5,3000,A3,NTD,32.75199999999995
9.400291852932476,3,100,1000,5,3000,core,NTD,32.75199999999995
4.248702289118664,3,100,1000,5,3000,A1,Ours,1.647000000000162
0.020235676146961718,3,100,1000,5,3000,A2,Ours,1.647000000000162
0.43223872682212877,3,100,1000,5,3000,A3,Ours,1.647000000000162
10.988843821241925,3,100,1000,5,3000,core,Ours,1.647000000000162
4.248702289118664,3,100,1000,5,3000,A1,HOSVD,0.9959999999998672
0.020235676146961718,3,100,1000,5,3000,A2,HOSVD,0.9959999999998672
0.43164103617346217,3,100,1000,5,3000,A3,HOSVD,0.9959999999998672
10.988863801593947,3,100,1000,5,3000,core,HOSVD,0.9959999999998672
4.241984032388352,3,100,1000,5,3000,A1,HOOI,1.6109999999998763
0.02101265901077603,3,100,1000,5,3000,A2,HOOI,1.6109999999998763
0.4211588444423513,3,100,1000,5,3000,A3,HOOI,1.6109999999998763
11.00428880948997,3,100,1000,5,3000,core,HOOI,1.6109999999998763
4.870152119807259,3,100,1000,5,3000,A1,Olga,1.1849999999999454
0.017098846651237256,3,100,1000,5,3000,A2,Olga,1.1849999999999454
1.4445133279488982,3,100,1000,5,3000,A3,Tracy,1.1849999999999454
8.937405956960776,3,100,1000,5,3000,core,Tracy_Olga,1.1849999999999454
7.995714017685785,3,100,2499,5,3000,A1,NTD,91.91399999999999
1.4705166689500646,3,100,2499,5,3000,A2,NTD,91.91399999999999
2496.032177664432,3,100,2499,5,3000,A3,NTD,91.91399999999999
9.370248622943183,3,100,2499,5,3000,core,NTD,91.91399999999999
3.9853240854583833,3,100,2499,5,3000,A1,Ours,2.383000000000038
0.016957271546740305,3,100,2499,5,3000,A2,Ours,2.383000000000038
2.5513022432266914,3,100,2499,5,3000,A3,Ours,2.383000000000038
10.530824949695266,3,100,2499,5,3000,core,Ours,2.383000000000038
3.9853240854583833,3,100,2499,5,3000,A1,HOSVD,0.9009999999998399
0.016957271546740305,3,100,2499,5,3000,A2,HOSVD,0.9009999999998399
2.543428659709007,3,100,2499,5,3000,A3,HOSVD,0.9009999999998399
10.504791380663244,3,100,2499,5,3000,core,HOSVD,0.9009999999998399
4.012544992413375,3,100,2499,5,3000,A1,HOOI,2.4890000000000327
0.01704710602799917,3,100,2499,5,3000,A2,HOOI,2.4890000000000327
2.539871134074606,3,100,2499,5,3000,A3,HOOI,2.4890000000000327
10.556570680737343,3,100,2499,5,3000,core,HOOI,2.4890000000000327
4.309593838295906,3,100,2499,5,3000,A1,Olga,1.106999999999971
0.025440313246791912,3,100,2499,5,3000,A2,Olga,1.106999999999971
2.8822731114295626,3,100,2499,5,3000,A3,Tracy,1.106999999999971
8.766910831972712,3,100,2499,5,3000,core,Tracy_Olga,1.106999999999971
6.65766688115695,3,100,4988,5,3000,A1,NTD,174.7320000000002
1.3197268983943358,3,100,4988,5,3000,A2,NTD,174.7320000000002
4985.07652023427,3,100,4988,5,3000,A3,NTD,174.7320000000002
10.328969296145058,3,100,4988,5,3000,core,NTD,174.7320000000002
5.144745799714174,3,100,4988,5,3000,A1,Ours,5.280999999999949
0.029512021943064605,3,100,4988,5,3000,A2,Ours,5.280999999999949
2.556394554370343,3,100,4988,5,3000,A3,Ours,5.280999999999949
10.738784014282595,3,100,4988,5,3000,core,Ours,5.280999999999949
5.144745799714174,3,100,4988,5,3000,A1,HOSVD,1.7350000000001273
0.029512021943064605,3,100,4988,5,3000,A2,HOSVD,1.7350000000001273
2.525170415392053,3,100,4988,5,3000,A3,HOSVD,1.7350000000001273
10.599209408061283,3,100,4988,5,3000,core,HOSVD,1.7350000000001273
5.1397671041613755,3,100,4988,5,3000,A1,HOOI,4.548999999999978
0.027999916309928884,3,100,4988,5,3000,A2,HOOI,4.548999999999978
2.527053629533483,3,100,4988,5,3000,A3,HOOI,4.548999999999978
10.432086425601078,3,100,4988,5,3000,core,HOOI,4.548999999999978
4.687637173270878,3,100,4988,5,3000,A1,Olga,2.849999999999909
0.11566732547041593,3,100,4988,5,3000,A2,Olga,2.849999999999909
2.8151490266138217,3,100,4988,5,3000,A3,Tracy,2.849999999999909
11.746798134690883,3,100,4988,5,3000,core,Tracy_Olga,2.849999999999909
4.072767360084504,3,100,5988,5,3000,A1,NTD,200.70499999999993
1.3043399139986684,3,100,5988,5,3000,A2,NTD,200.70499999999993
5985.047195722083,3,100,5988,5,3000,A3,NTD,200.70499999999993
8.336579354671368,3,100,5988,5,3000,core,NTD,200.70499999999993
3.186820138113712,3,100,5988,5,3000,A1,Ours,8.184999999999945
0.015309509378749891,3,100,5988,5,3000,A2,Ours,8.184999999999945
2.613908479227753,3,100,5988,5,3000,A3,Ours,8.184999999999945
11.20844091002902,3,100,5988,5,3000,core,Ours,8.184999999999945
3.186820138113712,3,100,5988,5,3000,A1,HOSVD,3.1450000000004366
0.015309509378749891,3,100,5988,5,3000,A2,HOSVD,3.1450000000004366
2.578344551152224,3,100,5988,5,3000,A3,HOSVD,3.1450000000004366
11.246604022154239,3,100,5988,5,3000,core,HOSVD,3.1450000000004366
3.188322642905362,3,100,5988,5,3000,A1,HOOI,5.51299999999992
0.017277662018827203,3,100,5988,5,3000,A2,HOOI,5.51299999999992
2.583131071779204,3,100,5988,5,3000,A3,HOOI,5.51299999999992
11.24725107437669,3,100,5988,5,3000,core,HOOI,5.51299999999992
3.317410719497384,3,100,5988,5,3000,A1,Olga,3.1419999999998254
0.11578215082475199,3,100,5988,5,3000,A2,Olga,3.1419999999998254
2.79246936525693,3,100,5988,5,3000,A3,Tracy,3.1419999999998254
11.192129174782346,3,100,5988,5,3000,core,Tracy_Olga,3.1419999999998254
19.154787838228412,3,100,6967,5,3000,A1,NTD,227.7470000000003
3.958590744870437,3,100,6967,5,3000,A2,NTD,227.7470000000003
6964.073455636224,3,100,6967,5,3000,A3,NTD,227.7470000000003
10.657454687922854,3,100,6967,5,3000,core,NTD,227.7470000000003
3.5540722609542255,3,100,6967,5,3000,A1,Ours,8.81100000000015
0.02335279594621431,3,100,6967,5,3000,A2,Ours,8.81100000000015
2.6617705281130033,3,100,6967,5,3000,A3,Ours,8.81100000000015
11.968421035740956,3,100,6967,5,3000,core,Ours,8.81100000000015
3.5540722609542255,3,100,6967,5,3000,A1,HOSVD,2.6269999999999527
0.02335279594621431,3,100,6967,5,3000,A2,HOSVD,2.6269999999999527
2.6146137232997373,3,100,6967,5,3000,A3,HOSVD,2.6269999999999527
11.86505688235066,3,100,6967,5,3000,core,HOSVD,2.6269999999999527
3.5486135862231847,3,100,6967,5,3000,A1,HOOI,6.836999999999989
0.02831832407466302,3,100,6967,5,3000,A2,HOOI,6.836999999999989
2.6170132376627673,3,100,6967,5,3000,A3,HOOI,6.836999999999989
12.508702362037836,3,100,6967,5,3000,core,HOOI,6.836999999999989
3.719237078197866,3,100,6967,5,3000,A1,Olga,4.208000000000084
0.07692269218634355,3,100,6967,5,3000,A2,Olga,4.208000000000084
2.8237393628610645,3,100,6967,5,3000,A3,Tracy,4.208000000000084
11.124489204634006,3,100,6967,5,3000,core,Tracy_Olga,4.208000000000084
24.85735043795229,3,100,7958,5,3000,A1,NTD,254.08199999999988
1.397170455145269,3,100,7958,5,3000,A2,NTD,254.08199999999988
7955.077686136761,3,100,7958,5,3000,A3,NTD,254.08199999999988
11.774453658801981,3,100,7958,5,3000,core,NTD,254.08199999999988
4.498405832010905,3,100,7958,5,3000,A1,Ours,14.840999999999894
0.04440720226827508,3,100,7958,5,3000,A2,Ours,14.840999999999894
2.6572490330636853,3,100,7958,5,3000,A3,Ours,14.840999999999894
11.034601906830071,3,100,7958,5,3000,core,Ours,14.840999999999894
4.498405832010905,3,100,7958,5,3000,A1,HOSVD,6.4909999999999854
0.04440720226827508,3,100,7958,5,3000,A2,HOSVD,6.4909999999999854
2.597100914792296,3,100,7958,5,3000,A3,HOSVD,6.4909999999999854
11.17827111857951,3,100,7958,5,3000,core,HOSVD,6.4909999999999854
4.921112686105701,3,100,7958,5,3000,A1,HOOI,12.028000000000247
0.04617906192601043,3,100,7958,5,3000,A2,HOOI,12.028000000000247
2.6002682656970824,3,100,7958,5,3000,A3,HOOI,12.028000000000247
11.142997206072549,3,100,7958,5,3000,core,HOOI,12.028000000000247
3.7734686465858247,3,100,7958,5,3000,A1,Olga,14.088000000000193
0.2116018196906639,3,100,7958,5,3000,A2,Olga,14.088000000000193
2.8137415038064617,3,100,7958,5,3000,A3,Tracy,14.088000000000193
11.857385441699757,3,100,7958,5,3000,core,Tracy_Olga,14.088000000000193
9.108458140371432,3,100,8948,5,3000,A1,NTD,285.86799999999994
3.958591082898475,3,100,8948,5,3000,A2,NTD,285.86799999999994
8945.073699016963,3,100,8948,5,3000,A3,NTD,285.86799999999994
12.609091836277457,3,100,8948,5,3000,core,NTD,285.86799999999994
4.586177943794397,3,100,8948,5,3000,A1,Ours,14.849999999999909
0.012818736901594107,3,100,8948,5,3000,A2,Ours,14.849999999999909
2.6639402381850523,3,100,8948,5,3000,A3,Ours,14.849999999999909
10.983270086409265,3,100,8948,5,3000,core,Ours,14.849999999999909
4.586177943794397,3,100,8948,5,3000,A1,HOSVD,2.768000000000029
0.012818736901594107,3,100,8948,5,3000,A2,HOSVD,2.768000000000029
2.5870615875124936,3,100,8948,5,3000,A3,HOSVD,2.768000000000029
11.181582368774594,3,100,8948,5,3000,core,HOSVD,2.768000000000029
4.59782168310163,3,100,8948,5,3000,A1,HOOI,11.969000000000051
0.01664231921194592,3,100,8948,5,3000,A2,HOOI,11.969000000000051
2.5889517899739145,3,100,8948,5,3000,A3,HOOI,11.969000000000051
11.182636964363008,3,100,8948,5,3000,core,HOOI,11.969000000000051
3.8766005697868455,3,100,8948,5,3000,A1,Olga,6.558999999999742
0.14103558689374354,3,100,8948,5,3000,A2,Olga,6.558999999999742
2.8143674564417087,3,100,8948,5,3000,A3,Tracy,6.558999999999742
11.828900304309954,3,100,8948,5,3000,core,Tracy_Olga,6.558999999999742
5.237769896651072,3,100,9940,5,3000,A1,NTD,311.0300000000002
2.711666972747625,3,100,9940,5,3000,A2,NTD,311.0300000000002
9937.073298410973,3,100,9940,5,3000,A3,NTD,311.0300000000002
8.689108286196936,3,100,9940,5,3000,core,NTD,311.0300000000002
5.519305790649711,3,100,9940,5,3000,A1,Ours,33.778999999999996
0.022314582656950178,3,100,9940,5,3000,A2,Ours,33.778999999999996
2.694974323697594,3,100,9940,5,3000,A3,Ours,33.778999999999996
10.923987174349033,3,100,9940,5,3000,core,Ours,33.778999999999996
5.519305790649711,3,100,9940,5,3000,A1,HOSVD,22.653000000000247
0.022314582656950178,3,100,9940,5,3000,A2,HOSVD,22.653000000000247
2.6005101565721627,3,100,9940,5,3000,A3,HOSVD,22.653000000000247
11.185649090843356,3,100,9940,5,3000,core,HOSVD,22.653000000000247
5.514232978267641,3,100,9940,5,3000,A1,HOOI,32.48500000000013
0.018314676101848847,3,100,9940,5,3000,A2,HOOI,32.48500000000013
2.602382010481671,3,100,9940,5,3000,A3,HOOI,32.48500000000013
11.194774510653847,3,100,9940,5,3000,core,HOOI,32.48500000000013
3.917402347085536,3,100,9940,5,3000,A1,Olga,23.478999999999814
0.34253950658357535,3,100,9940,5,3000,A2,Olga,23.478999999999814
2.8211323005437867,3,100,9940,5,3000,A3,Tracy,23.478999999999814
11.217800029874223,3,100,9940,5,3000,core,Tracy_Olga,23.478999999999814
8.031840160111047,3,100,100,5,10000,A1,NTD,3.3179999999997563
1.1541143367440765,3,100,100,5,10000,A2,NTD,3.3179999999997563
97.000175490598,3,100,100,5,10000,A3,NTD,3.3179999999997563
10.307884456972431,3,100,100,5,10000,core,NTD,3.3179999999997563
2.4443300415597173,3,100,100,5,10000,A1,Ours,3.5900000000001455
0.01142281829509876,3,100,100,5,10000,A2,Ours,3.5900000000001455
0.02389038314422253,3,100,100,5,10000,A3,Ours,3.5900000000001455
11.134744999335291,3,100,100,5,10000,core,Ours,3.5900000000001455
2.4443300415597173,3,100,100,5,10000,A1,HOSVD,5.067000000000007
0.01142281829509876,3,100,100,5,10000,A2,HOSVD,5.067000000000007
0.02389080296420183,3,100,100,5,10000,A3,HOSVD,5.067000000000007
11.134745895832115,3,100,100,5,10000,core,HOSVD,5.067000000000007
2.440885777966558,3,100,100,5,10000,A1,HOOI,3.9279999999998836
0.010973615887923366,3,100,100,5,10000,A2,HOOI,3.9279999999998836
0.023881741478761504,3,100,100,5,10000,A3,HOOI,3.9279999999998836
11.134362851136112,3,100,100,5,10000,core,HOOI,3.9279999999998836
2.1430209620911436,3,100,100,5,10000,A1,Olga,2.9909999999999854
0.0058720141186470115,3,100,100,5,10000,A2,Olga,2.9909999999999854
0.9572667662060929,3,100,100,5,10000,A3,Tracy,2.9909999999999854
10.54640308884367,3,100,100,5,10000,core,Tracy_Olga,2.9909999999999854
6.973032333446175,3,100,500,5,10000,A1,NTD,14.951000000000022
2.7836106500337636,3,100,500,5,10000,A2,NTD,14.951000000000022
497.0002451569149,3,100,500,5,10000,A3,NTD,14.951000000000022
11.364707128412999,3,100,500,5,10000,core,NTD,14.951000000000022
2.6408487311052466,3,100,500,5,10000,A1,Ours,3.8320000000003347
0.015848665508887978,3,100,500,5,10000,A2,Ours,3.8320000000003347
0.055329046570308925,3,100,500,5,10000,A3,Ours,3.8320000000003347
10.774836561422747,3,100,500,5,10000,core,Ours,3.8320000000003347
2.6408487311052466,3,100,500,5,10000,A1,HOSVD,2.519999999999982
0.015848665508887978,3,100,500,5,10000,A2,HOSVD,2.519999999999982
0.055334426255254227,3,100,500,5,10000,A3,HOSVD,2.519999999999982
10.774842016098614,3,100,500,5,10000,core,HOSVD,2.519999999999982
2.6360379919124464,3,100,500,5,10000,A1,HOOI,3.780999999999949
0.016132983932429464,3,100,500,5,10000,A2,HOOI,3.780999999999949
0.055049767993281096,3,100,500,5,10000,A3,HOOI,3.780999999999949
10.774376888893563,3,100,500,5,10000,core,HOOI,3.780999999999949
1.8609769143249664,3,100,500,5,10000,A1,Olga,3.9549999999999272
0.015160308569570213,3,100,500,5,10000,A2,Olga,3.9549999999999272
1.264975078301329,3,100,500,5,10000,A3,Tracy,3.9549999999999272
10.742191920626547,3,100,500,5,10000,core,Tracy_Olga,3.9549999999999272
6.415794318966668,3,100,1000,5,10000,A1,NTD,32.639000000000124
1.4424819047434576,3,100,1000,5,10000,A2,NTD,32.639000000000124
997.00012971579,3,100,1000,5,10000,A3,NTD,32.639000000000124
12.304832445387497,3,100,1000,5,10000,core,NTD,32.639000000000124
2.833452068098807,3,100,1000,5,10000,A1,Ours,0.7709999999997308
0.020384341437099992,3,100,1000,5,10000,A2,Ours,0.7709999999997308
0.074931224739639965,3,100,1000,5,10000,A3,Ours,0.7709999999997308
10.786836158365706,3,100,1000,5,10000,core,Ours,0.7709999999997308
2.833452068098807,3,100,1000,5,10000,A1,HOSVD,0.4600000000000364
0.020384341437099992,3,100,1000,5,10000,A2,HOSVD,0.4600000000000364
0.07493084430851919,3,100,1000,5,10000,A3,HOSVD,0.4600000000000364
10.78683986087337,3,100,1000,5,10000,core,HOSVD,0.4600000000000364
2.8407997434799706,3,100,1000,5,10000,A1,HOOI,1.0019999999999527
0.020060408836331894,3,100,1000,5,10000,A2,HOOI,1.0019999999999527
0.07493648595934888,3,100,1000,5,10000,A3,HOOI,1.0019999999999527
10.78713436968767,3,100,1000,5,10000,core,HOOI,1.0019999999999527
1.8954492309781155,3,100,1000,5,10000,A1,Olga,0.5019999999999527
0.029953109154830675,3,100,1000,5,10000,A2,Olga,0.5019999999999527
1.3398911922403434,3,100,1000,5,10000,A3,Tracy,0.5019999999999527
10.751510996867188,3,100,1000,5,10000,core,Tracy_Olga,0.5019999999999527
16.800093685951726,3,100,2500,5,10000,A1,NTD,95.52799999999979
2.980609109347843,3,100,2500,5,10000,A2,NTD,95.52799999999979
2497.0001761166645,3,100,2500,5,10000,A3,NTD,95.52799999999979
10.173648905283724,3,100,2500,5,10000,core,NTD,95.52799999999979
1.8217722510149734,3,100,2500,5,10000,A1,Ours,3.250999999999749
0.007071255949370871,3,100,2500,5,10000,A2,Ours,3.250999999999749
0.7812984272912552,3,100,2500,5,10000,A3,Ours,3.250999999999749
10.816223029372109,3,100,2500,5,10000,core,Ours,3.250999999999749
1.8217722510149734,3,100,2500,5,10000,A1,HOSVD,2.31899999999996
0.007071255949370871,3,100,2500,5,10000,A2,HOSVD,2.31899999999996
0.7809732091855301,3,100,2500,5,10000,A3,HOSVD,2.31899999999996
10.813826943402598,3,100,2500,5,10000,core,HOSVD,2.31899999999996
1.8255076805783021,3,100,2500,5,10000,A1,HOOI,2.324999999999818
0.007554823279760003,3,100,2500,5,10000,A2,HOOI,2.324999999999818
0.7858628249532879,3,100,2500,5,10000,A3,HOOI,2.324999999999818
10.821724353520048,3,100,2500,5,10000,core,HOOI,2.324999999999818
1.7547265098750293,3,100,2500,5,10000,A1,Olga,1.08600000000024
0.01577755908222876,3,100,2500,5,10000,A2,Olga,1.08600000000024
1.5966468226824553,3,100,2500,5,10000,A3,Tracy,1.08600000000024
8.560268345822639,3,100,2500,5,10000,core,Tracy_Olga,1.08600000000024
6.14312618005806,3,100,4997,5,10000,A1,NTD,178.3789999999999
2.4509636135930544,3,100,4997,5,10000,A2,NTD,178.3789999999999
4994.012823696697,3,100,4997,5,10000,A3,NTD,178.3789999999999
6.907570816465778,3,100,4997,5,10000,core,NTD,178.3789999999999
2.5890225158788946,3,100,4997,5,10000,A1,Ours,5.94800000000032
0.008439231068417843,3,100,4997,5,10000,A2,Ours,5.94800000000032
2.538700646600494,3,100,4997,5,10000,A3,Ours,5.94800000000032
11.003639090378593,3,100,4997,5,10000,core,Ours,5.94800000000032
2.5890225158788946,3,100,4997,5,10000,A1,HOSVD,2.3090000000001965
0.008439231068417843,3,100,4997,5,10000,A2,HOSVD,2.3090000000001965
2.5358110188806444,3,100,4997,5,10000,A3,HOSVD,2.3090000000001965
11.008928071070176,3,100,4997,5,10000,core,HOSVD,2.3090000000001965
2.5835794134088634,3,100,4997,5,10000,A1,HOOI,5.067000000000462
0.008068527429219544,3,100,4997,5,10000,A2,HOOI,5.067000000000462
2.534502506531612,3,100,4997,5,10000,A3,HOOI,5.067000000000462
11.023970130089142,3,100,4997,5,10000,core,HOOI,5.067000000000462
1.8181677201155328,3,100,4997,5,10000,A1,Olga,4.568999999999505
0.013968177046449693,3,100,4997,5,10000,A2,Olga,4.568999999999505
2.8349484569753414,3,100,4997,5,10000,A3,Tracy,4.568999999999505
11.002016265674502,3,100,4997,5,10000,core,Tracy_Olga,4.568999999999505
19.656665287355843,3,100,5994,5,10000,A1,NTD,208.85500000000047
4.51553158852968,3,100,5994,5,10000,A2,NTD,208.85500000000047
5991.022873563018,3,100,5994,5,10000,A3,NTD,208.85500000000047
11.279944964383391,3,100,5994,5,10000,core,NTD,208.85500000000047
2.468645562907996,3,100,5994,5,10000,A1,Ours,6.992000000000189
0.009118838787200411,3,100,5994,5,10000,A2,Ours,6.992000000000189
2.556466802199004,3,100,5994,5,10000,A3,Ours,6.992000000000189
10.952929900625072,3,100,5994,5,10000,core,Ours,6.992000000000189
2.468645562907996,3,100,5994,5,10000,A1,HOSVD,1.9979999999995925
0.009118838787200411,3,100,5994,5,10000,A2,HOSVD,1.9979999999995925
2.5522701854897223,3,100,5994,5,10000,A3,HOSVD,1.9979999999995925
10.939335746190116,3,100,5994,5,10000,core,HOSVD,1.9979999999995925
2.463629445168997,3,100,5994,5,10000,A1,HOOI,6.556999999999789
0.009485537021959476,3,100,5994,5,10000,A2,HOOI,6.556999999999789
2.5559090276115723,3,100,5994,5,10000,A3,HOOI,6.556999999999789
10.90274601207195,3,100,5994,5,10000,core,HOOI,6.556999999999789
2.181760505066386,3,100,5994,5,10000,A1,Olga,3.6359999999995125
0.025285736763834714,3,100,5994,5,10000,A2,Olga,3.6359999999995125
2.8530403742286583,3,100,5994,5,10000,A3,Tracy,3.6359999999995125
10.927629899926302,3,100,5994,5,10000,core,Tracy_Olga,3.6359999999995125
6.089658155356783,3,100,6994,5,10000,A1,NTD,233.52499999999964
0.3754993628083801,3,100,6994,5,10000,A2,NTD,233.52499999999964
6991.038920213887,3,100,6994,5,10000,A3,NTD,233.52499999999964
6.808246350617573,3,100,6994,5,10000,core,NTD,233.52499999999964
1.8690815911437981,3,100,6994,5,10000,A1,Ours,10.018000000000029
0.008288321536711026,3,100,6994,5,10000,A2,Ours,10.018000000000029
2.5688658442962358,3,100,6994,5,10000,A3,Ours,10.018000000000029
12.68181046243315,3,100,6994,5,10000,core,Ours,10.018000000000029
1.8690815911437981,3,100,6994,5,10000,A1,HOSVD,3.0590000000001965
0.008288321536711026,3,100,6994,5,10000,A2,HOSVD,3.0590000000001965
2.5635275382198195,3,100,6994,5,10000,A3,HOSVD,3.0590000000001965
12.670228052422102,3,100,6994,5,10000,core,HOSVD,3.0590000000001965
1.868539200668987,3,100,6994,5,10000,A1,HOOI,8.34100000000035
0.008650031077708845,3,100,6994,5,10000,A2,HOOI,8.34100000000035
2.5640591113694557,3,100,6994,5,10000,A3,HOOI,8.34100000000035
12.678757105939749,3,100,6994,5,10000,core,HOOI,8.34100000000035
2.493791593002162,3,100,6994,5,10000,A1,Olga,4.796999999999571
0.0379904075178103,3,100,6994,5,10000,A2,Olga,4.796999999999571
2.8494032684594406,3,100,6994,5,10000,A3,Tracy,4.796999999999571
11.34244038738537,3,100,6994,5,10000,core,Tracy_Olga,4.796999999999571
6.93276227447756,3,100,7993,5,10000,A1,NTD,267.6819999999998
1.078539047863763,3,100,7993,5,10000,A2,NTD,267.6819999999998
7990.0413549731675,3,100,7993,5,10000,A3,NTD,267.6819999999998
11.491074514774594,3,100,7993,5,10000,core,NTD,267.6819999999998
2.04834268937176,3,100,7993,5,10000,A1,Ours,13.453999999999724
0.016069007127127458,3,100,7993,5,10000,A2,Ours,13.453999999999724
2.5350813393083236,3,100,7993,5,10000,A3,Ours,13.453999999999724
12.814750737243191,3,100,7993,5,10000,core,Ours,13.453999999999724
2.04834268937176,3,100,7993,5,10000,A1,HOSVD,3.3120000000008076
0.016069007127127458,3,100,7993,5,10000,A2,HOSVD,3.3120000000008076
2.527814263716426,3,100,7993,5,10000,A3,HOSVD,3.3120000000008076
12.807187921236205,3,100,7993,5,10000,core,HOSVD,3.3120000000008076
2.048386218529897,3,100,7993,5,10000,A1,HOOI,12.49200000000019
0.016100556215924756,3,100,7993,5,10000,A2,HOOI,12.49200000000019
2.525004266120811,3,100,7993,5,10000,A3,HOOI,12.49200000000019
12.695212760145854,3,100,7993,5,10000,core,HOOI,12.49200000000019
1.6787635810116495,3,100,7993,5,10000,A1,Olga,4.931000000000495
0.0544933204166783,3,100,7993,5,10000,A2,Olga,4.931000000000495
2.846442214495336,3,100,7993,5,10000,A3,Tracy,4.931000000000495
12.758522223929479,3,100,7993,5,10000,core,Tracy_Olga,4.931000000000495
8.28062415074236,3,100,8986,5,10000,A1,NTD,285.116
1.4556111604136295,3,100,8986,5,10000,A2,NTD,285.116
8983.032919944275,3,100,8986,5,10000,A3,NTD,285.116
12.092579450909152,3,100,8986,5,10000,core,NTD,285.116
2.2727495679400684,3,100,8986,5,10000,A1,Ours,15.744000000000597
0.027999587723877953,3,100,8986,5,10000,A2,Ours,15.744000000000597
2.5545373361567343,3,100,8986,5,10000,A3,Ours,15.744000000000597
11.122535749298043,3,100,8986,5,10000,core,Ours,15.744000000000597
2.2727495679400684,3,100,8986,5,10000,A1,HOSVD,3.4899999999997817
0.027999587723877953,3,100,8986,5,10000,A2,HOSVD,3.4899999999997817
2.5462736743730754,3,100,8986,5,10000,A3,HOSVD,3.4899999999997817
11.124095110650357,3,100,8986,5,10000,core,HOSVD,3.4899999999997817
2.271218784540119,3,100,8986,5,10000,A1,HOOI,13.67699999999968
0.027238171112259596,3,100,8986,5,10000,A2,HOOI,13.67699999999968
2.5473696107459656,3,100,8986,5,10000,A3,HOOI,13.67699999999968
11.128198742360237,3,100,8986,5,10000,core,HOOI,13.67699999999968
2.3652501843668476,3,100,8986,5,10000,A1,Olga,6.458000000000538
0.028977386955524913,3,100,8986,5,10000,A2,Olga,6.458000000000538
2.828266027472797,3,100,8986,5,10000,A3,Tracy,6.458000000000538
12.310660854245357,3,100,8986,5,10000,core,Tracy_Olga,6.458000000000538
5.4842621732659635,3,100,9982,5,10000,A1,NTD,317.97599999999966
2.303693780742468,3,100,9982,5,10000,A2,NTD,317.97599999999966
9979.041333726389,3,100,9982,5,10000,A3,NTD,317.97599999999966
11.242193707239016,3,100,9982,5,10000,core,NTD,317.97599999999966
1.8430357210182498,3,100,9982,5,10000,A1,Ours,17.938000000000102
0.005508619931267994,3,100,9982,5,10000,A2,Ours,17.938000000000102
2.570728139744058,3,100,9982,5,10000,A3,Ours,17.938000000000102
11.242449089761461,3,100,9982,5,10000,core,Ours,17.938000000000102
1.8430357210182498,3,100,9982,5,10000,A1,HOSVD,3.367000000000189
0.005508619931267994,3,100,9982,5,10000,A2,HOSVD,3.367000000000189
2.5612423778179405,3,100,9982,5,10000,A3,HOSVD,3.367000000000189
11.247900358819468,3,100,9982,5,10000,core,HOSVD,3.367000000000189
1.8320552934336616,3,100,9982,5,10000,A1,HOOI,16.635999999999513
0.00474398272809948,3,100,9982,5,10000,A2,HOOI,16.635999999999513
2.560134786823708,3,100,9982,5,10000,A3,HOOI,16.635999999999513
11.244713288763968,3,100,9982,5,10000,core,HOOI,16.635999999999513
2.21365404947179,3,100,9982,5,10000,A1,Olga,7.457000000000335
0.038214198248394046,3,100,9982,5,10000,A2,Olga,7.457000000000335
2.8117337126817747,3,100,9982,5,10000,A3,Tracy,7.457000000000335
12.285623029071596,3,100,9982,5,10000,core,Tracy_Olga,7.457000000000335
