error,K,Q1,R,Q2,M,mode,method,time
7.165357731049303,3,100,100,5,100,A1,NTD,4.155
1.7348488305441352,3,100,100,5,100,A2,NTD,4.155
97.00589285421628,3,100,100,5,100,A3,NTD,4.155
12.603620748871808,3,100,100,5,100,core,NTD,4.155
22.567426154892157,3,100,100,5,100,A1,Ours,3.228999999999999
0.17252901046206,3,100,100,5,100,A2,Ours,3.228999999999999
0.26600500089478507,3,100,100,5,100,A3,Ours,3.228999999999999
12.529178971600468,3,100,100,5,100,core,Ours,3.228999999999999
22.567426154892157,3,100,100,5,100,A1,HOSVD,1.376999999999999
0.17252901046206,3,100,100,5,100,A2,HOSVD,1.376999999999999
0.2729503649470063,3,100,100,5,100,A3,HOSVD,1.376999999999999
12.526647977134628,3,100,100,5,100,core,HOSVD,1.376999999999999
22.36252152106841,3,100,100,5,100,A1,HOOI,2.4160000000000004
0.07786068227889291,3,100,100,5,100,A2,HOOI,2.4160000000000004
0.2501463489850806,3,100,100,5,100,A3,HOOI,2.4160000000000004
12.484667620826627,3,100,100,5,100,core,HOOI,2.4160000000000004
17.201691912051007,3,100,100,5,100,A1,Olga,1.279
0.2752765521209288,3,100,100,5,100,A2,Olga,1.279
0.9531383629183829,3,100,100,5,100,A3,Tracy,1.279
13.675895717389894,3,100,100,5,100,core,Tracy_Olga,1.279
7.358400668773261,3,100,495,5,100,A1,NTD,21.366
3.2527699654653395,3,100,495,5,100,A2,NTD,21.366
492.2224961767663,3,100,495,5,100,A3,NTD,21.366
11.2815356419443,3,100,495,5,100,core,NTD,21.366
21.616404303398514,3,100,495,5,100,A1,Ours,2.5259999999999962
0.15809209819902578,3,100,495,5,100,A2,Ours,2.5259999999999962
2.7730479049423367,3,100,495,5,100,A3,Ours,2.5259999999999962
11.771693980565534,3,100,495,5,100,core,Ours,2.5259999999999962
21.616404303398514,3,100,495,5,100,A1,HOSVD,4.055
0.15809209819902578,3,100,495,5,100,A2,HOSVD,4.055
2.401152614603765,3,100,495,5,100,A3,HOSVD,4.055
14.294611368926692,3,100,495,5,100,core,HOSVD,4.055
21.467899689515885,3,100,495,5,100,A1,HOOI,4.408999999999999
0.1990265736205721,3,100,495,5,100,A2,HOOI,4.408999999999999
2.4284055254126438,3,100,495,5,100,A3,HOOI,4.408999999999999
14.258261047245567,3,100,495,5,100,core,HOOI,4.408999999999999
23.68594234150392,3,100,495,5,100,A1,Olga,3.5960000000000036
0.6049467497910821,3,100,495,5,100,A2,Olga,3.5960000000000036
2.7218754360410173,3,100,495,5,100,A3,Tracy,3.5960000000000036
13.509459785687032,3,100,495,5,100,core,Tracy_Olga,3.5960000000000036
14.911019415192039,3,100,983,5,100,A1,NTD,39.075
3.14229074284434,3,100,983,5,100,A2,NTD,39.075
980.2937391486684,3,100,983,5,100,A3,NTD,39.075
11.426882190754139,3,100,983,5,100,core,NTD,39.075
18.984737208023308,3,100,983,5,100,A1,Ours,9.869
0.16397769146639277,3,100,983,5,100,A2,Ours,9.869
3.1805997228881995,3,100,983,5,100,A3,Ours,9.869
12.839492131734385,3,100,983,5,100,core,Ours,9.869
18.984737208023308,3,100,983,5,100,A1,HOSVD,10.161000000000001
0.16397769146639277,3,100,983,5,100,A2,HOSVD,10.161000000000001
2.5291487151224215,3,100,983,5,100,A3,HOSVD,10.161000000000001
13.720483048440387,3,100,983,5,100,core,HOSVD,10.161000000000001
18.550634476196205,3,100,983,5,100,A1,HOOI,9.356000000000009
0.10008439117982569,3,100,983,5,100,A2,HOOI,9.356000000000009
2.5405226413554027,3,100,983,5,100,A3,HOOI,9.356000000000009
13.720483048440387,3,100,983,5,100,core,HOOI,9.356000000000009
26.262405495143376,3,100,983,5,100,A1,Olga,8.658000000000001
3.50204487432893,3,100,983,5,100,A2,Olga,8.658000000000001
2.810160118711845,3,100,983,5,100,A3,Tracy,8.658000000000001
11.999296666513361,3,100,983,5,100,core,Tracy_Olga,8.658000000000001
104.33183153733657,3,100,2377,5,100,A1,NTD,90.23600000000002
3.3249290618698106,3,100,2377,5,100,A2,NTD,90.23600000000002
2374.441423293088,3,100,2377,5,100,A3,NTD,90.23600000000002
8.96028831050707,3,100,2377,5,100,core,NTD,90.23600000000002
28.893883041657716,3,100,2377,5,100,A1,Ours,6.987000000000023
0.11214533085556926,3,100,2377,5,100,A2,Ours,6.987000000000023
4.405305574043045,3,100,2377,5,100,A3,Ours,6.987000000000023
11.34498393130037,3,100,2377,5,100,core,Ours,6.987000000000023
28.893883041657716,3,100,2377,5,100,A1,HOSVD,4.7050000000000125
0.11214533085556926,3,100,2377,5,100,A2,HOSVD,4.7050000000000125
2.6227153063922515,3,100,2377,5,100,A3,HOSVD,4.7050000000000125
13.508536344140087,3,100,2377,5,100,core,HOSVD,4.7050000000000125
22.660790226743867,3,100,2377,5,100,A1,HOOI,5.920999999999992
0.13028808676491802,3,100,2377,5,100,A2,HOOI,5.920999999999992
2.689833854564843,3,100,2377,5,100,A3,HOOI,5.920999999999992
13.84160617729858,3,100,2377,5,100,core,HOOI,5.920999999999992
37.75313639796949,3,100,2377,5,100,A1,Olga,4
4.245974033319569,3,100,2377,5,100,A2,Olga,4
2.934176651017651,3,100,2377,5,100,A3,Tracy,4
10.20461687510509,3,100,2377,5,100,core,Tracy_Olga,4
116.95439466326278,3,100,4510,5,100,A1,NTD,162.448
3.2376949082924074,3,100,4510,5,100,A2,NTD,162.448
4507.578312150344,3,100,4510,5,100,A3,NTD,162.448
12.04491999223301,3,100,4510,5,100,core,NTD,162.448
22.686893731811228,3,100,4510,5,100,A1,Ours,14.072999999999979
0.19992997675950017,3,100,4510,5,100,A2,Ours,14.072999999999979
4.6535268534507015,3,100,4510,5,100,A3,Ours,14.072999999999979
11.20000243087089,3,100,4510,5,100,core,Ours,14.072999999999979
22.686893731811228,3,100,4510,5,100,A1,HOSVD,14.657999999999959
0.19992997675950017,3,100,4510,5,100,A2,HOSVD,14.657999999999959
2.744529048969885,3,100,4510,5,100,A3,HOSVD,14.657999999999959
10.910299854822059,3,100,4510,5,100,core,HOSVD,14.657999999999959
22.693577642013974,3,100,4510,5,100,A1,HOOI,19.841999999999985
0.17718557462592388,3,100,4510,5,100,A2,HOOI,19.841999999999985
3.3716492373216864,3,100,4510,5,100,A3,HOOI,19.841999999999985
10.075456613061043,3,100,4510,5,100,core,HOOI,19.841999999999985
54.51709112326575,3,100,4510,5,100,A1,Olga,12.809000000000026
3.8167875771262243,3,100,4510,5,100,A2,Olga,12.809000000000026
4.206075150108164,3,100,4510,5,100,A3,Tracy,12.809000000000026
8.9581497408576,3,100,4510,5,100,core,Tracy_Olga,12.809000000000026
120.75024752206699,3,100,5312,5,100,A1,NTD,182.411
5.142144614810233,3,100,5312,5,100,A2,NTD,182.411
5309.598048688345,3,100,5312,5,100,A3,NTD,182.411
11.090473400816208,3,100,5312,5,100,core,NTD,182.411
20.22952768042226,3,100,5312,5,100,A1,Ours,6.871999999999957
0.16036237728445152,3,100,5312,5,100,A2,Ours,6.871999999999957
5.298228877279186,3,100,5312,5,100,A3,Ours,6.871999999999957
10.407531404779581,3,100,5312,5,100,core,Ours,6.871999999999957
20.249219890167012,3,100,5312,5,100,A1,HOOI,12.89799999999991
0.032885150528950566,3,100,5312,5,100,A2,HOOI,12.89799999999991
3.819229637442984,3,100,5312,5,100,A3,HOOI,12.89799999999991
9.043690885777531,3,100,5312,5,100,core,HOOI,12.89799999999991
124.12594767223003,3,100,6078,5,100,A1,NTD,197.832
3.2143057889189213,3,100,6078,5,100,A2,NTD,197.832
6075.604217900557,3,100,6078,5,100,A3,NTD,197.832
11.269389005216794,3,100,6078,5,100,core,NTD,197.832
24.98434650479295,3,100,6078,5,100,A1,Ours,6.231999999999971
0.09465453464580248,3,100,6078,5,100,A2,Ours,6.231999999999971
5.206228477135098,3,100,6078,5,100,A3,Ours,6.231999999999971
11.640451018118403,3,100,6078,5,100,core,Ours,6.231999999999971
24.98434650479295,3,100,6078,5,100,A1,HOSVD,1.967999999999961
0.09465453464580248,3,100,6078,5,100,A2,HOSVD,1.967999999999961
4.895447068751255,3,100,6078,5,100,A3,HOSVD,1.967999999999961
12.286006549413802,3,100,6078,5,100,core,HOSVD,1.967999999999961
24.62029034840309,3,100,6078,5,100,A1,HOOI,8.288999999999987
0.06205747680468514,3,100,6078,5,100,A2,HOOI,8.288999999999987
3.838836170855429,3,100,6078,5,100,A3,HOOI,8.288999999999987
10.177586294976404,3,100,6078,5,100,core,HOOI,8.288999999999987
72.40153117712585,3,100,6078,5,100,A1,Olga,3.4689999999999372
3.6716634129230536,3,100,6078,5,100,A2,Olga,3.4689999999999372
3.9449157848382175,3,100,6078,5,100,A3,Tracy,3.4689999999999372
10.409268146694556,3,100,6078,5,100,core,Tracy_Olga,3.4689999999999372
126.24392834561591,3,100,6824,5,100,A1,NTD,223.163
1.6201939492332298,3,100,6824,5,100,A2,NTD,223.163
6821.662975785559,3,100,6824,5,100,A3,NTD,223.163
9.830974628579886,3,100,6824,5,100,core,NTD,223.163
20.007257008885016,3,100,6824,5,100,A1,Ours,8.650000000000091
0.09354741826445123,3,100,6824,5,100,A2,Ours,8.650000000000091
5.309905220455643,3,100,6824,5,100,A3,Ours,8.650000000000091
10.465484563230154,3,100,6824,5,100,core,Ours,8.650000000000091
20.007257008885016,3,100,6824,5,100,A1,HOSVD,6.856999999999971
0.09354741826445123,3,100,6824,5,100,A2,HOSVD,6.856999999999971
4.274851123500562,3,100,6824,5,100,A3,HOSVD,6.856999999999971
14.580081657200388,3,100,6824,5,100,core,HOSVD,6.856999999999971
20.041287887220786,3,100,6824,5,100,A1,HOOI,15.167000000000144
0.07952440929247472,3,100,6824,5,100,A2,HOOI,15.167000000000144
3.490357188411381,3,100,6824,5,100,A3,HOOI,15.167000000000144
7.728860609345598,3,100,6824,5,100,core,HOOI,15.167000000000144
126.68378276185348,3,100,7515,5,100,A1,NTD,240.49700000000007
1.2143159568592334,3,100,7515,5,100,A2,NTD,240.49700000000007
7512.6365830965015,3,100,7515,5,100,A3,NTD,240.49700000000007
11.650496036694854,3,100,7515,5,100,core,NTD,240.49700000000007
22.753717703765588,3,100,7515,5,100,A1,Ours,9.93600000000015
0.14791893732347589,3,100,7515,5,100,A2,Ours,9.93600000000015
5.338095186656971,3,100,7515,5,100,A3,Ours,9.93600000000015
8.949953710934738,3,100,7515,5,100,core,Ours,9.93600000000015
22.396112861349117,3,100,7515,5,100,A1,HOOI,10.846000000000004
0.1166696263150995,3,100,7515,5,100,A2,HOOI,10.846000000000004
2.9601547511900463,3,100,7515,5,100,A3,HOOI,10.846000000000004
13.790107208830486,3,100,7515,5,100,core,HOOI,10.846000000000004
78.32080061206499,3,100,7515,5,100,A1,Olga,5.067999999999984
3.3646626556099912,3,100,7515,5,100,A2,Olga,5.067999999999984
4.864258488802154,3,100,7515,5,100,A3,Tracy,5.067999999999984
12.093432646850367,3,100,7515,5,100,core,Tracy_Olga,5.067999999999984
124.77709162218808,3,100,8196,5,100,A1,NTD,271.78
3.214333815970025,3,100,8196,5,100,A2,NTD,271.78
8193.655044596157,3,100,8196,5,100,A3,NTD,271.78
11.334557697032494,3,100,8196,5,100,core,NTD,271.78
26.33506009286555,3,100,8196,5,100,A1,Ours,21.131999999999834
0.1368550072302484,3,100,8196,5,100,A2,Ours,21.131999999999834
5.333421210730012,3,100,8196,5,100,A3,Ours,21.131999999999834
8.949954112534785,3,100,8196,5,100,core,Ours,21.131999999999834
26.337477263984763,3,100,8196,5,100,A1,HOOI,26.345000000000027
0.04566306473582355,3,100,8196,5,100,A2,HOOI,26.345000000000027
3.961436889166178,3,100,8196,5,100,A3,HOOI,26.345000000000027
10.139889714092025,3,100,8196,5,100,core,HOOI,26.345000000000027
2.772949543101849,3,100,100,5,3000,A1,NTD,3.2200000000000273
0.7172779797413089,3,100,100,5,3000,A2,NTD,3.2200000000000273
97.00002116022037,3,100,100,5,3000,A3,NTD,3.2200000000000273
12.145724037357176,3,100,100,5,3000,core,NTD,3.2200000000000273
3.723967431431724,3,100,100,5,3000,A1,Ours,5.5
0.01668294233087892,3,100,100,5,3000,A2,Ours,5.5
0.04014083728990613,3,100,100,5,3000,A3,Ours,5.5
10.826933329537168,3,100,100,5,3000,core,Ours,5.5
3.723967431431724,3,100,100,5,3000,A1,HOSVD,5.352999999999838
0.01668294233087892,3,100,100,5,3000,A2,HOSVD,5.352999999999838
0.04014375038551555,3,100,100,5,3000,A3,HOSVD,5.352999999999838
10.826931316318403,3,100,100,5,3000,core,HOSVD,5.352999999999838
3.7525779916562296,3,100,100,5,3000,A1,HOOI,6.201000000000022
0.01705521103355688,3,100,100,5,3000,A2,HOOI,6.201000000000022
0.0402767549453087,3,100,100,5,3000,A3,HOOI,6.201000000000022
10.826167595536296,3,100,100,5,3000,core,HOOI,6.201000000000022
2.7486433539399084,3,100,100,5,3000,A1,Olga,3.727000000000089
0.007569556782162582,3,100,100,5,3000,A2,Olga,3.727000000000089
0.9183885975584769,3,100,100,5,3000,A3,Tracy,3.727000000000089
10.77527462351491,3,100,100,5,3000,core,Tracy_Olga,3.727000000000089
2.4525045788943336,3,100,500,5,3000,A1,NTD,14.18899999999985
0.2071508238056164,3,100,500,5,3000,A2,NTD,14.18899999999985
497.0000988464355,3,100,500,5,3000,A3,NTD,14.18899999999985
11.28801774991722,3,100,500,5,3000,core,NTD,14.18899999999985
5.616980844749188,3,100,500,5,3000,A1,Ours,5.2650000000001
0.013540084594673815,3,100,500,5,3000,A2,Ours,5.2650000000001
0.08529391713210924,3,100,500,5,3000,A3,Ours,5.2650000000001
13.299578827359822,3,100,500,5,3000,core,Ours,5.2650000000001
5.616980844749188,3,100,500,5,3000,A1,HOSVD,5.332000000000107
0.013540084594673815,3,100,500,5,3000,A2,HOSVD,5.332000000000107
0.08531280641029648,3,100,500,5,3000,A3,HOSVD,5.332000000000107
13.29949634902344,3,100,500,5,3000,core,HOSVD,5.332000000000107
5.594327480859368,3,100,500,5,3000,A1,HOOI,5.613999999999805
0.013466752206236745,3,100,500,5,3000,A2,HOOI,5.613999999999805
0.08522086481287035,3,100,500,5,3000,A3,HOOI,5.613999999999805
13.300114854046514,3,100,500,5,3000,core,HOOI,5.613999999999805
3.0170678070507675,3,100,500,5,3000,A1,Olga,2.009999999999991
0.02086829875559142,3,100,500,5,3000,A2,Olga,2.009999999999991
1.2338520584624644,3,100,500,5,3000,A3,Tracy,2.009999999999991
13.30806758022929,3,100,500,5,3000,core,Tracy_Olga,2.009999999999991
2.169262029413459,3,100,1000,5,3000,A1,NTD,34.75
0.15986994642888447,3,100,1000,5,3000,A2,NTD,34.75
997.0006280817157,3,100,1000,5,3000,A3,NTD,34.75
12.450518268587066,3,100,1000,5,3000,core,NTD,34.75
4.225963461635202,3,100,1000,5,3000,A1,Ours,0.4839999999999236
0.027856812090894304,3,100,1000,5,3000,A2,Ours,0.4839999999999236
0.51852950633093,3,100,1000,5,3000,A3,Ours,0.4839999999999236
11.986356391158962,3,100,1000,5,3000,core,Ours,0.4839999999999236
4.225963461635202,3,100,1000,5,3000,A1,HOSVD,0.5389999999999873
0.027856812090894304,3,100,1000,5,3000,A2,HOSVD,0.5389999999999873
0.5186852556968695,3,100,1000,5,3000,A3,HOSVD,0.5389999999999873
11.985728661355102,3,100,1000,5,3000,core,HOSVD,0.5389999999999873
4.416192587944765,3,100,1000,5,3000,A1,HOOI,0.7400000000000091
0.026825228324383218,3,100,1000,5,3000,A2,HOOI,0.7400000000000091
0.5187368910347996,3,100,1000,5,3000,A3,HOOI,0.7400000000000091
11.982187157761325,3,100,1000,5,3000,core,HOOI,0.7400000000000091
3.1813103840218613,3,100,1000,5,3000,A1,Olga,0.5499999999999545
0.03372901454608404,3,100,1000,5,3000,A2,Olga,0.5499999999999545
1.4401918648576186,3,100,1000,5,3000,A3,Tracy,0.5499999999999545
11.981501324756898,3,100,1000,5,3000,core,Tracy_Olga,0.5499999999999545
2.283001598760368,3,100,2498,5,3000,A1,NTD,90.52099999999996
0.19469374625513938,3,100,2498,5,3000,A2,NTD,90.52099999999996
2495.039428225518,3,100,2498,5,3000,A3,NTD,90.52099999999996
12.767157590181018,3,100,2498,5,3000,core,NTD,90.52099999999996
5.616122077510134,3,100,2498,5,3000,A1,Ours,3.369999999999891
0.00899884269996875,3,100,2498,5,3000,A2,Ours,3.369999999999891
2.8603465221069757,3,100,2498,5,3000,A3,Ours,3.369999999999891
14.084049232988654,3,100,2498,5,3000,core,Ours,3.369999999999891
5.616122077510134,3,100,2498,5,3000,A1,HOSVD,2.088999999999942
0.00899884269996875,3,100,2498,5,3000,A2,HOSVD,2.088999999999942
2.8573958946901987,3,100,2498,5,3000,A3,HOSVD,2.088999999999942
14.078028106797534,3,100,2498,5,3000,core,HOSVD,2.088999999999942
5.610130442539604,3,100,2498,5,3000,A1,HOOI,3.2170000000000982
0.008819975948488264,3,100,2498,5,3000,A2,HOOI,3.2170000000000982
2.8744504747802826,3,100,2498,5,3000,A3,HOOI,3.2170000000000982
14.077953307573983,3,100,2498,5,3000,core,HOOI,3.2170000000000982
4.464604511502808,3,100,2498,5,3000,A1,Olga,1.3260000000000218
0.0713579854795834,3,100,2498,5,3000,A2,Olga,1.3260000000000218
3.059360508503871,3,100,2498,5,3000,A3,Tracy,1.3260000000000218
12.059667485659535,3,100,2498,5,3000,core,Tracy_Olga,1.3260000000000218
2.104029636432844,3,100,4988,5,3000,A1,NTD,174.212
2.4844202986444555,3,100,4988,5,3000,A2,NTD,174.212
4985.074719536535,3,100,4988,5,3000,A3,NTD,174.212
11.72240456444772,3,100,4988,5,3000,core,NTD,174.212
3.579084758719628,3,100,4988,5,3000,A1,Ours,5.08600000000024
0.010295951728364328,3,100,4988,5,3000,A2,Ours,5.08600000000024
2.548559900925052,3,100,4988,5,3000,A3,Ours,5.08600000000024
13.720476850447657,3,100,4988,5,3000,core,Ours,5.08600000000024
3.579084758719628,3,100,4988,5,3000,A1,HOSVD,3.48700000000008
0.010295951728364328,3,100,4988,5,3000,A2,HOSVD,3.48700000000008
2.5266721651181756,3,100,4988,5,3000,A3,HOSVD,3.48700000000008
13.703810542446906,3,100,4988,5,3000,core,HOSVD,3.48700000000008
3.575468968056364,3,100,4988,5,3000,A1,HOOI,7.036999999999807
0.011618207679685908,3,100,4988,5,3000,A2,HOOI,7.036999999999807
2.5290602366121506,3,100,4988,5,3000,A3,HOOI,7.036999999999807
13.69999466855043,3,100,4988,5,3000,core,HOOI,7.036999999999807
3.9750218459009536,3,100,4988,5,3000,A1,Olga,3.813999999999851
0.13928746557815533,3,100,4988,5,3000,A2,Olga,3.813999999999851
2.8607383047915613,3,100,4988,5,3000,A3,Tracy,3.813999999999851
13.719410920297806,3,100,4988,5,3000,core,Tracy_Olga,3.813999999999851
1.445987396275775,3,100,5978,5,3000,A1,NTD,191.32299999999987
3.214335740685304,3,100,5978,5,3000,A2,NTD,191.32299999999987
5975.106774781477,3,100,5978,5,3000,A3,NTD,191.32299999999987
9.918344109561323,3,100,5978,5,3000,core,NTD,191.32299999999987
4.642320017984061,3,100,5978,5,3000,A1,Ours,8.303000000000338
0.026525397276992276,3,100,5978,5,3000,A2,Ours,8.303000000000338
2.556701031290282,3,100,5978,5,3000,A3,Ours,8.303000000000338
13.729908894006943,3,100,5978,5,3000,core,Ours,8.303000000000338
4.642320017984061,3,100,5978,5,3000,A1,HOSVD,2.7530000000001564
0.026525397276992276,3,100,5978,5,3000,A2,HOSVD,2.7530000000001564
2.5259349120430397,3,100,5978,5,3000,A3,HOSVD,2.7530000000001564
13.70543003158718,3,100,5978,5,3000,core,HOSVD,2.7530000000001564
4.653993600015077,3,100,5978,5,3000,A1,HOOI,5.7280000000000655
0.025211013523049913,3,100,5978,5,3000,A2,HOOI,5.7280000000000655
2.5276143745089295,3,100,5978,5,3000,A3,HOOI,5.7280000000000655
13.719346102342891,3,100,5978,5,3000,core,HOOI,5.7280000000000655
4.004838411617401,3,100,5978,5,3000,A1,Olga,5.489000000000033
0.08641706820183946,3,100,5978,5,3000,A2,Olga,5.489000000000033
2.8644743863431312,3,100,5978,5,3000,A3,Tracy,5.489000000000033
13.693966202899754,3,100,5978,5,3000,core,Tracy_Olga,5.489000000000033
2.2883557869886006,3,100,6973,5,3000,A1,NTD,215.9760000000001
3.2527550324677326,3,100,6973,5,3000,A2,NTD,215.9760000000001
6970.0821234094765,3,100,6973,5,3000,A3,NTD,215.9760000000001
11.485574350678933,3,100,6973,5,3000,core,NTD,215.9760000000001
4.434172734120848,3,100,6973,5,3000,A1,Ours,7.936999999999898
0.028144647276285496,3,100,6973,5,3000,A2,Ours,7.936999999999898
2.587487761347752,3,100,6973,5,3000,A3,Ours,7.936999999999898
10.919561196314124,3,100,6973,5,3000,core,Ours,7.936999999999898
4.434172734120848,3,100,6973,5,3000,A1,HOSVD,2.4390000000003056
0.028144647276285496,3,100,6973,5,3000,A2,HOSVD,2.4390000000003056
2.5461831748295984,3,100,6973,5,3000,A3,HOSVD,2.4390000000003056
10.910203040204745,3,100,6973,5,3000,core,HOSVD,2.4390000000003056
4.438918486533851,3,100,6973,5,3000,A1,HOOI,7.329999999999927
0.02717100350474938,3,100,6973,5,3000,A2,HOOI,7.329999999999927
2.5450706696307166,3,100,6973,5,3000,A3,HOOI,7.329999999999927
10.916802723734211,3,100,6973,5,3000,core,HOOI,7.329999999999927
3.6240678760975653,3,100,6973,5,3000,A1,Olga,3.980000000000018
0.10085684175586278,3,100,6973,5,3000,A2,Olga,3.980000000000018
2.870729579327687,3,100,6973,5,3000,A3,Tracy,3.980000000000018
10.904487465038162,3,100,6973,5,3000,core,Tracy_Olga,3.980000000000018
62.65724039895953,3,100,7962,5,3000,A1,NTD,252.80099999999993
3.209295370669071,3,100,7962,5,3000,A2,NTD,252.80099999999993
7959.118309117131,3,100,7962,5,3000,A3,NTD,252.80099999999993
11.375963871668906,3,100,7962,5,3000,core,NTD,252.80099999999993
5.148571942338037,3,100,7962,5,3000,A1,Ours,12.748999999999796
0.011927809283636624,3,100,7962,5,3000,A2,Ours,12.748999999999796
2.6091938825819567,3,100,7962,5,3000,A3,Ours,12.748999999999796
10.910562637312188,3,100,7962,5,3000,core,Ours,12.748999999999796
5.148571942338037,3,100,7962,5,3000,A1,HOSVD,8.419000000000324
0.011927809283636624,3,100,7962,5,3000,A2,HOSVD,8.419000000000324
2.5556310134168756,3,100,7962,5,3000,A3,HOSVD,8.419000000000324
10.898289739623387,3,100,7962,5,3000,core,HOSVD,8.419000000000324
5.1241298410810865,3,100,7962,5,3000,A1,HOOI,9.855000000000018
0.009694182608222622,3,100,7962,5,3000,A2,HOOI,9.855000000000018
2.5654872824315493,3,100,7962,5,3000,A3,HOOI,9.855000000000018
10.967904441395218,3,100,7962,5,3000,core,HOOI,9.855000000000018
4.210566597320499,3,100,7962,5,3000,A1,Olga,14.764000000000124
0.15495263001012816,3,100,7962,5,3000,A2,Olga,14.764000000000124
2.8746756210811513,3,100,7962,5,3000,A3,Tracy,14.764000000000124
10.89412852982952,3,100,7962,5,3000,core,Tracy_Olga,14.764000000000124
1.867116717412603,3,100,8950,5,3000,A1,NTD,282.38599999999997
1.6201906048992945,3,100,8950,5,3000,A2,NTD,282.38599999999997
8947.102764891302,3,100,8950,5,3000,A3,NTD,282.38599999999997
11.991049932649984,3,100,8950,5,3000,core,NTD,282.38599999999997
4.640558992558362,3,100,8950,5,3000,A1,Ours,12.106999999999971
0.015386136870783369,3,100,8950,5,3000,A2,Ours,12.106999999999971
2.5932279602929884,3,100,8950,5,3000,A3,Ours,12.106999999999971
10.915537357886533,3,100,8950,5,3000,core,Ours,12.106999999999971
4.640558992558362,3,100,8950,5,3000,A1,HOSVD,2.987999999999829
0.015386136870783369,3,100,8950,5,3000,A2,HOSVD,2.987999999999829
2.5254609787517897,3,100,8950,5,3000,A3,HOSVD,2.987999999999829
10.899101599003094,3,100,8950,5,3000,core,HOSVD,2.987999999999829
4.654693014860579,3,100,8950,5,3000,A1,HOOI,9.842999999999847
0.015723826425163994,3,100,8950,5,3000,A2,HOOI,9.842999999999847
2.5208226769835425,3,100,8950,5,3000,A3,HOOI,9.842999999999847
10.907896326244776,3,100,8950,5,3000,core,HOOI,9.842999999999847
3.645455968974693,3,100,8950,5,3000,A1,Olga,6.351999999999862
0.13573817287732112,3,100,8950,5,3000,A2,Olga,6.351999999999862
2.8574114713741534,3,100,8950,5,3000,A3,Tracy,6.351999999999862
13.704911835440223,3,100,8950,5,3000,core,Tracy_Olga,6.351999999999862
2.586298297315197,3,100,9940,5,3000,A1,NTD,320.55600000000004
3.324924102064346,3,100,9940,5,3000,A2,NTD,320.55600000000004
9937.128719383463,3,100,9940,5,3000,A3,NTD,320.55600000000004
11.24586714672025,3,100,9940,5,3000,core,NTD,320.55600000000004
5.949533514647162,3,100,9940,5,3000,A1,Ours,33.43000000000029
0.024631212743519246,3,100,9940,5,3000,A2,Ours,33.43000000000029
2.6182376732327333,3,100,9940,5,3000,A3,Ours,33.43000000000029
13.743887504372454,3,100,9940,5,3000,core,Ours,33.43000000000029
5.949533514647162,3,100,9940,5,3000,A1,HOSVD,26.45199999999977
0.024631212743519246,3,100,9940,5,3000,A2,HOSVD,26.45199999999977
2.5336267064719453,3,100,9940,5,3000,A3,HOSVD,26.45199999999977
13.670368401393645,3,100,9940,5,3000,core,HOSVD,26.45199999999977
5.933254800032553,3,100,9940,5,3000,A1,HOOI,26.11100000000033
0.029531010361006943,3,100,9940,5,3000,A2,HOOI,26.11100000000033
2.5310708398161292,3,100,9940,5,3000,A3,HOOI,26.11100000000033
13.719282965268826,3,100,9940,5,3000,core,HOOI,26.11100000000033
4.3422077309849465,3,100,9940,5,3000,A1,Olga,25.478999999999814
0.24511838250952703,3,100,9940,5,3000,A2,Olga,25.478999999999814
2.869875835438148,3,100,9940,5,3000,A3,Tracy,25.478999999999814
13.72367244644274,3,100,9940,5,3000,core,Tracy_Olga,25.478999999999814
5.235140093693642,3,100,100,5,10000,A1,NTD,3.4880000000002838
0.4161638984243327,3,100,100,5,10000,A2,NTD,3.4880000000002838
97,3,100,100,5,10000,A3,NTD,3.4880000000002838
11.339742192464172,3,100,100,5,10000,core,NTD,3.4880000000002838
2.0473602981472276,3,100,100,5,10000,A1,Ours,4.074000000000069
0.014508605922726637,3,100,100,5,10000,A2,Ours,4.074000000000069
0.025005014125820412,3,100,100,5,10000,A3,Ours,4.074000000000069
13.305930215072621,3,100,100,5,10000,core,Ours,4.074000000000069
2.0473602981472276,3,100,100,5,10000,A1,HOSVD,3.9320000000002437
0.014508605922726637,3,100,100,5,10000,A2,HOSVD,3.9320000000002437
0.025005242599215577,3,100,100,5,10000,A3,HOSVD,3.9320000000002437
13.305929920705298,3,100,100,5,10000,core,HOSVD,3.9320000000002437
2.038940164352426,3,100,100,5,10000,A1,HOOI,3.2910000000001673
0.015264683864874945,3,100,100,5,10000,A2,HOOI,3.2910000000001673
0.02494875265671897,3,100,100,5,10000,A3,HOOI,3.2910000000001673
13.306214287350464,3,100,100,5,10000,core,HOOI,3.2910000000001673
1.9788066757045137,3,100,100,5,10000,A1,Olga,3.2269999999998618
0.010091807571191085,3,100,100,5,10000,A2,Olga,3.2269999999998618
0.9195787431347747,3,100,100,5,10000,A3,Tracy,3.2269999999998618
13.287496733675752,3,100,100,5,10000,core,Tracy_Olga,3.2269999999998618
2.3039493987553237,3,100,500,5,10000,A1,NTD,14.718000000000302
1.422752778776593,3,100,500,5,10000,A2,NTD,14.718000000000302
497.0000069098348,3,100,500,5,10000,A3,NTD,14.718000000000302
11.481938687279643,3,100,500,5,10000,core,NTD,14.718000000000302
3.4574925799105105,3,100,500,5,10000,A1,Ours,3.4320000000002437
0.014462159169487069,3,100,500,5,10000,A2,Ours,3.4320000000002437
0.049095676297163604,3,100,500,5,10000,A3,Ours,3.4320000000002437
13.325813313708144,3,100,500,5,10000,core,Ours,3.4320000000002437
3.4574925799105105,3,100,500,5,10000,A1,HOSVD,2.768000000000029
0.014462159169487069,3,100,500,5,10000,A2,HOSVD,2.768000000000029
0.04909525614107954,3,100,500,5,10000,A3,HOSVD,2.768000000000029
13.32580692825394,3,100,500,5,10000,core,HOSVD,2.768000000000029
3.4611637927271284,3,100,500,5,10000,A1,HOOI,3.2539999999999054
0.015518598651198375,3,100,500,5,10000,A2,HOOI,3.2539999999999054
0.04919368303703315,3,100,500,5,10000,A3,HOOI,3.2539999999999054
13.32586664911231,3,100,500,5,10000,core,HOOI,3.2539999999999054
2.4264979944512786,3,100,500,5,10000,A1,Olga,3.625999999999749
0.0025176161696171713,3,100,500,5,10000,A2,Olga,3.625999999999749
1.2305636883166189,3,100,500,5,10000,A3,Tracy,3.625999999999749
10.804777973451651,3,100,500,5,10000,core,Tracy_Olga,3.625999999999749
2.5900971237275536,3,100,1000,5,10000,A1,NTD,33.69399999999996
0.22077902814167458,3,100,1000,5,10000,A2,NTD,33.69399999999996
997.0000473739772,3,100,1000,5,10000,A3,NTD,33.69399999999996
12.246387179372928,3,100,1000,5,10000,core,NTD,33.69399999999996
2.3155327664756915,3,100,1000,5,10000,A1,Ours,0.5450000000000728
0.008014206783965092,3,100,1000,5,10000,A2,Ours,0.5450000000000728
0.07126512138381728,3,100,1000,5,10000,A3,Ours,0.5450000000000728
13.31096371194544,3,100,1000,5,10000,core,Ours,0.5450000000000728
2.3155327664756915,3,100,1000,5,10000,A1,HOSVD,0.7220000000002074
0.008014206783965092,3,100,1000,5,10000,A2,HOSVD,0.7220000000002074
0.07119857411693527,3,100,1000,5,10000,A3,HOSVD,0.7220000000002074
13.310892699617726,3,100,1000,5,10000,core,HOSVD,0.7220000000002074
2.3131470890238477,3,100,1000,5,10000,A1,HOOI,0.9400000000000546
0.0076642537352113,3,100,1000,5,10000,A2,HOOI,0.9400000000000546
0.0700444544177796,3,100,1000,5,10000,A3,HOOI,0.9400000000000546
13.312201462003133,3,100,1000,5,10000,core,HOOI,0.9400000000000546
2.153586868275519,3,100,1000,5,10000,A1,Olga,0.47400000000016007
0.013907077645684841,3,100,1000,5,10000,A2,Olga,0.47400000000016007
1.3342181466830245,3,100,1000,5,10000,A3,Tracy,0.47400000000016007
13.301797572116184,3,100,1000,5,10000,core,Tracy_Olga,0.47400000000016007
5.4461331025218565,3,100,2500,5,10000,A1,NTD,90.00500000000011
0.38812644669375834,3,100,2500,5,10000,A2,NTD,90.00500000000011
2497.00052944422,3,100,2500,5,10000,A3,NTD,90.00500000000011
12.227210779653404,3,100,2500,5,10000,core,NTD,90.00500000000011
2.165251312455764,3,100,2500,5,10000,A1,Ours,2.2140000000003965
0.021849953166041023,3,100,2500,5,10000,A2,Ours,2.2140000000003965
0.3710526945802623,3,100,2500,5,10000,A3,Ours,2.2140000000003965
10.833156012137664,3,100,2500,5,10000,core,Ours,2.2140000000003965
2.165251312455764,3,100,2500,5,10000,A1,HOSVD,1.1030000000000655
0.021849953166041023,3,100,2500,5,10000,A2,HOSVD,1.1030000000000655
0.37077116492771306,3,100,2500,5,10000,A3,HOSVD,1.1030000000000655
10.833035650779168,3,100,2500,5,10000,core,HOSVD,1.1030000000000655
2.156082509946805,3,100,2500,5,10000,A1,HOOI,3.856999999999971
0.02158226062448697,3,100,2500,5,10000,A2,HOOI,3.856999999999971
0.387716157249564,3,100,2500,5,10000,A3,HOOI,3.856999999999971
10.838402414455167,3,100,2500,5,10000,core,HOOI,3.856999999999971
2.109052750390892,3,100,2500,5,10000,A1,Olga,2.604000000000269
0.008310653975169419,3,100,2500,5,10000,A2,Olga,2.604000000000269
1.506260963793549,3,100,2500,5,10000,A3,Tracy,2.604000000000269
13.339027475481645,3,100,2500,5,10000,core,Tracy_Olga,2.604000000000269
4.053430177360607,3,100,4998,5,10000,A1,NTD,186.6880000000001
0.14509295539325132,3,100,4998,5,10000,A2,NTD,186.6880000000001
4995.029673005547,3,100,4998,5,10000,A3,NTD,186.6880000000001
12.188471000848281,3,100,4998,5,10000,core,NTD,186.6880000000001
2.2778639222164254,3,100,4998,5,10000,A1,Ours,5.273000000000138
0.010411969033290275,3,100,4998,5,10000,A2,Ours,5.273000000000138
2.4750335802984047,3,100,4998,5,10000,A3,Ours,5.273000000000138
13.711968219385454,3,100,4998,5,10000,core,Ours,5.273000000000138
2.2778639222164254,3,100,4998,5,10000,A1,HOSVD,1.8679999999999382
0.010411969033290275,3,100,4998,5,10000,A2,HOSVD,1.8679999999999382
2.472654583905835,3,100,4998,5,10000,A3,HOSVD,1.8679999999999382
13.710572252243423,3,100,4998,5,10000,core,HOSVD,1.8679999999999382
2.280208691201888,3,100,4998,5,10000,A1,HOOI,6.137000000000171
0.009763889832299732,3,100,4998,5,10000,A2,HOOI,6.137000000000171
2.4717112484362374,3,100,4998,5,10000,A3,HOOI,6.137000000000171
13.70938346705885,3,100,4998,5,10000,core,HOOI,6.137000000000171
2.304463727360212,3,100,4998,5,10000,A1,Olga,2.891000000000531
0.03313913621275289,3,100,4998,5,10000,A2,Olga,2.891000000000531
2.9107429552054658,3,100,4998,5,10000,A3,Tracy,2.891000000000531
11.991970276824691,3,100,4998,5,10000,core,Tracy_Olga,2.891000000000531
3.169913093778281,3,100,5997,5,10000,A1,NTD,208.1810000000005
0.30171890437502313,3,100,5997,5,10000,A2,NTD,208.1810000000005
5994.027290049176,3,100,5997,5,10000,A3,NTD,208.1810000000005
8.112662691380333,3,100,5997,5,10000,core,NTD,208.1810000000005
3.0098216745062656,3,100,5997,5,10000,A1,Ours,7.0590000000001965
0.015050093709253802,3,100,5997,5,10000,A2,Ours,7.0590000000001965
2.503235333599163,3,100,5997,5,10000,A3,Ours,7.0590000000001965
14.035135843162752,3,100,5997,5,10000,core,Ours,7.0590000000001965
3.0098216745062656,3,100,5997,5,10000,A1,HOSVD,2.6369999999997162
0.015050093709253802,3,100,5997,5,10000,A2,HOSVD,2.6369999999997162
2.50026986545402,3,100,5997,5,10000,A3,HOSVD,2.6369999999997162
14.032189122679416,3,100,5997,5,10000,core,HOSVD,2.6369999999997162
3.015941301450966,3,100,5997,5,10000,A1,HOOI,5.342999999999847
0.01507121978868714,3,100,5997,5,10000,A2,HOOI,5.342999999999847
2.496703342432828,3,100,5997,5,10000,A3,HOOI,5.342999999999847
14.035426906246865,3,100,5997,5,10000,core,HOOI,5.342999999999847
1.5439833072911135,3,100,5997,5,10000,A1,Olga,3.407000000000153
0.034963046462732725,3,100,5997,5,10000,A2,Olga,3.407000000000153
2.870318469863211,3,100,5997,5,10000,A3,Tracy,3.407000000000153
10.798559022407444,3,100,5997,5,10000,core,Tracy_Olga,3.407000000000153
2.7731471659177265,3,100,6991,5,10000,A1,NTD,231.4410000000007
0.12177642567168218,3,100,6991,5,10000,A2,NTD,231.4410000000007
6988.0296357473735,3,100,6991,5,10000,A3,NTD,231.4410000000007
12.406298628526237,3,100,6991,5,10000,core,NTD,231.4410000000007
3.0138112900987046,3,100,6991,5,10000,A1,Ours,9.68499999999949
0.011924504659964646,3,100,6991,5,10000,A2,Ours,9.68499999999949
2.496825737249843,3,100,6991,5,10000,A3,Ours,9.68499999999949
13.711635948913226,3,100,6991,5,10000,core,Ours,9.68499999999949
3.0138112900987046,3,100,6991,5,10000,A1,HOSVD,2.6030000000000655
0.011924504659964646,3,100,6991,5,10000,A2,HOSVD,2.6030000000000655
2.4923591228424327,3,100,6991,5,10000,A3,HOSVD,2.6030000000000655
13.70883744357251,3,100,6991,5,10000,core,HOSVD,2.6030000000000655
3.014690477798193,3,100,6991,5,10000,A1,HOOI,7.5239999999994325
0.011588520631180264,3,100,6991,5,10000,A2,HOOI,7.5239999999994325
2.4944504395367537,3,100,6991,5,10000,A3,HOOI,7.5239999999994325
13.71698078459748,3,100,6991,5,10000,core,HOOI,7.5239999999994325
2.0314336990050332,3,100,6991,5,10000,A1,Olga,4.420000000000073
0.02753293185924704,3,100,6991,5,10000,A2,Olga,4.420000000000073
2.9103875093158087,3,100,6991,5,10000,A3,Tracy,4.420000000000073
11.991970276824691,3,100,6991,5,10000,core,Tracy_Olga,4.420000000000073
1.6543359100967534,3,100,7989,5,10000,A1,NTD,261.85400000000027
0.20125265970626482,3,100,7989,5,10000,A2,NTD,261.85400000000027
7986.046777573288,3,100,7989,5,10000,A3,NTD,261.85400000000027
11.118632418050643,3,100,7989,5,10000,core,NTD,261.85400000000027
3.4288408015982323,3,100,7989,5,10000,A1,Ours,10.481999999999971
0.009139805220445826,3,100,7989,5,10000,A2,Ours,10.481999999999971
2.5349757278393787,3,100,7989,5,10000,A3,Ours,10.481999999999971
13.688503742972697,3,100,7989,5,10000,core,Ours,10.481999999999971
3.4288408015982323,3,100,7989,5,10000,A1,HOSVD,2.7669999999998254
0.009139805220445826,3,100,7989,5,10000,A2,HOSVD,2.7669999999998254
2.530192891943381,3,100,7989,5,10000,A3,HOSVD,2.7669999999998254
13.685053909625935,3,100,7989,5,10000,core,HOSVD,2.7669999999998254
3.4185939149336466,3,100,7989,5,10000,A1,HOOI,8.822000000000116
0.009081945977914313,3,100,7989,5,10000,A2,HOOI,8.822000000000116
2.5383122190381178,3,100,7989,5,10000,A3,HOOI,8.822000000000116
13.675495275644467,3,100,7989,5,10000,core,HOOI,8.822000000000116
2.0846466634785017,3,100,7989,5,10000,A1,Olga,5.0020000000004075
0.05206199755929857,3,100,7989,5,10000,A2,Olga,5.0020000000004075
2.849827364955708,3,100,7989,5,10000,A3,Tracy,5.0020000000004075
13.696241652021982,3,100,7989,5,10000,core,Tracy_Olga,5.0020000000004075
1.924510082596803,3,100,8989,5,10000,A1,NTD,296.8090000000002
0.6287758057253487,3,100,8989,5,10000,A2,NTD,296.8090000000002
8986.044066501216,3,100,8989,5,10000,A3,NTD,296.8090000000002
9.820149708926582,3,100,8989,5,10000,core,NTD,296.8090000000002
2.480762924282659,3,100,8989,5,10000,A1,Ours,13.484999999999673
0.01428100425059181,3,100,8989,5,10000,A2,Ours,13.484999999999673
3.0619259449805036,3,100,8989,5,10000,A3,Ours,13.484999999999673
13.778975186783299,3,100,8989,5,10000,core,Ours,13.484999999999673
2.480762924282659,3,100,8989,5,10000,A1,HOSVD,3.5579999999999927
0.01428100425059181,3,100,8989,5,10000,A2,HOSVD,3.5579999999999927
3.058617887352199,3,100,8989,5,10000,A3,HOSVD,3.5579999999999927
13.768688179311127,3,100,8989,5,10000,core,HOSVD,3.5579999999999927
2.4738303783708653,3,100,8989,5,10000,A1,HOOI,10.22400000000016
0.014772757035438629,3,100,8989,5,10000,A2,HOOI,10.22400000000016
3.0480493853479627,3,100,8989,5,10000,A3,HOOI,10.22400000000016
13.765966255796783,3,100,8989,5,10000,core,HOOI,10.22400000000016
1.6854545462339299,3,100,8989,5,10000,A1,Olga,6.389999999999418
0.046253593096941104,3,100,8989,5,10000,A2,Olga,6.389999999999418
2.9153431292167067,3,100,8989,5,10000,A3,Tracy,6.389999999999418
12.007062287314191,3,100,8989,5,10000,core,Tracy_Olga,6.389999999999418
1.9227388858582315,3,100,9987,5,10000,A1,NTD,310.9319999999998
0.387426248250447,3,100,9987,5,10000,A2,NTD,310.9319999999998
9984.042096830233,3,100,9987,5,10000,A3,NTD,310.9319999999998
11.284895846934822,3,100,9987,5,10000,core,NTD,310.9319999999998
2.285883307771366,3,100,9987,5,10000,A1,Ours,12.230000000000473
0.011399124531493238,3,100,9987,5,10000,A2,Ours,12.230000000000473
2.5353332430282656,3,100,9987,5,10000,A3,Ours,12.230000000000473
10.909868589241725,3,100,9987,5,10000,core,Ours,12.230000000000473
2.285883307771366,3,100,9987,5,10000,A1,HOSVD,2.6039999999993597
0.011399124531493238,3,100,9987,5,10000,A2,HOSVD,2.6039999999993597
2.5276876344622843,3,100,9987,5,10000,A3,HOSVD,2.6039999999993597
10.90831256062,3,100,9987,5,10000,core,HOSVD,2.6039999999993597
2.28538621576384,3,100,9987,5,10000,A1,HOOI,10.04700000000048
0.010941490516330987,3,100,9987,5,10000,A2,HOOI,10.04700000000048
2.5316897705995185,3,100,9987,5,10000,A3,HOOI,10.04700000000048
10.903714116285917,3,100,9987,5,10000,core,HOOI,10.04700000000048
2.119140777166814,3,100,9987,5,10000,A1,Olga,5.444999999999709
0.07492413466260302,3,100,9987,5,10000,A2,Olga,5.444999999999709
2.8591268659515454,3,100,9987,5,10000,A3,Tracy,5.444999999999709
13.70992540137161,3,100,9987,5,10000,core,Tracy_Olga,5.444999999999709
