error,K,Q1,R,Q2,M,mode,method,time
60.55522939988901,3,100,983,5,100,A1,NTD,37.083000000000006
2.6210425252207257,3,100,983,5,100,A2,NTD,37.083000000000006
980.2123870255626,3,100,983,5,100,A3,NTD,37.083000000000006
11.200328196530883,3,100,983,5,100,core,NTD,37.083000000000006
42.67576139749961,3,100,983,5,100,A1,Ours,3.264000000000003
0.07345238470889606,3,100,983,5,100,A2,Ours,3.264000000000003
4.5241590332196475,3,100,983,5,100,A3,Ours,3.264000000000003
10.94813181082349,3,100,983,5,100,core,Ours,3.264000000000003
42.67576139749961,3,100,983,5,100,A1,HOSVD,5.003
0.07345238470889606,3,100,983,5,100,A2,HOSVD,5.003
2.530972445367732,3,100,983,5,100,A3,HOSVD,5.003
13.176929765764564,3,100,983,5,100,core,HOSVD,5.003
41.272910242486084,3,100,983,5,100,A1,HOOI,7.552999999999997
0.06787307825880821,3,100,983,5,100,A2,HOOI,7.552999999999997
2.5529299679801984,3,100,983,5,100,A3,HOOI,7.552999999999997
12.966852114667773,3,100,983,5,100,core,HOOI,7.552999999999997
69.3998684918952,3,100,983,5,100,A1,Olga,6.590000000000003
0.9699914793316077,3,100,983,5,100,A2,Olga,6.590000000000003
2.831085745352473,3,100,983,5,100,A3,Tracy,6.590000000000003
9.786630005800012,3,100,983,5,100,core,Tracy_Olga,6.590000000000003
115.70359588234494,3,100,4513,5,100,A1,NTD,160.19
3.991412999537248,3,100,4513,5,100,A2,NTD,160.19
4510.4557829651085,3,100,4513,5,100,A3,NTD,160.19
8.864582156869433,3,100,4513,5,100,core,NTD,160.19
48.610437721829506,3,100,4513,5,100,A1,Ours,9.929000000000002
0.04933630239808508,3,100,4513,5,100,A2,Ours,9.929000000000002
5.193714448191369,3,100,4513,5,100,A3,Ours,9.929000000000002
12.39826236991962,3,100,4513,5,100,core,Ours,9.929000000000002
48.610437721829506,3,100,4513,5,100,A1,HOSVD,11.527999999999992
0.04933630239808508,3,100,4513,5,100,A2,HOSVD,11.527999999999992
2.686624072477676,3,100,4513,5,100,A3,HOSVD,11.527999999999992
10.908379855822309,3,100,4513,5,100,core,HOSVD,11.527999999999992
48.666142705142484,3,100,4513,5,100,A1,HOOI,17.831999999999994
0.03689061618003889,3,100,4513,5,100,A2,HOOI,17.831999999999994
3.5562785491502904,3,100,4513,5,100,A3,HOOI,17.831999999999994
12.724566760902395,3,100,4513,5,100,core,HOOI,17.831999999999994
97.04874542884177,3,100,4513,5,100,A1,Olga,15.09699999999998
3.493409122073956,3,100,4513,5,100,A2,Olga,15.09699999999998
3.0537085519676976,3,100,4513,5,100,A3,Tracy,15.09699999999998
13.632993408363319,3,100,4513,5,100,core,Tracy_Olga,15.09699999999998
122.80892514297791,3,100,8192,5,100,A1,NTD,298.306
4.621008507280994,3,100,8192,5,100,A2,NTD,298.306
8189.547815319709,3,100,8192,5,100,A3,NTD,298.306
10.91393086186207,3,100,8192,5,100,core,NTD,298.306
36.43757638329527,3,100,8192,5,100,A1,Ours,32.99699999999996
0.04080837441995216,3,100,8192,5,100,A2,Ours,32.99699999999996
5.367499944812523,3,100,8192,5,100,A3,Ours,32.99699999999996
11.675432335222657,3,100,8192,5,100,core,Ours,32.99699999999996
36.43757638329527,3,100,8192,5,100,A1,HOSVD,15.740000000000009
0.04080837441995216,3,100,8192,5,100,A2,HOSVD,15.740000000000009
4.8963511989569275,3,100,8192,5,100,A3,HOSVD,15.740000000000009
11.634737737529052,3,100,8192,5,100,core,HOSVD,15.740000000000009
36.69044551008164,3,100,8192,5,100,A1,HOOI,19.065000000000055
0.04099913081527334,3,100,8192,5,100,A2,HOOI,19.065000000000055
3.8781505897147253,3,100,8192,5,100,A3,HOOI,19.065000000000055
9.288518189528796,3,100,8192,5,100,core,HOOI,19.065000000000055
110.38062382281178,3,100,8192,5,100,A1,Olga,7.0750000000000455
4.01715332258049,3,100,8192,5,100,A2,Olga,7.0750000000000455
3.182389648050059,3,100,8192,5,100,A3,Tracy,7.0750000000000455
10.675226951807259,3,100,8192,5,100,core,Tracy_Olga,7.0750000000000455
18.4974362595266,3,100,995,5,500,A1,NTD,28.646999999999935
3.7252852110984653,3,100,995,5,500,A2,NTD,28.646999999999935
992.0629676097631,3,100,995,5,500,A3,NTD,28.646999999999935
11.07314190890348,3,100,995,5,500,core,NTD,28.646999999999935
27.091749000983352,3,100,995,5,500,A1,Ours,1.7939999999999827
0.020151761156874913,3,100,995,5,500,A2,Ours,1.7939999999999827
2.4986471783632993,3,100,995,5,500,A3,Ours,1.7939999999999827
10.462060515866991,3,100,995,5,500,core,Ours,1.7939999999999827
27.091749000983352,3,100,995,5,500,A1,HOSVD,0.6870000000000118
0.020151761156874913,3,100,995,5,500,A2,HOSVD,0.6870000000000118
2.4605108713580113,3,100,995,5,500,A3,HOSVD,0.6870000000000118
10.438934551969952,3,100,995,5,500,core,HOSVD,0.6870000000000118
25.60890338392807,3,100,995,5,500,A1,HOOI,0.8599999999999
0.01832180046759379,3,100,995,5,500,A2,HOOI,0.8599999999999
2.4649612231133657,3,100,995,5,500,A3,HOOI,0.8599999999999
13.373493362702447,3,100,995,5,500,core,HOOI,0.8599999999999
25.82291654744834,3,100,995,5,500,A1,Olga,0.5419999999999163
0.11380288870822451,3,100,995,5,500,A2,Olga,0.5419999999999163
2.8819043836451557,3,100,995,5,500,A3,Tracy,0.5419999999999163
9.121167994798588,3,100,995,5,500,core,Tracy_Olga,0.5419999999999163
52.97998186555649,3,100,4905,5,500,A1,NTD,160.0250000000001
4.284989618865607,3,100,4905,5,500,A2,NTD,160.0250000000001
4902.132799830363,3,100,4905,5,500,A3,NTD,160.0250000000001
9.416964340033138,3,100,4905,5,500,core,NTD,160.0250000000001
24.625901857658288,3,100,4905,5,500,A1,Ours,14.106999999999971
0.03291593221105155,3,100,4905,5,500,A2,Ours,14.106999999999971
5.205700088247884,3,100,4905,5,500,A3,Ours,14.106999999999971
9.150185147852808,3,100,4905,5,500,core,Ours,14.106999999999971
24.625901857658288,3,100,4905,5,500,A1,HOSVD,9.706999999999994
0.03291593221105155,3,100,4905,5,500,A2,HOSVD,9.706999999999994
2.544447556463235,3,100,4905,5,500,A3,HOSVD,9.706999999999994
11.25462738294508,3,100,4905,5,500,core,HOSVD,9.706999999999994
23.609638922427237,3,100,4905,5,500,A1,HOOI,6.863000000000056
0.034226902317324365,3,100,4905,5,500,A2,HOOI,6.863000000000056
2.5575216653488773,3,100,4905,5,500,A3,HOOI,6.863000000000056
11.24928941907602,3,100,4905,5,500,core,HOOI,6.863000000000056
35.260284274681716,3,100,4905,5,500,A1,Olga,2.7630000000000337
0.41798096990918726,3,100,4905,5,500,A2,Olga,2.7630000000000337
2.88137354226777,3,100,4905,5,500,A3,Tracy,2.7630000000000337
14.089693633863117,3,100,4905,5,500,core,Tracy_Olga,2.7630000000000337
87.47251066233191,3,100,9611,5,500,A1,NTD,332.273
0.6210334646414015,3,100,9611,5,500,A2,NTD,332.273
9608.245084213657,3,100,9611,5,500,A3,NTD,332.273
10.641826025733222,3,100,9611,5,500,core,NTD,332.273
21.80820211231189,3,100,9611,5,500,A1,Ours,20.01599999999985
0.03047046767225389,3,100,9611,5,500,A2,Ours,20.01599999999985
5.443632540567723,3,100,9611,5,500,A3,Ours,20.01599999999985
12.572674071197245,3,100,9611,5,500,core,Ours,20.01599999999985
22.051427673719026,3,100,9611,5,500,A1,HOOI,21.110000000000127
0.03631029782021763,3,100,9611,5,500,A2,HOOI,21.110000000000127
3.792202253354744,3,100,9611,5,500,A3,HOOI,21.110000000000127
12.354861129726215,3,100,9611,5,500,core,HOOI,21.110000000000127
47.682708238483805,3,100,9611,5,500,A1,Olga,14.096000000000004
1.262416773602453,3,100,9611,5,500,A2,Olga,14.096000000000004
2.9549188041379266,3,100,9611,5,500,A3,Tracy,14.096000000000004
13.853985134538192,3,100,9611,5,500,core,Tracy_Olga,14.096000000000004
21.930431201889373,3,100,999,5,1000,A1,NTD,28.625
0.3893569700293166,3,100,999,5,1000,A2,NTD,28.625
996.0697882662481,3,100,999,5,1000,A3,NTD,28.625
10.740839928793381,3,100,999,5,1000,core,NTD,28.625
14.146656189388189,3,100,999,5,1000,A1,Ours,3.3229999999998654
0.01865767214051895,3,100,999,5,1000,A2,Ours,3.3229999999998654
2.434892437499175,3,100,999,5,1000,A3,Ours,3.3229999999998654
10.156414289084932,3,100,999,5,1000,core,Ours,3.3229999999998654
14.146656189388189,3,100,999,5,1000,A1,HOSVD,4.311999999999898
0.01865767214051895,3,100,999,5,1000,A2,HOSVD,4.311999999999898
2.4260421018245193,3,100,999,5,1000,A3,HOSVD,4.311999999999898
10.151248073511995,3,100,999,5,1000,core,HOSVD,4.311999999999898
12.76844459904062,3,100,999,5,1000,A1,HOOI,3.5510000000001583
0.019693412004321915,3,100,999,5,1000,A2,HOOI,3.5510000000001583
2.4284764242029233,3,100,999,5,1000,A3,HOOI,3.5510000000001583
10.165136884656976,3,100,999,5,1000,core,HOOI,3.5510000000001583
14.199501277832258,3,100,999,5,1000,A1,Olga,2.9860000000001037
0.11303014607372787,3,100,999,5,1000,A2,Olga,2.9860000000001037
2.872182560140943,3,100,999,5,1000,A3,Tracy,2.9860000000001037
13.674047075787373,3,100,999,5,1000,core,Tracy_Olga,2.9860000000001037
92.95759361496003,3,100,4955,5,1000,A1,NTD,164.2610000000002
2.621044929920187,3,100,4955,5,1000,A2,NTD,164.2610000000002
4952.123776912429,3,100,4955,5,1000,A3,NTD,164.2610000000002
10.304568563081073,3,100,4955,5,1000,core,NTD,164.2610000000002
15.641592383891409,3,100,4955,5,1000,A1,Ours,6.252999999999929
0.025394814328773586,3,100,4955,5,1000,A2,Ours,6.252999999999929
2.827726079613264,3,100,4955,5,1000,A3,Ours,6.252999999999929
10.91852650598531,3,100,4955,5,1000,core,Ours,6.252999999999929
15.641592383891409,3,100,4955,5,1000,A1,HOSVD,2.2110000000000127
0.025394814328773586,3,100,4955,5,1000,A2,HOSVD,2.2110000000000127
2.5266772169201803,3,100,4955,5,1000,A3,HOSVD,2.2110000000000127
10.763527911886557,3,100,4955,5,1000,core,HOSVD,2.2110000000000127
15.829480377487526,3,100,4955,5,1000,A1,HOOI,4.4780000000000655
0.023004228597605418,3,100,4955,5,1000,A2,HOOI,4.4780000000000655
2.532022810172866,3,100,4955,5,1000,A3,HOOI,4.4780000000000655
10.766283425034196,3,100,4955,5,1000,core,HOOI,4.4780000000000655
22.851348755584166,3,100,4955,5,1000,A1,Olga,2.719000000000051
0.2180409460365273,3,100,4955,5,1000,A2,Olga,2.719000000000051
2.856992004927476,3,100,4955,5,1000,A3,Tracy,2.719000000000051
14.211669689469456,3,100,4955,5,1000,core,Tracy_Olga,2.719000000000051
61.83045331353489,3,100,9804,5,1000,A1,NTD,330.28700000000003
2.6210349340920893,3,100,9804,5,1000,A2,NTD,330.28700000000003
9801.171755366815,3,100,9804,5,1000,A3,NTD,330.28700000000003
11.505404687115853,3,100,9804,5,1000,core,NTD,330.28700000000003
20.346601194110054,3,100,9804,5,1000,A1,Ours,24.506000000000085
0.015637338753093796,3,100,9804,5,1000,A2,Ours,24.506000000000085
5.207866669852127,3,100,9804,5,1000,A3,Ours,24.506000000000085
11.347553354282399,3,100,9804,5,1000,core,Ours,24.506000000000085
20.346601194110054,3,100,9804,5,1000,A1,HOSVD,14.625999999999976
0.015637338753093796,3,100,9804,5,1000,A2,HOSVD,14.625999999999976
2.5453763491223826,3,100,9804,5,1000,A3,HOSVD,14.625999999999976
10.949834374128171,3,100,9804,5,1000,core,HOSVD,14.625999999999976
20.21765500750154,3,100,9804,5,1000,A1,HOOI,25.711000000000013
0.01600050306716883,3,100,9804,5,1000,A2,HOOI,25.711000000000013
2.554009726199545,3,100,9804,5,1000,A3,HOOI,25.711000000000013
10.964437681467457,3,100,9804,5,1000,core,HOOI,25.711000000000013
31.66460614024784,3,100,9804,5,1000,A1,Olga,22.06100000000015
0.5206043268929426,3,100,9804,5,1000,A2,Olga,22.06100000000015
2.875037331266985,3,100,9804,5,1000,A3,Tracy,22.06100000000015
14.103925886591277,3,100,9804,5,1000,core,Tracy_Olga,22.06100000000015
33.157552526826315,3,100,1000,5,2500,A1,NTD,27.957000000000107
0.8183751084924866,3,100,1000,5,2500,A2,NTD,27.957000000000107
997.0003080099551,3,100,1000,5,2500,A3,NTD,27.957000000000107
9.728360981473278,3,100,1000,5,2500,core,NTD,27.957000000000107
12.413664539061902,3,100,1000,5,2500,A1,Ours,4.56899999999996
0.01097437244020533,3,100,1000,5,2500,A2,Ours,4.56899999999996
0.6510802912020959,3,100,1000,5,2500,A3,Ours,4.56899999999996
13.731507746693236,3,100,1000,5,2500,core,Ours,4.56899999999996
12.413664539061902,3,100,1000,5,2500,A1,HOSVD,4.350000000000136
0.01097437244020533,3,100,1000,5,2500,A2,HOSVD,4.350000000000136
0.650488436887374,3,100,1000,5,2500,A3,HOSVD,4.350000000000136
13.730118055731374,3,100,1000,5,2500,core,HOSVD,4.350000000000136
12.50124700641946,3,100,1000,5,2500,A1,HOOI,6.201000000000022
0.010869412679655887,3,100,1000,5,2500,A2,HOOI,6.201000000000022
0.6509856177305692,3,100,1000,5,2500,A3,HOOI,6.201000000000022
13.719417496982752,3,100,1000,5,2500,core,HOOI,6.201000000000022
11.025489984372776,3,100,1000,5,2500,A1,Olga,5.6159999999999854
0.02396021848797072,3,100,1000,5,2500,A2,Olga,5.6159999999999854
1.5566814700052432,3,100,1000,5,2500,A3,Tracy,5.6159999999999854
11.987475444910174,3,100,1000,5,2500,core,Tracy_Olga,5.6159999999999854
20.357730216830074,3,100,4982,5,2500,A1,NTD,160.65300000000002
4.177605920555992,3,100,4982,5,2500,A2,NTD,160.65300000000002
4979.043965992376,3,100,4982,5,2500,A3,NTD,160.65300000000002
11.043914875874092,3,100,4982,5,2500,core,NTD,160.65300000000002
10.822245887183746,3,100,4982,5,2500,A1,Ours,8.514999999999873
0.012478079827795634,3,100,4982,5,2500,A2,Ours,8.514999999999873
2.5357720456610866,3,100,4982,5,2500,A3,Ours,8.514999999999873
10.97502777260003,3,100,4982,5,2500,core,Ours,8.514999999999873
10.822245887183746,3,100,4982,5,2500,A1,HOSVD,1.875
0.012478079827795634,3,100,4982,5,2500,A2,HOSVD,1.875
2.5056207533094907,3,100,4982,5,2500,A3,HOSVD,1.875
10.973302907952709,3,100,4982,5,2500,core,HOSVD,1.875
9.481185632039612,3,100,4982,5,2500,A1,HOOI,4.652000000000044
0.014836748228450311,3,100,4982,5,2500,A2,HOOI,4.652000000000044
2.5078890323430194,3,100,4982,5,2500,A3,HOOI,4.652000000000044
10.97819608043887,3,100,4982,5,2500,core,HOOI,4.652000000000044
14.419864270023055,3,100,4982,5,2500,A1,Olga,2.7280000000000655
0.1299152932959156,3,100,4982,5,2500,A2,Olga,2.7280000000000655
2.830457055785312,3,100,4982,5,2500,A3,Tracy,2.7280000000000655
14.137438121413517,3,100,4982,5,2500,core,Tracy_Olga,2.7280000000000655
26.65443557350696,3,100,9916,5,2500,A1,NTD,334.57199999999966
1.598506641745082,3,100,9916,5,2500,A2,NTD,334.57199999999966
9913.120389382191,3,100,9916,5,2500,A3,NTD,334.57199999999966
9.682512535671336,3,100,9916,5,2500,core,NTD,334.57199999999966
12.577368688961908,3,100,9916,5,2500,A1,Ours,16.653999999999996
0.0077928175054334005,3,100,9916,5,2500,A2,Ours,16.653999999999996
2.802769320392508,3,100,9916,5,2500,A3,Ours,16.653999999999996
11.036329475156275,3,100,9916,5,2500,core,Ours,16.653999999999996
12.577368688961908,3,100,9916,5,2500,A1,HOSVD,8.543999999999869
0.0077928175054334005,3,100,9916,5,2500,A2,HOSVD,8.543999999999869
2.5303903637467156,3,100,9916,5,2500,A3,HOSVD,8.543999999999869
10.944062472736313,3,100,9916,5,2500,core,HOSVD,8.543999999999869
12.587295675647209,3,100,9916,5,2500,A1,HOOI,14.034000000000106
0.0076303944484252375,3,100,9916,5,2500,A2,HOOI,14.034000000000106
2.5293402205226942,3,100,9916,5,2500,A3,HOOI,14.034000000000106
10.947925916158875,3,100,9916,5,2500,core,HOOI,14.034000000000106
12.114681389276777,3,100,9916,5,2500,A1,Olga,7.525000000000091
0.17270968794639546,3,100,9916,5,2500,A2,Olga,7.525000000000091
2.8720506849347958,3,100,9916,5,2500,A3,Tracy,7.525000000000091
10.536102373102924,3,100,9916,5,2500,core,Tracy_Olga,7.525000000000091
58.39729354930123,3,100,1000,5,5000,A1,NTD,28.554000000000087
0.05957900078223791,3,100,1000,5,5000,A2,NTD,28.554000000000087
997.0000588122182,3,100,1000,5,5000,A3,NTD,28.554000000000087
10.120302848234212,3,100,1000,5,5000,core,NTD,28.554000000000087
7.207309582242507,3,100,1000,5,5000,A1,Ours,0.9409999999998035
0.005795404675036776,3,100,1000,5,5000,A2,Ours,0.9409999999998035
0.3034435171160668,3,100,1000,5,5000,A3,Ours,0.9409999999998035
10.046515865234552,3,100,1000,5,5000,core,Ours,0.9409999999998035
7.207309582242507,3,100,1000,5,5000,A1,HOSVD,1.9949999999998909
0.005795404675036776,3,100,1000,5,5000,A2,HOSVD,1.9949999999998909
0.3033118388684606,3,100,1000,5,5000,A3,HOSVD,1.9949999999998909
10.045806188972863,3,100,1000,5,5000,core,HOSVD,1.9949999999998909
7.349756602870705,3,100,1000,5,5000,A1,HOOI,1.1640000000002146
0.006251963067053626,3,100,1000,5,5000,A2,HOOI,1.1640000000002146
0.30397486008055524,3,100,1000,5,5000,A3,HOOI,1.1640000000002146
10.046431694460649,3,100,1000,5,5000,core,HOOI,1.1640000000002146
5.361689957380157,3,100,1000,5,5000,A1,Olga,1.8469999999997526
0.020869731767933712,3,100,1000,5,5000,A2,Olga,1.8469999999997526
1.390237120328138,3,100,1000,5,5000,A3,Tracy,1.8469999999997526
10.47207379306196,3,100,1000,5,5000,core,Tracy_Olga,1.8469999999997526
26.41586504151295,3,100,4989,5,5000,A1,NTD,153.82400000000007
1.3809245601691107,3,100,4989,5,5000,A2,NTD,153.82400000000007
4986.040224013717,3,100,4989,5,5000,A3,NTD,153.82400000000007
11.498156686979733,3,100,4989,5,5000,core,NTD,153.82400000000007
8.345937932510974,3,100,4989,5,5000,A1,Ours,5.151000000000295
0.003350828567332564,3,100,4989,5,5000,A2,Ours,5.151000000000295
2.519097694390319,3,100,4989,5,5000,A3,Ours,5.151000000000295
12.03511329507473,3,100,4989,5,5000,core,Ours,5.151000000000295
8.345937932510974,3,100,4989,5,5000,A1,HOSVD,1.6790000000000873
0.003350828567332564,3,100,4989,5,5000,A2,HOSVD,1.6790000000000873
2.5133319972447064,3,100,4989,5,5000,A3,HOSVD,1.6790000000000873
12.029869064261758,3,100,4989,5,5000,core,HOSVD,1.6790000000000873
8.343651416722638,3,100,4989,5,5000,A1,HOOI,4.558999999999742
0.0029042434808224673,3,100,4989,5,5000,A2,HOOI,4.558999999999742
2.5201788292179126,3,100,4989,5,5000,A3,HOOI,4.558999999999742
12.035557650037092,3,100,4989,5,5000,core,HOOI,4.558999999999742
6.403990053229171,3,100,4989,5,5000,A1,Olga,2.5960000000000036
0.06620457583505843,3,100,4989,5,5000,A2,Olga,2.5960000000000036
2.9882656345927083,3,100,4989,5,5000,A3,Tracy,2.5960000000000036
9.450968850379496,3,100,4989,5,5000,core,Tracy_Olga,2.5960000000000036
24.57913648642793,3,100,9955,5,5000,A1,NTD,342.5169999999998
1.7336233350843273,3,100,9955,5,5000,A2,NTD,342.5169999999998
9952.058417994238,3,100,9955,5,5000,A3,NTD,342.5169999999998
11.460068298578417,3,100,9955,5,5000,core,NTD,342.5169999999998
8.410314645521664,3,100,9955,5,5000,A1,Ours,22.40199999999959
0.002223525195949723,3,100,9955,5,5000,A2,Ours,22.40199999999959
2.5625194439764,3,100,9955,5,5000,A3,Ours,22.40199999999959
10.971330191636282,3,100,9955,5,5000,core,Ours,22.40199999999959
8.410314645521664,3,100,9955,5,5000,A1,HOSVD,7.613000000000284
0.002223525195949723,3,100,9955,5,5000,A2,HOSVD,7.613000000000284
2.5321114055006015,3,100,9955,5,5000,A3,HOSVD,7.613000000000284
10.97028879071118,3,100,9955,5,5000,core,HOSVD,7.613000000000284
8.441253543287397,3,100,9955,5,5000,A1,HOOI,15.197999999999865
0.0018093303777658013,3,100,9955,5,5000,A2,HOOI,15.197999999999865
2.533362495074569,3,100,9955,5,5000,A3,HOOI,15.197999999999865
10.974185593823648,3,100,9955,5,5000,core,HOOI,15.197999999999865
7.998831278767398,3,100,9955,5,5000,A1,Olga,7.085000000000036
0.09748624760614147,3,100,9955,5,5000,A2,Olga,7.085000000000036
2.876627341942703,3,100,9955,5,5000,A3,Tracy,7.085000000000036
10.536102373102924,3,100,9955,5,5000,core,Tracy_Olga,7.085000000000036
22.547402553193432,3,100,1000,5,6000,A1,NTD,29.391999999999825
0.04780729933696961,3,100,1000,5,6000,A2,NTD,29.391999999999825
997.0001581868673,3,100,1000,5,6000,A3,NTD,29.391999999999825
10.59383005462012,3,100,1000,5,6000,core,NTD,29.391999999999825
6.3624819250742775,3,100,1000,5,6000,A1,Ours,0.9470000000001164
0.00855061551375308,3,100,1000,5,6000,A2,Ours,0.9470000000001164
0.13404380195190282,3,100,1000,5,6000,A3,Ours,0.9470000000001164
10.257206178594625,3,100,1000,5,6000,core,Ours,0.9470000000001164
6.3624819250742775,3,100,1000,5,6000,A1,HOSVD,0.4530000000004293
0.00855061551375308,3,100,1000,5,6000,A2,HOSVD,0.4530000000004293
0.1339154531218537,3,100,1000,5,6000,A3,HOSVD,0.4530000000004293
10.256992428658902,3,100,1000,5,6000,core,HOSVD,0.4530000000004293
6.376754509176368,3,100,1000,5,6000,A1,HOOI,0.7319999999999709
0.008564720345120446,3,100,1000,5,6000,A2,HOOI,0.7319999999999709
0.13363866294794147,3,100,1000,5,6000,A3,HOOI,0.7319999999999709
10.258006643418138,3,100,1000,5,6000,core,HOOI,0.7319999999999709
6.1608681373451954,3,100,1000,5,6000,A1,Olga,0.4490000000000691
0.017668903126098808,3,100,1000,5,6000,A2,Olga,0.4490000000000691
1.3687784347263443,3,100,1000,5,6000,A3,Tracy,0.4490000000000691
10.432205135793067,3,100,1000,5,6000,core,Tracy_Olga,0.4490000000000691
21.16470436159605,3,100,4988,5,6000,A1,NTD,166.29899999999998
0.30604568922932124,3,100,4988,5,6000,A2,NTD,166.29899999999998
4985.029140115643,3,100,4988,5,6000,A3,NTD,166.29899999999998
10.352500199589466,3,100,4988,5,6000,core,NTD,166.29899999999998
7.045914828882742,3,100,4988,5,6000,A1,Ours,4.923999999999978
0.003931829057902735,3,100,4988,5,6000,A2,Ours,4.923999999999978
2.512623351384512,3,100,4988,5,6000,A3,Ours,4.923999999999978
10.909501630246517,3,100,4988,5,6000,core,Ours,4.923999999999978
7.045914828882742,3,100,4988,5,6000,A1,HOSVD,2.22400000000016
0.003931829057902735,3,100,4988,5,6000,A2,HOSVD,2.22400000000016
2.5071488499579417,3,100,4988,5,6000,A3,HOSVD,2.22400000000016
10.909034784902868,3,100,4988,5,6000,core,HOSVD,2.22400000000016
7.02943120521933,3,100,4988,5,6000,A1,HOOI,4.777000000000044
0.0037438699747891686,3,100,4988,5,6000,A2,HOOI,4.777000000000044
2.506729429990656,3,100,4988,5,6000,A3,HOOI,4.777000000000044
10.915696374306105,3,100,4988,5,6000,core,HOOI,4.777000000000044
8.288897749229783,3,100,4988,5,6000,A1,Olga,2.7089999999998327
0.03311158582613185,3,100,4988,5,6000,A2,Olga,2.7089999999998327
2.8534275827681195,3,100,4988,5,6000,A3,Tracy,2.7089999999998327
10.93422829802451,3,100,4988,5,6000,core,Tracy_Olga,2.7089999999998327
20.889352396351082,3,100,9965,5,6000,A1,NTD,339.85000000000036
0.5930957578630628,3,100,9965,5,6000,A2,NTD,339.85000000000036
9962.066380551389,3,100,9965,5,6000,A3,NTD,339.85000000000036
12.122004931366211,3,100,9965,5,6000,core,NTD,339.85000000000036
8.366998794708842,3,100,9965,5,6000,A1,Ours,23.39599999999973
0.01110078925631824,3,100,9965,5,6000,A2,Ours,23.39599999999973
2.531249591687809,3,100,9965,5,6000,A3,Ours,23.39599999999973
10.761896285915027,3,100,9965,5,6000,core,Ours,23.39599999999973
8.366998794708842,3,100,9965,5,6000,A1,HOSVD,9.70199999999977
0.01110078925631824,3,100,9965,5,6000,A2,HOSVD,9.70199999999977
2.510271974229823,3,100,9965,5,6000,A3,HOSVD,9.70199999999977
10.761028599564797,3,100,9965,5,6000,core,HOSVD,9.70199999999977
8.24565907087078,3,100,9965,5,6000,A1,HOOI,30.860999999999876
0.01114234050572459,3,100,9965,5,6000,A2,HOOI,30.860999999999876
2.510204812029516,3,100,9965,5,6000,A3,HOOI,30.860999999999876
10.756961401753303,3,100,9965,5,6000,core,HOOI,30.860999999999876
7.534553563591377,3,100,9965,5,6000,A1,Olga,24.888000000000375
0.08314043924596705,3,100,9965,5,6000,A2,Olga,24.888000000000375
2.84987498976594,3,100,9965,5,6000,A3,Tracy,24.888000000000375
10.528544960199817,3,100,9965,5,6000,core,Tracy_Olga,24.888000000000375
16.611262961803487,3,100,1000,5,7000,A1,NTD,29.14800000000014
0.088551831759812,3,100,1000,5,7000,A2,NTD,29.14800000000014
997.0000637362859,3,100,1000,5,7000,A3,NTD,29.14800000000014
11.474123851389418,3,100,1000,5,7000,core,NTD,29.14800000000014
6.332543507473737,3,100,1000,5,7000,A1,Ours,6.393999999999778
0.005602034017917116,3,100,1000,5,7000,A2,Ours,6.393999999999778
0.24803138241647357,3,100,1000,5,7000,A3,Ours,6.393999999999778
12.000374672130828,3,100,1000,5,7000,core,Ours,6.393999999999778
6.332543507473737,3,100,1000,5,7000,A1,HOSVD,5.9340000000001965
0.005602034017917116,3,100,1000,5,7000,A2,HOSVD,5.9340000000001965
0.24792877859573947,3,100,1000,5,7000,A3,HOSVD,5.9340000000001965
12.000269285814053,3,100,1000,5,7000,core,HOSVD,5.9340000000001965
6.4162456108229655,3,100,1000,5,7000,A1,HOOI,8.561999999999898
0.005400957874446781,3,100,1000,5,7000,A2,HOOI,8.561999999999898
0.2543514097851815,3,100,1000,5,7000,A3,HOOI,8.561999999999898
11.995312627777624,3,100,1000,5,7000,core,HOOI,8.561999999999898
5.40777424228746,3,100,1000,5,7000,A1,Olga,7.911000000000058
0.012408399983581009,3,100,1000,5,7000,A2,Olga,7.911000000000058
1.4299128711318552,3,100,1000,5,7000,A3,Tracy,7.911000000000058
10.252373767045436,3,100,1000,5,7000,core,Tracy_Olga,7.911000000000058
68.76559431516972,3,100,4993,5,7000,A1,NTD,168.73399999999992
0.6315276501558487,3,100,4993,5,7000,A2,NTD,168.73399999999992
4990.020366013307,3,100,4993,5,7000,A3,NTD,168.73399999999992
9.312193305111542,3,100,4993,5,7000,core,NTD,168.73399999999992
6.474255039037666,3,100,4993,5,7000,A1,Ours,5.733999999999924
0.006542392503875784,3,100,4993,5,7000,A2,Ours,5.733999999999924
2.4940550834569546,3,100,4993,5,7000,A3,Ours,5.733999999999924
12.147281107024806,3,100,4993,5,7000,core,Ours,5.733999999999924
6.474255039037666,3,100,4993,5,7000,A1,HOSVD,1.70699999999988
0.006542392503875784,3,100,4993,5,7000,A2,HOSVD,1.70699999999988
2.489880898295013,3,100,4993,5,7000,A3,HOSVD,1.70699999999988
12.143691893961792,3,100,4993,5,7000,core,HOSVD,1.70699999999988
6.5088595912528495,3,100,4993,5,7000,A1,HOOI,5.445000000000164
0.00681532154813907,3,100,4993,5,7000,A2,HOOI,5.445000000000164
2.488115188727003,3,100,4993,5,7000,A3,HOOI,5.445000000000164
12.152396133621666,3,100,4993,5,7000,core,HOOI,5.445000000000164
7.023283000881581,3,100,4993,5,7000,A1,Olga,2.862999999999829
0.035745664482645566,3,100,4993,5,7000,A2,Olga,2.862999999999829
2.8875479321013486,3,100,4993,5,7000,A3,Tracy,2.862999999999829
10.079636903581319,3,100,4993,5,7000,core,Tracy_Olga,2.862999999999829
84.46829827160674,3,100,9967,5,7000,A1,NTD,343.7090000000003
0.42192764148439377,3,100,9967,5,7000,A2,NTD,343.7090000000003
9964.05108174543,3,100,9967,5,7000,A3,NTD,343.7090000000003
9.35793708902803,3,100,9967,5,7000,core,NTD,343.7090000000003
7.066477852504391,3,100,9967,5,7000,A1,Ours,17.623999999999796
0.01059466523935641,3,100,9967,5,7000,A2,Ours,17.623999999999796
2.5491250052987917,3,100,9967,5,7000,A3,Ours,17.623999999999796
10.96812255644046,3,100,9967,5,7000,core,Ours,17.623999999999796
7.066477852504391,3,100,9967,5,7000,A1,HOSVD,4.628999999999905
0.01059466523935641,3,100,9967,5,7000,A2,HOSVD,4.628999999999905
2.533671344777619,3,100,9967,5,7000,A3,HOSVD,4.628999999999905
10.967372122703555,3,100,9967,5,7000,core,HOSVD,4.628999999999905
7.077803449785904,3,100,9967,5,7000,A1,HOOI,16.670000000000073
0.010682175265408392,3,100,9967,5,7000,A2,HOOI,16.670000000000073
2.5308473847411235,3,100,9967,5,7000,A3,HOOI,16.670000000000073
10.968900888771323,3,100,9967,5,7000,core,HOOI,16.670000000000073
8.49838362422766,3,100,9967,5,7000,A1,Olga,7.4780000000000655
0.05720058605872817,3,100,9967,5,7000,A2,Olga,7.4780000000000655
2.8731322773264405,3,100,9967,5,7000,A3,Tracy,7.4780000000000655
10.536102373102924,3,100,9967,5,7000,core,Tracy_Olga,7.4780000000000655
25.83300563622154,3,100,1000,5,8000,A1,NTD,29.277000000000044
0.13420575133993343,3,100,1000,5,8000,A2,NTD,29.277000000000044
997.0000746829807,3,100,1000,5,8000,A3,NTD,29.277000000000044
11.230841992096806,3,100,1000,5,8000,core,NTD,29.277000000000044
7.018266419753288,3,100,1000,5,8000,A1,Ours,0.49099999999998545
0.008282414204094181,3,100,1000,5,8000,A2,Ours,0.49099999999998545
0.09434307784932511,3,100,1000,5,8000,A3,Ours,0.49099999999998545
10.455611204324342,3,100,1000,5,8000,core,Ours,0.49099999999998545
7.018266419753288,3,100,1000,5,8000,A1,HOSVD,0.4010000000007494
0.008282414204094181,3,100,1000,5,8000,A2,HOSVD,0.4010000000007494
0.09421909356407385,3,100,1000,5,8000,A3,HOSVD,0.4010000000007494
10.455515864529307,3,100,1000,5,8000,core,HOSVD,0.4010000000007494
7.062920370063562,3,100,1000,5,8000,A1,HOOI,1.7750000000005457
0.007890992510287721,3,100,1000,5,8000,A2,HOOI,1.7750000000005457
0.09825014428623106,3,100,1000,5,8000,A3,HOOI,1.7750000000005457
10.45620061940179,3,100,1000,5,8000,core,HOOI,1.7750000000005457
4.939861883345653,3,100,1000,5,8000,A1,Olga,0.7590000000000146
0.0062949050096973965,3,100,1000,5,8000,A2,Olga,0.7590000000000146
1.3690861172520314,3,100,1000,5,8000,A3,Tracy,0.7590000000000146
10.449117431385954,3,100,1000,5,8000,core,Tracy_Olga,0.7590000000000146
18.933688174005045,3,100,4992,5,8000,A1,NTD,166.27099999999973
0.14362469636029618,3,100,4992,5,8000,A2,NTD,166.27099999999973
4989.027211693373,3,100,4992,5,8000,A3,NTD,166.27099999999973
12.628689857612613,3,100,4992,5,8000,core,NTD,166.27099999999973
5.782105226015302,3,100,4992,5,8000,A1,Ours,5.087000000000444
0.0022238799140182988,3,100,4992,5,8000,A2,Ours,5.087000000000444
2.4824339032374163,3,100,4992,5,8000,A3,Ours,5.087000000000444
10.679462014846806,3,100,4992,5,8000,core,Ours,5.087000000000444
5.782105226015302,3,100,4992,5,8000,A1,HOSVD,1.8540000000002692
0.0022238799140182988,3,100,4992,5,8000,A2,HOSVD,1.8540000000002692
2.4790775368864386,3,100,4992,5,8000,A3,HOSVD,1.8540000000002692
10.675442472482796,3,100,4992,5,8000,core,HOSVD,1.8540000000002692
5.771663098459588,3,100,4992,5,8000,A1,HOOI,4.536000000000058
0.002217144883974919,3,100,4992,5,8000,A2,HOOI,4.536000000000058
2.4770586112147464,3,100,4992,5,8000,A3,HOOI,4.536000000000058
10.676785786057893,3,100,4992,5,8000,core,HOOI,4.536000000000058
5.559209598453692,3,100,4992,5,8000,A1,Olga,2.7910000000001673
0.023849619277249396,3,100,4992,5,8000,A2,Olga,2.7910000000001673
2.9159604672674058,3,100,4992,5,8000,A3,Tracy,2.7910000000001673
10.632382176661379,3,100,4992,5,8000,core,Tracy_Olga,2.7910000000001673
24.3641690919105,3,100,9970,5,8000,A1,NTD,344.0789999999997
0.47251593687574206,3,100,9970,5,8000,A2,NTD,344.0789999999997
9967.04139617719,3,100,9970,5,8000,A3,NTD,344.0789999999997
9.681985882164005,3,100,9970,5,8000,core,NTD,344.0789999999997
7.319933595248166,3,100,9970,5,8000,A1,Ours,18.45600000000013
0.004341757038835178,3,100,9970,5,8000,A2,Ours,18.45600000000013
2.5428987322139798,3,100,9970,5,8000,A3,Ours,18.45600000000013
10.970559395430332,3,100,9970,5,8000,core,Ours,18.45600000000013
7.319933595248166,3,100,9970,5,8000,A1,HOSVD,4.385000000000218
0.004341757038835178,3,100,9970,5,8000,A2,HOSVD,4.385000000000218
2.5306700278998044,3,100,9970,5,8000,A3,HOSVD,4.385000000000218
10.970016563258069,3,100,9970,5,8000,core,HOSVD,4.385000000000218
7.357073193433532,3,100,9970,5,8000,A1,HOOI,15.517000000000735
0.004458650375832824,3,100,9970,5,8000,A2,HOOI,15.517000000000735
2.5281234247859845,3,100,9970,5,8000,A3,HOOI,15.517000000000735
10.965131905374667,3,100,9970,5,8000,core,HOOI,15.517000000000735
7.058523046040766,3,100,9970,5,8000,A1,Olga,6.847000000000662
0.04989466602476032,3,100,9970,5,8000,A2,Olga,6.847000000000662
2.888377454243087,3,100,9970,5,8000,A3,Tracy,6.847000000000662
10.53181347617763,3,100,9970,5,8000,core,Tracy_Olga,6.847000000000662
18.87912953134415,3,100,1000,5,9000,A1,NTD,29.07799999999952
0.07002115074127721,3,100,1000,5,9000,A2,NTD,29.07799999999952
997.0000358791859,3,100,1000,5,9000,A3,NTD,29.07799999999952
10.967735530704335,3,100,1000,5,9000,core,NTD,29.07799999999952
4.7378301323629985,3,100,1000,5,9000,A1,Ours,0.5739999999996144
0.007488471945135828,3,100,1000,5,9000,A2,Ours,0.5739999999996144
0.5129150922869402,3,100,1000,5,9000,A3,Ours,0.5739999999996144
9.752391551728815,3,100,1000,5,9000,core,Ours,0.5739999999996144
4.7378301323629985,3,100,1000,5,9000,A1,HOSVD,0.4170000000003711
0.007488471945135828,3,100,1000,5,9000,A2,HOSVD,0.4170000000003711
0.5129100229570073,3,100,1000,5,9000,A3,HOSVD,0.4170000000003711
9.752181429388793,3,100,1000,5,9000,core,HOSVD,0.4170000000003711
4.693821137591005,3,100,1000,5,9000,A1,HOOI,0.7080000000005384
0.007471008021947922,3,100,1000,5,9000,A2,HOOI,0.7080000000005384
0.5118168010614237,3,100,1000,5,9000,A3,HOOI,0.7080000000005384
9.757245757043968,3,100,1000,5,9000,core,HOOI,0.7080000000005384
4.2958906509191115,3,100,1000,5,9000,A1,Olga,0.5950000000002547
0.005986310613608412,3,100,1000,5,9000,A2,Olga,0.5950000000002547
1.3685998892811826,3,100,1000,5,9000,A3,Tracy,0.5950000000002547
10.434905230025453,3,100,1000,5,9000,core,Tracy_Olga,0.5950000000002547
31.60496961274898,3,100,4998,5,9000,A1,NTD,154.85399999999936
0.12058361240577861,3,100,4998,5,9000,A2,NTD,154.85399999999936
4995.02182292696,3,100,4998,5,9000,A3,NTD,154.85399999999936
10.080380228444536,3,100,4998,5,9000,core,NTD,154.85399999999936
5.538305649280604,3,100,4998,5,9000,A1,Ours,4.947000000000116
0.012778440829414279,3,100,4998,5,9000,A2,Ours,4.947000000000116
2.4909772906295333,3,100,4998,5,9000,A3,Ours,4.947000000000116
10.898277634798438,3,100,4998,5,9000,core,Ours,4.947000000000116
5.538305649280604,3,100,4998,5,9000,A1,HOSVD,2.175999999999476
0.012778440829414279,3,100,4998,5,9000,A2,HOSVD,2.175999999999476
2.4883432015866402,3,100,4998,5,9000,A3,HOSVD,2.175999999999476
10.897671514856734,3,100,4998,5,9000,core,HOSVD,2.175999999999476
5.499219404097343,3,100,4998,5,9000,A1,HOOI,4.350000000000364
0.013010943349187188,3,100,4998,5,9000,A2,HOOI,4.350000000000364
2.4880365629838863,3,100,4998,5,9000,A3,HOOI,4.350000000000364
10.912503298597644,3,100,4998,5,9000,core,HOOI,4.350000000000364
4.46129119397568,3,100,4998,5,9000,A1,Olga,2.618000000000393
0.022639526109463837,3,100,4998,5,9000,A2,Olga,2.618000000000393
2.8708113350629456,3,100,4998,5,9000,A3,Tracy,2.618000000000393
10.879794344646665,3,100,4998,5,9000,core,Tracy_Olga,2.618000000000393
18.287555366455393,3,100,9977,5,9000,A1,NTD,342.47599999999966
0.5050754432795326,3,100,9977,5,9000,A2,NTD,342.47599999999966
9974.095335755208,3,100,9977,5,9000,A3,NTD,342.47599999999966
10.112117278118719,3,100,9977,5,9000,core,NTD,342.47599999999966
6.197877605462062,3,100,9977,5,9000,A1,Ours,17.45599999999922
0.004147853006310365,3,100,9977,5,9000,A2,Ours,17.45599999999922
2.5262456523647785,3,100,9977,5,9000,A3,Ours,17.45599999999922
10.972725387057881,3,100,9977,5,9000,core,Ours,17.45599999999922
6.197877605462062,3,100,9977,5,9000,A1,HOSVD,3.40099999999984
0.004147853006310365,3,100,9977,5,9000,A2,HOSVD,3.40099999999984
2.5168153514853424,3,100,9977,5,9000,A3,HOSVD,3.40099999999984
10.972239572991416,3,100,9977,5,9000,core,HOSVD,3.40099999999984
6.269351046645049,3,100,9977,5,9000,A1,HOOI,12.688999999999396
0.004278466822306833,3,100,9977,5,9000,A2,HOOI,12.688999999999396
2.517193178921139,3,100,9977,5,9000,A3,HOOI,12.688999999999396
10.97027962535366,3,100,9977,5,9000,core,HOOI,12.688999999999396
5.728372425866425,3,100,9977,5,9000,A1,Olga,6.283999999999651
0.05314501193185071,3,100,9977,5,9000,A2,Olga,6.283999999999651
2.862792384008009,3,100,9977,5,9000,A3,Tracy,6.283999999999651
10.536102373102924,3,100,9977,5,9000,core,Tracy_Olga,6.283999999999651
39.45015219844239,3,100,1000,5,10000,A1,NTD,27.759000000000015
0.10334731184893035,3,100,1000,5,10000,A2,NTD,27.759000000000015
997.000041940276,3,100,1000,5,10000,A3,NTD,27.759000000000015
10.729509627721901,3,100,1000,5,10000,core,NTD,27.759000000000015
6.136290320398311,3,100,1000,5,10000,A1,Ours,0.49900000000070577
0.013969034314614564,3,100,1000,5,10000,A2,Ours,0.49900000000070577
0.3497510498785119,3,100,1000,5,10000,A3,Ours,0.49900000000070577
10.421725253484725,3,100,1000,5,10000,core,Ours,0.49900000000070577
6.136290320398311,3,100,1000,5,10000,A1,HOSVD,0.4679999999998472
0.013969034314614564,3,100,1000,5,10000,A2,HOSVD,0.4679999999998472
0.3497111759076437,3,100,1000,5,10000,A3,HOSVD,0.4679999999998472
10.421518655540712,3,100,1000,5,10000,core,HOSVD,0.4679999999998472
6.174317399665724,3,100,1000,5,10000,A1,HOOI,0.7470000000002983
0.013778368086234463,3,100,1000,5,10000,A2,HOOI,0.7470000000002983
0.3475923623631943,3,100,1000,5,10000,A3,HOOI,0.7470000000002983
10.42345132661014,3,100,1000,5,10000,core,HOOI,0.7470000000002983
4.975437623128028,3,100,1000,5,10000,A1,Olga,0.4179999999996653
0.009962185012517815,3,100,1000,5,10000,A2,Olga,0.4179999999996653
1.4419944916010086,3,100,1000,5,10000,A3,Tracy,0.4179999999996653
10.427478971467453,3,100,1000,5,10000,core,Tracy_Olga,0.4179999999996653
17.368124933314384,3,100,4998,5,10000,A1,NTD,157.25900000000001
0.11582242816591842,3,100,4998,5,10000,A2,NTD,157.25900000000001
4995.0282776906915,3,100,4998,5,10000,A3,NTD,157.25900000000001
11.414623255384816,3,100,4998,5,10000,core,NTD,157.25900000000001
3.787530642004656,3,100,4998,5,10000,A1,Ours,4.2150000000001455
0.0053257085328010595,3,100,4998,5,10000,A2,Ours,4.2150000000001455
2.4629380316889478,3,100,4998,5,10000,A3,Ours,4.2150000000001455
12.368188138397693,3,100,4998,5,10000,core,Ours,4.2150000000001455
3.787530642004656,3,100,4998,5,10000,A1,HOSVD,1.7070000000003347
0.0053257085328010595,3,100,4998,5,10000,A2,HOSVD,1.7070000000003347
2.460527639193503,3,100,4998,5,10000,A3,HOSVD,1.7070000000003347
12.365426944663227,3,100,4998,5,10000,core,HOSVD,1.7070000000003347
3.80335392842953,3,100,4998,5,10000,A1,HOOI,4.2150000000001455
0.005345194010737825,3,100,4998,5,10000,A2,HOOI,4.2150000000001455
2.4598181612889,3,100,4998,5,10000,A3,HOOI,4.2150000000001455
12.361484142083613,3,100,4998,5,10000,core,HOOI,4.2150000000001455
4.69032418445378,3,100,4998,5,10000,A1,Olga,2.4630000000006476
0.019902085982255163,3,100,4998,5,10000,A2,Olga,2.4630000000006476
2.9177169834316343,3,100,4998,5,10000,A3,Tracy,2.4630000000006476
10.771121912829944,3,100,4998,5,10000,core,Tracy_Olga,2.4630000000006476
44.24047998792867,3,100,9978,5,10000,A1,NTD,314.8889999999992
0.28297648541897413,3,100,9978,5,10000,A2,NTD,314.8889999999992
9975.038661075072,3,100,9978,5,10000,A3,NTD,314.8889999999992
8.24533961124986,3,100,9978,5,10000,core,NTD,314.8889999999992
5.36029267475204,3,100,9978,5,10000,A1,Ours,14.481999999999971
0.010924779417925329,3,100,9978,5,10000,A2,Ours,14.481999999999971
2.518565402234812,3,100,9978,5,10000,A3,Ours,14.481999999999971
14.175918544010512,3,100,9978,5,10000,core,Ours,14.481999999999971
5.36029267475204,3,100,9978,5,10000,A1,HOSVD,2.954000000000633
0.010924779417925329,3,100,9978,5,10000,A2,HOSVD,2.954000000000633
2.510477301687646,3,100,9978,5,10000,A3,HOSVD,2.954000000000633
14.175015086263054,3,100,9978,5,10000,core,HOSVD,2.954000000000633
5.353389111940845,3,100,9978,5,10000,A1,HOOI,11.806999999999789
0.011315821340977552,3,100,9978,5,10000,A2,HOOI,11.806999999999789
2.510944903202635,3,100,9978,5,10000,A3,HOOI,11.806999999999789
14.169847834411593,3,100,9978,5,10000,core,HOOI,11.806999999999789
4.4649887101507115,3,100,9978,5,10000,A1,Olga,5.498999999999796
0.038923235807584,3,100,9978,5,10000,A2,Olga,5.498999999999796
2.8734257470568574,3,100,9978,5,10000,A3,Tracy,5.498999999999796
10.918223011446027,3,100,9978,5,10000,core,Tracy_Olga,5.498999999999796
