error,K,Q1,R,Q2,M,mode,method,time
7.4165488036257115,3,100,100,5,100,A1,NTD,9.173
2.0136037120686154,3,100,100,5,100,A2,NTD,9.173
97.00536437924048,3,100,100,5,100,A3,NTD,9.173
13.094702162802623,3,100,100,5,100,core,NTD,9.173
20.12149720376916,3,100,100,5,100,A1,Ours,1.3850000000000016
0.10322214070448073,3,100,100,5,100,A2,Ours,1.3850000000000016
0.22437520143464884,3,100,100,5,100,A3,Ours,1.3850000000000016
13.821485777340149,3,100,100,5,100,core,Ours,1.3850000000000016
20.12149720376916,3,100,100,5,100,A1,HOSVD,0.1460000000000008
0.10322214070448073,3,100,100,5,100,A2,HOSVD,0.1460000000000008
0.23032190328232585,3,100,100,5,100,A3,HOSVD,0.1460000000000008
13.822865200825506,3,100,100,5,100,core,HOSVD,0.1460000000000008
18.654016647869344,3,100,100,5,100,A1,HOOI,0.33699999999999974
0.03396017124995478,3,100,100,5,100,A2,HOOI,0.33699999999999974
0.20305126212897529,3,100,100,5,100,A3,HOOI,0.33699999999999974
13.783662157682063,3,100,100,5,100,core,HOOI,0.33699999999999974
19.924065035619634,3,100,100,5,100,A1,Olga,0.14000000000000057
0.17663340888902576,3,100,100,5,100,A2,Olga,0.14000000000000057
0.9943694674672775,3,100,100,5,100,A3,Tracy,0.14000000000000057
10.998215162362591,3,100,100,5,100,core,Tracy_Olga,0.14000000000000057
33.47368480912632,3,100,499,5,100,A1,NTD,42.932
3.451718562389068,3,100,499,5,100,A2,NTD,42.932
496.21039445690667,3,100,499,5,100,A3,NTD,42.932
11.612060240320654,3,100,499,5,100,core,NTD,42.932
20.133086169715124,3,100,499,5,100,A1,Ours,0.8440000000000083
0.03251957023952318,3,100,499,5,100,A2,Ours,0.8440000000000083
2.641297895716198,3,100,499,5,100,A3,Ours,0.8440000000000083
11.551212577554711,3,100,499,5,100,core,Ours,0.8440000000000083
20.133086169715124,3,100,499,5,100,A1,HOSVD,0.5390000000000015
0.03251957023952318,3,100,499,5,100,A2,HOSVD,0.5390000000000015
2.4612250797050508,3,100,499,5,100,A3,HOSVD,0.5390000000000015
11.551212574030558,3,100,499,5,100,core,HOSVD,0.5390000000000015
19.97608945730374,3,100,499,5,100,A1,HOOI,1.4099999999999966
0.0017294989830302979,3,100,499,5,100,A2,HOOI,1.4099999999999966
2.483729781546337,3,100,499,5,100,A3,HOOI,1.4099999999999966
11.603771121511807,3,100,499,5,100,core,HOOI,1.4099999999999966
23.727874405759856,3,100,499,5,100,A1,Olga,0.820999999999998
0.19715015196839544,3,100,499,5,100,A2,Olga,0.820999999999998
2.771987469199015,3,100,499,5,100,A3,Tracy,0.820999999999998
11.551212574030558,3,100,499,5,100,core,Tracy_Olga,0.820999999999998
13.693069139843265,3,100,986,5,100,A1,NTD,77.77199999999999
2.5484476568865837,3,100,986,5,100,A2,NTD,77.77199999999999
983.2017469684941,3,100,986,5,100,A3,NTD,77.77199999999999
8.412269280019231,3,100,986,5,100,core,NTD,77.77199999999999
16.87148532379765,3,100,986,5,100,A1,Ours,1.0740000000000123
0.08007860806784108,3,100,986,5,100,A2,Ours,1.0740000000000123
4.60521103581217,3,100,986,5,100,A3,Ours,1.0740000000000123
10.634285066218698,3,100,986,5,100,core,Ours,1.0740000000000123
16.87148532379765,3,100,986,5,100,A1,HOSVD,0.8629999999999995
0.08007860806784108,3,100,986,5,100,A2,HOSVD,0.8629999999999995
2.507924971958774,3,100,986,5,100,A3,HOSVD,0.8629999999999995
11.551212574030558,3,100,986,5,100,core,HOSVD,0.8629999999999995
17.77731954978,3,100,986,5,100,A1,HOOI,2.0190000000000055
0.07745374638048641,3,100,986,5,100,A2,HOOI,2.0190000000000055
2.5348514138999265,3,100,986,5,100,A3,HOOI,2.0190000000000055
14.198804046397322,3,100,986,5,100,core,HOOI,2.0190000000000055
32.67222263631918,3,100,986,5,100,A1,Olga,1.0349999999999966
0.427560907011369,3,100,986,5,100,A2,Olga,1.0349999999999966
2.8133126332634584,3,100,986,5,100,A3,Tracy,1.0349999999999966
9.871416826855157,3,100,986,5,100,core,Tracy_Olga,1.0349999999999966
62.65561128607185,3,100,2393,5,100,A1,NTD,179.79400000000004
3.157860645003066,3,100,2393,5,100,A2,NTD,179.79400000000004
2390.352851249415,3,100,2393,5,100,A3,NTD,179.79400000000004
10.678252983491767,3,100,2393,5,100,core,NTD,179.79400000000004
17.08368780498008,3,100,2393,5,100,A1,Ours,4.168000000000006
0.0471779142638846,3,100,2393,5,100,A2,Ours,4.168000000000006
5.128382932479612,3,100,2393,5,100,A3,Ours,4.168000000000006
14.10130196352366,3,100,2393,5,100,core,Ours,4.168000000000006
17.08368780498008,3,100,2393,5,100,A1,HOSVD,1.8199999999999932
0.0471779142638846,3,100,2393,5,100,A2,HOSVD,1.8199999999999932
2.635258943844173,3,100,2393,5,100,A3,HOSVD,1.8199999999999932
13.976551019453833,3,100,2393,5,100,core,HOSVD,1.8199999999999932
17.355399480974683,3,100,2393,5,100,A1,HOOI,6.240000000000009
0.04733683910115422,3,100,2393,5,100,A2,HOOI,6.240000000000009
2.6737202298610554,3,100,2393,5,100,A3,HOOI,6.240000000000009
13.780589851793227,3,100,2393,5,100,core,HOOI,6.240000000000009
70.11758078677111,3,100,2393,5,100,A1,Olga,2.269999999999982
0.3402639874469688,3,100,2393,5,100,A2,Olga,2.269999999999982
2.97779997695671,3,100,2393,5,100,A3,Tracy,2.269999999999982
13.50564260842376,3,100,2393,5,100,core,Tracy_Olga,2.269999999999982
86.03036902483649,3,100,4549,5,100,A1,NTD,318.23800000000006
3.390656688525173,3,100,4549,5,100,A2,NTD,318.23800000000006
4546.477573731563,3,100,4549,5,100,A3,NTD,318.23800000000006
11.059510826028045,3,100,4549,5,100,core,NTD,318.23800000000006
18.26177874016205,3,100,4549,5,100,A1,Ours,15.047000000000025
0.005727263207285702,3,100,4549,5,100,A2,Ours,15.047000000000025
5.241916552284389,3,100,4549,5,100,A3,Ours,15.047000000000025
8.84698208465942,3,100,4549,5,100,core,Ours,15.047000000000025
18.26177874016205,3,100,4549,5,100,A1,HOSVD,6.86099999999999
0.005727263207285702,3,100,4549,5,100,A2,HOSVD,6.86099999999999
2.6970901837524885,3,100,4549,5,100,A3,HOSVD,6.86099999999999
14.198804046397322,3,100,4549,5,100,core,HOSVD,6.86099999999999
17.82221628503244,3,100,4549,5,100,A1,HOOI,18.952999999999975
0.007725393250269877,3,100,4549,5,100,A2,HOOI,18.952999999999975
2.731419836507389,3,100,4549,5,100,A3,HOOI,18.952999999999975
11.545650492980489,3,100,4549,5,100,core,HOOI,18.952999999999975
67.63026482717578,3,100,4549,5,100,A1,Olga,8.707000000000107
0.8472217930717377,3,100,4549,5,100,A2,Olga,8.707000000000107
3.028583381215797,3,100,4549,5,100,A3,Tracy,8.707000000000107
6.595907090597077,3,100,4549,5,100,core,Tracy_Olga,8.707000000000107
103.84784366522028,3,100,5318,5,100,A1,NTD,384.073
2.842176419599122,3,100,5318,5,100,A2,NTD,384.073
5315.553240791621,3,100,5318,5,100,A3,NTD,384.073
9.676255739653145,3,100,5318,5,100,core,NTD,384.073
20.223380890645373,3,100,5318,5,100,A1,Ours,15.370000000000118
0.1195815070357859,3,100,5318,5,100,A2,Ours,15.370000000000118
5.438582251120445,3,100,5318,5,100,A3,Ours,15.370000000000118
10.752319556671265,3,100,5318,5,100,core,Ours,15.370000000000118
20.223380890645373,3,100,5318,5,100,A1,HOSVD,7.813000000000102
0.1195815070357859,3,100,5318,5,100,A2,HOSVD,7.813000000000102
2.7167335901218577,3,100,5318,5,100,A3,HOSVD,7.813000000000102
14.192859430845095,3,100,5318,5,100,core,HOSVD,7.813000000000102
19.54691017873064,3,100,5318,5,100,A1,HOOI,18.113000000000056
0.08275191796474353,3,100,5318,5,100,A2,HOOI,18.113000000000056
3.559905075787436,3,100,5318,5,100,A3,HOOI,18.113000000000056
10.188232546655751,3,100,5318,5,100,core,HOOI,18.113000000000056
61.607155748493604,3,100,5318,5,100,A1,Olga,13.457999999999856
3.0230194581475973,3,100,5318,5,100,A2,Olga,13.457999999999856
4.573563640994613,3,100,5318,5,100,A3,Tracy,13.457999999999856
12.95871995537463,3,100,5318,5,100,core,Tracy_Olga,13.457999999999856
101.61296273169748,3,100,6108,5,100,A1,NTD,413.028
3.3906612811295878,3,100,6108,5,100,A2,NTD,413.028
6105.555890914353,3,100,6108,5,100,A3,NTD,413.028
10.23044589614661,3,100,6108,5,100,core,NTD,413.028
17.247536720306297,3,100,6108,5,100,A1,Ours,14.61200000000008
0.11972768915295998,3,100,6108,5,100,A2,Ours,14.61200000000008
5.358479369690596,3,100,6108,5,100,A3,Ours,14.61200000000008
14.101592645923324,3,100,6108,5,100,core,Ours,14.61200000000008
17.247536720306297,3,100,6108,5,100,A1,HOSVD,4.15300000000002
0.11972768915295998,3,100,6108,5,100,A2,HOSVD,4.15300000000002
2.7384233102582285,3,100,6108,5,100,A3,HOSVD,4.15300000000002
14.198804046397322,3,100,6108,5,100,core,HOSVD,4.15300000000002
16.848787742218285,3,100,6108,5,100,A1,HOOI,22.229000000000042
0.11092653249180574,3,100,6108,5,100,A2,HOOI,22.229000000000042
3.8295852784645734,3,100,6108,5,100,A3,HOOI,22.229000000000042
13.624311366056334,3,100,6108,5,100,core,HOOI,22.229000000000042
85.32771254342124,3,100,6108,5,100,A1,Olga,8.039999999999964
4.736063789383558,3,100,6108,5,100,A2,Olga,8.039999999999964
3.061848928299064,3,100,6108,5,100,A3,Tracy,8.039999999999964
12.035452303757705,3,100,6108,5,100,core,Tracy_Olga,8.039999999999964
117.39793858562984,3,100,6849,5,100,A1,NTD,478.79999999999995
4.8421671781975695,3,100,6849,5,100,A2,NTD,478.79999999999995
6846.57814838647,3,100,6849,5,100,A3,NTD,478.79999999999995
11.241803305591283,3,100,6849,5,100,core,NTD,478.79999999999995
19.681248993111165,3,100,6849,5,100,A1,Ours,18.332000000000335
0.06024754529187613,3,100,6849,5,100,A2,Ours,18.332000000000335
5.3373408979280255,3,100,6849,5,100,A3,Ours,18.332000000000335
11.308580862172311,3,100,6849,5,100,core,Ours,18.332000000000335
19.681248993111165,3,100,6849,5,100,A1,HOSVD,4.380999999999858
0.06024754529187613,3,100,6849,5,100,A2,HOSVD,4.380999999999858
2.794661670047306,3,100,6849,5,100,A3,HOSVD,4.380999999999858
10.025670877502014,3,100,6849,5,100,core,HOSVD,4.380999999999858
19.86595059507235,3,100,6849,5,100,A1,HOOI,19.309999999999945
0.05662765641412119,3,100,6849,5,100,A2,HOOI,19.309999999999945
3.7928669565829045,3,100,6849,5,100,A3,HOOI,19.309999999999945
8.280906205722946,3,100,6849,5,100,core,HOOI,19.309999999999945
80.61296273358508,3,100,6849,5,100,A1,Olga,8.282999999999902
0.7790868797308593,3,100,6849,5,100,A2,Olga,8.282999999999902
3.154988904125596,3,100,6849,5,100,A3,Tracy,8.282999999999902
13.685993138423974,3,100,6849,5,100,core,Tracy_Olga,8.282999999999902
115.02805207936656,3,100,7592,5,100,A1,NTD,504.8040000000001
3.7063720092219383,3,100,7592,5,100,A2,NTD,504.8040000000001
7589.543746287909,3,100,7592,5,100,A3,NTD,504.8040000000001
9.910997677859037,3,100,7592,5,100,core,NTD,504.8040000000001
18.253901407760633,3,100,7592,5,100,A1,Ours,19.63000000000011
0.04828541624777445,3,100,7592,5,100,A2,Ours,19.63000000000011
5.393095938960918,3,100,7592,5,100,A3,Ours,19.63000000000011
9.809078102103776,3,100,7592,5,100,core,Ours,19.63000000000011
17.462185306038027,3,100,7592,5,100,A1,HOOI,22.81399999999985
0.06044769370850966,3,100,7592,5,100,A2,HOOI,22.81399999999985
3.992790227139173,3,100,7592,5,100,A3,HOOI,22.81399999999985
11.703108320396241,3,100,7592,5,100,core,HOOI,22.81399999999985
126.0511299973638,3,100,8263,5,100,A1,NTD,559.1570000000002
5.7063524640937535,3,100,8263,5,100,A2,NTD,559.1570000000002
8260.6031220989,3,100,8263,5,100,A3,NTD,559.1570000000002
11.834189297201963,3,100,8263,5,100,core,NTD,559.1570000000002
23.367739218681134,3,100,8263,5,100,A1,Ours,23.7470000000003
0.09239918313591149,3,100,8263,5,100,A2,Ours,23.7470000000003
5.403075111378904,3,100,8263,5,100,A3,Ours,23.7470000000003
13.99777772013268,3,100,8263,5,100,core,Ours,23.7470000000003
23.367739218681134,3,100,8263,5,100,A1,HOSVD,5.880000000000109
0.09239918313591149,3,100,8263,5,100,A2,HOSVD,5.880000000000109
3.611837433327827,3,100,8263,5,100,A3,HOSVD,5.880000000000109
10.059492310851189,3,100,8263,5,100,core,HOSVD,5.880000000000109
23.357326174128826,3,100,8263,5,100,A1,HOOI,34.996999999999844
0.07788169845945778,3,100,8263,5,100,A2,HOOI,34.996999999999844
3.891932497382285,3,100,8263,5,100,A3,HOOI,34.996999999999844
11.011832759676343,3,100,8263,5,100,core,HOOI,34.996999999999844
4.3919580508254,3,100,100,5,3000,A1,NTD,8.302000000000135
2.410179001950299,3,100,100,5,3000,A2,NTD,8.302000000000135
97.00054785751894,3,100,100,5,3000,A3,NTD,8.302000000000135
12.7142674486401,3,100,100,5,3000,core,NTD,8.302000000000135
2.7912843167223103,3,100,100,5,3000,A1,Ours,1.2480000000000473
0.004717184903817982,3,100,100,5,3000,A2,Ours,1.2480000000000473
0.040254471927543084,3,100,100,5,3000,A3,Ours,1.2480000000000473
14.029312837812528,3,100,100,5,3000,core,Ours,1.2480000000000473
2.7912843167223103,3,100,100,5,3000,A1,HOSVD,0.7880000000000109
0.004717184903817982,3,100,100,5,3000,A2,HOSVD,0.7880000000000109
0.04025553781202992,3,100,100,5,3000,A3,HOSVD,0.7880000000000109
14.02931598247338,3,100,100,5,3000,core,HOSVD,0.7880000000000109
2.821522125663098,3,100,100,5,3000,A1,HOOI,0.7570000000000618
0.004239732120462965,3,100,100,5,3000,A2,HOOI,0.7570000000000618
0.04041905720293289,3,100,100,5,3000,A3,HOOI,0.7570000000000618
14.028287578236913,3,100,100,5,3000,core,HOOI,0.7570000000000618
2.9353480582819746,3,100,100,5,3000,A1,Olga,0.6019999999998618
0.0028690499430673666,3,100,100,5,3000,A2,Olga,0.6019999999998618
0.9719167826615979,3,100,100,5,3000,A3,Tracy,0.6019999999998618
11.08239640223189,3,100,100,5,3000,core,Tracy_Olga,0.6019999999998618
2.7393209614571,3,100,500,5,3000,A1,NTD,32.26099999999997
0.8548171232224692,3,100,500,5,3000,A2,NTD,32.26099999999997
497.0003625164227,3,100,500,5,3000,A3,NTD,32.26099999999997
11.72773843940136,3,100,500,5,3000,core,NTD,32.26099999999997
3.5121812689605414,3,100,500,5,3000,A1,Ours,0.5920000000000982
0.0038357637030572507,3,100,500,5,3000,A2,Ours,0.5920000000000982
0.10881322433269473,3,100,500,5,3000,A3,Ours,0.5920000000000982
14.041672824065175,3,100,500,5,3000,core,Ours,0.5920000000000982
3.5121812689605414,3,100,500,5,3000,A1,HOSVD,0.6649999999999636
0.0038357637030572507,3,100,500,5,3000,A2,HOSVD,0.6649999999999636
0.10872321543267348,3,100,500,5,3000,A3,HOSVD,0.6649999999999636
14.040719413766565,3,100,500,5,3000,core,HOSVD,0.6649999999999636
3.517142208570643,3,100,500,5,3000,A1,HOOI,0.862999999999829
0.003459588648588683,3,100,500,5,3000,A2,HOOI,0.862999999999829
0.10507634243317308,3,100,500,5,3000,A3,HOOI,0.862999999999829
14.074832946690671,3,100,500,5,3000,core,HOOI,0.862999999999829
3.36575744752397,3,100,500,5,3000,A1,Olga,0.5979999999999563
0.007378317368573582,3,100,500,5,3000,A2,Olga,0.5979999999999563
1.3038201941457344,3,100,500,5,3000,A3,Tracy,0.5979999999999563
14.078545709101167,3,100,500,5,3000,core,Tracy_Olga,0.5979999999999563
17.724598708397846,3,100,1000,5,3000,A1,NTD,70.15999999999985
0.2912805221006886,3,100,1000,5,3000,A2,NTD,70.15999999999985
997.0004995516658,3,100,1000,5,3000,A3,NTD,70.15999999999985
10.012502832684168,3,100,1000,5,3000,core,NTD,70.15999999999985
3.9435349394413244,3,100,1000,5,3000,A1,Ours,1.1749999999997272
0.010085216702008423,3,100,1000,5,3000,A2,Ours,1.1749999999997272
0.6803639779654909,3,100,1000,5,3000,A3,Ours,1.1749999999997272
13.640170752074358,3,100,1000,5,3000,core,Ours,1.1749999999997272
3.9435349394413244,3,100,1000,5,3000,A1,HOSVD,0.9690000000000509
0.010085216702008423,3,100,1000,5,3000,A2,HOSVD,0.9690000000000509
0.6801858367164055,3,100,1000,5,3000,A3,HOSVD,0.9690000000000509
13.639177473342125,3,100,1000,5,3000,core,HOSVD,0.9690000000000509
3.9409763820728565,3,100,1000,5,3000,A1,HOOI,1.9200000000000728
0.009248386796542812,3,100,1000,5,3000,A2,HOOI,1.9200000000000728
0.6570735674994385,3,100,1000,5,3000,A3,HOOI,1.9200000000000728
13.686720098212147,3,100,1000,5,3000,core,HOOI,1.9200000000000728
3.3362420899964156,3,100,1000,5,3000,A1,Olga,1.2020000000002256
0.015417580916463119,3,100,1000,5,3000,A2,Olga,1.2020000000002256
1.584113374905737,3,100,1000,5,3000,A3,Tracy,1.2020000000002256
12.00726176593322,3,100,1000,5,3000,core,Tracy_Olga,1.2020000000002256
2.9444606835715272,3,100,2499,5,3000,A1,NTD,184.14400000000023
0.057518873118912676,3,100,2499,5,3000,A2,NTD,184.14400000000023
2496.034038053834,3,100,2499,5,3000,A3,NTD,184.14400000000023
11.263624571898339,3,100,2499,5,3000,core,NTD,184.14400000000023
3.2249379321898592,3,100,2499,5,3000,A1,Ours,11.317000000000007
0.031427930873038475,3,100,2499,5,3000,A2,Ours,11.317000000000007
2.548742510902638,3,100,2499,5,3000,A3,Ours,11.317000000000007
13.43268676510831,3,100,2499,5,3000,core,Ours,11.317000000000007
3.2249379321898592,3,100,2499,5,3000,A1,HOSVD,10.415999999999713
0.031427930873038475,3,100,2499,5,3000,A2,HOSVD,10.415999999999713
2.54624384452968,3,100,2499,5,3000,A3,HOSVD,10.415999999999713
13.424819810456686,3,100,2499,5,3000,core,HOSVD,10.415999999999713
3.2584049164174838,3,100,2499,5,3000,A1,HOOI,11.751000000000204
0.03312964771603769,3,100,2499,5,3000,A2,HOOI,11.751000000000204
2.540447529497219,3,100,2499,5,3000,A3,HOOI,11.751000000000204
13.4614504659417,3,100,2499,5,3000,core,HOOI,11.751000000000204
3.505015791582042,3,100,2499,5,3000,A1,Olga,6.268000000000029
0.018433514477042442,3,100,2499,5,3000,A2,Olga,6.268000000000029
2.9927427634298396,3,100,2499,5,3000,A3,Tracy,6.268000000000029
11.476496455839298,3,100,2499,5,3000,core,Tracy_Olga,6.268000000000029
8.157046099053947,3,100,4983,5,3000,A1,NTD,365.672
0.8548618795230932,3,100,4983,5,3000,A2,NTD,365.672
4980.062168947116,3,100,4983,5,3000,A3,NTD,365.672
13.116451269894915,3,100,4983,5,3000,core,NTD,365.672
3.2215501863859877,3,100,4983,5,3000,A1,Ours,11.636000000000422
0.021074448348227286,3,100,4983,5,3000,A2,Ours,11.636000000000422
2.494013544163465,3,100,4983,5,3000,A3,Ours,11.636000000000422
14.198804046397322,3,100,4983,5,3000,core,Ours,11.636000000000422
3.2215501863859877,3,100,4983,5,3000,A1,HOSVD,4.391000000000531
0.021074448348227286,3,100,4983,5,3000,A2,HOSVD,4.391000000000531
2.470702479987269,3,100,4983,5,3000,A3,HOSVD,4.391000000000531
14.198804046397322,3,100,4983,5,3000,core,HOSVD,4.391000000000531
3.189515908362142,3,100,4983,5,3000,A1,HOOI,8.464999999999236
0.019869299725688353,3,100,4983,5,3000,A2,HOOI,8.464999999999236
2.4729424671853097,3,100,4983,5,3000,A3,HOOI,8.464999999999236
14.198804046397322,3,100,4983,5,3000,core,HOOI,8.464999999999236
3.600846506116093,3,100,4983,5,3000,A1,Olga,5.516000000000531
0.0611204190347559,3,100,4983,5,3000,A2,Olga,5.516000000000531
2.861131938173874,3,100,4983,5,3000,A3,Tracy,5.516000000000531
11.551212574030558,3,100,4983,5,3000,core,Tracy_Olga,5.516000000000531
25.22388133615194,3,100,5986,5,3000,A1,NTD,413.95799999999963
4.52417250233678,3,100,5986,5,3000,A2,NTD,413.95799999999963
5983.0645718700725,3,100,5986,5,3000,A3,NTD,413.95799999999963
8.673562249156655,3,100,5986,5,3000,core,NTD,413.95799999999963
4.973541074917146,3,100,5986,5,3000,A1,Ours,13.898000000000138
0.0022432316663433074,3,100,5986,5,3000,A2,Ours,13.898000000000138
2.5347819174128996,3,100,5986,5,3000,A3,Ours,13.898000000000138
14.122354744450934,3,100,5986,5,3000,core,Ours,13.898000000000138
4.973541074917146,3,100,5986,5,3000,A1,HOSVD,4.283999999999651
0.0022432316663433074,3,100,5986,5,3000,A2,HOSVD,4.283999999999651
2.5024279972030126,3,100,5986,5,3000,A3,HOSVD,4.283999999999651
14.124611886043445,3,100,5986,5,3000,core,HOSVD,4.283999999999651
5.0049816013739665,3,100,5986,5,3000,A1,HOOI,12.009000000000015
0.0024670577874950773,3,100,5986,5,3000,A2,HOOI,12.009000000000015
2.5030712974042526,3,100,5986,5,3000,A3,HOOI,12.009000000000015
14.152267696795818,3,100,5986,5,3000,core,HOOI,12.009000000000015
6.4423873817421295,3,100,5986,5,3000,A1,Olga,6.4320000000006985
0.07704585944315637,3,100,5986,5,3000,A2,Olga,6.4320000000006985
2.8633538338722606,3,100,5986,5,3000,A3,Tracy,6.4320000000006985
14.198801354753092,3,100,5986,5,3000,core,Tracy_Olga,6.4320000000006985
2.105060629932615,3,100,6977,5,3000,A1,NTD,477.60599999999977
2.2936889289978284,3,100,6977,5,3000,A2,NTD,477.60599999999977
6974.06344112257,3,100,6977,5,3000,A3,NTD,477.60599999999977
11.362018160444075,3,100,6977,5,3000,core,NTD,477.60599999999977
3.261398106838528,3,100,6977,5,3000,A1,Ours,18.11700000000019
0.01257664657388351,3,100,6977,5,3000,A2,Ours,18.11700000000019
2.5330174647638404,3,100,6977,5,3000,A3,Ours,18.11700000000019
14.155934572405435,3,100,6977,5,3000,core,Ours,18.11700000000019
3.261398106838528,3,100,6977,5,3000,A1,HOSVD,4.802999999999884
0.01257664657388351,3,100,6977,5,3000,A2,HOSVD,4.802999999999884
2.4775668288751582,3,100,6977,5,3000,A3,HOSVD,4.802999999999884
14.17867078740165,3,100,6977,5,3000,core,HOSVD,4.802999999999884
3.272982310425179,3,100,6977,5,3000,A1,HOOI,15.976999999999862
0.010701608564725237,3,100,6977,5,3000,A2,HOOI,15.976999999999862
2.5498207258001546,3,100,6977,5,3000,A3,HOOI,15.976999999999862
13.76627872522195,3,100,6977,5,3000,core,HOOI,15.976999999999862
2.9903938109002843,3,100,6977,5,3000,A1,Olga,8.543999999999869
0.03934980700467502,3,100,6977,5,3000,A2,Olga,8.543999999999869
2.915513905529392,3,100,6977,5,3000,A3,Tracy,8.543999999999869
11.542117004837703,3,100,6977,5,3000,core,Tracy_Olga,8.543999999999869
4.184338020291565,3,100,7963,5,3000,A1,NTD,536.5150000000003
4.293690434096157,3,100,7963,5,3000,A2,NTD,536.5150000000003
7960.07908176947,3,100,7963,5,3000,A3,NTD,536.5150000000003
11.52330445803497,3,100,7963,5,3000,core,NTD,536.5150000000003
3.3682406120953337,3,100,7963,5,3000,A1,Ours,22.006999999999607
0.013683444176204332,3,100,7963,5,3000,A2,Ours,22.006999999999607
2.5921693154386314,3,100,7963,5,3000,A3,Ours,22.006999999999607
14.198804046397322,3,100,7963,5,3000,core,Ours,22.006999999999607
3.3682406120953337,3,100,7963,5,3000,A1,HOSVD,5.405999999999949
0.013683444176204332,3,100,7963,5,3000,A2,HOSVD,5.405999999999949
2.5384827046737115,3,100,7963,5,3000,A3,HOSVD,5.405999999999949
14.198804046397322,3,100,7963,5,3000,core,HOSVD,5.405999999999949
3.398150899423694,3,100,7963,5,3000,A1,HOOI,20.240999999999985
0.012162001319926537,3,100,7963,5,3000,A2,HOOI,20.240999999999985
2.542123124133686,3,100,7963,5,3000,A3,HOOI,20.240999999999985
14.198804046397322,3,100,7963,5,3000,core,HOOI,20.240999999999985
3.5599155465457426,3,100,7963,5,3000,A1,Olga,10.485999999999876
0.05256602043061548,3,100,7963,5,3000,A2,Olga,10.485999999999876
2.8672680506620094,3,100,7963,5,3000,A3,Tracy,10.485999999999876
11.551212574030558,3,100,7963,5,3000,core,Tracy_Olga,10.485999999999876
2.5746350636964594,3,100,8954,5,3000,A1,NTD,753.9170000000004
4.6790212632042385,3,100,8954,5,3000,A2,NTD,753.9170000000004
8951.082120467321,3,100,8954,5,3000,A3,NTD,753.9170000000004
11.274877632263506,3,100,8954,5,3000,core,NTD,753.9170000000004
4.039950943375232,3,100,8954,5,3000,A1,Ours,26.14600000000064
0.0052197986846167395,3,100,8954,5,3000,A2,Ours,26.14600000000064
2.6039723109854953,3,100,8954,5,3000,A3,Ours,26.14600000000064
14.198804046397322,3,100,8954,5,3000,core,Ours,26.14600000000064
4.039950943375232,3,100,8954,5,3000,A1,HOSVD,5.7979999999997744
0.0052197986846167395,3,100,8954,5,3000,A2,HOSVD,5.7979999999997744
2.535898335054608,3,100,8954,5,3000,A3,HOSVD,5.7979999999997744
14.198804046397322,3,100,8954,5,3000,core,HOSVD,5.7979999999997744
4.027011564502807,3,100,8954,5,3000,A1,HOOI,25.894999999999527
0.0053882434051841,3,100,8954,5,3000,A2,HOOI,25.894999999999527
2.538030657380149,3,100,8954,5,3000,A3,HOOI,25.894999999999527
14.198804046397322,3,100,8954,5,3000,core,HOOI,25.894999999999527
3.784741367985998,3,100,8954,5,3000,A1,Olga,11.960000000000036
0.09882470137322526,3,100,8954,5,3000,A2,Olga,11.960000000000036
2.866405124930777,3,100,8954,5,3000,A3,Tracy,11.960000000000036
11.551212574030558,3,100,8954,5,3000,core,Tracy_Olga,11.960000000000036
12.121271424084377,3,100,9934,5,3000,A1,NTD,655.1009999999997
2.293249380185843,3,100,9934,5,3000,A2,NTD,655.1009999999997
9931.096718458575,3,100,9934,5,3000,A3,NTD,655.1009999999997
10.926960031962926,3,100,9934,5,3000,core,NTD,655.1009999999997
3.367194547664493,3,100,9934,5,3000,A1,Ours,31.467999999999847
0.004508903506773055,3,100,9934,5,3000,A2,Ours,31.467999999999847
2.6172730785727416,3,100,9934,5,3000,A3,Ours,31.467999999999847
14.198804046397322,3,100,9934,5,3000,core,Ours,31.467999999999847
3.367194547664493,3,100,9934,5,3000,A1,HOSVD,6.483000000000175
0.004508903506773055,3,100,9934,5,3000,A2,HOSVD,6.483000000000175
2.5331168898294654,3,100,9934,5,3000,A3,HOSVD,6.483000000000175
14.198804046397322,3,100,9934,5,3000,core,HOSVD,6.483000000000175
3.357359733210403,3,100,9934,5,3000,A1,HOOI,30.144000000000233
0.004317258011861454,3,100,9934,5,3000,A2,HOOI,30.144000000000233
2.5344986441235116,3,100,9934,5,3000,A3,HOOI,30.144000000000233
14.198804046397322,3,100,9934,5,3000,core,HOOI,30.144000000000233
3.873378758197896,3,100,9934,5,3000,A1,Olga,14.20299999999952
0.06363511190646319,3,100,9934,5,3000,A2,Olga,14.20299999999952
2.871964037235688,3,100,9934,5,3000,A3,Tracy,14.20299999999952
11.551212574030558,3,100,9934,5,3000,core,Tracy_Olga,14.20299999999952
7.660196825843532,3,100,100,5,10000,A1,NTD,7.943000000000211
0.43295710098253687,3,100,100,5,10000,A2,NTD,7.943000000000211
97,3,100,100,5,10000,A3,NTD,7.943000000000211
12.93562161832875,3,100,100,5,10000,core,NTD,7.943000000000211
1.9508922696576356,3,100,100,5,10000,A1,Ours,0.14499999999952706
0.005626385637619443,3,100,100,5,10000,A2,Ours,0.14499999999952706
0.02116927700676648,3,100,100,5,10000,A3,Ours,0.14499999999952706
14.038578606695234,3,100,100,5,10000,core,Ours,0.14499999999952706
1.9508922696576356,3,100,100,5,10000,A1,HOSVD,0.1390000000001237
0.005626385637619443,3,100,100,5,10000,A2,HOSVD,0.1390000000001237
0.021169349498208912,3,100,100,5,10000,A3,HOSVD,0.1390000000001237
14.038578978756505,3,100,100,5,10000,core,HOSVD,0.1390000000001237
1.9672764287289009,3,100,100,5,10000,A1,HOOI,0.19800000000032014
0.005864523573406563,3,100,100,5,10000,A2,HOOI,0.19800000000032014
0.021135171146065918,3,100,100,5,10000,A3,HOOI,0.19800000000032014
14.038185749412637,3,100,100,5,10000,core,HOOI,0.19800000000032014
2.0202401067195854,3,100,100,5,10000,A1,Olga,0.13500000000021828
0.0021062194772129357,3,100,100,5,10000,A2,Olga,0.13500000000021828
0.9679306496117606,3,100,100,5,10000,A3,Tracy,0.13500000000021828
11.145428170185886,3,100,100,5,10000,core,Tracy_Olga,0.13500000000021828
2.582952813885325,3,100,500,5,10000,A1,NTD,31.922999999999774
1.7167373726263886,3,100,500,5,10000,A2,NTD,31.922999999999774
497.0003132830686,3,100,500,5,10000,A3,NTD,31.922999999999774
12.013626686463597,3,100,500,5,10000,core,NTD,31.922999999999774
1.9203045241171168,3,100,500,5,10000,A1,Ours,0.5469999999995707
0.007121254899575763,3,100,500,5,10000,A2,Ours,0.5469999999995707
0.04460561259231209,3,100,500,5,10000,A3,Ours,0.5469999999995707
14.023110259949048,3,100,500,5,10000,core,Ours,0.5469999999995707
1.9203045241171168,3,100,500,5,10000,A1,HOSVD,0.5029999999997017
0.007121254899575763,3,100,500,5,10000,A2,HOSVD,0.5029999999997017
0.0445980125407036,3,100,500,5,10000,A3,HOSVD,0.5029999999997017
14.02311111220396,3,100,500,5,10000,core,HOSVD,0.5029999999997017
1.903630564630292,3,100,500,5,10000,A1,HOOI,0.8500000000003638
0.007210602486697639,3,100,500,5,10000,A2,HOOI,0.8500000000003638
0.044654994834893456,3,100,500,5,10000,A3,HOOI,0.8500000000003638
14.023492183179497,3,100,500,5,10000,core,HOOI,0.8500000000003638
1.8692940685609478,3,100,500,5,10000,A1,Olga,0.5199999999995271
0.005301353150473817,3,100,500,5,10000,A2,Olga,0.5199999999995271
1.2973687971189,3,100,500,5,10000,A3,Tracy,0.5199999999995271
14.008540547689385,3,100,500,5,10000,core,Tracy_Olga,0.5199999999995271
86.48464863327075,3,100,1000,5,10000,A1,NTD,67.25300000000061
0.60517429360026,3,100,1000,5,10000,A2,NTD,67.25300000000061
997.000369898849,3,100,1000,5,10000,A3,NTD,67.25300000000061
9.898360962834134,3,100,1000,5,10000,core,NTD,67.25300000000061
2.4738481252908566,3,100,1000,5,10000,A1,Ours,1.0510000000003856
0.016482530732767127,3,100,1000,5,10000,A2,Ours,1.0510000000003856
0.060674112110652295,3,100,1000,5,10000,A3,Ours,1.0510000000003856
14.034630287256617,3,100,1000,5,10000,core,Ours,1.0510000000003856
2.4738481252908566,3,100,1000,5,10000,A1,HOSVD,0.9700000000002547
0.016482530732767127,3,100,1000,5,10000,A2,HOSVD,0.9700000000002547
0.06067809850284278,3,100,1000,5,10000,A3,HOSVD,0.9700000000002547
14.034630216296163,3,100,1000,5,10000,core,HOSVD,0.9700000000002547
2.4767804166759477,3,100,1000,5,10000,A1,HOOI,1.5670000000000073
0.016429529691518674,3,100,1000,5,10000,A2,HOOI,1.5670000000000073
0.06066179020781449,3,100,1000,5,10000,A3,HOOI,1.5670000000000073
14.034673393327283,3,100,1000,5,10000,core,HOOI,1.5670000000000073
1.7444265244767287,3,100,1000,5,10000,A1,Olga,0.967000000000553
0.008824097871516641,3,100,1000,5,10000,A2,Olga,0.967000000000553
1.3667732997898778,3,100,1000,5,10000,A3,Tracy,0.967000000000553
14.025052109614329,3,100,1000,5,10000,core,Tracy_Olga,0.967000000000553
80.25892729979975,3,100,2500,5,10000,A1,NTD,184.53700000000026
0.8686871936128199,3,100,2500,5,10000,A2,NTD,184.53700000000026
2497.0010942520075,3,100,2500,5,10000,A3,NTD,184.53700000000026
11.17428054749065,3,100,2500,5,10000,core,NTD,184.53700000000026
1.5008596727157697,3,100,2500,5,10000,A1,Ours,3.588999999999942
0.005442975684007638,3,100,2500,5,10000,A2,Ours,3.588999999999942
0.6911487390688686,3,100,2500,5,10000,A3,Ours,3.588999999999942
13.49284106974894,3,100,2500,5,10000,core,Ours,3.588999999999942
1.5008596727157697,3,100,2500,5,10000,A1,HOSVD,1.8010000000003856
0.005442975684007638,3,100,2500,5,10000,A2,HOSVD,1.8010000000003856
0.6909056885837039,3,100,2500,5,10000,A3,HOSVD,1.8010000000003856
13.492897292600533,3,100,2500,5,10000,core,HOSVD,1.8010000000003856
1.5031917392955836,3,100,2500,5,10000,A1,HOOI,4.5659999999998035
0.0056268539462348095,3,100,2500,5,10000,A2,HOOI,4.5659999999998035
0.6938397795430205,3,100,2500,5,10000,A3,HOOI,4.5659999999998035
13.48483375774905,3,100,2500,5,10000,core,HOOI,4.5659999999998035
1.7356605680379689,3,100,2500,5,10000,A1,Olga,2.298999999999978
0.004624696607969694,3,100,2500,5,10000,A2,Olga,2.298999999999978
1.515096128619507,3,100,2500,5,10000,A3,Tracy,2.298999999999978
13.87926813025479,3,100,2500,5,10000,core,Tracy_Olga,2.298999999999978
2.700476334294169,3,100,4998,5,10000,A1,NTD,348.0779999999995
0.5641919048711813,3,100,4998,5,10000,A2,NTD,348.0779999999995
4995.029837719068,3,100,4998,5,10000,A3,NTD,348.0779999999995
8.207305335706094,3,100,4998,5,10000,core,NTD,348.0779999999995
1.827870124339326,3,100,4998,5,10000,A1,Ours,9.404999999999745
0.0031123120704084745,3,100,4998,5,10000,A2,Ours,9.404999999999745
2.5003196003407275,3,100,4998,5,10000,A3,Ours,9.404999999999745
14.198804046397322,3,100,4998,5,10000,core,Ours,9.404999999999745
1.827870124339326,3,100,4998,5,10000,A1,HOSVD,3.55199999999968
0.0031123120704084745,3,100,4998,5,10000,A2,HOSVD,3.55199999999968
2.4983380974596945,3,100,4998,5,10000,A3,HOSVD,3.55199999999968
14.198804046397322,3,100,4998,5,10000,core,HOSVD,3.55199999999968
1.8373118995906197,3,100,4998,5,10000,A1,HOOI,9.364000000000487
0.003215358760943622,3,100,4998,5,10000,A2,HOOI,9.364000000000487
2.497859189952443,3,100,4998,5,10000,A3,HOOI,9.364000000000487
14.198804046397322,3,100,4998,5,10000,core,HOOI,9.364000000000487
1.8054582240954562,3,100,4998,5,10000,A1,Olga,5.253999999999905
0.010953484556604505,3,100,4998,5,10000,A2,Olga,5.253999999999905
2.851505470140942,3,100,4998,5,10000,A3,Tracy,5.253999999999905
11.551212574030558,3,100,4998,5,10000,core,Tracy_Olga,5.253999999999905
7.64863368816971,3,100,5996,5,10000,A1,NTD,412.22199999999975
0.25648306807393656,3,100,5996,5,10000,A2,NTD,412.22199999999975
5993.032364548053,3,100,5996,5,10000,A3,NTD,412.22199999999975
11.570622856018785,3,100,5996,5,10000,core,NTD,412.22199999999975
1.716700177500858,3,100,5996,5,10000,A1,Ours,12.969999999999345
0.004515703726369463,3,100,5996,5,10000,A2,Ours,12.969999999999345
2.487265118994177,3,100,5996,5,10000,A3,Ours,12.969999999999345
11.551212574030558,3,100,5996,5,10000,core,Ours,12.969999999999345
1.716700177500858,3,100,5996,5,10000,A1,HOSVD,3.8629999999993743
0.004515703726369463,3,100,5996,5,10000,A2,HOSVD,3.8629999999993743
2.484263915685316,3,100,5996,5,10000,A3,HOSVD,3.8629999999993743
11.551212574030558,3,100,5996,5,10000,core,HOSVD,3.8629999999993743
1.7034317008681727,3,100,5996,5,10000,A1,HOOI,10.963999999999942
0.004428277316566761,3,100,5996,5,10000,A2,HOOI,10.963999999999942
2.484772550749271,3,100,5996,5,10000,A3,HOOI,10.963999999999942
11.549492347395445,3,100,5996,5,10000,core,HOOI,10.963999999999942
1.6602500082240854,3,100,5996,5,10000,A1,Olga,6.378999999998996
0.018703015585689733,3,100,5996,5,10000,A2,Olga,6.378999999998996
2.8614750175026393,3,100,5996,5,10000,A3,Tracy,6.378999999998996
11.54690712422158,3,100,5996,5,10000,core,Tracy_Olga,6.378999999998996
2.4413577775047957,3,100,6995,5,10000,A1,NTD,461.4390000000003
3.2345880541877925,3,100,6995,5,10000,A2,NTD,461.4390000000003
6992.026102029251,3,100,6995,5,10000,A3,NTD,461.4390000000003
9.612308469602437,3,100,6995,5,10000,core,NTD,461.4390000000003
2.3032446598772287,3,100,6995,5,10000,A1,Ours,17.174000000000888
0.005126395680538231,3,100,6995,5,10000,A2,Ours,17.174000000000888
2.519027933255562,3,100,6995,5,10000,A3,Ours,17.174000000000888
11.551212574030558,3,100,6995,5,10000,core,Ours,17.174000000000888
2.3032446598772287,3,100,6995,5,10000,A1,HOSVD,4.4799999999995634
0.005126395680538231,3,100,6995,5,10000,A2,HOSVD,4.4799999999995634
2.5151306803659788,3,100,6995,5,10000,A3,HOSVD,4.4799999999995634
11.551212574030558,3,100,6995,5,10000,core,HOSVD,4.4799999999995634
2.2994148552770315,3,100,6995,5,10000,A1,HOOI,15.135000000000218
0.0049319203977318616,3,100,6995,5,10000,A2,HOOI,15.135000000000218
2.5139061581357423,3,100,6995,5,10000,A3,HOOI,15.135000000000218
11.551212574030558,3,100,6995,5,10000,core,HOOI,15.135000000000218
1.9898797380581603,3,100,6995,5,10000,A1,Olga,8.079999999999927
0.019915116328883424,3,100,6995,5,10000,A2,Olga,8.079999999999927
2.8738876697045526,3,100,6995,5,10000,A3,Tracy,8.079999999999927
11.551212574030558,3,100,6995,5,10000,core,Tracy_Olga,8.079999999999927
2.771344135548774,3,100,7990,5,10000,A1,NTD,527.4989999999998
0.6643490382741134,3,100,7990,5,10000,A2,NTD,527.4989999999998
7987.028291407849,3,100,7990,5,10000,A3,NTD,527.4989999999998
9.748214954540378,3,100,7990,5,10000,core,NTD,527.4989999999998
1.9699493946049866,3,100,7990,5,10000,A1,Ours,21.28899999999885
0.006464850155863938,3,100,7990,5,10000,A2,Ours,21.28899999999885
2.5252756257200577,3,100,7990,5,10000,A3,Ours,21.28899999999885
11.551212574030558,3,100,7990,5,10000,core,Ours,21.28899999999885
1.9699493946049866,3,100,7990,5,10000,A1,HOSVD,4.950000000000728
0.006464850155863938,3,100,7990,5,10000,A2,HOSVD,4.950000000000728
2.5201962902680255,3,100,7990,5,10000,A3,HOSVD,4.950000000000728
11.551212574030558,3,100,7990,5,10000,core,HOSVD,4.950000000000728
1.9711497552171915,3,100,7990,5,10000,A1,HOOI,19.063000000000102
0.0065519926975104795,3,100,7990,5,10000,A2,HOOI,19.063000000000102
2.520750502364642,3,100,7990,5,10000,A3,HOOI,19.063000000000102
11.551212574030558,3,100,7990,5,10000,core,HOOI,19.063000000000102
1.8188277743071555,3,100,7990,5,10000,A1,Olga,9.671000000000276
0.01542280497870488,3,100,7990,5,10000,A2,Olga,9.671000000000276
2.8779585595114994,3,100,7990,5,10000,A3,Tracy,9.671000000000276
11.551212574030558,3,100,7990,5,10000,core,Tracy_Olga,9.671000000000276
3.923394442539547,3,100,8984,5,10000,A1,NTD,658.8249999999989
0.6737941526567721,3,100,8984,5,10000,A2,NTD,658.8249999999989
8981.050305714503,3,100,8984,5,10000,A3,NTD,658.8249999999989
11.378887896467406,3,100,8984,5,10000,core,NTD,658.8249999999989
1.8393549993926126,3,100,8984,5,10000,A1,Ours,26.719999999999345
0.008934483125148978,3,100,8984,5,10000,A2,Ours,26.719999999999345
2.529203438464768,3,100,8984,5,10000,A3,Ours,26.719999999999345
14.198804046397322,3,100,8984,5,10000,core,Ours,26.719999999999345
1.8393549993926126,3,100,8984,5,10000,A1,HOSVD,5.593999999999141
0.008934483125148978,3,100,8984,5,10000,A2,HOSVD,5.593999999999141
2.5230485156392533,3,100,8984,5,10000,A3,HOSVD,5.593999999999141
14.198804046397322,3,100,8984,5,10000,core,HOSVD,5.593999999999141
1.8385950345907769,3,100,8984,5,10000,A1,HOOI,25.435999999999694
0.008718771489903722,3,100,8984,5,10000,A2,HOOI,25.435999999999694
2.52379891424736,3,100,8984,5,10000,A3,HOOI,25.435999999999694
14.198804046397322,3,100,8984,5,10000,core,HOOI,25.435999999999694
1.7371133919481052,3,100,8984,5,10000,A1,Olga,11.798000000000684
0.025051708491425465,3,100,8984,5,10000,A2,Olga,11.798000000000684
2.866012218883073,3,100,8984,5,10000,A3,Tracy,11.798000000000684
11.551212574030558,3,100,8984,5,10000,core,Tracy_Olga,11.798000000000684
2.6427193573969836,3,100,9983,5,10000,A1,NTD,725.3500000000004
3.1488240442152744,3,100,9983,5,10000,A2,NTD,725.3500000000004
9980.043619555136,3,100,9983,5,10000,A3,NTD,725.3500000000004
13.426528164746452,3,100,9983,5,10000,core,NTD,725.3500000000004
2.657321490959581,3,100,9983,5,10000,A1,Ours,32.34200000000055
0.00596110213798384,3,100,9983,5,10000,A2,Ours,32.34200000000055
2.5237441346298453,3,100,9983,5,10000,A3,Ours,32.34200000000055
14.154153444799782,3,100,9983,5,10000,core,Ours,32.34200000000055
2.657321490959581,3,100,9983,5,10000,A1,HOSVD,6.539000000000669
0.00596110213798384,3,100,9983,5,10000,A2,HOSVD,6.539000000000669
2.515970456419154,3,100,9983,5,10000,A3,HOSVD,6.539000000000669
14.156137710473027,3,100,9983,5,10000,core,HOSVD,6.539000000000669
2.668281586201889,3,100,9983,5,10000,A1,HOOI,30.40600000000086
0.005889189051239444,3,100,9983,5,10000,A2,HOOI,30.40600000000086
2.5186771064062903,3,100,9983,5,10000,A3,HOOI,30.40600000000086
14.157779075381713,3,100,9983,5,10000,core,HOOI,30.40600000000086
1.8667612361061152,3,100,9983,5,10000,A1,Olga,14.075000000000728
0.02275089506103386,3,100,9983,5,10000,A2,Olga,14.075000000000728
2.871768307754582,3,100,9983,5,10000,A3,Tracy,14.075000000000728
11.535893373011367,3,100,9983,5,10000,core,Tracy_Olga,14.075000000000728
