error,K,Q1,R,Q2,M,mode,method,time
11.771657624092763,3,100,100,5,100,A1,NTD,4.1899999999999995
0.13510792117922546,3,100,100,5,100,A2,NTD,4.1899999999999995
97.003003384082,3,100,100,5,100,A3,NTD,4.1899999999999995
11.229427347156928,3,100,100,5,100,core,NTD,4.1899999999999995
20.798090151384734,3,100,100,5,100,A1,Ours,1.6150000000000002
0.09639692613759039,3,100,100,5,100,A2,Ours,1.6150000000000002
0.1841771885490668,3,100,100,5,100,A3,Ours,1.6150000000000002
11.054716533073785,3,100,100,5,100,core,Ours,1.6150000000000002
20.798090151384734,3,100,100,5,100,A1,HOSVD,1.3940000000000001
0.09639692613759039,3,100,100,5,100,A2,HOSVD,1.3940000000000001
0.1861348171006011,3,100,100,5,100,A3,HOSVD,1.3940000000000001
11.054142136660122,3,100,100,5,100,core,HOSVD,1.3940000000000001
20.58461534294998,3,100,100,5,100,A1,HOOI,1.7300000000000022
0.019117899072014125,3,100,100,5,100,A2,HOOI,1.7300000000000022
0.17945869407793294,3,100,100,5,100,A3,HOOI,1.7300000000000022
11.115149170816,3,100,100,5,100,core,HOOI,1.7300000000000022
22.167863923430627,3,100,100,5,100,A1,Olga,1.6469999999999985
0.05837576177662983,3,100,100,5,100,A2,Olga,1.6469999999999985
1.056354479354483,3,100,100,5,100,A3,Tracy,1.6469999999999985
11.148081053622871,3,100,100,5,100,core,Tracy_Olga,1.6469999999999985
22.055082163135324,3,100,496,5,100,A1,NTD,21.441
4.049601059512748,3,100,496,5,100,A2,NTD,21.441
493.1011379331568,3,100,496,5,100,A3,NTD,21.441
11.967454791122368,3,100,496,5,100,core,NTD,21.441
31.859024999684586,3,100,496,5,100,A1,Ours,0.26300000000000523
0.15210388157930638,3,100,496,5,100,A2,Ours,0.26300000000000523
2.558704760933263,3,100,496,5,100,A3,Ours,0.26300000000000523
13.30986921239347,3,100,496,5,100,core,Ours,0.26300000000000523
31.859024999684586,3,100,496,5,100,A1,HOSVD,0.21800000000000352
0.15210388157930638,3,100,496,5,100,A2,HOSVD,0.21800000000000352
2.393842946382162,3,100,496,5,100,A3,HOSVD,0.21800000000000352
13.309869212393469,3,100,496,5,100,core,HOSVD,0.21800000000000352
30.499566366365435,3,100,496,5,100,A1,HOOI,0.6589999999999989
0.15266464608256064,3,100,496,5,100,A2,HOOI,0.6589999999999989
2.4301209211518318,3,100,496,5,100,A3,HOOI,0.6589999999999989
13.176256913478973,3,100,496,5,100,core,HOOI,0.6589999999999989
42.283412845974645,3,100,496,5,100,A1,Olga,1.3359999999999985
0.07587950898144763,3,100,496,5,100,A2,Olga,1.3359999999999985
2.7979387423601105,3,100,496,5,100,A3,Tracy,1.3359999999999985
10.994730719016001,3,100,496,5,100,core,Tracy_Olga,1.3359999999999985
68.9979666374072,3,100,982,5,100,A1,NTD,37.483999999999995
3.9996695086075986,3,100,982,5,100,A2,NTD,37.483999999999995
979.1967725209178,3,100,982,5,100,A3,NTD,37.483999999999995
9.893900979436163,3,100,982,5,100,core,NTD,37.483999999999995
35.03037295911979,3,100,982,5,100,A1,Ours,3.820999999999998
0.10768212458992484,3,100,982,5,100,A2,Ours,3.820999999999998
4.617717743684688,3,100,982,5,100,A3,Ours,3.820999999999998
10.399223741081622,3,100,982,5,100,core,Ours,3.820999999999998
35.03037295911979,3,100,982,5,100,A1,HOSVD,4.800999999999988
0.10768212458992484,3,100,982,5,100,A2,HOSVD,4.800999999999988
2.426917097313911,3,100,982,5,100,A3,HOSVD,4.800999999999988
11.108442932412569,3,100,982,5,100,core,HOSVD,4.800999999999988
34.385256457565234,3,100,982,5,100,A1,HOOI,7.292000000000002
0.0886161897955021,3,100,982,5,100,A2,HOOI,7.292000000000002
2.469477376347976,3,100,982,5,100,A3,HOOI,7.292000000000002
11.076029752835403,3,100,982,5,100,core,HOOI,7.292000000000002
49.48350722046549,3,100,982,5,100,A1,Olga,10.015999999999991
0.31027390956412915,3,100,982,5,100,A2,Olga,10.015999999999991
2.8508966738247348,3,100,982,5,100,A3,Tracy,10.015999999999991
13.255486945708375,3,100,982,5,100,core,Tracy_Olga,10.015999999999991
112.5441564061398,3,100,2379,5,100,A1,NTD,88.305
0.1339857149757063,3,100,2379,5,100,A2,NTD,88.305
2376.340928204157,3,100,2379,5,100,A3,NTD,88.305
11.837829363879127,3,100,2379,5,100,core,NTD,88.305
37.74462474661744,3,100,2379,5,100,A1,Ours,1.9120000000000061
0.049884627509895085,3,100,2379,5,100,A2,Ours,1.9120000000000061
5.294341045256326,3,100,2379,5,100,A3,Ours,1.9120000000000061
11.896529210903443,3,100,2379,5,100,core,Ours,1.9120000000000061
37.74462474661744,3,100,2379,5,100,A1,HOSVD,0.799999999999983
0.049884627509895085,3,100,2379,5,100,A2,HOSVD,0.799999999999983
2.538996879237832,3,100,2379,5,100,A3,HOSVD,0.799999999999983
11.921635863238167,3,100,2379,5,100,core,HOSVD,0.799999999999983
35.50748394100172,3,100,2379,5,100,A1,HOOI,3.0889999999999986
0.03336845663381002,3,100,2379,5,100,A2,HOOI,3.0889999999999986
2.5766317307410582,3,100,2379,5,100,A3,HOOI,3.0889999999999986
11.85090657011204,3,100,2379,5,100,core,HOOI,3.0889999999999986
83.38478291346847,3,100,2379,5,100,A1,Olga,0.9699999999999989
3.5801533426169643,3,100,2379,5,100,A2,Olga,0.9699999999999989
2.9789681433858677,3,100,2379,5,100,A3,Tracy,0.9699999999999989
13.162686096082,3,100,2379,5,100,core,Tracy_Olga,0.9699999999999989
110.00206035118406,3,100,4563,5,100,A1,NTD,164.61900000000003
4.050154206993485,3,100,4563,5,100,A2,NTD,164.61900000000003
4560.508337716335,3,100,4563,5,100,A3,NTD,164.61900000000003
12.318816809765588,3,100,4563,5,100,core,NTD,164.61900000000003
32.454865318115225,3,100,4563,5,100,A1,Ours,5.147000000000048
0.024851404954308993,3,100,4563,5,100,A2,Ours,5.147000000000048
5.105221163721664,3,100,4563,5,100,A3,Ours,5.147000000000048
9.055716346908216,3,100,4563,5,100,core,Ours,5.147000000000048
32.454865318115225,3,100,4563,5,100,A1,HOSVD,1.752999999999986
0.024851404954308993,3,100,4563,5,100,A2,HOSVD,1.752999999999986
3.9389146644199347,3,100,4563,5,100,A3,HOSVD,1.752999999999986
10.842829064934273,3,100,4563,5,100,core,HOSVD,1.752999999999986
31.385492991601378,3,100,4563,5,100,A1,HOOI,7.1059999999999945
0.025557463446460066,3,100,4563,5,100,A2,HOOI,7.1059999999999945
3.3192673338384853,3,100,4563,5,100,A3,HOOI,7.1059999999999945
10.520817897138281,3,100,4563,5,100,core,HOOI,7.1059999999999945
99.89216744082051,3,100,4563,5,100,A1,Olga,2.396000000000015
4.99515980670986,3,100,4563,5,100,A2,Olga,2.396000000000015
3.0665135322858013,3,100,4563,5,100,A3,Tracy,2.396000000000015
11.313974222262537,3,100,4563,5,100,core,Tracy_Olga,2.396000000000015
107.29697269440287,3,100,5359,5,100,A1,NTD,198.23900000000003
4.133920525394599,3,100,5359,5,100,A2,NTD,198.23900000000003
5356.523661835557,3,100,5359,5,100,A3,NTD,198.23900000000003
10.086784284861425,3,100,5359,5,100,core,NTD,198.23900000000003
29.412781485315474,3,100,5359,5,100,A1,Ours,6.844000000000051
0.03571625571961545,3,100,5359,5,100,A2,Ours,6.844000000000051
5.2322955057722,3,100,5359,5,100,A3,Ours,6.844000000000051
9.16197012169035,3,100,5359,5,100,core,Ours,6.844000000000051
29.412781485315474,3,100,5359,5,100,A1,HOSVD,1.8940000000000055
0.03571625571961545,3,100,5359,5,100,A2,HOSVD,1.8940000000000055
2.6771114808934455,3,100,5359,5,100,A3,HOSVD,1.8940000000000055
11.949267581647163,3,100,5359,5,100,core,HOSVD,1.8940000000000055
28.62369466311856,3,100,5359,5,100,A1,HOOI,8.126999999999953
0.041299088896792506,3,100,5359,5,100,A2,HOOI,8.126999999999953
2.7084865264024285,3,100,5359,5,100,A3,HOOI,8.126999999999953
11.92611550934861,3,100,5359,5,100,core,HOOI,8.126999999999953
119.07978465847224,3,100,6166,5,100,A1,NTD,209.05099999999993
4.050157562336945,3,100,6166,5,100,A2,NTD,209.05099999999993
6163.508031597898,3,100,6166,5,100,A3,NTD,209.05099999999993
12.382493640352925,3,100,6166,5,100,core,NTD,209.05099999999993
35.88084716597341,3,100,6166,5,100,A1,Ours,7.5499999999999545
0.06522708235633924,3,100,6166,5,100,A2,Ours,7.5499999999999545
5.340161163564767,3,100,6166,5,100,A3,Ours,7.5499999999999545
9.265153141498933,3,100,6166,5,100,core,Ours,7.5499999999999545
35.88084716597341,3,100,6166,5,100,A1,HOSVD,1.97300000000007
0.06522708235633924,3,100,6166,5,100,A2,HOSVD,1.97300000000007
2.7215180259701186,3,100,6166,5,100,A3,HOSVD,1.97300000000007
11.908417863836174,3,100,6166,5,100,core,HOSVD,1.97300000000007
35.26975688933945,3,100,6166,5,100,A1,HOOI,9.089000000000055
0.05799816867253195,3,100,6166,5,100,A2,HOOI,9.089000000000055
2.745877199697695,3,100,6166,5,100,A3,HOOI,9.089000000000055
11.848416128685473,3,100,6166,5,100,core,HOOI,9.089000000000055
101.98205675775048,3,100,6166,5,100,A1,Olga,3.4580000000000837
5.0259709591595065,3,100,6166,5,100,A2,Olga,3.4580000000000837
4.019871910713211,3,100,6166,5,100,A3,Tracy,3.4580000000000837
9.21302115305949,3,100,6166,5,100,core,Tracy_Olga,3.4580000000000837
118.76072790368137,3,100,6909,5,100,A1,NTD,230.22500000000002
4.092054915637195,3,100,6909,5,100,A2,NTD,230.22500000000002
6906.528311944302,3,100,6909,5,100,A3,NTD,230.22500000000002
9.79786123487089,3,100,6909,5,100,core,NTD,230.22500000000002
35.53077858125999,3,100,6909,5,100,A1,Ours,14.596000000000004
0.10237272360532496,3,100,6909,5,100,A2,Ours,14.596000000000004
5.263828821742383,3,100,6909,5,100,A3,Ours,14.596000000000004
13.999283267223543,3,100,6909,5,100,core,Ours,14.596000000000004
35.53077858125999,3,100,6909,5,100,A1,HOSVD,3.913000000000011
0.10237272360532496,3,100,6909,5,100,A2,HOSVD,3.913000000000011
4.191907472561664,3,100,6909,5,100,A3,HOSVD,3.913000000000011
10.001164764934725,3,100,6909,5,100,core,HOSVD,3.913000000000011
35.64725246704173,3,100,6909,5,100,A1,HOOI,14.866999999999962
0.12064677404756313,3,100,6909,5,100,A2,HOOI,14.866999999999962
3.871417690716262,3,100,6909,5,100,A3,HOOI,14.866999999999962
11.660428560767846,3,100,6909,5,100,core,HOOI,14.866999999999962
109.93722398862744,3,100,6909,5,100,A1,Olga,9.509999999999991
4.6700891933158815,3,100,6909,5,100,A2,Olga,9.509999999999991
3.8747801461780713,3,100,6909,5,100,A3,Tracy,9.509999999999991
9.83689568107358,3,100,6909,5,100,core,Tracy_Olga,9.509999999999991
117.14005429662294,3,100,7649,5,100,A1,NTD,245.42799999999988
2.1339220712612765,3,100,7649,5,100,A2,NTD,245.42799999999988
7646.580448112288,3,100,7649,5,100,A3,NTD,245.42799999999988
12.235776082901594,3,100,7649,5,100,core,NTD,245.42799999999988
37.260610580065894,3,100,7649,5,100,A1,Ours,11.241999999999962
0.06561038678939425,3,100,7649,5,100,A2,Ours,11.241999999999962
5.284551218957697,3,100,7649,5,100,A3,Ours,11.241999999999962
12.837772534897441,3,100,7649,5,100,core,Ours,11.241999999999962
37.260610580065894,3,100,7649,5,100,A1,HOSVD,2.716999999999871
0.06561038678939425,3,100,7649,5,100,A2,HOSVD,2.716999999999871
3.908954142883036,3,100,7649,5,100,A3,HOSVD,2.716999999999871
13.878428798256762,3,100,7649,5,100,core,HOSVD,2.716999999999871
36.14492553134674,3,100,7649,5,100,A1,HOOI,13.707000000000107
0.06085176193280006,3,100,7649,5,100,A2,HOOI,13.707000000000107
4.209459674037088,3,100,7649,5,100,A3,HOOI,13.707000000000107
12.794266245723827,3,100,7649,5,100,core,HOOI,13.707000000000107
101.62558307545936,3,100,7649,5,100,A1,Olga,5.056999999999789
4.4828086207245335,3,100,7649,5,100,A2,Olga,5.056999999999789
4.33826342721561,3,100,7649,5,100,A3,Tracy,5.056999999999789
11.992456604734564,3,100,7649,5,100,core,Tracy_Olga,5.056999999999789
113.12783214792763,3,100,8282,5,100,A1,NTD,273.029
4.092048746654365,3,100,8282,5,100,A2,NTD,273.029
8279.61144809484,3,100,8282,5,100,A3,NTD,273.029
9.825650598210462,3,100,8282,5,100,core,NTD,273.029
40.29345381100751,3,100,8282,5,100,A1,Ours,22.05899999999997
0.07335129414008221,3,100,8282,5,100,A2,Ours,22.05899999999997
5.427988799651738,3,100,8282,5,100,A3,Ours,22.05899999999997
11.265408770314552,3,100,8282,5,100,core,Ours,22.05899999999997
40.29345381100751,3,100,8282,5,100,A1,HOSVD,10.118999999999915
0.07335129414008221,3,100,8282,5,100,A2,HOSVD,10.118999999999915
4.749042429914951,3,100,8282,5,100,A3,HOSVD,10.118999999999915
11.024870372788566,3,100,8282,5,100,core,HOSVD,10.118999999999915
36.96356703448317,3,100,8282,5,100,A1,HOOI,26.573000000000093
0.061469321139668354,3,100,8282,5,100,A2,HOOI,26.573000000000093
3.8741584900313772,3,100,8282,5,100,A3,HOOI,26.573000000000093
9.658457073704813,3,100,8282,5,100,core,HOOI,26.573000000000093
106.79662710296678,3,100,8282,5,100,A1,Olga,12.982999999999947
0.6208184952342407,3,100,8282,5,100,A2,Olga,12.982999999999947
3.287580180519171,3,100,8282,5,100,A3,Tracy,12.982999999999947
13.080076775893692,3,100,8282,5,100,core,Tracy_Olga,12.982999999999947
8.462238281552631,3,100,100,5,3000,A1,NTD,3.479000000000042
0.20361757128827634,3,100,100,5,3000,A2,NTD,3.479000000000042
97.0001682793135,3,100,100,5,3000,A3,NTD,3.479000000000042
12.74742823764317,3,100,100,5,3000,core,NTD,3.479000000000042
5.527415679167351,3,100,100,5,3000,A1,Ours,4.7999999999999545
0.01581888760722745,3,100,100,5,3000,A2,Ours,4.7999999999999545
0.03638400072100892,3,100,100,5,3000,A3,Ours,4.7999999999999545
11.856998234793341,3,100,100,5,3000,core,Ours,4.7999999999999545
5.527415679167351,3,100,100,5,3000,A1,HOSVD,6.483999999999924
0.01581888760722745,3,100,100,5,3000,A2,HOSVD,6.483999999999924
0.036383537163151826,3,100,100,5,3000,A3,HOSVD,6.483999999999924
11.856998626863778,3,100,100,5,3000,core,HOSVD,6.483999999999924
5.599083340358891,3,100,100,5,3000,A1,HOOI,5.277999999999793
0.016066376975973233,3,100,100,5,3000,A2,HOOI,5.277999999999793
0.036411962942789505,3,100,100,5,3000,A3,HOOI,5.277999999999793
11.85672827585985,3,100,100,5,3000,core,HOOI,5.277999999999793
5.77786311629142,3,100,100,5,3000,A1,Olga,6.516000000000076
0.013508437763332817,3,100,100,5,3000,A2,Olga,6.516000000000076
1.0426159557640422,3,100,100,5,3000,A3,Tracy,6.516000000000076
11.856402253790367,3,100,100,5,3000,core,Tracy_Olga,6.516000000000076
7.245431253965042,3,100,500,5,3000,A1,NTD,13.797000000000025
0.044800143657589046,3,100,500,5,3000,A2,NTD,13.797000000000025
497.0000540165301,3,100,500,5,3000,A3,NTD,13.797000000000025
14.410726162098836,3,100,500,5,3000,core,NTD,13.797000000000025
6.725087215929998,3,100,500,5,3000,A1,Ours,8.066000000000031
0.0027087775968679794,3,100,500,5,3000,A2,Ours,8.066000000000031
0.06913838522458948,3,100,500,5,3000,A3,Ours,8.066000000000031
11.849525473852985,3,100,500,5,3000,core,Ours,8.066000000000031
6.725087215929998,3,100,500,5,3000,A1,HOSVD,7.272000000000162
0.0027087775968679794,3,100,500,5,3000,A2,HOSVD,7.272000000000162
0.06913413389758176,3,100,500,5,3000,A3,HOSVD,7.272000000000162
11.84950902648653,3,100,500,5,3000,core,HOSVD,7.272000000000162
6.76115774403586,3,100,500,5,3000,A1,HOOI,4.278999999999996
0.0027703215982899008,3,100,500,5,3000,A2,HOOI,4.278999999999996
0.06910340219971185,3,100,500,5,3000,A3,HOOI,4.278999999999996
11.849677586762489,3,100,500,5,3000,core,HOOI,4.278999999999996
5.131773827782517,3,100,500,5,3000,A1,Olga,4.789999999999964
0.008162767508167386,3,100,500,5,3000,A2,Olga,4.789999999999964
1.2227639672774462,3,100,500,5,3000,A3,Tracy,4.789999999999964
11.865477441306618,3,100,500,5,3000,core,Tracy_Olga,4.789999999999964
7.725203219818932,3,100,1000,5,3000,A1,NTD,30.93100000000004
0.04424961828405555,3,100,1000,5,3000,A2,NTD,30.93100000000004
997.000217224006,3,100,1000,5,3000,A3,NTD,30.93100000000004
10.619435291352387,3,100,1000,5,3000,core,NTD,30.93100000000004
7.531611775237974,3,100,1000,5,3000,A1,Ours,4.823999999999842
0.0031140037165750265,3,100,1000,5,3000,A2,Ours,4.823999999999842
0.147879874712384,3,100,1000,5,3000,A3,Ours,4.823999999999842
11.868201448842635,3,100,1000,5,3000,core,Ours,4.823999999999842
7.531611775237974,3,100,1000,5,3000,A1,HOSVD,5.199999999999818
0.0031140037165750265,3,100,1000,5,3000,A2,HOSVD,5.199999999999818
0.1472459995153686,3,100,1000,5,3000,A3,HOSVD,5.199999999999818
11.86800758767612,3,100,1000,5,3000,core,HOSVD,5.199999999999818
7.610455570932637,3,100,1000,5,3000,A1,HOOI,5.264000000000124
0.0025928744293946104,3,100,1000,5,3000,A2,HOOI,5.264000000000124
0.14783303986312119,3,100,1000,5,3000,A3,HOOI,5.264000000000124
11.868152861577098,3,100,1000,5,3000,core,HOOI,5.264000000000124
6.071739107060197,3,100,1000,5,3000,A1,Olga,3.852000000000089
0.013737354768151206,3,100,1000,5,3000,A2,Olga,3.852000000000089
1.3176321863227363,3,100,1000,5,3000,A3,Tracy,3.852000000000089
11.862827235949194,3,100,1000,5,3000,core,Tracy_Olga,3.852000000000089
7.107138989585941,3,100,2498,5,3000,A1,NTD,99.25099999999998
0.10356218784504712,3,100,2498,5,3000,A2,NTD,99.25099999999998
2495.0175002143787,3,100,2498,5,3000,A3,NTD,99.25099999999998
12.88740268691237,3,100,2498,5,3000,core,NTD,99.25099999999998
5.650293600465092,3,100,2498,5,3000,A1,Ours,2.8840000000000146
0.02018027362297075,3,100,2498,5,3000,A2,Ours,2.8840000000000146
2.470404111220804,3,100,2498,5,3000,A3,Ours,2.8840000000000146
11.864652376716698,3,100,2498,5,3000,core,Ours,2.8840000000000146
5.650293600465092,3,100,2498,5,3000,A1,HOSVD,0.8540000000000418
0.02018027362297075,3,100,2498,5,3000,A2,HOSVD,0.8540000000000418
2.4652253290136072,3,100,2498,5,3000,A3,HOSVD,0.8540000000000418
11.864623270444303,3,100,2498,5,3000,core,HOSVD,0.8540000000000418
5.70477443561641,3,100,2498,5,3000,A1,HOOI,2.352000000000089
0.01980193632917179,3,100,2498,5,3000,A2,HOOI,2.352000000000089
2.464583573398952,3,100,2498,5,3000,A3,HOOI,2.352000000000089
11.86681155242644,3,100,2498,5,3000,core,HOOI,2.352000000000089
5.723689012380864,3,100,2498,5,3000,A1,Olga,1.3640000000000327
0.014080137623404819,3,100,2498,5,3000,A2,Olga,1.3640000000000327
2.91694628802715,3,100,2498,5,3000,A3,Tracy,1.3640000000000327
11.87395695290185,3,100,2498,5,3000,core,Tracy_Olga,1.3640000000000327
13.169632633392743,3,100,4987,5,3000,A1,NTD,174.17300000000023
0.9195784456122849,3,100,4987,5,3000,A2,NTD,174.17300000000023
4984.057707536109,3,100,4987,5,3000,A3,NTD,174.17300000000023
12.768124325491472,3,100,4987,5,3000,core,NTD,174.17300000000023
7.698205682260299,3,100,4987,5,3000,A1,Ours,5.571000000000367
0.0015680625060346394,3,100,4987,5,3000,A2,Ours,5.571000000000367
2.4940061651860597,3,100,4987,5,3000,A3,Ours,5.571000000000367
11.905154036921855,3,100,4987,5,3000,core,Ours,5.571000000000367
7.698205682260299,3,100,4987,5,3000,A1,HOSVD,1.6829999999999927
0.0015680625060346394,3,100,4987,5,3000,A2,HOSVD,1.6829999999999927
2.4732496453873747,3,100,4987,5,3000,A3,HOSVD,1.6829999999999927
11.905829765527145,3,100,4987,5,3000,core,HOSVD,1.6829999999999927
7.678836303333318,3,100,4987,5,3000,A1,HOOI,4.565000000000055
0.0013563337342173683,3,100,4987,5,3000,A2,HOOI,4.565000000000055
2.4757764189210074,3,100,4987,5,3000,A3,HOOI,4.565000000000055
11.902314248513608,3,100,4987,5,3000,core,HOOI,4.565000000000055
6.876942847515765,3,100,4987,5,3000,A1,Olga,2.981000000000222
0.010481032836346297,3,100,4987,5,3000,A2,Olga,2.981000000000222
2.9252938540245585,3,100,4987,5,3000,A3,Tracy,2.981000000000222
11.88428918673836,3,100,4987,5,3000,core,Tracy_Olga,2.981000000000222
20.848201185348827,3,100,5981,5,3000,A1,NTD,204.94799999999987
0.13392347210187475,3,100,5981,5,3000,A2,NTD,204.94799999999987
5978.050568221328,3,100,5981,5,3000,A3,NTD,204.94799999999987
13.129385584198262,3,100,5981,5,3000,core,NTD,204.94799999999987
8.25227245497289,3,100,5981,5,3000,A1,Ours,7.769999999999982
0.002884080464565733,3,100,5981,5,3000,A2,Ours,7.769999999999982
2.493353393223186,3,100,5981,5,3000,A3,Ours,7.769999999999982
11.907773006803964,3,100,5981,5,3000,core,Ours,7.769999999999982
8.25227245497289,3,100,5981,5,3000,A1,HOSVD,1.9030000000002474
0.002884080464565733,3,100,5981,5,3000,A2,HOSVD,1.9030000000002474
2.463354715326746,3,100,5981,5,3000,A3,HOSVD,1.9030000000002474
11.908819437585155,3,100,5981,5,3000,core,HOSVD,1.9030000000002474
8.232134587462841,3,100,5981,5,3000,A1,HOOI,5.960000000000036
0.003163900434572898,3,100,5981,5,3000,A2,HOOI,5.960000000000036
2.467185225957477,3,100,5981,5,3000,A3,HOOI,5.960000000000036
11.88133657192316,3,100,5981,5,3000,core,HOOI,5.960000000000036
6.303590475532511,3,100,5981,5,3000,A1,Olga,4.832000000000335
0.023222570331683245,3,100,5981,5,3000,A2,Olga,4.832000000000335
2.9260659616842943,3,100,5981,5,3000,A3,Tracy,4.832000000000335
11.91475406851377,3,100,5981,5,3000,core,Tracy_Olga,4.832000000000335
11.30803457119837,3,100,6974,5,3000,A1,NTD,224.32799999999997
1.0081638816530332,3,100,6974,5,3000,A2,NTD,224.32799999999997
6971.052540361958,3,100,6974,5,3000,A3,NTD,224.32799999999997
8.91884903070366,3,100,6974,5,3000,core,NTD,224.32799999999997
6.958143067538417,3,100,6974,5,3000,A1,Ours,9.099999999999909
0.004072376053350844,3,100,6974,5,3000,A2,Ours,9.099999999999909
2.510954267339137,3,100,6974,5,3000,A3,Ours,9.099999999999909
11.908336119992024,3,100,6974,5,3000,core,Ours,9.099999999999909
6.958143067538417,3,100,6974,5,3000,A1,HOSVD,2.451000000000022
0.004072376053350844,3,100,6974,5,3000,A2,HOSVD,2.451000000000022
2.4699131358241986,3,100,6974,5,3000,A3,HOSVD,2.451000000000022
11.910324916564615,3,100,6974,5,3000,core,HOSVD,2.451000000000022
7.037740984211373,3,100,6974,5,3000,A1,HOOI,6.905999999999949
0.004313421243640554,3,100,6974,5,3000,A2,HOOI,6.905999999999949
2.4732066726964708,3,100,6974,5,3000,A3,HOOI,6.905999999999949
11.899328894095145,3,100,6974,5,3000,core,HOOI,6.905999999999949
5.55867037198141,3,100,6974,5,3000,A1,Olga,3.7080000000000837
0.014265577742366087,3,100,6974,5,3000,A2,Olga,3.7080000000000837
2.932348462153725,3,100,6974,5,3000,A3,Tracy,3.7080000000000837
11.89452262351139,3,100,6974,5,3000,core,Tracy_Olga,3.7080000000000837
8.58102781493916,3,100,7958,5,3000,A1,NTD,256.99199999999973
3.9500261128203276,3,100,7958,5,3000,A2,NTD,256.99199999999973
7955.0482560371,3,100,7958,5,3000,A3,NTD,256.99199999999973
9.802895322974743,3,100,7958,5,3000,core,NTD,256.99199999999973
7.542993738493889,3,100,7958,5,3000,A1,Ours,11.190000000000055
0.014662938801684296,3,100,7958,5,3000,A2,Ours,11.190000000000055
2.519859524403762,3,100,7958,5,3000,A3,Ours,11.190000000000055
11.89463464226926,3,100,7958,5,3000,core,Ours,11.190000000000055
7.542993738493889,3,100,7958,5,3000,A1,HOSVD,5.447999999999865
0.014662938801684296,3,100,7958,5,3000,A2,HOSVD,5.447999999999865
2.4668030225398367,3,100,7958,5,3000,A3,HOSVD,5.447999999999865
11.898365255151374,3,100,7958,5,3000,core,HOSVD,5.447999999999865
7.566608499633616,3,100,7958,5,3000,A1,HOOI,15.148999999999887
0.014459976177281378,3,100,7958,5,3000,A2,HOOI,15.148999999999887
2.465659261294226,3,100,7958,5,3000,A3,HOOI,15.148999999999887
11.893787189247227,3,100,7958,5,3000,core,HOOI,15.148999999999887
7.757489528455544,3,100,7958,5,3000,A1,Olga,5.170000000000073
0.00536540918999111,3,100,7958,5,3000,A2,Olga,5.170000000000073
2.935367942868227,3,100,7958,5,3000,A3,Tracy,5.170000000000073
11.925993653995507,3,100,7958,5,3000,core,Tracy_Olga,5.170000000000073
8.985579737411381,3,100,8949,5,3000,A1,NTD,287.7850000000003
2.133923908398357,3,100,8949,5,3000,A2,NTD,287.7850000000003
8946.071740634783,3,100,8949,5,3000,A3,NTD,287.7850000000003
14.413816325244163,3,100,8949,5,3000,core,NTD,287.7850000000003
7.146595674995327,3,100,8949,5,3000,A1,Ours,15.557000000000244
0.012801966552649927,3,100,8949,5,3000,A2,Ours,15.557000000000244
2.5428978164329985,3,100,8949,5,3000,A3,Ours,15.557000000000244
11.892716429373836,3,100,8949,5,3000,core,Ours,15.557000000000244
7.146595674995327,3,100,8949,5,3000,A1,HOSVD,2.9770000000003165
0.012801966552649927,3,100,8949,5,3000,A2,HOSVD,2.9770000000003165
2.475021246320163,3,100,8949,5,3000,A3,HOSVD,2.9770000000003165
11.898613802158392,3,100,8949,5,3000,core,HOSVD,2.9770000000003165
7.2120107714447,3,100,8949,5,3000,A1,HOOI,14.114000000000033
0.012507844129975614,3,100,8949,5,3000,A2,HOOI,14.114000000000033
2.4834102294983076,3,100,8949,5,3000,A3,HOOI,14.114000000000033
11.883436616031013,3,100,8949,5,3000,core,HOOI,14.114000000000033
7.1711298901369,3,100,8949,5,3000,A1,Olga,7.132999999999811
0.013049000166932646,3,100,8949,5,3000,A2,Olga,7.132999999999811
2.949125217399254,3,100,8949,5,3000,A3,Tracy,7.132999999999811
11.949508056593816,3,100,8949,5,3000,core,Tracy_Olga,7.132999999999811
6.64600765242227,3,100,9935,5,3000,A1,NTD,336.6210000000001
0.13392567914142264,3,100,9935,5,3000,A2,NTD,336.6210000000001
9932.083058776267,3,100,9935,5,3000,A3,NTD,336.6210000000001
11.048084811240283,3,100,9935,5,3000,core,NTD,336.6210000000001
9.325561916947766,3,100,9935,5,3000,A1,Ours,36.047000000000025
0.005167431412312511,3,100,9935,5,3000,A2,Ours,36.047000000000025
2.555072729363164,3,100,9935,5,3000,A3,Ours,36.047000000000025
11.884215183345162,3,100,9935,5,3000,core,Ours,36.047000000000025
9.325561916947766,3,100,9935,5,3000,A1,HOSVD,21.184000000000196
0.005167431412312511,3,100,9935,5,3000,A2,HOSVD,21.184000000000196
2.4713704326115558,3,100,9935,5,3000,A3,HOSVD,21.184000000000196
11.892571005377413,3,100,9935,5,3000,core,HOSVD,21.184000000000196
9.321090110211227,3,100,9935,5,3000,A1,HOOI,35.764000000000124
0.005340859393822392,3,100,9935,5,3000,A2,HOOI,35.764000000000124
2.4740537899289,3,100,9935,5,3000,A3,HOOI,35.764000000000124
11.893783936753703,3,100,9935,5,3000,core,HOOI,35.764000000000124
7.675039936198788,3,100,9935,5,3000,A1,Olga,23.88799999999992
0.02018730222368243,3,100,9935,5,3000,A2,Olga,23.88799999999992
2.947936069881803,3,100,9935,5,3000,A3,Tracy,23.88799999999992
11.885210891177671,3,100,9935,5,3000,core,Tracy_Olga,23.88799999999992
6.987507677283145,3,100,100,5,10000,A1,NTD,4.164999999999964
0.20985554841116558,3,100,100,5,10000,A2,NTD,4.164999999999964
97.00016827931351,3,100,100,5,10000,A3,NTD,4.164999999999964
11.190591203294494,3,100,100,5,10000,core,NTD,4.164999999999964
3.3994424624314967,3,100,100,5,10000,A1,Ours,3.5790000000001783
0.005941577793247589,3,100,100,5,10000,A2,Ours,3.5790000000001783
0.01892522217361587,3,100,100,5,10000,A3,Ours,3.5790000000001783
11.852718249841919,3,100,100,5,10000,core,Ours,3.5790000000001783
3.3994424624314967,3,100,100,5,10000,A1,HOSVD,2.8640000000000327
0.005941577793247589,3,100,100,5,10000,A2,HOSVD,2.8640000000000327
0.01892530329179566,3,100,100,5,10000,A3,HOSVD,2.8640000000000327
11.852718328665345,3,100,100,5,10000,core,HOSVD,2.8640000000000327
3.654740457927685,3,100,100,5,10000,A1,HOOI,3.7229999999999563
0.006327268225459952,3,100,100,5,10000,A2,HOOI,3.7229999999999563
0.01893406101696034,3,100,100,5,10000,A3,HOOI,3.7229999999999563
11.852827608393744,3,100,100,5,10000,core,HOOI,3.7229999999999563
2.8527919444515906,3,100,100,5,10000,A1,Olga,3.199000000000069
0.0050349862981170675,3,100,100,5,10000,A2,Olga,3.199000000000069
1.0388506405160192,3,100,100,5,10000,A3,Tracy,3.199000000000069
11.85796717386504,3,100,100,5,10000,core,Tracy_Olga,3.199000000000069
9.49355780481154,3,100,500,5,10000,A1,NTD,14.233000000000175
0.0886410035885748,3,100,500,5,10000,A2,NTD,14.233000000000175
497.00003265221204,3,100,500,5,10000,A3,NTD,14.233000000000175
9.057992290615848,3,100,500,5,10000,core,NTD,14.233000000000175
5.5066481654282935,3,100,500,5,10000,A1,Ours,3.507000000000062
0.008763861911694206,3,100,500,5,10000,A2,Ours,3.507000000000062
0.04027495551800645,3,100,500,5,10000,A3,Ours,3.507000000000062
11.850975573284138,3,100,500,5,10000,core,Ours,3.507000000000062
5.5066481654282935,3,100,500,5,10000,A1,HOSVD,2.8659999999999854
0.008763861911694206,3,100,500,5,10000,A2,HOSVD,2.8659999999999854
0.040277635058729944,3,100,500,5,10000,A3,HOSVD,2.8659999999999854
11.850973722922843,3,100,500,5,10000,core,HOSVD,2.8659999999999854
5.52975616470134,3,100,500,5,10000,A1,HOOI,3.005999999999858
0.008703565786687552,3,100,500,5,10000,A2,HOOI,3.005999999999858
0.040249123848343255,3,100,500,5,10000,A3,HOOI,3.005999999999858
11.851065092398564,3,100,500,5,10000,core,HOOI,3.005999999999858
3.184399016942095,3,100,500,5,10000,A1,Olga,4.2150000000001455
0.00720689087039476,3,100,500,5,10000,A2,Olga,4.2150000000001455
1.2203282422268675,3,100,500,5,10000,A3,Tracy,4.2150000000001455
11.859643107434778,3,100,500,5,10000,core,Tracy_Olga,4.2150000000001455
8.33716562275305,3,100,1000,5,10000,A1,NTD,31.059999999999945
0.08396192498531196,3,100,1000,5,10000,A2,NTD,31.059999999999945
997.0000537061957,3,100,1000,5,10000,A3,NTD,31.059999999999945
13.834072348771878,3,100,1000,5,10000,core,NTD,31.059999999999945
3.915439645315634,3,100,1000,5,10000,A1,Ours,1.0509999999999309
0.009965931335692964,3,100,1000,5,10000,A2,Ours,1.0509999999999309
0.11311340109009115,3,100,1000,5,10000,A3,Ours,1.0509999999999309
11.85600126441174,3,100,1000,5,10000,core,Ours,1.0509999999999309
3.915439645315634,3,100,1000,5,10000,A1,HOSVD,0.8550000000000182
0.009965931335692964,3,100,1000,5,10000,A2,HOSVD,0.8550000000000182
0.11310245544903398,3,100,1000,5,10000,A3,HOSVD,0.8550000000000182
11.85599615675583,3,100,1000,5,10000,core,HOSVD,0.8550000000000182
3.956980370070719,3,100,1000,5,10000,A1,HOOI,1.3359999999997854
0.00970241523366915,3,100,1000,5,10000,A2,HOOI,1.3359999999997854
0.11255167431660232,3,100,1000,5,10000,A3,HOOI,1.3359999999997854
11.847769411801611,3,100,1000,5,10000,core,HOOI,1.3359999999997854
2.906902127194723,3,100,1000,5,10000,A1,Olga,0.7729999999996835
0.006733827506151661,3,100,1000,5,10000,A2,Olga,0.7729999999996835
1.3139595498254255,3,100,1000,5,10000,A3,Tracy,0.7729999999996835
11.846863627029483,3,100,1000,5,10000,core,Tracy_Olga,0.7729999999996835
8.94399777164847,3,100,2500,5,10000,A1,NTD,95.90000000000009
0.13701940739816615,3,100,2500,5,10000,A2,NTD,95.90000000000009
2497.000062581886,3,100,2500,5,10000,A3,NTD,95.90000000000009
11.11161303008643,3,100,2500,5,10000,core,NTD,95.90000000000009
4.56007525167143,3,100,2500,5,10000,A1,Ours,2.0450000000000728
0.0024558556873541812,3,100,2500,5,10000,A2,Ours,2.0450000000000728
0.27769805772594497,3,100,2500,5,10000,A3,Ours,2.0450000000000728
9.259124576808055,3,100,2500,5,10000,core,Ours,2.0450000000000728
4.56007525167143,3,100,2500,5,10000,A1,HOSVD,1.90099999999984
0.0024558556873541812,3,100,2500,5,10000,A2,HOSVD,1.90099999999984
0.2773214136153774,3,100,2500,5,10000,A3,HOSVD,1.90099999999984
9.25912629531836,3,100,2500,5,10000,core,HOSVD,1.90099999999984
4.561789810550343,3,100,2500,5,10000,A1,HOOI,2.51299999999992
0.0024440115207710346,3,100,2500,5,10000,A2,HOOI,2.51299999999992
0.279458437517888,3,100,2500,5,10000,A3,HOOI,2.51299999999992
9.25284685280891,3,100,2500,5,10000,core,HOOI,2.51299999999992
3.3805525856134593,3,100,2500,5,10000,A1,Olga,1.9200000000000728
0.0048162635775943164,3,100,2500,5,10000,A2,Olga,1.9200000000000728
1.4426179324822437,3,100,2500,5,10000,A3,Tracy,1.9200000000000728
11.845431082173297,3,100,2500,5,10000,core,Tracy_Olga,1.9200000000000728
7.042255114436754,3,100,4997,5,10000,A1,NTD,180.22599999999966
0.05785156287774101,3,100,4997,5,10000,A2,NTD,180.22599999999966
4994.019774930439,3,100,4997,5,10000,A3,NTD,180.22599999999966
11.762485947755058,3,100,4997,5,10000,core,NTD,180.22599999999966
4.368877484494174,3,100,4997,5,10000,A1,Ours,5.848000000000866
0.006113467439527067,3,100,4997,5,10000,A2,Ours,5.848000000000866
2.4546758828558324,3,100,4997,5,10000,A3,Ours,5.848000000000866
11.853121590745445,3,100,4997,5,10000,core,Ours,5.848000000000866
4.368877484494174,3,100,4997,5,10000,A1,HOSVD,3.369999999999891
0.006113467439527067,3,100,4997,5,10000,A2,HOSVD,3.369999999999891
2.452513889567783,3,100,4997,5,10000,A3,HOSVD,3.369999999999891
11.853191632028805,3,100,4997,5,10000,core,HOSVD,3.369999999999891
4.363780206785899,3,100,4997,5,10000,A1,HOOI,5.947999999999411
0.006099076378029835,3,100,4997,5,10000,A2,HOOI,5.947999999999411
2.4546652162078444,3,100,4997,5,10000,A3,HOOI,5.947999999999411
11.848416128685471,3,100,4997,5,10000,core,HOOI,5.947999999999411
3.375571321854452,3,100,4997,5,10000,A1,Olga,3.894000000000233
0.0057957361746434994,3,100,4997,5,10000,A2,Olga,3.894000000000233
2.9754500319753996,3,100,4997,5,10000,A3,Tracy,3.894000000000233
11.848998358082003,3,100,4997,5,10000,core,Tracy_Olga,3.894000000000233
6.767863787594086,3,100,5994,5,10000,A1,NTD,209.08300000000054
0.06479461219006352,3,100,5994,5,10000,A2,NTD,209.08300000000054
5991.0213142008615,3,100,5994,5,10000,A3,NTD,209.08300000000054
9.269891697972978,3,100,5994,5,10000,core,NTD,209.08300000000054
5.123417837781322,3,100,5994,5,10000,A1,Ours,7.811000000000604
0.0019006532779801786,3,100,5994,5,10000,A2,Ours,7.811000000000604
2.4643417368174894,3,100,5994,5,10000,A3,Ours,7.811000000000604
11.894972735238298,3,100,5994,5,10000,core,Ours,7.811000000000604
5.123417837781322,3,100,5994,5,10000,A1,HOSVD,2.889999999999418
0.0019006532779801786,3,100,5994,5,10000,A2,HOSVD,2.889999999999418
2.4612410992849747,3,100,5994,5,10000,A3,HOSVD,2.889999999999418
11.89502759758143,3,100,5994,5,10000,core,HOSVD,2.889999999999418
5.143103851062172,3,100,5994,5,10000,A1,HOOI,6.70299999999952
0.0018815563480673067,3,100,5994,5,10000,A2,HOOI,6.70299999999952
2.4606023797338925,3,100,5994,5,10000,A3,HOOI,6.70299999999952
11.89302845814823,3,100,5994,5,10000,core,HOOI,6.70299999999952
2.998000884609875,3,100,5994,5,10000,A1,Olga,3.2760000000007494
0.002181245138878785,3,100,5994,5,10000,A2,Olga,3.2760000000007494
2.9879889311411176,3,100,5994,5,10000,A3,Tracy,3.2760000000007494
11.89301149866878,3,100,5994,5,10000,core,Tracy_Olga,3.2760000000007494
10.425323744683045,3,100,6989,5,10000,A1,NTD,226.85500000000047
0.10248239847031627,3,100,6989,5,10000,A2,NTD,226.85500000000047
6986.030548331395,3,100,6989,5,10000,A3,NTD,226.85500000000047
9.814095458035704,3,100,6989,5,10000,core,NTD,226.85500000000047
4.641396308075458,3,100,6989,5,10000,A1,Ours,9.997000000000298
0.0018266030144766959,3,100,6989,5,10000,A2,Ours,9.997000000000298
2.4960494174375603,3,100,6989,5,10000,A3,Ours,9.997000000000298
11.895251251859785,3,100,6989,5,10000,core,Ours,9.997000000000298
4.641396308075458,3,100,6989,5,10000,A1,HOSVD,2.536000000000058
0.0018266030144766959,3,100,6989,5,10000,A2,HOSVD,2.536000000000058
2.4923684099941354,3,100,6989,5,10000,A3,HOSVD,2.536000000000058
11.895392630489024,3,100,6989,5,10000,core,HOSVD,2.536000000000058
4.622443620428762,3,100,6989,5,10000,A1,HOOI,8.110000000000582
0.0020093375098818892,3,100,6989,5,10000,A2,HOOI,8.110000000000582
2.4921996943649276,3,100,6989,5,10000,A3,HOOI,8.110000000000582
11.897335323583448,3,100,6989,5,10000,core,HOOI,8.110000000000582
3.2091683081248212,3,100,6989,5,10000,A1,Olga,4.384999999999309
0.0018188740479078154,3,100,6989,5,10000,A2,Olga,4.384999999999309
2.9606411576194764,3,100,6989,5,10000,A3,Tracy,4.384999999999309
11.878529486919494,3,100,6989,5,10000,core,Tracy_Olga,4.384999999999309
6.977716881425666,3,100,7991,5,10000,A1,NTD,270.3040000000001
0.09945453387366596,3,100,7991,5,10000,A2,NTD,270.3040000000001
7988.032626866504,3,100,7991,5,10000,A3,NTD,270.3040000000001
11.24445438798959,3,100,7991,5,10000,core,NTD,270.3040000000001
4.337782157385147,3,100,7991,5,10000,A1,Ours,13.217999999999847
7.282158192554743e-4,3,100,7991,5,10000,A2,Ours,13.217999999999847
2.484261231261234,3,100,7991,5,10000,A3,Ours,13.217999999999847
11.900417509965225,3,100,7991,5,10000,core,Ours,13.217999999999847
4.337782157385147,3,100,7991,5,10000,A1,HOSVD,3.199999999999818
7.282158192554743e-4,3,100,7991,5,10000,A2,HOSVD,3.199999999999818
2.4794824959801027,3,100,7991,5,10000,A3,HOSVD,3.199999999999818
11.900665529479904,3,100,7991,5,10000,core,HOSVD,3.199999999999818
4.33028486138004,3,100,7991,5,10000,A1,HOOI,12.247999999999593
4.671214976889757e-4,3,100,7991,5,10000,A2,HOOI,12.247999999999593
2.4823298109571765,3,100,7991,5,10000,A3,HOOI,12.247999999999593
11.89342945617392,3,100,7991,5,10000,core,HOOI,12.247999999999593
2.5523237728834105,3,100,7991,5,10000,A1,Olga,5.792000000000371
0.0056548585031437745,3,100,7991,5,10000,A2,Olga,5.792000000000371
2.9513317466445543,3,100,7991,5,10000,A3,Tracy,5.792000000000371
11.907622259423999,3,100,7991,5,10000,core,Tracy_Olga,5.792000000000371
7.020671186145735,3,100,8987,5,10000,A1,NTD,305.16399999999976
0.29985786699451955,3,100,8987,5,10000,A2,NTD,305.16399999999976
8984.031800088722,3,100,8987,5,10000,A3,NTD,305.16399999999976
13.924283106544458,3,100,8987,5,10000,core,NTD,305.16399999999976
5.031989114345153,3,100,8987,5,10000,A1,Ours,16.664999999999964
0.0044855024462753254,3,100,8987,5,10000,A2,Ours,16.664999999999964
2.4855364493451333,3,100,8987,5,10000,A3,Ours,16.664999999999964
11.901078481734972,3,100,8987,5,10000,core,Ours,16.664999999999964
5.031989114345153,3,100,8987,5,10000,A1,HOSVD,3.1609999999991487
0.0044855024462753254,3,100,8987,5,10000,A2,HOSVD,3.1609999999991487
2.4794712853711314,3,100,8987,5,10000,A3,HOSVD,3.1609999999991487
11.901374208156831,3,100,8987,5,10000,core,HOSVD,3.1609999999991487
5.035822479213703,3,100,8987,5,10000,A1,HOOI,14.122000000000298
0.004481841421041568,3,100,8987,5,10000,A2,HOOI,14.122000000000298
2.4806241658052355,3,100,8987,5,10000,A3,HOOI,14.122000000000298
11.899648988646433,3,100,8987,5,10000,core,HOOI,14.122000000000298
3.6943701696610214,3,100,8987,5,10000,A1,Olga,6.855999999999767
0.010070029658266786,3,100,8987,5,10000,A2,Olga,6.855999999999767
2.940947809497986,3,100,8987,5,10000,A3,Tracy,6.855999999999767
11.924117597218155,3,100,8987,5,10000,core,Tracy_Olga,6.855999999999767
14.188937959185344,3,100,9974,5,10000,A1,NTD,325.2620000000006
0.12969433239958805,3,100,9974,5,10000,A2,NTD,325.2620000000006
9971.028617924185,3,100,9974,5,10000,A3,NTD,325.2620000000006
11.11257398472236,3,100,9974,5,10000,core,NTD,325.2620000000006
4.692516794848067,3,100,9974,5,10000,A1,Ours,17.27100000000064
0.0037311019120594368,3,100,9974,5,10000,A2,Ours,17.27100000000064
2.4612247747193656,3,100,9974,5,10000,A3,Ours,17.27100000000064
11.906392856966116,3,100,9974,5,10000,core,Ours,17.27100000000064
4.692516794848067,3,100,9974,5,10000,A1,HOSVD,3.2529999999997017
0.0037311019120594368,3,100,9974,5,10000,A2,HOSVD,3.2529999999997017
2.4537941026123646,3,100,9974,5,10000,A3,HOSVD,3.2529999999997017
11.906770481628705,3,100,9974,5,10000,core,HOSVD,3.2529999999997017
4.666370003056617,3,100,9974,5,10000,A1,HOOI,12.987999999999374
0.0036152323111082844,3,100,9974,5,10000,A2,HOOI,12.987999999999374
2.45424433447343,3,100,9974,5,10000,A3,HOOI,12.987999999999374
11.907867003761362,3,100,9974,5,10000,core,HOOI,12.987999999999374
3.587894152951157,3,100,9974,5,10000,A1,Olga,5.5090000000000146
0.008886764557776261,3,100,9974,5,10000,A2,Olga,5.5090000000000146
2.9287233483294695,3,100,9974,5,10000,A3,Tracy,5.5090000000000146
11.90590158239358,3,100,9974,5,10000,core,Tracy_Olga,5.5090000000000146
