error,K,Q1,R,Q2,M,mode,method,time
11.36857811106753,3,100,978,5,100,A1,NTD,36.42700000000001
3.853588766042895,3,100,978,5,100,A2,NTD,36.42700000000001
975.2648997758388,3,100,978,5,100,A3,NTD,36.42700000000001
11.382132533176458,3,100,978,5,100,core,NTD,36.42700000000001
19.42356611947352,3,100,978,5,100,A1,Ours,1.0249999999999986
0.11122849352305282,3,100,978,5,100,A2,Ours,1.0249999999999986
4.231329629745263,3,100,978,5,100,A3,Ours,1.0249999999999986
12.565628108292875,3,100,978,5,100,core,Ours,1.0249999999999986
19.42356611947352,3,100,978,5,100,A1,HOSVD,4.198
0.11122849352305282,3,100,978,5,100,A2,HOSVD,4.198
2.520164541956059,3,100,978,5,100,A3,HOSVD,4.198
12.334933634971582,3,100,978,5,100,core,HOSVD,4.198
27.039971016715395,3,100,978,5,100,A1,Olga,5.432000000000002
1.205348246516167,3,100,978,5,100,A2,Olga,5.432000000000002
2.813062079785805,3,100,978,5,100,A3,Tracy,5.432000000000002
11.847045544489557,3,100,978,5,100,core,Tracy_Olga,5.432000000000002
126.61331597051554,3,100,4519,5,100,A1,NTD,161.452
1.9994155635283395,3,100,4519,5,100,A2,NTD,161.452
4516.526577802223,3,100,4519,5,100,A3,NTD,161.452
10.118584769725679,3,100,4519,5,100,core,NTD,161.452
23.671687801389776,3,100,4519,5,100,A1,Ours,6.265000000000015
0.21533155503332363,3,100,4519,5,100,A2,Ours,6.265000000000015
5.027327045913281,3,100,4519,5,100,A3,Ours,6.265000000000015
8.80612474621896,3,100,4519,5,100,core,Ours,6.265000000000015
23.671687801389776,3,100,4519,5,100,A1,HOSVD,3.5049999999999955
0.21533155503332363,3,100,4519,5,100,A2,HOSVD,3.5049999999999955
2.768210529138193,3,100,4519,5,100,A3,HOSVD,3.5049999999999955
10.164780440512805,3,100,4519,5,100,core,HOSVD,3.5049999999999955
85.16573143151949,3,100,4519,5,100,A1,Olga,18.74800000000002
0.4301564406080924,3,100,4519,5,100,A2,Olga,18.74800000000002
4.547512203467035,3,100,4519,5,100,A3,Tracy,18.74800000000002
11.480062441381031,3,100,4519,5,100,core,Tracy_Olga,18.74800000000002
124.24332268028996,3,100,8151,5,100,A1,NTD,284.294
2.1476344539023047,3,100,8151,5,100,A2,NTD,284.294
8148.603160229369,3,100,8151,5,100,A3,NTD,284.294
10.884564743641219,3,100,8151,5,100,core,NTD,284.294
18.248398412805894,3,100,8151,5,100,A1,Ours,12.822999999999979
0.13724578536966467,3,100,8151,5,100,A2,Ours,12.822999999999979
5.325375519671115,3,100,8151,5,100,A3,Ours,12.822999999999979
13.991577815773255,3,100,8151,5,100,core,Ours,12.822999999999979
18.248398412805894,3,100,8151,5,100,A1,HOSVD,11.291000000000054
0.13724578536966467,3,100,8151,5,100,A2,HOSVD,11.291000000000054
3.8060617819267395,3,100,8151,5,100,A3,HOSVD,11.291000000000054
10.814134201817605,3,100,8151,5,100,core,HOSVD,11.291000000000054
15.616211090609662,3,100,8151,5,100,A1,HOOI,31.784999999999968
0.07389476206542438,3,100,8151,5,100,A2,HOOI,31.784999999999968
3.9794815981027276,3,100,8151,5,100,A3,HOOI,31.784999999999968
13.729411347898827,3,100,8151,5,100,core,HOOI,31.784999999999968
94.49844792001004,3,100,8151,5,100,A1,Olga,21.400999999999954
0.9576365823376294,3,100,8151,5,100,A2,Olga,21.400999999999954
4.532059225658406,3,100,8151,5,100,A3,Tracy,21.400999999999954
9.192905321529798,3,100,8151,5,100,core,Tracy_Olga,21.400999999999954
3.898370674401914,3,100,998,5,500,A1,NTD,30.352999999999952
2.281767502830748,3,100,998,5,500,A2,NTD,30.352999999999952
995.0929004821536,3,100,998,5,500,A3,NTD,30.352999999999952
11.64953331160719,3,100,998,5,500,core,NTD,30.352999999999952
7.254920513946204,3,100,998,5,500,A1,Ours,0.46100000000001273
0.03237305791052754,3,100,998,5,500,A2,Ours,0.46100000000001273
2.564513599577284,3,100,998,5,500,A3,Ours,0.46100000000001273
9.72785035619137,3,100,998,5,500,core,Ours,0.46100000000001273
7.254920513946204,3,100,998,5,500,A1,HOSVD,0.3849999999999909
0.03237305791052754,3,100,998,5,500,A2,HOSVD,0.3849999999999909
2.549007785955857,3,100,998,5,500,A3,HOSVD,0.3849999999999909
9.604680050964403,3,100,998,5,500,core,HOSVD,0.3849999999999909
7.7061183344355415,3,100,998,5,500,A1,HOOI,0.7930000000000064
0.031103783892435788,3,100,998,5,500,A2,HOOI,0.7930000000000064
2.515027170715444,3,100,998,5,500,A3,HOOI,0.7930000000000064
10.230578181910298,3,100,998,5,500,core,HOOI,0.7930000000000064
8.241352790776611,3,100,998,5,500,A1,Olga,0.4259999999999309
0.13418104605759407,3,100,998,5,500,A2,Olga,0.4259999999999309
2.8270553314929647,3,100,998,5,500,A3,Tracy,0.4259999999999309
8.605411665407683,3,100,998,5,500,core,Tracy_Olga,0.4259999999999309
8.550986322031763,3,100,4898,5,500,A1,NTD,167.09199999999998
4.147318721000878,3,100,4898,5,500,A2,NTD,167.09199999999998
4895.246787768576,3,100,4898,5,500,A3,NTD,167.09199999999998
9.435204206153584,3,100,4898,5,500,core,NTD,167.09199999999998
9.18768564240279,3,100,4898,5,500,A1,Ours,10.375999999999976
0.0614530467974451,3,100,4898,5,500,A2,Ours,10.375999999999976
4.489157757704637,3,100,4898,5,500,A3,Ours,10.375999999999976
9.305109429263354,3,100,4898,5,500,core,Ours,10.375999999999976
9.18768564240279,3,100,4898,5,500,A1,HOSVD,5.985000000000014
0.0614530467974451,3,100,4898,5,500,A2,HOSVD,5.985000000000014
2.6288239947991983,3,100,4898,5,500,A3,HOSVD,5.985000000000014
8.049789969088238,3,100,4898,5,500,core,HOSVD,5.985000000000014
9.19778202567822,3,100,4898,5,500,A1,HOOI,9.206000000000017
0.08497536944522581,3,100,4898,5,500,A2,HOOI,9.206000000000017
3.457687429604171,3,100,4898,5,500,A3,HOOI,9.206000000000017
8.316218574299015,3,100,4898,5,500,core,HOOI,9.206000000000017
9.72407020277266,3,100,4898,5,500,A1,Olga,13.657000000000039
0.08343689929115992,3,100,4898,5,500,A2,Olga,13.657000000000039
2.85561680850897,3,100,4898,5,500,A3,Tracy,13.657000000000039
9.965510968867475,3,100,4898,5,500,core,Tracy_Olga,13.657000000000039
69.22931601297944,3,100,9640,5,500,A1,NTD,317.63199999999995
2.1476238745491725,3,100,9640,5,500,A2,NTD,317.63199999999995
9637.277882747705,3,100,9640,5,500,A3,NTD,317.63199999999995
9.742852306185155,3,100,9640,5,500,core,NTD,317.63199999999995
11.135892540836851,3,100,9640,5,500,A1,Ours,16.991999999999962
0.04903233328440394,3,100,9640,5,500,A2,Ours,16.991999999999962
5.3009211727443,3,100,9640,5,500,A3,Ours,16.991999999999962
9.46176689604475,3,100,9640,5,500,core,Ours,16.991999999999962
11.135892540836851,3,100,9640,5,500,A1,HOSVD,3.116000000000213
0.04903233328440394,3,100,9640,5,500,A2,HOSVD,3.116000000000213
2.6399084828259376,3,100,9640,5,500,A3,HOSVD,3.116000000000213
8.295952874079179,3,100,9640,5,500,core,HOSVD,3.116000000000213
11.265881182328945,3,100,9640,5,500,A1,HOOI,19.92600000000016
0.0460392480332399,3,100,9640,5,500,A2,HOOI,19.92600000000016
3.902141282140596,3,100,9640,5,500,A3,HOOI,19.92600000000016
12.765574355259849,3,100,9640,5,500,core,HOOI,19.92600000000016
14.831610325864705,3,100,9640,5,500,A1,Olga,11.138000000000147
0.14788870362383272,3,100,9640,5,500,A2,Olga,11.138000000000147
3.87353747178714,3,100,9640,5,500,A3,Tracy,11.138000000000147
11.265000681929173,3,100,9640,5,500,core,Tracy_Olga,11.138000000000147
3.3180768701870766,3,100,999,5,1000,A1,NTD,28.934999999999945
2.1119042073619543,3,100,999,5,1000,A2,NTD,28.934999999999945
996.050156618202,3,100,999,5,1000,A3,NTD,28.934999999999945
10.514854224862914,3,100,999,5,1000,core,NTD,28.934999999999945
5.882743791255368,3,100,999,5,1000,A1,Ours,2.048000000000002
0.03673522287733042,3,100,999,5,1000,A2,Ours,2.048000000000002
2.9306682604943237,3,100,999,5,1000,A3,Ours,2.048000000000002
10.485518853098204,3,100,999,5,1000,core,Ours,2.048000000000002
5.882743791255368,3,100,999,5,1000,A1,HOSVD,2.519999999999982
0.03673522287733042,3,100,999,5,1000,A2,HOSVD,2.519999999999982
2.925437088423836,3,100,999,5,1000,A3,HOSVD,2.519999999999982
10.477387276165208,3,100,999,5,1000,core,HOSVD,2.519999999999982
5.87206252041275,3,100,999,5,1000,A1,HOOI,3.6109999999998763
0.03910078652223513,3,100,999,5,1000,A2,HOOI,3.6109999999998763
2.9410923961991675,3,100,999,5,1000,A3,HOOI,3.6109999999998763
10.538117576868983,3,100,999,5,1000,core,HOOI,3.6109999999998763
5.354954437973376,3,100,999,5,1000,A1,Olga,4.538000000000011
0.0492112562161044,3,100,999,5,1000,A2,Olga,4.538000000000011
3.008965719776122,3,100,999,5,1000,A3,Tracy,4.538000000000011
7.7998076381654675,3,100,999,5,1000,core,Tracy_Olga,4.538000000000011
91.47239157051982,3,100,4954,5,1000,A1,NTD,160.7420000000002
3.9991171588223486,3,100,4954,5,1000,A2,NTD,160.7420000000002
4951.135870132884,3,100,4954,5,1000,A3,NTD,160.7420000000002
11.100080867897377,3,100,4954,5,1000,core,NTD,160.7420000000002
7.075942913873555,3,100,4954,5,1000,A1,Ours,5.1590000000001055
0.043210631780405503,3,100,4954,5,1000,A2,Ours,5.1590000000001055
2.947103024428655,3,100,4954,5,1000,A3,Ours,5.1590000000001055
7.6662674543658635,3,100,4954,5,1000,core,Ours,5.1590000000001055
7.075942913873555,3,100,4954,5,1000,A1,HOSVD,1.5480000000000018
0.043210631780405503,3,100,4954,5,1000,A2,HOSVD,1.5480000000000018
2.6214973755326945,3,100,4954,5,1000,A3,HOSVD,1.5480000000000018
8.229297279280978,3,100,4954,5,1000,core,HOSVD,1.5480000000000018
6.964015314756577,3,100,4954,5,1000,A1,HOOI,5.72199999999998
0.026683891353533083,3,100,4954,5,1000,A2,HOOI,5.72199999999998
2.624613742132818,3,100,4954,5,1000,A3,HOOI,5.72199999999998
10.048662478393933,3,100,4954,5,1000,core,HOOI,5.72199999999998
6.1275080685186705,3,100,4954,5,1000,A1,Olga,3.5459999999998217
0.2823201845172961,3,100,4954,5,1000,A2,Olga,3.5459999999998217
2.8543845743032774,3,100,4954,5,1000,A3,Tracy,3.5459999999998217
9.945586032936658,3,100,4954,5,1000,core,Tracy_Olga,3.5459999999998217
23.20852080179083,3,100,9810,5,1000,A1,NTD,335.856
1.999375065092341,3,100,9810,5,1000,A2,NTD,335.856
9807.212475718146,3,100,9810,5,1000,A3,NTD,335.856
9.85523026078501,3,100,9810,5,1000,core,NTD,335.856
6.815834966702444,3,100,9810,5,1000,A1,Ours,18.332000000000107
0.06793523420684701,3,100,9810,5,1000,A2,Ours,18.332000000000107
5.097246894288192,3,100,9810,5,1000,A3,Ours,18.332000000000107
9.475858602027927,3,100,9810,5,1000,core,Ours,18.332000000000107
6.815834966702444,3,100,9810,5,1000,A1,HOSVD,3.6079999999999472
0.06793523420684701,3,100,9810,5,1000,A2,HOSVD,3.6079999999999472
2.6268693969329604,3,100,9810,5,1000,A3,HOSVD,3.6079999999999472
8.225154596315397,3,100,9810,5,1000,core,HOSVD,3.6079999999999472
6.772602902870377,3,100,9810,5,1000,A1,HOOI,25.33699999999999
0.0643358445689507,3,100,9810,5,1000,A2,HOOI,25.33699999999999
3.856780889481649,3,100,9810,5,1000,A3,HOOI,25.33699999999999
7.551655237841525,3,100,9810,5,1000,core,HOOI,25.33699999999999
6.971929353470444,3,100,9810,5,1000,A1,Olga,15.101999999999862
0.33000195344204825,3,100,9810,5,1000,A2,Olga,15.101999999999862
2.8692313533592753,3,100,9810,5,1000,A3,Tracy,15.101999999999862
12.372141491440805,3,100,9810,5,1000,core,Tracy_Olga,15.101999999999862
3.5745986859133474,3,100,1000,5,2500,A1,NTD,26.43899999999985
0.7981210137908702,3,100,1000,5,2500,A2,NTD,26.43899999999985
997.000457139217,3,100,1000,5,2500,A3,NTD,26.43899999999985
9.654733971202107,3,100,1000,5,2500,core,NTD,26.43899999999985
4.84005128270698,3,100,1000,5,2500,A1,Ours,5.214999999999918
0.030608410595940737,3,100,1000,5,2500,A2,Ours,5.214999999999918
0.8011094386617138,3,100,1000,5,2500,A3,Ours,5.214999999999918
8.560653672479134,3,100,1000,5,2500,core,Ours,5.214999999999918
4.84005128270698,3,100,1000,5,2500,A1,HOSVD,4.895999999999958
0.030608410595940737,3,100,1000,5,2500,A2,HOSVD,4.895999999999958
0.800516146935067,3,100,1000,5,2500,A3,HOSVD,4.895999999999958
8.558828614460603,3,100,1000,5,2500,core,HOSVD,4.895999999999958
4.797042136779647,3,100,1000,5,2500,A1,HOOI,5.9780000000000655
0.026973265141153356,3,100,1000,5,2500,A2,HOOI,5.9780000000000655
0.8243871195988602,3,100,1000,5,2500,A3,HOOI,5.9780000000000655
8.613579318857001,3,100,1000,5,2500,core,HOOI,5.9780000000000655
3.883522770599421,3,100,1000,5,2500,A1,Olga,5.456000000000131
0.019793800834130702,3,100,1000,5,2500,A2,Olga,5.456000000000131
1.6282148509204437,3,100,1000,5,2500,A3,Tracy,5.456000000000131
10.512643320724205,3,100,1000,5,2500,core,Tracy_Olga,5.456000000000131
3.812209678849933,3,100,4981,5,2500,A1,NTD,154.61599999999976
2.7720217246367347,3,100,4981,5,2500,A2,NTD,154.61599999999976
4978.079032714982,3,100,4981,5,2500,A3,NTD,154.61599999999976
12.674386023983498,3,100,4981,5,2500,core,NTD,154.61599999999976
6.176965368706445,3,100,4981,5,2500,A1,Ours,6.41399999999976
0.016714922712097076,3,100,4981,5,2500,A2,Ours,6.41399999999976
2.635096063402271,3,100,4981,5,2500,A3,Ours,6.41399999999976
8.3299342487731,3,100,4981,5,2500,core,Ours,6.41399999999976
6.176965368706445,3,100,4981,5,2500,A1,HOSVD,2.230999999999767
0.016714922712097076,3,100,4981,5,2500,A2,HOSVD,2.230999999999767
2.6037532561102616,3,100,4981,5,2500,A3,HOSVD,2.230999999999767
8.226531191835132,3,100,4981,5,2500,core,HOSVD,2.230999999999767
6.1683513124786,3,100,4981,5,2500,A1,HOOI,4.775000000000091
0.01380941717402144,3,100,4981,5,2500,A2,HOOI,4.775000000000091
2.597678509936281,3,100,4981,5,2500,A3,HOOI,4.775000000000091
8.163056250198245,3,100,4981,5,2500,core,HOOI,4.775000000000091
4.335580078300322,3,100,4981,5,2500,A1,Olga,2.6460000000001855
0.03358493262911323,3,100,4981,5,2500,A2,Olga,2.6460000000001855
2.827324843732232,3,100,4981,5,2500,A3,Tracy,2.6460000000001855
9.925154826632149,3,100,4981,5,2500,core,Tracy_Olga,2.6460000000001855
4.191116825282765,3,100,9917,5,2500,A1,NTD,341.1279999999997
1.8534552151510217,3,100,9917,5,2500,A2,NTD,341.1279999999997
9914.11702235268,3,100,9917,5,2500,A3,NTD,341.1279999999997
10.743526883171972,3,100,9917,5,2500,core,NTD,341.1279999999997
4.81050809527942,3,100,9917,5,2500,A1,Ours,19.125
0.001592905505007964,3,100,9917,5,2500,A2,Ours,19.125
2.835093010007475,3,100,9917,5,2500,A3,Ours,19.125
10.082278957151988,3,100,9917,5,2500,core,Ours,19.125
4.81050809527942,3,100,9917,5,2500,A1,HOSVD,3.73700000000008
0.001592905505007964,3,100,9917,5,2500,A2,HOSVD,3.73700000000008
2.580767462429652,3,100,9917,5,2500,A3,HOSVD,3.73700000000008
8.238487502823581,3,100,9917,5,2500,core,HOSVD,3.73700000000008
4.817823957704844,3,100,9917,5,2500,A1,HOOI,17.161000000000058
0.0028050606329584823,3,100,9917,5,2500,A2,HOOI,17.161000000000058
2.582086100790375,3,100,9917,5,2500,A3,HOOI,17.161000000000058
8.269330310281488,3,100,9917,5,2500,core,HOOI,17.161000000000058
4.597732633036859,3,100,9917,5,2500,A1,Olga,7.54300000000012
0.03740943054123693,3,100,9917,5,2500,A2,Olga,7.54300000000012
2.8215194638759495,3,100,9917,5,2500,A3,Tracy,7.54300000000012
10.018953217532706,3,100,9917,5,2500,core,Tracy_Olga,7.54300000000012
3.1912992179298283,3,100,1000,5,5000,A1,NTD,28.014000000000124
0.9076183759424716,3,100,1000,5,5000,A2,NTD,28.014000000000124
997.0001664083833,3,100,1000,5,5000,A3,NTD,28.014000000000124
11.320543567798367,3,100,1000,5,5000,core,NTD,28.014000000000124
2.7472675786327136,3,100,1000,5,5000,A1,Ours,0.5219999999999345
0.024292996298374916,3,100,1000,5,5000,A2,Ours,0.5219999999999345
0.3526456320655557,3,100,1000,5,5000,A3,Ours,0.5219999999999345
7.487561718311844,3,100,1000,5,5000,core,Ours,0.5219999999999345
2.7472675786327136,3,100,1000,5,5000,A1,HOSVD,0.4650000000001455
0.024292996298374916,3,100,1000,5,5000,A2,HOSVD,0.4650000000001455
0.352422138996476,3,100,1000,5,5000,A3,HOSVD,0.4650000000001455
7.487406266808919,3,100,1000,5,5000,core,HOSVD,0.4650000000001455
2.7498715421030244,3,100,1000,5,5000,A1,HOOI,0.6730000000002292
0.02606439040550641,3,100,1000,5,5000,A2,HOOI,0.6730000000002292
0.46821916524199336,3,100,1000,5,5000,A3,HOOI,0.6730000000002292
7.7400054185695355,3,100,1000,5,5000,core,HOOI,0.6730000000002292
2.6356338435493107,3,100,1000,5,5000,A1,Olga,0.5969999999997526
0.012379045083874503,3,100,1000,5,5000,A2,Olga,0.5969999999997526
1.413264412350704,3,100,1000,5,5000,A3,Tracy,0.5969999999997526
9.060861557135011,3,100,1000,5,5000,core,Tracy_Olga,0.5969999999997526
3.029273513990226,3,100,4993,5,5000,A1,NTD,161.2420000000002
0.7848860629955732,3,100,4993,5,5000,A2,NTD,161.2420000000002
4990.045559339132,3,100,4993,5,5000,A3,NTD,161.2420000000002
10.762780409334777,3,100,4993,5,5000,core,NTD,161.2420000000002
2.382563713248956,3,100,4993,5,5000,A1,Ours,5.585999999999785
0.020723025298758385,3,100,4993,5,5000,A2,Ours,5.585999999999785
2.588468631868336,3,100,4993,5,5000,A3,Ours,5.585999999999785
8.083858762224706,3,100,4993,5,5000,core,Ours,5.585999999999785
2.382563713248956,3,100,4993,5,5000,A1,HOSVD,1.7219999999997526
0.020723025298758385,3,100,4993,5,5000,A2,HOSVD,1.7219999999997526
2.5797283948097203,3,100,4993,5,5000,A3,HOSVD,1.7219999999997526
8.062897371832038,3,100,4993,5,5000,core,HOSVD,1.7219999999997526
2.3811186131736677,3,100,4993,5,5000,A1,HOOI,5.070999999999913
0.01911901516542948,3,100,4993,5,5000,A2,HOOI,5.070999999999913
2.5775996171263578,3,100,4993,5,5000,A3,HOOI,5.070999999999913
8.033394175661149,3,100,4993,5,5000,core,HOOI,5.070999999999913
2.9539639155230875,3,100,4993,5,5000,A1,Olga,2.3780000000001564
0.043800354398727405,3,100,4993,5,5000,A2,Olga,2.3780000000001564
2.848614094127477,3,100,4993,5,5000,A3,Tracy,2.3780000000001564
8.0491459153174,3,100,4993,5,5000,core,Tracy_Olga,2.3780000000001564
2.143210605820587,3,100,9951,5,5000,A1,NTD,356.8589999999999
2.147459023677425,3,100,9951,5,5000,A2,NTD,356.8589999999999
9948.058249905298,3,100,9951,5,5000,A3,NTD,356.8589999999999
9.276943672756218,3,100,9951,5,5000,core,NTD,356.8589999999999
2.85356343132153,3,100,9951,5,5000,A1,Ours,22.385999999999967
0.01586919338452624,3,100,9951,5,5000,A2,Ours,22.385999999999967
2.608388077581975,3,100,9951,5,5000,A3,Ours,22.385999999999967
8.330724496681702,3,100,9951,5,5000,core,Ours,22.385999999999967
2.85356343132153,3,100,9951,5,5000,A1,HOSVD,7.514000000000124
0.01586919338452624,3,100,9951,5,5000,A2,HOSVD,7.514000000000124
2.577050521492566,3,100,9951,5,5000,A3,HOSVD,7.514000000000124
8.227087347012745,3,100,9951,5,5000,core,HOSVD,7.514000000000124
2.8549324816453283,3,100,9951,5,5000,A1,HOOI,17.440000000000055
0.013347573697870534,3,100,9951,5,5000,A2,HOOI,17.440000000000055
2.580675089657564,3,100,9951,5,5000,A3,HOOI,17.440000000000055
8.232352717242938,3,100,9951,5,5000,core,HOOI,17.440000000000055
2.5504984103934847,3,100,9951,5,5000,A1,Olga,18.041000000000167
0.05630586876838916,3,100,9951,5,5000,A2,Olga,18.041000000000167
2.815397880002279,3,100,9951,5,5000,A3,Tracy,18.041000000000167
9.866367079626896,3,100,9951,5,5000,core,Tracy_Olga,18.041000000000167
3.4154013481846444,3,100,1000,5,6000,A1,NTD,29.97499999999991
1.1300335455150063,3,100,1000,5,6000,A2,NTD,29.97499999999991
997.000182121611,3,100,1000,5,6000,A3,NTD,29.97499999999991
10.676822337912343,3,100,1000,5,6000,core,NTD,29.97499999999991
2.176755326666995,3,100,1000,5,6000,A1,Ours,1.1019999999998618
0.033954486604371316,3,100,1000,5,6000,A2,Ours,1.1019999999998618
0.6485106366483432,3,100,1000,5,6000,A3,Ours,1.1019999999998618
8.034465951600264,3,100,1000,5,6000,core,Ours,1.1019999999998618
2.176755326666995,3,100,1000,5,6000,A1,HOSVD,0.8490000000001601
0.033954486604371316,3,100,1000,5,6000,A2,HOSVD,0.8490000000001601
0.6484446931348647,3,100,1000,5,6000,A3,HOSVD,0.8490000000001601
8.033576039051383,3,100,1000,5,6000,core,HOSVD,0.8490000000001601
2.1855364222994536,3,100,1000,5,6000,A1,HOOI,0.9339999999997417
0.035091972381608966,3,100,1000,5,6000,A2,HOOI,0.9339999999997417
0.6844247478099702,3,100,1000,5,6000,A3,HOOI,0.9339999999997417
8.11241984042582,3,100,1000,5,6000,core,HOOI,0.9339999999997417
1.96611690715311,3,100,1000,5,6000,A1,Olga,0.6660000000001673
0.024773556129041217,3,100,1000,5,6000,A2,Olga,0.6660000000001673
1.5359244886562353,3,100,1000,5,6000,A3,Tracy,0.6660000000001673
10.001487849481757,3,100,1000,5,6000,core,Tracy_Olga,0.6660000000001673
3.14024691409125,3,100,4996,5,6000,A1,NTD,166.72699999999986
1.014477592289936,3,100,4996,5,6000,A2,NTD,166.72699999999986
4993.033545905247,3,100,4996,5,6000,A3,NTD,166.72699999999986
11.169061268125663,3,100,4996,5,6000,core,NTD,166.72699999999986
2.2535555353449426,3,100,4996,5,6000,A1,Ours,5.195000000000164
0.030378764409829753,3,100,4996,5,6000,A2,Ours,5.195000000000164
2.60536737836143,3,100,4996,5,6000,A3,Ours,5.195000000000164
8.162562477609859,3,100,4996,5,6000,core,Ours,5.195000000000164
2.2535555353449426,3,100,4996,5,6000,A1,HOSVD,1.6179999999999382
0.030378764409829753,3,100,4996,5,6000,A2,HOSVD,1.6179999999999382
2.5999727720524617,3,100,4996,5,6000,A3,HOSVD,1.6179999999999382
8.146723544074623,3,100,4996,5,6000,core,HOSVD,1.6179999999999382
2.258798248000464,3,100,4996,5,6000,A1,HOOI,4.54300000000012
0.03123045853726799,3,100,4996,5,6000,A2,HOOI,4.54300000000012
2.60635679831721,3,100,4996,5,6000,A3,HOOI,4.54300000000012
9.865388320375473,3,100,4996,5,6000,core,HOOI,4.54300000000012
2.933591723169548,3,100,4996,5,6000,A1,Olga,2.48700000000008
0.02345550527366357,3,100,4996,5,6000,A2,Olga,2.48700000000008
2.818108627142955,3,100,4996,5,6000,A3,Tracy,2.48700000000008
9.942318704385736,3,100,4996,5,6000,core,Tracy_Olga,2.48700000000008
3.017020039722636,3,100,9963,5,6000,A1,NTD,360.0699999999997
1.3482126769146991,3,100,9963,5,6000,A2,NTD,360.0699999999997
9960.062538913135,3,100,9963,5,6000,A3,NTD,360.0699999999997
10.658656151283324,3,100,9963,5,6000,core,NTD,360.0699999999997
2.402150585856797,3,100,9963,5,6000,A1,Ours,23.635999999999967
0.023946430878082382,3,100,9963,5,6000,A2,Ours,23.635999999999967
2.6067778845024034,3,100,9963,5,6000,A3,Ours,23.635999999999967
8.206529126210103,3,100,9963,5,6000,core,Ours,23.635999999999967
2.402150585856797,3,100,9963,5,6000,A1,HOSVD,10.930000000000291
0.023946430878082382,3,100,9963,5,6000,A2,HOSVD,10.930000000000291
2.584988604352124,3,100,9963,5,6000,A3,HOSVD,10.930000000000291
8.138993326890342,3,100,9963,5,6000,core,HOSVD,10.930000000000291
2.405198739083385,3,100,9963,5,6000,A1,HOOI,33.91899999999987
0.019970468652124103,3,100,9963,5,6000,A2,HOOI,33.91899999999987
2.5853154156104377,3,100,9963,5,6000,A3,HOOI,33.91899999999987
8.165514644053651,3,100,9963,5,6000,core,HOOI,33.91899999999987
2.0863474351317586,3,100,9963,5,6000,A1,Olga,26.409000000000106
0.022662153064984942,3,100,9963,5,6000,A2,Olga,26.409000000000106
2.821540924207115,3,100,9963,5,6000,A3,Tracy,26.409000000000106
9.859926483713778,3,100,9963,5,6000,core,Tracy_Olga,26.409000000000106
4.853908244638165,3,100,1000,5,7000,A1,NTD,28.65199999999959
1.4266695472326587,3,100,1000,5,7000,A2,NTD,28.65199999999959
997.0000645660284,3,100,1000,5,7000,A3,NTD,28.65199999999959
13.81850133875213,3,100,1000,5,7000,core,NTD,28.65199999999959
2.288684138837333,3,100,1000,5,7000,A1,Ours,4.364000000000033
0.007621039459247524,3,100,1000,5,7000,A2,Ours,4.364000000000033
0.09332795428800482,3,100,1000,5,7000,A3,Ours,4.364000000000033
7.248801706624697,3,100,1000,5,7000,core,Ours,4.364000000000033
2.288684138837333,3,100,1000,5,7000,A1,HOSVD,6.846000000000004
0.007621039459247524,3,100,1000,5,7000,A2,HOSVD,6.846000000000004
0.09327612025783155,3,100,1000,5,7000,A3,HOSVD,6.846000000000004
7.248224870387629,3,100,1000,5,7000,core,HOSVD,6.846000000000004
2.2848082164031385,3,100,1000,5,7000,A1,HOOI,6.696999999999662
0.008543914979371224,3,100,1000,5,7000,A2,HOOI,6.696999999999662
0.09364883909954579,3,100,1000,5,7000,A3,HOOI,6.696999999999662
7.251277739370553,3,100,1000,5,7000,core,HOOI,6.696999999999662
2.2810404385867153,3,100,1000,5,7000,A1,Olga,7.731999999999971
0.012589336290133271,3,100,1000,5,7000,A2,Olga,7.731999999999971
1.3432936802062936,3,100,1000,5,7000,A3,Tracy,7.731999999999971
8.5595142092682,3,100,1000,5,7000,core,Tracy_Olga,7.731999999999971
2.9584279382629473,3,100,4995,5,7000,A1,NTD,170.3449999999998
1.847645490392537,3,100,4995,5,7000,A2,NTD,170.3449999999998
4992.028506780917,3,100,4995,5,7000,A3,NTD,170.3449999999998
12.506119745255969,3,100,4995,5,7000,core,NTD,170.3449999999998
4.3253926921176316,3,100,4995,5,7000,A1,Ours,5.4099999999998545
0.017539000071144565,3,100,4995,5,7000,A2,Ours,5.4099999999998545
2.574355708304005,3,100,4995,5,7000,A3,Ours,5.4099999999998545
9.638884832474245,3,100,4995,5,7000,core,Ours,5.4099999999998545
4.3253926921176316,3,100,4995,5,7000,A1,HOSVD,1.7460000000000946
0.017539000071144565,3,100,4995,5,7000,A2,HOSVD,1.7460000000000946
2.5699384534972314,3,100,4995,5,7000,A3,HOSVD,1.7460000000000946
9.619474972726493,3,100,4995,5,7000,core,HOSVD,1.7460000000000946
4.325278704851443,3,100,4995,5,7000,A1,HOOI,4.7849999999998545
0.017322311912351798,3,100,4995,5,7000,A2,HOOI,4.7849999999998545
2.5709888083208594,3,100,4995,5,7000,A3,HOOI,4.7849999999998545
9.607687809614518,3,100,4995,5,7000,core,HOOI,4.7849999999998545
1.9928381387283278,3,100,4995,5,7000,A1,Olga,2.380999999999858
0.011649960142240113,3,100,4995,5,7000,A2,Olga,2.380999999999858
2.8265356298218713,3,100,4995,5,7000,A3,Tracy,2.380999999999858
9.642062211248216,3,100,4995,5,7000,core,Tracy_Olga,2.380999999999858
