error,K,Q1,R,Q2,M,mode,method,time
25.762679666430007,3,100,989,5,100,A1,NTD,36.325
2.047726916035307,3,100,989,5,100,A2,NTD,36.325
986.2970913514384,3,100,989,5,100,A3,NTD,36.325
10.211093709808878,3,100,989,5,100,core,NTD,36.325
20.68340396162838,3,100,989,5,100,A1,Ours,1.3350000000000009
0.13075895306483046,3,100,989,5,100,A2,Ours,1.3350000000000009
3.3372834925412094,3,100,989,5,100,A3,Ours,1.3350000000000009
10.86381333527912,3,100,989,5,100,core,Ours,1.3350000000000009
20.68340396162838,3,100,989,5,100,A1,HOSVD,5.219000000000001
0.13075895306483046,3,100,989,5,100,A2,HOSVD,5.219000000000001
2.5363789133883134,3,100,989,5,100,A3,HOSVD,5.219000000000001
8.081838278800666,3,100,989,5,100,core,HOSVD,5.219000000000001
20.350979877116007,3,100,989,5,100,A1,HOOI,6.166000000000004
0.1278375583934426,3,100,989,5,100,A2,HOOI,6.166000000000004
2.569054244173909,3,100,989,5,100,A3,HOOI,6.166000000000004
8.08107045727443,3,100,989,5,100,core,HOOI,6.166000000000004
21.559350353807794,3,100,989,5,100,A1,Olga,5.300000000000004
4.407213769138721,3,100,989,5,100,A2,Olga,5.300000000000004
2.8922341112853682,3,100,989,5,100,A3,Tracy,5.300000000000004
11.495338375327316,3,100,989,5,100,core,Tracy_Olga,5.300000000000004
107.46266333654158,3,100,4497,5,100,A1,NTD,159.661
2.305810080405528,3,100,4497,5,100,A2,NTD,159.661
4494.773906148583,3,100,4497,5,100,A3,NTD,159.661
9.905652937218921,3,100,4497,5,100,core,NTD,159.661
15.412080933072916,3,100,4497,5,100,A1,Ours,5.830999999999989
0.07932977783376198,3,100,4497,5,100,A2,Ours,5.830999999999989
5.220509070839509,3,100,4497,5,100,A3,Ours,5.830999999999989
11.297870059668975,3,100,4497,5,100,core,Ours,5.830999999999989
15.412080933072916,3,100,4497,5,100,A1,HOSVD,2.241000000000014
0.07932977783376198,3,100,4497,5,100,A2,HOSVD,2.241000000000014
2.6565252061522315,3,100,4497,5,100,A3,HOSVD,2.241000000000014
8.01106316388868,3,100,4497,5,100,core,HOSVD,2.241000000000014
15.41666471673987,3,100,4497,5,100,A1,HOOI,13.301000000000016
0.07576566307906242,3,100,4497,5,100,A2,HOOI,13.301000000000016
3.8017667354955313,3,100,4497,5,100,A3,HOOI,13.301000000000016
8.991856217372542,3,100,4497,5,100,core,HOOI,13.301000000000016
43.09265490925001,3,100,4497,5,100,A1,Olga,20.088000000000022
3.8165491926205326,3,100,4497,5,100,A2,Olga,20.088000000000022
3.093690180974227,3,100,4497,5,100,A3,Tracy,20.088000000000022
12.490214262358615,3,100,4497,5,100,core,Tracy_Olga,20.088000000000022
123.34543267987668,3,100,8180,5,100,A1,NTD,274.93
0.4706733922017266,3,100,8180,5,100,A2,NTD,274.93
8177.954524588637,3,100,8180,5,100,A3,NTD,274.93
10.810199571359222,3,100,8180,5,100,core,NTD,274.93
18.184246848049924,3,100,8180,5,100,A1,Ours,9.862999999999943
0.14206176837968865,3,100,8180,5,100,A2,Ours,9.862999999999943
5.410027061275556,3,100,8180,5,100,A3,Ours,9.862999999999943
12.638332871563955,3,100,8180,5,100,core,Ours,9.862999999999943
23.370119820761815,3,100,8180,5,100,A1,HOOI,11.043000000000006
0.11730239271583501,3,100,8180,5,100,A2,HOOI,11.043000000000006
3.9267220106956686,3,100,8180,5,100,A3,HOOI,11.043000000000006
11.837126565671749,3,100,8180,5,100,core,HOOI,11.043000000000006
76.25867052830178,3,100,8180,5,100,A1,Olga,18.423000000000002
3.427028573153944,3,100,8180,5,100,A2,Olga,18.423000000000002
4.91316702885091,3,100,8180,5,100,A3,Tracy,18.423000000000002
10.92122612505741,3,100,8180,5,100,core,Tracy_Olga,18.423000000000002
2.9729428348627835,3,100,999,5,500,A1,NTD,25.791999999999916
1.5852210681693444,3,100,999,5,500,A2,NTD,25.791999999999916
996.1080179945787,3,100,999,5,500,A3,NTD,25.791999999999916
10.607648831770128,3,100,999,5,500,core,NTD,25.791999999999916
8.646516706234928,3,100,999,5,500,A1,Ours,7.783999999999992
0.04381619951411114,3,100,999,5,500,A2,Ours,7.783999999999992
2.5866242633664935,3,100,999,5,500,A3,Ours,7.783999999999992
11.586897418837284,3,100,999,5,500,core,Ours,7.783999999999992
8.646516706234928,3,100,999,5,500,A1,HOSVD,5.80499999999995
0.04381619951411114,3,100,999,5,500,A2,HOSVD,5.80499999999995
2.556773681742694,3,100,999,5,500,A3,HOSVD,5.80499999999995
11.571021316305279,3,100,999,5,500,core,HOSVD,5.80499999999995
8.54563766885676,3,100,999,5,500,A1,HOOI,5.18100000000004
0.03721014377371811,3,100,999,5,500,A2,HOOI,5.18100000000004
2.557903449398239,3,100,999,5,500,A3,HOOI,5.18100000000004
11.589717522714897,3,100,999,5,500,core,HOOI,5.18100000000004
9.023173085599952,3,100,999,5,500,A1,Olga,2.937000000000012
0.1495718955605313,3,100,999,5,500,A2,Olga,2.937000000000012
2.903708508364616,3,100,999,5,500,A3,Tracy,2.937000000000012
11.778281435585914,3,100,999,5,500,core,Tracy_Olga,2.937000000000012
31.309031622565318,3,100,4908,5,500,A1,NTD,157.053
1.93855543431609,3,100,4908,5,500,A2,NTD,157.053
4905.203982958148,3,100,4908,5,500,A3,NTD,157.053
11.031632097839866,3,100,4908,5,500,core,NTD,157.053
8.00394413147335,3,100,4908,5,500,A1,Ours,4.860000000000014
0.03996344847812878,3,100,4908,5,500,A2,Ours,4.860000000000014
4.9613421939444065,3,100,4908,5,500,A3,Ours,4.860000000000014
13.710318083104843,3,100,4908,5,500,core,Ours,4.860000000000014
8.00394413147335,3,100,4908,5,500,A1,HOSVD,1.884999999999991
0.03996344847812878,3,100,4908,5,500,A2,HOSVD,1.884999999999991
2.5046219039248747,3,100,4908,5,500,A3,HOSVD,1.884999999999991
11.852402873949353,3,100,4908,5,500,core,HOSVD,1.884999999999991
8.00434744630965,3,100,4908,5,500,A1,HOOI,5.010999999999967
0.0334133817706587,3,100,4908,5,500,A2,HOOI,5.010999999999967
2.5270647805981943,3,100,4908,5,500,A3,HOOI,5.010999999999967
11.852402873949353,3,100,4908,5,500,core,HOOI,5.010999999999967
12.822571032690396,3,100,4908,5,500,A1,Olga,3.1409999999999627
3.3486236744061224,3,100,4908,5,500,A2,Olga,3.1409999999999627
2.9020383109591688,3,100,4908,5,500,A3,Tracy,3.1409999999999627
12.113492669405488,3,100,4908,5,500,core,Tracy_Olga,3.1409999999999627
36.99189565253738,3,100,9598,5,500,A1,NTD,328.55899999999997
2.470674425181834,3,100,9598,5,500,A2,NTD,328.55899999999997
9595.263491873824,3,100,9598,5,500,A3,NTD,328.55899999999997
11.661882143931683,3,100,9598,5,500,core,NTD,328.55899999999997
9.672032278696733,3,100,9598,5,500,A1,Ours,12.756999999999834
0.04073940611307407,3,100,9598,5,500,A2,Ours,12.756999999999834
5.447494145740532,3,100,9598,5,500,A3,Ours,12.756999999999834
13.339067774029228,3,100,9598,5,500,core,Ours,12.756999999999834
9.672032278696733,3,100,9598,5,500,A1,HOSVD,3.0370000000000346
0.04073940611307407,3,100,9598,5,500,A2,HOSVD,3.0370000000000346
2.5991969159645096,3,100,9598,5,500,A3,HOSVD,3.0370000000000346
11.852402873949353,3,100,9598,5,500,core,HOSVD,3.0370000000000346
9.662201160894348,3,100,9598,5,500,A1,HOOI,12.17599999999993
0.044359294859761506,3,100,9598,5,500,A2,HOOI,12.17599999999993
2.611527274156122,3,100,9598,5,500,A3,HOOI,12.17599999999993
11.852402873949353,3,100,9598,5,500,core,HOOI,12.17599999999993
12.85216315219747,3,100,9598,5,500,A1,Olga,5.633000000000038
3.363199183087114,3,100,9598,5,500,A2,Olga,5.633000000000038
3.0048415205300913,3,100,9598,5,500,A3,Tracy,5.633000000000038
12.086968336474321,3,100,9598,5,500,core,Tracy_Olga,5.633000000000038
2.936994374574617,3,100,1000,5,1000,A1,NTD,27.506000000000085
0.4015200350739526,3,100,1000,5,1000,A2,NTD,27.506000000000085
997.0015009895358,3,100,1000,5,1000,A3,NTD,27.506000000000085
12.916931993534691,3,100,1000,5,1000,core,NTD,27.506000000000085
4.400503213140812,3,100,1000,5,1000,A1,Ours,0.45900000000006
0.02030430595282603,3,100,1000,5,1000,A2,Ours,0.45900000000006
0.7483613431232141,3,100,1000,5,1000,A3,Ours,0.45900000000006
12.146977214650184,3,100,1000,5,1000,core,Ours,0.45900000000006
4.400503213140812,3,100,1000,5,1000,A1,HOSVD,0.37799999999992906
0.02030430595282603,3,100,1000,5,1000,A2,HOSVD,0.37799999999992906
0.7462973958534381,3,100,1000,5,1000,A3,HOSVD,0.37799999999992906
12.150224495086956,3,100,1000,5,1000,core,HOSVD,0.37799999999992906
4.404587242384178,3,100,1000,5,1000,A1,HOOI,0.9139999999999873
0.019851127351312975,3,100,1000,5,1000,A2,HOOI,0.9139999999999873
0.7566806422105041,3,100,1000,5,1000,A3,HOOI,0.9139999999999873
12.187840687191327,3,100,1000,5,1000,core,HOOI,0.9139999999999873
5.453485180845976,3,100,1000,5,1000,A1,Olga,0.5119999999999436
0.10307669187939532,3,100,1000,5,1000,A2,Olga,0.5119999999999436
1.496125166846475,3,100,1000,5,1000,A3,Tracy,0.5119999999999436
11.852402873949353,3,100,1000,5,1000,core,Tracy_Olga,0.5119999999999436
2.5167103281440553,3,100,4954,5,1000,A1,NTD,150.211
4.175027993205969,3,100,4954,5,1000,A2,NTD,150.211
4951.13510786353,3,100,4954,5,1000,A3,NTD,150.211
11.36291700567014,3,100,4954,5,1000,core,NTD,150.211
5.251934758673112,3,100,4954,5,1000,A1,Ours,5.5499999999999545
0.04500159019613927,3,100,4954,5,1000,A2,Ours,5.5499999999999545
2.9351711006404053,3,100,4954,5,1000,A3,Ours,5.5499999999999545
12.214181762746826,3,100,4954,5,1000,core,Ours,5.5499999999999545
5.251934758673112,3,100,4954,5,1000,A1,HOSVD,2.366999999999962
0.04500159019613927,3,100,4954,5,1000,A2,HOSVD,2.366999999999962
2.47918484288261,3,100,4954,5,1000,A3,HOSVD,2.366999999999962
11.852402873949353,3,100,4954,5,1000,core,HOSVD,2.366999999999962
5.230367770345426,3,100,4954,5,1000,A1,HOOI,4.508000000000038
0.04337779695014945,3,100,4954,5,1000,A2,HOOI,4.508000000000038
2.479760236666988,3,100,4954,5,1000,A3,HOOI,4.508000000000038
11.852402873949353,3,100,4954,5,1000,core,HOOI,4.508000000000038
6.12102282908941,3,100,4954,5,1000,A1,Olga,2.5160000000000764
2.871969700320538,3,100,4954,5,1000,A2,Olga,2.5160000000000764
2.8667834847020166,3,100,4954,5,1000,A3,Tracy,2.5160000000000764
11.58519175410846,3,100,4954,5,1000,core,Tracy_Olga,2.5160000000000764
8.013679000544837,3,100,9799,5,1000,A1,NTD,335.116
0.4706822257246774,3,100,9799,5,1000,A2,NTD,335.116
9796.56858258472,3,100,9799,5,1000,A3,NTD,335.116
12.16194644128251,3,100,9799,5,1000,core,NTD,335.116
5.587749185809689,3,100,9799,5,1000,A1,Ours,13.629000000000133
0.031914473758132306,3,100,9799,5,1000,A2,Ours,13.629000000000133
5.072002858170651,3,100,9799,5,1000,A3,Ours,13.629000000000133
12.128004833549406,3,100,9799,5,1000,core,Ours,13.629000000000133
5.587749185809689,3,100,9799,5,1000,A1,HOSVD,3.47199999999998
0.031914473758132306,3,100,9799,5,1000,A2,HOSVD,3.47199999999998
3.908192046339517,3,100,9799,5,1000,A3,HOSVD,3.47199999999998
8.506434701688763,3,100,9799,5,1000,core,HOSVD,3.47199999999998
5.614547125201299,3,100,9799,5,1000,A1,HOOI,10.649000000000115
0.03226990409978292,3,100,9799,5,1000,A2,HOOI,10.649000000000115
3.4929071035990793,3,100,9799,5,1000,A3,HOOI,10.649000000000115
7.474044771481647,3,100,9799,5,1000,core,HOOI,10.649000000000115
10.435692157963146,3,100,9799,5,1000,A1,Olga,6.395999999999958
3.3725848133514207,3,100,9799,5,1000,A2,Olga,6.395999999999958
2.9365143473282673,3,100,9799,5,1000,A3,Tracy,6.395999999999958
12.080687884877879,3,100,9799,5,1000,core,Tracy_Olga,6.395999999999958
30.42207784495115,3,100,1000,5,2500,A1,NTD,27.41099999999983
0.130219750725967,3,100,1000,5,2500,A2,NTD,27.41099999999983
997.0001778052747,3,100,1000,5,2500,A3,NTD,27.41099999999983
8.757827860859814,3,100,1000,5,2500,core,NTD,27.41099999999983
2.681755816831855,3,100,1000,5,2500,A1,Ours,0.5360000000000582
0.018439943661643043,3,100,1000,5,2500,A2,Ours,0.5360000000000582
0.47246137855203557,3,100,1000,5,2500,A3,Ours,0.5360000000000582
11.840494962337617,3,100,1000,5,2500,core,Ours,0.5360000000000582
2.681755816831855,3,100,1000,5,2500,A1,HOSVD,0.5950000000000273
0.018439943661643043,3,100,1000,5,2500,A2,HOSVD,0.5950000000000273
0.47240074031170065,3,100,1000,5,2500,A3,HOSVD,0.5950000000000273
11.840444980043296,3,100,1000,5,2500,core,HOSVD,0.5950000000000273
2.7265060585825607,3,100,1000,5,2500,A1,HOOI,0.9820000000001983
0.018891264226794827,3,100,1000,5,2500,A2,HOOI,0.9820000000001983
0.47620936951731,3,100,1000,5,2500,A3,HOOI,0.9820000000001983
11.840627580383718,3,100,1000,5,2500,core,HOOI,0.9820000000001983
3.452186973753768,3,100,1000,5,2500,A1,Olga,0.5450000000000728
0.024244367880200856,3,100,1000,5,2500,A2,Olga,0.5450000000000728
1.4618397472699667,3,100,1000,5,2500,A3,Tracy,0.5450000000000728
11.777072718349048,3,100,1000,5,2500,core,Tracy_Olga,0.5450000000000728
1.9051038061914325,3,100,4987,5,2500,A1,NTD,159.10699999999997
3.8859811540276756,3,100,4987,5,2500,A2,NTD,159.10699999999997
4984.070268483159,3,100,4987,5,2500,A3,NTD,159.10699999999997
10.604615030178191,3,100,4987,5,2500,core,NTD,159.10699999999997
4.478725687634331,3,100,4987,5,2500,A1,Ours,14.008000000000038
0.019552496296794036,3,100,4987,5,2500,A2,Ours,14.008000000000038
2.516805771257186,3,100,4987,5,2500,A3,Ours,14.008000000000038
11.852402873949353,3,100,4987,5,2500,core,Ours,14.008000000000038
4.478725687634331,3,100,4987,5,2500,A1,HOSVD,11.666999999999916
0.019552496296794036,3,100,4987,5,2500,A2,HOSVD,11.666999999999916
2.4859393997228376,3,100,4987,5,2500,A3,HOSVD,11.666999999999916
11.852402873949353,3,100,4987,5,2500,core,HOSVD,11.666999999999916
3.747846137879016,3,100,4987,5,2500,A1,HOOI,11.890999999999849
0.02033452081577712,3,100,4987,5,2500,A2,HOOI,11.890999999999849
2.48945612627434,3,100,4987,5,2500,A3,HOOI,11.890999999999849
11.852402873949353,3,100,4987,5,2500,core,HOOI,11.890999999999849
3.6447683344030475,3,100,4987,5,2500,A1,Olga,11.811999999999898
0.14432144730432855,3,100,4987,5,2500,A2,Olga,11.811999999999898
2.875917093626338,3,100,4987,5,2500,A3,Tracy,11.811999999999898
11.852402873949353,3,100,4987,5,2500,core,Tracy_Olga,11.811999999999898
1.8620957480149085,3,100,9935,5,2500,A1,NTD,335.674
4.305799217580644,3,100,9935,5,2500,A2,NTD,335.674
9932.083277402975,3,100,9935,5,2500,A3,NTD,335.674
12.05644193859013,3,100,9935,5,2500,core,NTD,335.674
3.4286344117342997,3,100,9935,5,2500,A1,Ours,13.768000000000029
0.026053618360586922,3,100,9935,5,2500,A2,Ours,13.768000000000029
2.9449599790343775,3,100,9935,5,2500,A3,Ours,13.768000000000029
12.223022693484324,3,100,9935,5,2500,core,Ours,13.768000000000029
3.4286344117342997,3,100,9935,5,2500,A1,HOSVD,2.869999999999891
0.026053618360586922,3,100,9935,5,2500,A2,HOSVD,2.869999999999891
2.51596155621923,3,100,9935,5,2500,A3,HOSVD,2.869999999999891
11.852402873949353,3,100,9935,5,2500,core,HOSVD,2.869999999999891
3.4307496902859484,3,100,9935,5,2500,A1,HOOI,12.240999999999985
0.025836847682829955,3,100,9935,5,2500,A2,HOOI,12.240999999999985
2.5179886487487146,3,100,9935,5,2500,A3,HOOI,12.240999999999985
11.852402873949353,3,100,9935,5,2500,core,HOOI,12.240999999999985
3.473934401283702,3,100,9935,5,2500,A1,Olga,6.670999999999822
0.8428166556623429,3,100,9935,5,2500,A2,Olga,6.670999999999822
2.907359505802635,3,100,9935,5,2500,A3,Tracy,6.670999999999822
11.817780692830043,3,100,9935,5,2500,core,Tracy_Olga,6.670999999999822
3.016594224544469,3,100,1000,5,5000,A1,NTD,28.41899999999987
0.22244922004271034,3,100,1000,5,5000,A2,NTD,28.41899999999987
997.000186550395,3,100,1000,5,5000,A3,NTD,28.41899999999987
11.232888119259899,3,100,1000,5,5000,core,NTD,28.41899999999987
3.2722813061727325,3,100,1000,5,5000,A1,Ours,0.5659999999998035
0.00721580098205155,3,100,1000,5,5000,A2,Ours,0.5659999999998035
0.10924902074614756,3,100,1000,5,5000,A3,Ours,0.5659999999998035
11.75248222421191,3,100,1000,5,5000,core,Ours,0.5659999999998035
3.2722813061727325,3,100,1000,5,5000,A1,HOSVD,0.47699999999986176
0.00721580098205155,3,100,1000,5,5000,A2,HOSVD,0.47699999999986176
0.10912225208475228,3,100,1000,5,5000,A3,HOSVD,0.47699999999986176
11.752220678385765,3,100,1000,5,5000,core,HOSVD,0.47699999999986176
3.173683538074635,3,100,1000,5,5000,A1,HOOI,0.6900000000000546
0.007388947401344468,3,100,1000,5,5000,A2,HOOI,0.6900000000000546
0.11061961310460881,3,100,1000,5,5000,A3,HOOI,0.6900000000000546
11.752054574738464,3,100,1000,5,5000,core,HOOI,0.6900000000000546
2.638729533995597,3,100,1000,5,5000,A1,Olga,0.44000000000005457
0.013044892567184756,3,100,1000,5,5000,A2,Olga,0.44000000000005457
1.3472089347146858,3,100,1000,5,5000,A3,Tracy,0.44000000000005457
11.834008744078332,3,100,1000,5,5000,core,Tracy_Olga,0.44000000000005457
1.9917321146818836,3,100,4996,5,5000,A1,NTD,152.221
2.3056605374280137,3,100,4996,5,5000,A2,NTD,152.221
4993.052671792008,3,100,4996,5,5000,A3,NTD,152.221
10.329069788332719,3,100,4996,5,5000,core,NTD,152.221
1.937568422931257,3,100,4996,5,5000,A1,Ours,4.822000000000116
0.016277433485064313,3,100,4996,5,5000,A2,Ours,4.822000000000116
2.641694176653505,3,100,4996,5,5000,A3,Ours,4.822000000000116
12.361913680531398,3,100,4996,5,5000,core,Ours,4.822000000000116
1.937568422931257,3,100,4996,5,5000,A1,HOSVD,2.5839999999998327
0.016277433485064313,3,100,4996,5,5000,A2,HOSVD,2.5839999999998327
2.6383844174982687,3,100,4996,5,5000,A3,HOSVD,2.5839999999998327
12.363901857626912,3,100,4996,5,5000,core,HOSVD,2.5839999999998327
1.9312560705783297,3,100,4996,5,5000,A1,HOOI,5.310999999999694
0.016573232406052175,3,100,4996,5,5000,A2,HOOI,5.310999999999694
2.6255836368747882,3,100,4996,5,5000,A3,HOOI,5.310999999999694
12.324701785251964,3,100,4996,5,5000,core,HOOI,5.310999999999694
2.562190457822734,3,100,4996,5,5000,A1,Olga,2.867999999999938
0.06309162103728963,3,100,4996,5,5000,A2,Olga,2.867999999999938
2.904962604860937,3,100,4996,5,5000,A3,Tracy,2.867999999999938
11.851613762996694,3,100,4996,5,5000,core,Tracy_Olga,2.867999999999938
2.446544486842222,3,100,9961,5,5000,A1,NTD,335.16499999999996
2.310429831462501,3,100,9961,5,5000,A2,NTD,335.16499999999996
9958.062120158142,3,100,9961,5,5000,A3,NTD,335.16499999999996
11.002741024405005,3,100,9961,5,5000,core,NTD,335.16499999999996
2.8878115791518395,3,100,9961,5,5000,A1,Ours,13.527999999999793
0.011626814360140503,3,100,9961,5,5000,A2,Ours,13.527999999999793
2.5103421386759783,3,100,9961,5,5000,A3,Ours,13.527999999999793
11.852402873949353,3,100,9961,5,5000,core,Ours,13.527999999999793
2.8878115791518395,3,100,9961,5,5000,A1,HOSVD,3.194999999999709
0.011626814360140503,3,100,9961,5,5000,A2,HOSVD,3.194999999999709
2.4757774088087134,3,100,9961,5,5000,A3,HOSVD,3.194999999999709
11.852402873949353,3,100,9961,5,5000,core,HOSVD,3.194999999999709
2.891758967256363,3,100,9961,5,5000,A1,HOOI,10.626999999999953
0.011104135598397822,3,100,9961,5,5000,A2,HOOI,10.626999999999953
2.4970158530829574,3,100,9961,5,5000,A3,HOOI,10.626999999999953
11.852402873949353,3,100,9961,5,5000,core,HOOI,10.626999999999953
2.4307675257819295,3,100,9961,5,5000,A1,Olga,6.1349999999997635
0.19923981898088786,3,100,9961,5,5000,A2,Olga,6.1349999999997635
2.896744816521009,3,100,9961,5,5000,A3,Tracy,6.1349999999997635
11.852402873949353,3,100,9961,5,5000,core,Tracy_Olga,6.1349999999997635
3.124669934474311,3,100,1000,5,6000,A1,NTD,28.616999999999734
0.21509716532198547,3,100,1000,5,6000,A2,NTD,28.616999999999734
997.000168317974,3,100,1000,5,6000,A3,NTD,28.616999999999734
10.365504738499478,3,100,1000,5,6000,core,NTD,28.616999999999734
3.799455650512766,3,100,1000,5,6000,A1,Ours,0.4450000000001637
0.011100026611019264,3,100,1000,5,6000,A2,Ours,0.4450000000001637
0.08207196785226108,3,100,1000,5,6000,A3,Ours,0.4450000000001637
11.847835305488626,3,100,1000,5,6000,core,Ours,0.4450000000001637
3.799455650512766,3,100,1000,5,6000,A1,HOSVD,0.4210000000002765
0.011100026611019264,3,100,1000,5,6000,A2,HOSVD,0.4210000000002765
0.08207196701286305,3,100,1000,5,6000,A3,HOSVD,0.4210000000002765
11.847809062901648,3,100,1000,5,6000,core,HOSVD,0.4210000000002765
3.7975624572102267,3,100,1000,5,6000,A1,HOOI,0.7300000000000182
0.010875724168264544,3,100,1000,5,6000,A2,HOOI,0.7300000000000182
0.08221098685921654,3,100,1000,5,6000,A3,HOOI,0.7300000000000182
11.84793062857776,3,100,1000,5,6000,core,HOOI,0.7300000000000182
1.9961086318540808,3,100,1000,5,6000,A1,Olga,0.5329999999999018
0.010310958998225183,3,100,1000,5,6000,A2,Olga,0.5329999999999018
1.3472990607680053,3,100,1000,5,6000,A3,Tracy,0.5329999999999018
11.834498919719769,3,100,1000,5,6000,core,Tracy_Olga,0.5329999999999018
2.3667363415104767,3,100,4997,5,6000,A1,NTD,164.1500000000001
2.1947943621023787,3,100,4997,5,6000,A2,NTD,164.1500000000001
4994.191095188636,3,100,4997,5,6000,A3,NTD,164.1500000000001
11.38504928192647,3,100,4997,5,6000,core,NTD,164.1500000000001
2.4635577487076117,3,100,4997,5,6000,A1,Ours,6.195999999999913
0.016302280406864187,3,100,4997,5,6000,A2,Ours,6.195999999999913
2.456637575613839,3,100,4997,5,6000,A3,Ours,6.195999999999913
11.852402873949353,3,100,4997,5,6000,core,Ours,6.195999999999913
2.4635577487076117,3,100,4997,5,6000,A1,HOSVD,2.2520000000004075
0.016302280406864187,3,100,4997,5,6000,A2,HOSVD,2.2520000000004075
2.451126072357324,3,100,4997,5,6000,A3,HOSVD,2.2520000000004075
11.852402873949353,3,100,4997,5,6000,core,HOSVD,2.2520000000004075
2.46205032550682,3,100,4997,5,6000,A1,HOOI,4.609999999999673
0.016689552383155247,3,100,4997,5,6000,A2,HOOI,4.609999999999673
2.4521854861722003,3,100,4997,5,6000,A3,HOOI,4.609999999999673
11.852402873949353,3,100,4997,5,6000,core,HOOI,4.609999999999673
2.2347907944584406,3,100,4997,5,6000,A1,Olga,2.2590000000000146
0.03614900430423755,3,100,4997,5,6000,A2,Olga,2.2590000000000146
2.863517836701581,3,100,4997,5,6000,A3,Tracy,2.2590000000000146
11.852402873949353,3,100,4997,5,6000,core,Tracy_Olga,2.2590000000000146
1.8745926021357808,3,100,9980,5,6000,A1,NTD,335.25700000000006
0.9925793715887979,3,100,9980,5,6000,A2,NTD,335.25700000000006
9977.048460818984,3,100,9980,5,6000,A3,NTD,335.25700000000006
13.341021004536293,3,100,9980,5,6000,core,NTD,335.25700000000006
2.2895943911592886,3,100,9980,5,6000,A1,Ours,13.2199999999998
0.009911262531559089,3,100,9980,5,6000,A2,Ours,13.2199999999998
2.516024820335774,3,100,9980,5,6000,A3,Ours,13.2199999999998
11.852402873949353,3,100,9980,5,6000,core,Ours,13.2199999999998
2.2895943911592886,3,100,9980,5,6000,A1,HOSVD,3.0039999999999054
0.009911262531559089,3,100,9980,5,6000,A2,HOSVD,3.0039999999999054
2.494782541765743,3,100,9980,5,6000,A3,HOSVD,3.0039999999999054
11.852402873949353,3,100,9980,5,6000,core,HOSVD,3.0039999999999054
2.2990158428355474,3,100,9980,5,6000,A1,HOOI,9.8449999999998
0.010183133183019786,3,100,9980,5,6000,A2,HOOI,9.8449999999998
2.4936669958060507,3,100,9980,5,6000,A3,HOOI,9.8449999999998
11.852402873949353,3,100,9980,5,6000,core,HOOI,9.8449999999998
2.1766079969628827,3,100,9980,5,6000,A1,Olga,6.622000000000298
0.13773231560680904,3,100,9980,5,6000,A2,Olga,6.622000000000298
2.886260534729003,3,100,9980,5,6000,A3,Tracy,6.622000000000298
11.852402873949353,3,100,9980,5,6000,core,Tracy_Olga,6.622000000000298
2.2873817680130886,3,100,1000,5,7000,A1,NTD,28.432999999999993
0.18534558228322057,3,100,1000,5,7000,A2,NTD,28.432999999999993
997.0001873993958,3,100,1000,5,7000,A3,NTD,28.432999999999993
13.796265852060262,3,100,1000,5,7000,core,NTD,28.432999999999993
2.9569322307409456,3,100,1000,5,7000,A1,Ours,0.6090000000003783
0.0171165668845601,3,100,1000,5,7000,A2,Ours,0.6090000000003783
0.07330496837345062,3,100,1000,5,7000,A3,Ours,0.6090000000003783
11.80781620622422,3,100,1000,5,7000,core,Ours,0.6090000000003783
2.9569322307409456,3,100,1000,5,7000,A1,HOSVD,0.44399999999996
0.0171165668845601,3,100,1000,5,7000,A2,HOSVD,0.44399999999996
0.07325375033480792,3,100,1000,5,7000,A3,HOSVD,0.44399999999996
11.80779616407059,3,100,1000,5,7000,core,HOSVD,0.44399999999996
2.9646972813894537,3,100,1000,5,7000,A1,HOOI,0.6559999999999491
0.016471052516483228,3,100,1000,5,7000,A2,HOOI,0.6559999999999491
0.07345676869157038,3,100,1000,5,7000,A3,HOOI,0.6559999999999491
11.807795110915388,3,100,1000,5,7000,core,HOOI,0.6559999999999491
1.8426026076390243,3,100,1000,5,7000,A1,Olga,0.41500000000041837
0.01073426150559989,3,100,1000,5,7000,A2,Olga,0.41500000000041837
1.345169881633312,3,100,1000,5,7000,A3,Tracy,0.41500000000041837
11.834246015307807,3,100,1000,5,7000,core,Tracy_Olga,0.41500000000041837
2.383672084679227,3,100,4999,5,7000,A1,NTD,154.09799999999996
0.6873982810099254,3,100,4999,5,7000,A2,NTD,154.09799999999996
4996.035469117611,3,100,4999,5,7000,A3,NTD,154.09799999999996
12.623527861812834,3,100,4999,5,7000,core,NTD,154.09799999999996
1.5469327178296812,3,100,4999,5,7000,A1,Ours,5.041999999999916
0.0051636083027295915,3,100,4999,5,7000,A2,Ours,5.041999999999916
2.458269533988572,3,100,4999,5,7000,A3,Ours,5.041999999999916
11.85124969253952,3,100,4999,5,7000,core,Ours,5.041999999999916
1.5469327178296812,3,100,4999,5,7000,A1,HOSVD,4.985999999999876
0.0051636083027295915,3,100,4999,5,7000,A2,HOSVD,4.985999999999876
2.4540331433035623,3,100,4999,5,7000,A3,HOSVD,4.985999999999876
11.85124969253952,3,100,4999,5,7000,core,HOSVD,4.985999999999876
1.5488491590655313,3,100,4999,5,7000,A1,HOOI,6.322999999999865
0.005425739135128549,3,100,4999,5,7000,A2,HOOI,6.322999999999865
2.456526575458971,3,100,4999,5,7000,A3,HOOI,6.322999999999865
11.85124969253952,3,100,4999,5,7000,core,HOOI,6.322999999999865
1.9684685950813587,3,100,4999,5,7000,A1,Olga,7.597999999999956
0.03738969319121706,3,100,4999,5,7000,A2,Olga,7.597999999999956
2.9324971939565843,3,100,4999,5,7000,A3,Tracy,7.597999999999956
11.85124969253952,3,100,4999,5,7000,core,Tracy_Olga,7.597999999999956
1.941077257981868,3,100,9979,5,7000,A1,NTD,334.21399999999994
0.2773013262813852,3,100,9979,5,7000,A2,NTD,334.21399999999994
9976.0640446282,3,100,9979,5,7000,A3,NTD,334.21399999999994
13.235289585557013,3,100,9979,5,7000,core,NTD,334.21399999999994
2.320117317726604,3,100,9979,5,7000,A1,Ours,13.915999999999713
0.0066656787708853265,3,100,9979,5,7000,A2,Ours,13.915999999999713
2.500184493933683,3,100,9979,5,7000,A3,Ours,13.915999999999713
11.852402873949353,3,100,9979,5,7000,core,Ours,13.915999999999713
2.320117317726604,3,100,9979,5,7000,A1,HOSVD,3.0470000000000255
0.0066656787708853265,3,100,9979,5,7000,A2,HOSVD,3.0470000000000255
2.484705473730338,3,100,9979,5,7000,A3,HOSVD,3.0470000000000255
11.852402873949353,3,100,9979,5,7000,core,HOSVD,3.0470000000000255
2.3141257983194685,3,100,9979,5,7000,A1,HOOI,11.291999999999916
0.006791609389621934,3,100,9979,5,7000,A2,HOOI,11.291999999999916
2.476177977494521,3,100,9979,5,7000,A3,HOOI,11.291999999999916
11.852402873949353,3,100,9979,5,7000,core,HOOI,11.291999999999916
1.8230558810437834,3,100,9979,5,7000,A1,Olga,6.469000000000506
0.1075776602053955,3,100,9979,5,7000,A2,Olga,6.469000000000506
2.881630674977971,3,100,9979,5,7000,A3,Tracy,6.469000000000506
11.852402873949353,3,100,9979,5,7000,core,Tracy_Olga,6.469000000000506
3.5642941081514707,3,100,1000,5,8000,A1,NTD,28.242999999999483
0.13669814079267342,3,100,1000,5,8000,A2,NTD,28.242999999999483
997.0010070228515,3,100,1000,5,8000,A3,NTD,28.242999999999483
13.752197560301193,3,100,1000,5,8000,core,NTD,28.242999999999483
1.9775310697992574,3,100,1000,5,8000,A1,Ours,0.45600000000013097
0.015096988921776668,3,100,1000,5,8000,A2,Ours,0.45600000000013097
0.06848346838198859,3,100,1000,5,8000,A3,Ours,0.45600000000013097
11.819525167522217,3,100,1000,5,8000,core,Ours,0.45600000000013097
1.9775310697992574,3,100,1000,5,8000,A1,HOSVD,0.3680000000003929
0.015096988921776668,3,100,1000,5,8000,A2,HOSVD,0.3680000000003929
0.06849673679888348,3,100,1000,5,8000,A3,HOSVD,0.3680000000003929
11.819487928593272,3,100,1000,5,8000,core,HOSVD,0.3680000000003929
1.9808081891533023,3,100,1000,5,8000,A1,HOOI,0.6729999999997744
0.01537172782783921,3,100,1000,5,8000,A2,HOOI,0.6729999999997744
0.0685012482749196,3,100,1000,5,8000,A3,HOOI,0.6729999999997744
11.81976624694138,3,100,1000,5,8000,core,HOOI,0.6729999999997744
1.7836944120243712,3,100,1000,5,8000,A1,Olga,0.4290000000000873
0.006766789463540942,3,100,1000,5,8000,A2,Olga,0.4290000000000873
1.342650738873938,3,100,1000,5,8000,A3,Tracy,0.4290000000000873
11.831468369287672,3,100,1000,5,8000,core,Tracy_Olga,0.4290000000000873
2.1612879544282917,3,100,4999,5,8000,A1,NTD,157.48300000000017
0.3404459710091103,3,100,4999,5,8000,A2,NTD,157.48300000000017
4996.02940451845,3,100,4999,5,8000,A3,NTD,157.48300000000017
12.3175181854372,3,100,4999,5,8000,core,NTD,157.48300000000017
2.04429250560667,3,100,4999,5,8000,A1,Ours,4.65099999999984
0.016752063826259704,3,100,4999,5,8000,A2,Ours,4.65099999999984
2.522786246931608,3,100,4999,5,8000,A3,Ours,4.65099999999984
11.522322945228197,3,100,4999,5,8000,core,Ours,4.65099999999984
2.04429250560667,3,100,4999,5,8000,A1,HOSVD,1.9569999999994252
0.016752063826259704,3,100,4999,5,8000,A2,HOSVD,1.9569999999994252
2.5197469667115997,3,100,4999,5,8000,A3,HOSVD,1.9569999999994252
11.52143092276542,3,100,4999,5,8000,core,HOSVD,1.9569999999994252
2.701553876528463,3,100,4999,5,8000,A1,HOOI,4.8270000000002256
0.01667773809538996,3,100,4999,5,8000,A2,HOOI,4.8270000000002256
2.5155613539493817,3,100,4999,5,8000,A3,HOOI,4.8270000000002256
11.524639141764403,3,100,4999,5,8000,core,HOOI,4.8270000000002256
1.791042790249155,3,100,4999,5,8000,A1,Olga,2.40099999999984
0.023245196729948917,3,100,4999,5,8000,A2,Olga,2.40099999999984
2.9616378663186556,3,100,4999,5,8000,A3,Tracy,2.40099999999984
11.814704730474013,3,100,4999,5,8000,core,Tracy_Olga,2.40099999999984
1.8943787162539762,3,100,9989,5,8000,A1,NTD,341.46000000000004
0.4460259684083112,3,100,9989,5,8000,A2,NTD,341.46000000000004
9986.143384898432,3,100,9989,5,8000,A3,NTD,341.46000000000004
9.89444926909951,3,100,9989,5,8000,core,NTD,341.46000000000004
1.5153389295104365,3,100,9989,5,8000,A1,Ours,14.878999999999905
0.011378538522055432,3,100,9989,5,8000,A2,Ours,14.878999999999905
2.5052290779145436,3,100,9989,5,8000,A3,Ours,14.878999999999905
11.852402873949353,3,100,9989,5,8000,core,Ours,14.878999999999905
1.5153389295104365,3,100,9989,5,8000,A1,HOSVD,3.736000000000786
0.011378538522055432,3,100,9989,5,8000,A2,HOSVD,3.736000000000786
2.492818104105438,3,100,9989,5,8000,A3,HOSVD,3.736000000000786
11.852402873949353,3,100,9989,5,8000,core,HOSVD,3.736000000000786
1.5161211026184445,3,100,9989,5,8000,A1,HOOI,11.094999999999345
0.011562206291470312,3,100,9989,5,8000,A2,HOOI,11.094999999999345
2.495242637843162,3,100,9989,5,8000,A3,HOOI,11.094999999999345
11.852402873949353,3,100,9989,5,8000,core,HOOI,11.094999999999345
1.6708286386064284,3,100,9989,5,8000,A1,Olga,6.846000000000458
0.09049137701940635,3,100,9989,5,8000,A2,Olga,6.846000000000458
2.911160406284539,3,100,9989,5,8000,A3,Tracy,6.846000000000458
11.852402873949353,3,100,9989,5,8000,core,Tracy_Olga,6.846000000000458
2.7318989863476557,3,100,1000,5,9000,A1,NTD,28.210000000000036
0.39980086267979603,3,100,1000,5,9000,A2,NTD,28.210000000000036
997.000028132722,3,100,1000,5,9000,A3,NTD,28.210000000000036
10.376323916792284,3,100,1000,5,9000,core,NTD,28.210000000000036
1.9757378848671336,3,100,1000,5,9000,A1,Ours,0.5940000000000509
0.009629357012124104,3,100,1000,5,9000,A2,Ours,0.5940000000000509
0.06519423795963092,3,100,1000,5,9000,A3,Ours,0.5940000000000509
11.821572691340915,3,100,1000,5,9000,core,Ours,0.5940000000000509
1.9757378848671336,3,100,1000,5,9000,A1,HOSVD,0.7110000000002401
0.009629357012124104,3,100,1000,5,9000,A2,HOSVD,0.7110000000002401
0.06519487023827612,3,100,1000,5,9000,A3,HOSVD,0.7110000000002401
11.821560772731871,3,100,1000,5,9000,core,HOSVD,0.7110000000002401
1.9698234369058825,3,100,1000,5,9000,A1,HOOI,0.660000000000764
0.009511034478988118,3,100,1000,5,9000,A2,HOOI,0.660000000000764
0.06518375086129695,3,100,1000,5,9000,A3,HOOI,0.660000000000764
11.821712610537881,3,100,1000,5,9000,core,HOOI,0.660000000000764
1.5083983488999095,3,100,1000,5,9000,A1,Olga,0.4039999999995416
0.0102061593531806,3,100,1000,5,9000,A2,Olga,0.4039999999995416
1.343150937222255,3,100,1000,5,9000,A3,Tracy,0.4039999999995416
11.83809992579673,3,100,1000,5,9000,core,Tracy_Olga,0.4039999999995416
2.7896194205444593,3,100,4998,5,9000,A1,NTD,152.0709999999999
0.21520682431974328,3,100,4998,5,9000,A2,NTD,152.0709999999999
4995.018178722932,3,100,4998,5,9000,A3,NTD,152.0709999999999
11.18875055844787,3,100,4998,5,9000,core,NTD,152.0709999999999
2.0965487151446145,3,100,4998,5,9000,A1,Ours,5.1340000000000146
0.005758287657009475,3,100,4998,5,9000,A2,Ours,5.1340000000000146
2.453708201733091,3,100,4998,5,9000,A3,Ours,5.1340000000000146
11.850605656065298,3,100,4998,5,9000,core,Ours,5.1340000000000146
2.0965487151446145,3,100,4998,5,9000,A1,HOSVD,1.7799999999997453
0.005758287657009475,3,100,4998,5,9000,A2,HOSVD,1.7799999999997453
2.4511884822669296,3,100,4998,5,9000,A3,HOSVD,1.7799999999997453
11.850605656065298,3,100,4998,5,9000,core,HOSVD,1.7799999999997453
2.08642660209894,3,100,4998,5,9000,A1,HOOI,4.680000000000291
0.005784426108086232,3,100,4998,5,9000,A2,HOOI,4.680000000000291
2.451115121127749,3,100,4998,5,9000,A3,HOOI,4.680000000000291
11.850605656065298,3,100,4998,5,9000,core,HOOI,4.680000000000291
1.7031811679637525,3,100,4998,5,9000,A1,Olga,2.4890000000004875
0.027157989126434003,3,100,4998,5,9000,A2,Olga,2.4890000000004875
2.901627690732274,3,100,4998,5,9000,A3,Tracy,2.4890000000004875
11.81469225794684,3,100,4998,5,9000,core,Tracy_Olga,2.4890000000004875
2.9310229669945715,3,100,9985,5,9000,A1,NTD,328.15200000000004
1.2634009883102706,3,100,9985,5,9000,A2,NTD,328.15200000000004
9982.065758671652,3,100,9985,5,9000,A3,NTD,328.15200000000004
10.546157084118983,3,100,9985,5,9000,core,NTD,328.15200000000004
1.8606133163056016,3,100,9985,5,9000,A1,Ours,14.018000000000029
0.0072866623678213,3,100,9985,5,9000,A2,Ours,14.018000000000029
2.5059651719324667,3,100,9985,5,9000,A3,Ours,14.018000000000029
11.852402873949353,3,100,9985,5,9000,core,Ours,14.018000000000029
1.8606133163056016,3,100,9985,5,9000,A1,HOSVD,3.3510000000005675
0.0072866623678213,3,100,9985,5,9000,A2,HOSVD,3.3510000000005675
2.4964909830382176,3,100,9985,5,9000,A3,HOSVD,3.3510000000005675
11.852402873949353,3,100,9985,5,9000,core,HOSVD,3.3510000000005675
1.8587811459787724,3,100,9985,5,9000,A1,HOOI,11.416000000000167
0.006721398601449822,3,100,9985,5,9000,A2,HOOI,11.416000000000167
2.4958743845232565,3,100,9985,5,9000,A3,HOOI,11.416000000000167
11.852402873949353,3,100,9985,5,9000,core,HOOI,11.416000000000167
1.6259271332359546,3,100,9985,5,9000,A1,Olga,6.332000000000335
0.07632616961041981,3,100,9985,5,9000,A2,Olga,6.332000000000335
2.890806473168339,3,100,9985,5,9000,A3,Tracy,6.332000000000335
11.852402873949353,3,100,9985,5,9000,core,Tracy_Olga,6.332000000000335
2.3340767633201835,3,100,1000,5,10000,A1,NTD,28.128999999999905
0.21724042921169792,3,100,1000,5,10000,A2,NTD,28.128999999999905
997.0000440514222,3,100,1000,5,10000,A3,NTD,28.128999999999905
13.37854609022262,3,100,1000,5,10000,core,NTD,28.128999999999905
1.9523538292349492,3,100,1000,5,10000,A1,Ours,0.46299999999973807
0.004974902956643242,3,100,1000,5,10000,A2,Ours,0.46299999999973807
0.12769721911055823,3,100,1000,5,10000,A3,Ours,0.46299999999973807
11.797361907505707,3,100,1000,5,10000,core,Ours,0.46299999999973807
1.9523538292349492,3,100,1000,5,10000,A1,HOSVD,0.4139999999997599
0.004974902956643242,3,100,1000,5,10000,A2,HOSVD,0.4139999999997599
0.1276859948851293,3,100,1000,5,10000,A3,HOSVD,0.4139999999997599
11.797283727639886,3,100,1000,5,10000,core,HOSVD,0.4139999999997599
1.9496105558937444,3,100,1000,5,10000,A1,HOOI,0.8019999999996799
0.004979273580729844,3,100,1000,5,10000,A2,HOOI,0.8019999999996799
0.12814628103674536,3,100,1000,5,10000,A3,HOOI,0.8019999999996799
11.795511421871076,3,100,1000,5,10000,core,HOOI,0.8019999999996799
1.8137972633313777,3,100,1000,5,10000,A1,Olga,0.7169999999996435
0.009587077952054332,3,100,1000,5,10000,A2,Olga,0.7169999999996435
1.3524040388595933,3,100,1000,5,10000,A3,Tracy,0.7169999999996435
11.81388998047162,3,100,1000,5,10000,core,Tracy_Olga,0.7169999999996435
2.0720631267027536,3,100,4999,5,10000,A1,NTD,158.72299999999996
0.14317592853270106,3,100,4999,5,10000,A2,NTD,158.72299999999996
4996.016913477787,3,100,4999,5,10000,A3,NTD,158.72299999999996
9.919574215905328,3,100,4999,5,10000,core,NTD,158.72299999999996
1.6314902774611588,3,100,4999,5,10000,A1,Ours,5.265999999999622
0.01215566899800539,3,100,4999,5,10000,A2,Ours,5.265999999999622
2.6478328051731737,3,100,4999,5,10000,A3,Ours,5.265999999999622
12.335355957194619,3,100,4999,5,10000,core,Ours,5.265999999999622
1.6314902774611588,3,100,4999,5,10000,A1,HOSVD,1.9340000000001965
0.01215566899800539,3,100,4999,5,10000,A2,HOSVD,1.9340000000001965
2.647028473386947,3,100,4999,5,10000,A3,HOSVD,1.9340000000001965
12.335497155473849,3,100,4999,5,10000,core,HOSVD,1.9340000000001965
1.6269160035911971,3,100,4999,5,10000,A1,HOOI,4.768000000000029
0.01176201399335888,3,100,4999,5,10000,A2,HOOI,4.768000000000029
2.65451812598919,3,100,4999,5,10000,A3,HOOI,4.768000000000029
12.369666832927368,3,100,4999,5,10000,core,HOOI,4.768000000000029
1.7280530806284338,3,100,4999,5,10000,A1,Olga,2.481999999999971
0.03628952881723015,3,100,4999,5,10000,A2,Olga,2.481999999999971
2.90415732401844,3,100,4999,5,10000,A3,Tracy,2.481999999999971
11.815576293167034,3,100,4999,5,10000,core,Tracy_Olga,2.481999999999971
2.2494962084917827,3,100,9991,5,10000,A1,NTD,324.1910000000007
1.3599039928331744,3,100,9991,5,10000,A2,NTD,324.1910000000007
9988.033704389101,3,100,9991,5,10000,A3,NTD,324.1910000000007
14.573191309313154,3,100,9991,5,10000,core,NTD,324.1910000000007
2.0865192232975804,3,100,9991,5,10000,A1,Ours,13.444999999999709
0.007501367363117838,3,100,9991,5,10000,A2,Ours,13.444999999999709
2.492161652186961,3,100,9991,5,10000,A3,Ours,13.444999999999709
11.82112048584449,3,100,9991,5,10000,core,Ours,13.444999999999709
2.0865192232975804,3,100,9991,5,10000,A1,HOSVD,3.2160000000003492
0.007501367363117838,3,100,9991,5,10000,A2,HOSVD,3.2160000000003492
2.4842161397426974,3,100,9991,5,10000,A3,HOSVD,3.2160000000003492
11.815141876175236,3,100,9991,5,10000,core,HOSVD,3.2160000000003492
2.0896058861991533,3,100,9991,5,10000,A1,HOOI,10.79700000000048
0.007581535947591594,3,100,9991,5,10000,A2,HOOI,10.79700000000048
2.4838888606052243,3,100,9991,5,10000,A3,HOOI,10.79700000000048
11.820042288810377,3,100,9991,5,10000,core,HOOI,10.79700000000048
2.0521074131556682,3,100,9991,5,10000,A1,Olga,5.561999999999898
0.07363670322671724,3,100,9991,5,10000,A2,Olga,5.561999999999898
2.9230281711129447,3,100,9991,5,10000,A3,Tracy,5.561999999999898
11.830861160906208,3,100,9991,5,10000,core,Tracy_Olga,5.561999999999898
