error,K,Q1,R,Q2,M,mode,method,time
80.1582966122613,3,100,989,5,100,A1,NTD,40.146
2.001152129765298,3,100,989,5,100,A2,NTD,40.146
986.2712315963081,3,100,989,5,100,A3,NTD,40.146
11.282733308381188,3,100,989,5,100,core,NTD,40.146
28.841070441377816,3,100,989,5,100,A1,Ours,6.868000000000002
0.13846878853764324,3,100,989,5,100,A2,Ours,6.868000000000002
3.2607927147029057,3,100,989,5,100,A3,Ours,6.868000000000002
12.167308102802437,3,100,989,5,100,core,Ours,6.868000000000002
28.841070441377816,3,100,989,5,100,A1,HOSVD,5.562000000000005
0.13846878853764324,3,100,989,5,100,A2,HOSVD,5.562000000000005
2.6757584670579817,3,100,989,5,100,A3,HOSVD,5.562000000000005
12.712118306320392,3,100,989,5,100,core,HOSVD,5.562000000000005
27.4714763171805,3,100,989,5,100,A1,HOOI,5.611000000000004
0.13896471921533535,3,100,989,5,100,A2,HOOI,5.611000000000004
2.70206122333475,3,100,989,5,100,A3,HOOI,5.611000000000004
12.730763915888305,3,100,989,5,100,core,HOOI,5.611000000000004
44.64108678159619,3,100,989,5,100,A1,Olga,4.140000000000001
0.6652003538242071,3,100,989,5,100,A2,Olga,4.140000000000001
2.8421682788783964,3,100,989,5,100,A3,Tracy,4.140000000000001
12.541288279143618,3,100,989,5,100,core,Tracy_Olga,4.140000000000001
95.94072109741099,3,100,4493,5,100,A1,NTD,166.39999999999998
2.6140424464163607,3,100,4493,5,100,A2,NTD,166.39999999999998
4490.500186049555,3,100,4493,5,100,A3,NTD,166.39999999999998
9.915569470379191,3,100,4493,5,100,core,NTD,166.39999999999998
24.363428514042933,3,100,4493,5,100,A1,Ours,13.259999999999991
0.27759894973444604,3,100,4493,5,100,A2,Ours,13.259999999999991
5.43087761734555,3,100,4493,5,100,A3,Ours,13.259999999999991
10.721767753940448,3,100,4493,5,100,core,Ours,13.259999999999991
24.363428514042933,3,100,4493,5,100,A1,HOSVD,18.420999999999964
0.27759894973444604,3,100,4493,5,100,A2,HOSVD,18.420999999999964
3.894659781841562,3,100,4493,5,100,A3,HOSVD,18.420999999999964
11.479169757574343,3,100,4493,5,100,core,HOSVD,18.420999999999964
22.494343276290127,3,100,4493,5,100,A1,HOOI,20.204000000000008
0.2564503954986591,3,100,4493,5,100,A2,HOOI,20.204000000000008
3.688033444315316,3,100,4493,5,100,A3,HOOI,20.204000000000008
10.498094031705541,3,100,4493,5,100,core,HOOI,20.204000000000008
79.01440998752635,3,100,4493,5,100,A1,Olga,7.139999999999986
0.9777720625147123,3,100,4493,5,100,A2,Olga,7.139999999999986
3.060655083100623,3,100,4493,5,100,A3,Tracy,7.139999999999986
10.959437555605918,3,100,4493,5,100,core,Tracy_Olga,7.139999999999986
122.97105508375532,3,100,8142,5,100,A1,NTD,276.03299999999996
4.613097828207261,3,100,8142,5,100,A2,NTD,276.03299999999996
8139.581345701911,3,100,8142,5,100,A3,NTD,276.03299999999996
9.101087997313332,3,100,8142,5,100,core,NTD,276.03299999999996
25.51290421684515,3,100,8142,5,100,A1,Ours,25.0150000000001
0.32598512022485937,3,100,8142,5,100,A2,Ours,25.0150000000001
5.138003070574734,3,100,8142,5,100,A3,Ours,25.0150000000001
10.40966958508258,3,100,8142,5,100,core,Ours,25.0150000000001
25.51290421684515,3,100,8142,5,100,A1,HOSVD,22.485000000000014
0.32598512022485937,3,100,8142,5,100,A2,HOSVD,22.485000000000014
3.3815522956070527,3,100,8142,5,100,A3,HOSVD,22.485000000000014
7.201847669332914,3,100,8142,5,100,core,HOSVD,22.485000000000014
25.669207311030462,3,100,8142,5,100,A1,HOOI,17.16999999999996
0.11549127919034131,3,100,8142,5,100,A2,HOOI,17.16999999999996
3.865760852435912,3,100,8142,5,100,A3,HOOI,17.16999999999996
9.998236818125116,3,100,8142,5,100,core,HOOI,17.16999999999996
74.5707921369296,3,100,8142,5,100,A1,Olga,12.850000000000023
2.6588516499572385,3,100,8142,5,100,A2,Olga,12.850000000000023
4.61704033202735,3,100,8142,5,100,A3,Tracy,12.850000000000023
12.24258505356558,3,100,8142,5,100,core,Tracy_Olga,12.850000000000023
15.512446710217423,3,100,997,5,500,A1,NTD,30.038999999999987
2.888115137962411,3,100,997,5,500,A2,NTD,30.038999999999987
994.0275176077721,3,100,997,5,500,A3,NTD,30.038999999999987
11.374221513840537,3,100,997,5,500,core,NTD,30.038999999999987
12.034653716960142,3,100,997,5,500,A1,Ours,1.4519999999999982
0.11181612301754432,3,100,997,5,500,A2,Ours,1.4519999999999982
2.6969724952760283,3,100,997,5,500,A3,Ours,1.4519999999999982
12.184216133991963,3,100,997,5,500,core,Ours,1.4519999999999982
12.034653716960142,3,100,997,5,500,A1,HOSVD,2.1860000000000355
0.11181612301754432,3,100,997,5,500,A2,HOSVD,2.1860000000000355
2.675189770564673,3,100,997,5,500,A3,HOSVD,2.1860000000000355
12.078008942710971,3,100,997,5,500,core,HOSVD,2.1860000000000355
12.006273984369752,3,100,997,5,500,A1,HOOI,1.907000000000039
0.08414170410734974,3,100,997,5,500,A2,HOOI,1.907000000000039
2.663385897279092,3,100,997,5,500,A3,HOOI,1.907000000000039
12.167646467879498,3,100,997,5,500,core,HOOI,1.907000000000039
9.6876477600001,3,100,997,5,500,A1,Olga,1.836999999999989
0.23878105466765623,3,100,997,5,500,A2,Olga,1.836999999999989
2.9134162464701223,3,100,997,5,500,A3,Tracy,1.836999999999989
12.288439647981463,3,100,997,5,500,core,Tracy_Olga,1.836999999999989
33.90771956013872,3,100,4897,5,500,A1,NTD,173.21400000000006
2.6140703910821035,3,100,4897,5,500,A2,NTD,173.21400000000006
4894.363445116581,3,100,4897,5,500,A3,NTD,173.21400000000006
11.270915665373252,3,100,4897,5,500,core,NTD,173.21400000000006
12.320570270388945,3,100,4897,5,500,A1,Ours,12.100000000000023
0.03289703792368501,3,100,4897,5,500,A2,Ours,12.100000000000023
3.1563571263445134,3,100,4897,5,500,A3,Ours,12.100000000000023
11.6174950013171,3,100,4897,5,500,core,Ours,12.100000000000023
12.320570270388945,3,100,4897,5,500,A1,HOSVD,5.2140000000000555
0.03289703792368501,3,100,4897,5,500,A2,HOSVD,5.2140000000000555
2.6366620120313633,3,100,4897,5,500,A3,HOSVD,5.2140000000000555
12.963407819450296,3,100,4897,5,500,core,HOSVD,5.2140000000000555
12.028507211277601,3,100,4897,5,500,A1,HOOI,6.144999999999982
0.024641958842174874,3,100,4897,5,500,A2,HOOI,6.144999999999982
2.64786586915803,3,100,4897,5,500,A3,HOOI,6.144999999999982
13.106623760704204,3,100,4897,5,500,core,HOOI,6.144999999999982
18.908377732207914,3,100,4897,5,500,A1,Olga,4.483000000000061
0.4860526764558858,3,100,4897,5,500,A2,Olga,4.483000000000061
2.879737717150175,3,100,4897,5,500,A3,Tracy,4.483000000000061
12.735822147792003,3,100,4897,5,500,core,Tracy_Olga,4.483000000000061
78.2116045851308,3,100,9615,5,500,A1,NTD,318.1550000000001
3.3869206385081294,3,100,9615,5,500,A2,NTD,318.1550000000001
9612.289518972248,3,100,9615,5,500,A3,NTD,318.1550000000001
10.232475710603644,3,100,9615,5,500,core,NTD,318.1550000000001
11.54406273125602,3,100,9615,5,500,A1,Ours,17.835000000000036
0.0210446256534226,3,100,9615,5,500,A2,Ours,17.835000000000036
4.258418116688307,3,100,9615,5,500,A3,Ours,17.835000000000036
9.04916759528127,3,100,9615,5,500,core,Ours,17.835000000000036
11.54406273125602,3,100,9615,5,500,A1,HOSVD,8.924999999999955
0.0210446256534226,3,100,9615,5,500,A2,HOSVD,8.924999999999955
4.423359368224478,3,100,9615,5,500,A3,HOSVD,8.924999999999955
10.03687446905117,3,100,9615,5,500,core,HOSVD,8.924999999999955
11.325005399363434,3,100,9615,5,500,A1,HOOI,21.163999999999987
0.02556280554007635,3,100,9615,5,500,A2,HOOI,21.163999999999987
2.688707892588069,3,100,9615,5,500,A3,HOOI,21.163999999999987
12.240992544742115,3,100,9615,5,500,core,HOOI,21.163999999999987
27.88184790093625,3,100,9615,5,500,A1,Olga,10.019000000000005
0.6681848593036896,3,100,9615,5,500,A2,Olga,10.019000000000005
2.943521195108501,3,100,9615,5,500,A3,Tracy,10.019000000000005
12.367338160800044,3,100,9615,5,500,core,Tracy_Olga,10.019000000000005
4.234314780756148,3,100,999,5,1000,A1,NTD,29.912000000000035
4.608477307322086,3,100,999,5,1000,A2,NTD,29.912000000000035
996.0219325475906,3,100,999,5,1000,A3,NTD,29.912000000000035
9.450442320782958,3,100,999,5,1000,core,NTD,29.912000000000035
9.09608475531658,3,100,999,5,1000,A1,Ours,2.6310000000000855
0.05154419523369342,3,100,999,5,1000,A2,Ours,2.6310000000000855
2.589886887886766,3,100,999,5,1000,A3,Ours,2.6310000000000855
12.573928043276412,3,100,999,5,1000,core,Ours,2.6310000000000855
9.09608475531658,3,100,999,5,1000,A1,HOSVD,3.6139999999998054
0.05154419523369342,3,100,999,5,1000,A2,HOSVD,3.6139999999998054
2.5813418595410553,3,100,999,5,1000,A3,HOSVD,3.6139999999998054
12.491986231250346,3,100,999,5,1000,core,HOSVD,3.6139999999998054
9.28559314495413,3,100,999,5,1000,A1,HOOI,3.8449999999998
0.04803258607292068,3,100,999,5,1000,A2,HOOI,3.8449999999998
2.6028836507675557,3,100,999,5,1000,A3,HOOI,3.8449999999998
12.579110376720582,3,100,999,5,1000,core,HOOI,3.8449999999998
6.048178339197224,3,100,999,5,1000,A1,Olga,3.433999999999969
0.11286467971922795,3,100,999,5,1000,A2,Olga,3.433999999999969
2.9009285013437047,3,100,999,5,1000,A3,Tracy,3.433999999999969
13.892595533432775,3,100,999,5,1000,core,Tracy_Olga,3.433999999999969
84.683155420348,3,100,4953,5,1000,A1,NTD,158.43999999999983
3.3869275568045616,3,100,4953,5,1000,A2,NTD,158.43999999999983
4950.123690240394,3,100,4953,5,1000,A3,NTD,158.43999999999983
10.24732935530378,3,100,4953,5,1000,core,NTD,158.43999999999983
8.11435451752524,3,100,4953,5,1000,A1,Ours,5.502999999999929
0.0314354440499797,3,100,4953,5,1000,A2,Ours,5.502999999999929
2.9354936852235536,3,100,4953,5,1000,A3,Ours,5.502999999999929
10.776589142430346,3,100,4953,5,1000,core,Ours,5.502999999999929
8.11435451752524,3,100,4953,5,1000,A1,HOSVD,2.020999999999958
0.0314354440499797,3,100,4953,5,1000,A2,HOSVD,2.020999999999958
2.6180264863517753,3,100,4953,5,1000,A3,HOSVD,2.020999999999958
12.890250543030696,3,100,4953,5,1000,core,HOSVD,2.020999999999958
8.145522242300888,3,100,4953,5,1000,A1,HOOI,5.7590000000000146
0.020647692741643634,3,100,4953,5,1000,A2,HOOI,5.7590000000000146
2.6183872816890035,3,100,4953,5,1000,A3,HOOI,5.7590000000000146
12.884740954113294,3,100,4953,5,1000,core,HOOI,5.7590000000000146
9.840791363947165,3,100,4953,5,1000,A1,Olga,2.7339999999999236
0.39531761976592644,3,100,4953,5,1000,A2,Olga,2.7339999999999236
2.858085087371994,3,100,4953,5,1000,A3,Tracy,2.7339999999999236
12.939452228575089,3,100,4953,5,1000,core,Tracy_Olga,2.7339999999999236
42.31232813283531,3,100,9801,5,1000,A1,NTD,328.6700000000001
3.3869145577760267,3,100,9801,5,1000,A2,NTD,328.6700000000001
9798.175629103709,3,100,9801,5,1000,A3,NTD,328.6700000000001
10.000935067909612,3,100,9801,5,1000,core,NTD,328.6700000000001
7.772105841490889,3,100,9801,5,1000,A1,Ours,26.076999999999998
0.07166552854000664,3,100,9801,5,1000,A2,Ours,26.076999999999998
3.9544423237755204,3,100,9801,5,1000,A3,Ours,26.076999999999998
9.714473133189012,3,100,9801,5,1000,core,Ours,26.076999999999998
7.772105841490889,3,100,9801,5,1000,A1,HOSVD,11.747000000000071
0.07166552854000664,3,100,9801,5,1000,A2,HOSVD,11.747000000000071
2.6677932623372542,3,100,9801,5,1000,A3,HOSVD,11.747000000000071
13.024785213593281,3,100,9801,5,1000,core,HOSVD,11.747000000000071
7.814919410607466,3,100,9801,5,1000,A1,HOOI,32.04500000000007
0.08052761983101116,3,100,9801,5,1000,A2,HOOI,32.04500000000007
2.673617838501398,3,100,9801,5,1000,A3,HOOI,32.04500000000007
13.079590840635463,3,100,9801,5,1000,core,HOOI,32.04500000000007
15.240437576226938,3,100,9801,5,1000,A1,Olga,17.840000000000146
0.43412146897861814,3,100,9801,5,1000,A2,Olga,17.840000000000146
2.8896437520395866,3,100,9801,5,1000,A3,Tracy,17.840000000000146
13.139431873326549,3,100,9801,5,1000,core,Tracy_Olga,17.840000000000146
9.879871846613861,3,100,1000,5,2500,A1,NTD,29.279999999999973
3.3649743599228734,3,100,1000,5,2500,A2,NTD,29.279999999999973
997.0011819545127,3,100,1000,5,2500,A3,NTD,29.279999999999973
9.449332840741809,3,100,1000,5,2500,core,NTD,29.279999999999973
5.978952367392206,3,100,1000,5,2500,A1,Ours,6.225000000000136
0.04029763192694233,3,100,1000,5,2500,A2,Ours,6.225000000000136
0.6879779602289877,3,100,1000,5,2500,A3,Ours,6.225000000000136
12.407376253277612,3,100,1000,5,2500,core,Ours,6.225000000000136
5.978952367392206,3,100,1000,5,2500,A1,HOSVD,9.102999999999838
0.04029763192694233,3,100,1000,5,2500,A2,HOSVD,9.102999999999838
0.6862592649505967,3,100,1000,5,2500,A3,HOSVD,9.102999999999838
12.398372696396045,3,100,1000,5,2500,core,HOSVD,9.102999999999838
6.016612105170914,3,100,1000,5,2500,A1,HOOI,4.551999999999907
0.032965227808247115,3,100,1000,5,2500,A2,HOOI,4.551999999999907
0.6806463474337511,3,100,1000,5,2500,A3,HOOI,4.551999999999907
12.391241158974267,3,100,1000,5,2500,core,HOOI,4.551999999999907
4.399042890931463,3,100,1000,5,2500,A1,Olga,4.703999999999951
0.08596103561011924,3,100,1000,5,2500,A2,Olga,4.703999999999951
1.5170139216509486,3,100,1000,5,2500,A3,Tracy,4.703999999999951
13.857372548646625,3,100,1000,5,2500,core,Tracy_Olga,4.703999999999951
39.01295794753765,3,100,4978,5,2500,A1,NTD,162.71499999999992
4.854973343231476,3,100,4978,5,2500,A2,NTD,162.71499999999992
4975.073443928652,3,100,4978,5,2500,A3,NTD,162.71499999999992
9.661643727068233,3,100,4978,5,2500,core,NTD,162.71499999999992
6.183948399203073,3,100,4978,5,2500,A1,Ours,5.6720000000000255
0.03605214407231352,3,100,4978,5,2500,A2,Ours,5.6720000000000255
2.5993659225014603,3,100,4978,5,2500,A3,Ours,5.6720000000000255
12.770557631936814,3,100,4978,5,2500,core,Ours,5.6720000000000255
6.183948399203073,3,100,4978,5,2500,A1,HOSVD,2.143999999999778
0.03605214407231352,3,100,4978,5,2500,A2,HOSVD,2.143999999999778
2.5590188640455165,3,100,4978,5,2500,A3,HOSVD,2.143999999999778
12.737743764437479,3,100,4978,5,2500,core,HOSVD,2.143999999999778
6.068546091933605,3,100,4978,5,2500,A1,HOOI,5.0909999999998945
0.03707860163261948,3,100,4978,5,2500,A2,HOOI,5.0909999999998945
2.551729881988351,3,100,4978,5,2500,A3,HOOI,5.0909999999998945
12.772406163388666,3,100,4978,5,2500,core,HOOI,5.0909999999998945
6.328545603731801,3,100,4978,5,2500,A1,Olga,4.44399999999996
0.20146638201308792,3,100,4978,5,2500,A2,Olga,4.44399999999996
2.845665226202401,3,100,4978,5,2500,A3,Tracy,4.44399999999996
12.756183472651651,3,100,4978,5,2500,core,Tracy_Olga,4.44399999999996
20.616943153403945,3,100,9926,5,2500,A1,NTD,351.1690000000003
4.614066233682067,3,100,9926,5,2500,A2,NTD,351.1690000000003
9923.095738641308,3,100,9926,5,2500,A3,NTD,351.1690000000003
11.746374850059224,3,100,9926,5,2500,core,NTD,351.1690000000003
8.07378220772829,3,100,9926,5,2500,A1,Ours,19.864000000000033
0.015216100715486163,3,100,9926,5,2500,A2,Ours,19.864000000000033
2.924476797978498,3,100,9926,5,2500,A3,Ours,19.864000000000033
10.743203785609092,3,100,9926,5,2500,core,Ours,19.864000000000033
8.07378220772829,3,100,9926,5,2500,A1,HOSVD,5.02599999999984
0.015216100715486163,3,100,9926,5,2500,A2,HOSVD,5.02599999999984
2.627681867495016,3,100,9926,5,2500,A3,HOSVD,5.02599999999984
12.90382912768028,3,100,9926,5,2500,core,HOSVD,5.02599999999984
8.082400432863095,3,100,9926,5,2500,A1,HOOI,14.36200000000008
0.015199015986033544,3,100,9926,5,2500,A2,HOOI,14.36200000000008
2.6292187958404876,3,100,9926,5,2500,A3,HOOI,14.36200000000008
12.911736496157374,3,100,9926,5,2500,core,HOOI,14.36200000000008
6.564795065166811,3,100,9926,5,2500,A1,Olga,7.480999999999767
0.2879514201570242,3,100,9926,5,2500,A2,Olga,7.480999999999767
2.865343371401076,3,100,9926,5,2500,A3,Tracy,7.480999999999767
12.902503691149432,3,100,9926,5,2500,core,Tracy_Olga,7.480999999999767
8.244626638623162,3,100,1000,5,5000,A1,NTD,29.77099999999973
1.843209240502578,3,100,1000,5,5000,A2,NTD,29.77099999999973
997.000904327929,3,100,1000,5,5000,A3,NTD,29.77099999999973
12.462052359646282,3,100,1000,5,5000,core,NTD,29.77099999999973
3.984402624720799,3,100,1000,5,5000,A1,Ours,1.518000000000029
0.012373871245172429,3,100,1000,5,5000,A2,Ours,1.518000000000029
0.3774108848624537,3,100,1000,5,5000,A3,Ours,1.518000000000029
11.94360753323949,3,100,1000,5,5000,core,Ours,1.518000000000029
3.984402624720799,3,100,1000,5,5000,A1,HOSVD,3.2479999999995925
0.012373871245172429,3,100,1000,5,5000,A2,HOSVD,3.2479999999995925
0.37767610780971317,3,100,1000,5,5000,A3,HOSVD,3.2479999999995925
11.943185091848088,3,100,1000,5,5000,core,HOSVD,3.2479999999995925
3.9573183611280585,3,100,1000,5,5000,A1,HOOI,1.8159999999998035
0.01576522175871723,3,100,1000,5,5000,A2,HOOI,1.8159999999998035
0.360956842136442,3,100,1000,5,5000,A3,HOOI,1.8159999999998035
11.940564041949042,3,100,1000,5,5000,core,HOOI,1.8159999999998035
3.232028482570597,3,100,1000,5,5000,A1,Olga,1.3550000000000182
0.04881744535824221,3,100,1000,5,5000,A2,Olga,1.3550000000000182
1.4814323414651098,3,100,1000,5,5000,A3,Tracy,1.3550000000000182
13.43010754704287,3,100,1000,5,5000,core,Tracy_Olga,1.3550000000000182
4.6351015615950475,3,100,4996,5,5000,A1,NTD,166.01899999999978
4.419082183758916,3,100,4996,5,5000,A2,NTD,166.01899999999978
4993.088068604427,3,100,4996,5,5000,A3,NTD,166.01899999999978
9.393935658929722,3,100,4996,5,5000,core,NTD,166.01899999999978
4.253610974103652,3,100,4996,5,5000,A1,Ours,6.0210000000001855
0.009834498129164922,3,100,4996,5,5000,A2,Ours,6.0210000000001855
2.58057499772879,3,100,4996,5,5000,A3,Ours,6.0210000000001855
12.923286911091992,3,100,4996,5,5000,core,Ours,6.0210000000001855
4.253610974103652,3,100,4996,5,5000,A1,HOSVD,2.287000000000262
0.009834498129164922,3,100,4996,5,5000,A2,HOSVD,2.287000000000262
2.5721285355326,3,100,4996,5,5000,A3,HOSVD,2.287000000000262
12.91378499436397,3,100,4996,5,5000,core,HOSVD,2.287000000000262
4.245508907776674,3,100,4996,5,5000,A1,HOOI,5.025000000000091
0.007594541381961469,3,100,4996,5,5000,A2,HOOI,5.025000000000091
2.5716303778039786,3,100,4996,5,5000,A3,HOOI,5.025000000000091
12.90265845481846,3,100,4996,5,5000,core,HOOI,5.025000000000091
2.8950585516662097,3,100,4996,5,5000,A1,Olga,2.8270000000002256
0.08777265222777121,3,100,4996,5,5000,A2,Olga,2.8270000000002256
2.814830408826076,3,100,4996,5,5000,A3,Tracy,2.8270000000002256
12.932619098180107,3,100,4996,5,5000,core,Tracy_Olga,2.8270000000002256
4.231514843500652,3,100,9961,5,5000,A1,NTD,338.3960000000002
1.4396029477432264,3,100,9961,5,5000,A2,NTD,338.3960000000002
9958.041688834363,3,100,9961,5,5000,A3,NTD,338.3960000000002
11.83502531388287,3,100,9961,5,5000,core,NTD,338.3960000000002
5.312360570298514,3,100,9961,5,5000,A1,Ours,19.44300000000021
0.039125465204641316,3,100,9961,5,5000,A2,Ours,19.44300000000021
2.6565144838940267,3,100,9961,5,5000,A3,Ours,19.44300000000021
12.810982546761053,3,100,9961,5,5000,core,Ours,19.44300000000021
5.312360570298514,3,100,9961,5,5000,A1,HOSVD,3.524999999999636
0.039125465204641316,3,100,9961,5,5000,A2,HOSVD,3.524999999999636
2.6232843639293066,3,100,9961,5,5000,A3,HOSVD,3.524999999999636
12.73901774314523,3,100,9961,5,5000,core,HOSVD,3.524999999999636
5.299372682070654,3,100,9961,5,5000,A1,HOOI,14.158000000000357
0.03318741630304884,3,100,9961,5,5000,A2,HOOI,14.158000000000357
2.6243153214998376,3,100,9961,5,5000,A3,HOOI,14.158000000000357
12.742315741311357,3,100,9961,5,5000,core,HOOI,14.158000000000357
4.851604017622442,3,100,9961,5,5000,A1,Olga,7.105000000000018
0.196976645349187,3,100,9961,5,5000,A2,Olga,7.105000000000018
2.853073090399599,3,100,9961,5,5000,A3,Tracy,7.105000000000018
12.816604673374243,3,100,9961,5,5000,core,Tracy_Olga,7.105000000000018
5.0114026176240305,3,100,1000,5,6000,A1,NTD,29.217000000000098
0.49658591227518656,3,100,1000,5,6000,A2,NTD,29.217000000000098
997.0001911023509,3,100,1000,5,6000,A3,NTD,29.217000000000098
10.15313590793777,3,100,1000,5,6000,core,NTD,29.217000000000098
3.4169818850779587,3,100,1000,5,6000,A1,Ours,0.5180000000000291
0.013326466624954927,3,100,1000,5,6000,A2,Ours,0.5180000000000291
0.1823254967337432,3,100,1000,5,6000,A3,Ours,0.5180000000000291
11.518360601150128,3,100,1000,5,6000,core,Ours,0.5180000000000291
3.4169818850779587,3,100,1000,5,6000,A1,HOSVD,0.43800000000010186
0.013326466624954927,3,100,1000,5,6000,A2,HOSVD,0.43800000000010186
0.1818492552012815,3,100,1000,5,6000,A3,HOSVD,0.43800000000010186
11.517099796939647,3,100,1000,5,6000,core,HOSVD,0.43800000000010186
3.416921045896227,3,100,1000,5,6000,A1,HOOI,0.8330000000000837
0.011459810678297275,3,100,1000,5,6000,A2,HOOI,0.8330000000000837
0.1881708563662017,3,100,1000,5,6000,A3,HOOI,0.8330000000000837
11.527280171446073,3,100,1000,5,6000,core,HOOI,0.8330000000000837
3.8370539855295167,3,100,1000,5,6000,A1,Olga,0.4459999999999127
0.0563376663696134,3,100,1000,5,6000,A2,Olga,0.4459999999999127
1.3955577432612254,3,100,1000,5,6000,A3,Tracy,0.4459999999999127
11.622602012535573,3,100,1000,5,6000,core,Tracy_Olga,0.4459999999999127
5.414017083783383,3,100,4996,5,6000,A1,NTD,163.0050000000001
4.487415932332678,3,100,4996,5,6000,A2,NTD,163.0050000000001
4993.023625905603,3,100,4996,5,6000,A3,NTD,163.0050000000001
10.311399502421951,3,100,4996,5,6000,core,NTD,163.0050000000001
3.4913238151378945,3,100,4996,5,6000,A1,Ours,5.541000000000167
0.042700573585122976,3,100,4996,5,6000,A2,Ours,5.541000000000167
2.5743514361098856,3,100,4996,5,6000,A3,Ours,5.541000000000167
12.91749788595276,3,100,4996,5,6000,core,Ours,5.541000000000167
3.4913238151378945,3,100,4996,5,6000,A1,HOSVD,2.0329999999999018
0.042700573585122976,3,100,4996,5,6000,A2,HOSVD,2.0329999999999018
2.5680326032277208,3,100,4996,5,6000,A3,HOSVD,2.0329999999999018
12.910054366594892,3,100,4996,5,6000,core,HOSVD,2.0329999999999018
3.4900487597598775,3,100,4996,5,6000,A1,HOOI,4.741999999999734
0.02351591862314368,3,100,4996,5,6000,A2,HOOI,4.741999999999734
2.5678625945633486,3,100,4996,5,6000,A3,HOOI,4.741999999999734
12.913045330692299,3,100,4996,5,6000,core,HOOI,4.741999999999734
2.655193946861673,3,100,4996,5,6000,A1,Olga,2.7829999999999018
0.12435660518948283,3,100,4996,5,6000,A2,Olga,2.7829999999999018
2.829065533483664,3,100,4996,5,6000,A3,Tracy,2.7829999999999018
12.882057261557964,3,100,4996,5,6000,core,Tracy_Olga,2.7829999999999018
9.460693420864425,3,100,9969,5,6000,A1,NTD,344.50700000000006
0.034035115793187604,3,100,9969,5,6000,A2,NTD,344.50700000000006
9966.101719050566,3,100,9969,5,6000,A3,NTD,344.50700000000006
9.172949419916398,3,100,9969,5,6000,core,NTD,344.50700000000006
3.7722492339328086,3,100,9969,5,6000,A1,Ours,26.114000000000033
0.012709857573955879,3,100,9969,5,6000,A2,Ours,26.114000000000033
2.6274635499385677,3,100,9969,5,6000,A3,Ours,26.114000000000033
12.774254457596362,3,100,9969,5,6000,core,Ours,26.114000000000033
3.7722492339328086,3,100,9969,5,6000,A1,HOSVD,18.685999999999694
0.012709857573955879,3,100,9969,5,6000,A2,HOSVD,18.685999999999694
2.6039846850114294,3,100,9969,5,6000,A3,HOSVD,18.685999999999694
12.72664662130976,3,100,9969,5,6000,core,HOSVD,18.685999999999694
3.777025569876649,3,100,9969,5,6000,A1,HOOI,33.37300000000005
0.008700059242098396,3,100,9969,5,6000,A2,HOOI,33.37300000000005
2.6058679936479203,3,100,9969,5,6000,A3,HOOI,33.37300000000005
12.749461998959395,3,100,9969,5,6000,core,HOOI,33.37300000000005
2.895802938695865,3,100,9969,5,6000,A1,Olga,22.639000000000124
0.20990522808974718,3,100,9969,5,6000,A2,Olga,22.639000000000124
2.8505516942122187,3,100,9969,5,6000,A3,Tracy,22.639000000000124
12.868099179274457,3,100,9969,5,6000,core,Tracy_Olga,22.639000000000124
6.2905582973109455,3,100,1000,5,7000,A1,NTD,29.182999999999993
1.504779458417612,3,100,1000,5,7000,A2,NTD,29.182999999999993
997.0000798452046,3,100,1000,5,7000,A3,NTD,29.182999999999993
11.624210301425025,3,100,1000,5,7000,core,NTD,29.182999999999993
3.2801640086573762,3,100,1000,5,7000,A1,Ours,6.898000000000138
0.0341620921999942,3,100,1000,5,7000,A2,Ours,6.898000000000138
0.6176146734969067,3,100,1000,5,7000,A3,Ours,6.898000000000138
11.525200474531738,3,100,1000,5,7000,core,Ours,6.898000000000138
3.2801640086573762,3,100,1000,5,7000,A1,HOSVD,6.275000000000091
0.0341620921999942,3,100,1000,5,7000,A2,HOSVD,6.275000000000091
0.6175139639703322,3,100,1000,5,7000,A3,HOSVD,6.275000000000091
11.524859600307733,3,100,1000,5,7000,core,HOSVD,6.275000000000091
3.299407620962678,3,100,1000,5,7000,A1,HOOI,6.350000000000364
0.03238415814978517,3,100,1000,5,7000,A2,HOOI,6.350000000000364
0.7341129336700578,3,100,1000,5,7000,A3,HOOI,6.350000000000364
11.509719438695726,3,100,1000,5,7000,core,HOOI,6.350000000000364
2.1940886280983727,3,100,1000,5,7000,A1,Olga,5.2150000000001455
0.0282206649242539,3,100,1000,5,7000,A2,Olga,5.2150000000001455
1.6619363719333753,3,100,1000,5,7000,A3,Tracy,5.2150000000001455
12.992795175228759,3,100,1000,5,7000,core,Tracy_Olga,5.2150000000001455
5.096023029041985,3,100,4995,5,7000,A1,NTD,157.63200000000006
0.09495277066938025,3,100,4995,5,7000,A2,NTD,157.63200000000006
4992.032909832146,3,100,4995,5,7000,A3,NTD,157.63200000000006
12.212504694938398,3,100,4995,5,7000,core,NTD,157.63200000000006
3.3573973105633375,3,100,4995,5,7000,A1,Ours,5.889000000000124
0.03372549977342398,3,100,4995,5,7000,A2,Ours,5.889000000000124
2.579130596556818,3,100,4995,5,7000,A3,Ours,5.889000000000124
12.87303614111696,3,100,4995,5,7000,core,Ours,5.889000000000124
3.3573973105633375,3,100,4995,5,7000,A1,HOSVD,2.4279999999998836
0.03372549977342398,3,100,4995,5,7000,A2,HOSVD,2.4279999999998836
2.5748376403274085,3,100,4995,5,7000,A3,HOSVD,2.4279999999998836
12.868561878952754,3,100,4995,5,7000,core,HOSVD,2.4279999999998836
3.361064178740195,3,100,4995,5,7000,A1,HOOI,5.987999999999829
0.040790923960572684,3,100,4995,5,7000,A2,HOOI,5.987999999999829
2.576548952153802,3,100,4995,5,7000,A3,HOOI,5.987999999999829
12.872584275408482,3,100,4995,5,7000,core,HOOI,5.987999999999829
2.3880743361504377,3,100,4995,5,7000,A1,Olga,3.423000000000229
0.09859431885213615,3,100,4995,5,7000,A2,Olga,3.423000000000229
2.813200914838871,3,100,4995,5,7000,A3,Tracy,3.423000000000229
12.919014956141902,3,100,4995,5,7000,core,Tracy_Olga,3.423000000000229
