error,K,Q1,R,Q2,M,mode,method,time
18.12690182905997,3,100,100,5,100,A1,NTD,4.252999999999999
0.49106451724034766,3,100,100,5,100,A2,NTD,4.252999999999999
97.00204498934684,3,100,100,5,100,A3,NTD,4.252999999999999
9.582055795997933,3,100,100,5,100,core,NTD,4.252999999999999
22.497649348251443,3,100,100,5,100,A1,Ours,3.542
0.24674599667863825,3,100,100,5,100,A2,Ours,3.542
0.5644027040176439,3,100,100,5,100,A3,Ours,3.542
9.820036537069731,3,100,100,5,100,core,Ours,3.542
22.497649348251443,3,100,100,5,100,A1,HOSVD,2.5119999999999987
0.24674599667863825,3,100,100,5,100,A2,HOSVD,2.5119999999999987
0.5647942146346652,3,100,100,5,100,A3,HOSVD,2.5119999999999987
9.817439580513424,3,100,100,5,100,core,HOSVD,2.5119999999999987
21.827939889223206,3,100,100,5,100,A1,HOOI,2.0470000000000006
0.1939652628523844,3,100,100,5,100,A2,HOOI,2.0470000000000006
0.5838479853966316,3,100,100,5,100,A3,HOOI,2.0470000000000006
11.257539574495178,3,100,100,5,100,core,HOOI,2.0470000000000006
24.861146870439875,3,100,100,5,100,A1,Olga,1.5039999999999978
4.312640058327071,3,100,100,5,100,A2,Olga,1.5039999999999978
1.2077986879506843,3,100,100,5,100,A3,Tracy,1.5039999999999978
10.610202703923205,3,100,100,5,100,core,Tracy_Olga,1.5039999999999978
36.8011207083478,3,100,495,5,100,A1,NTD,21.452
4.219163479819489,3,100,495,5,100,A2,NTD,21.452
492.1562134526788,3,100,495,5,100,A3,NTD,21.452
10.734902826277878,3,100,495,5,100,core,NTD,21.452
27.139800841630638,3,100,495,5,100,A1,Ours,3.347999999999999
0.17959698339576174,3,100,495,5,100,A2,Ours,3.347999999999999
2.87270945199101,3,100,495,5,100,A3,Ours,3.347999999999999
9.067395814863344,3,100,495,5,100,core,Ours,3.347999999999999
27.139800841630638,3,100,495,5,100,A1,HOSVD,4.550000000000004
0.17959698339576174,3,100,495,5,100,A2,HOSVD,4.550000000000004
2.685357309963424,3,100,495,5,100,A3,HOSVD,4.550000000000004
12.441725870459651,3,100,495,5,100,core,HOSVD,4.550000000000004
26.808072395681794,3,100,495,5,100,A1,HOOI,5.161000000000001
0.12951403607586182,3,100,495,5,100,A2,HOOI,5.161000000000001
2.5826955182169566,3,100,495,5,100,A3,HOOI,5.161000000000001
12.25644809681424,3,100,495,5,100,core,HOOI,5.161000000000001
33.54062105580938,3,100,495,5,100,A1,Olga,1.8220000000000027
3.756162323897533,3,100,495,5,100,A2,Olga,1.8220000000000027
2.9550709130636643,3,100,495,5,100,A3,Tracy,1.8220000000000027
9.212647183959696,3,100,495,5,100,core,Tracy_Olga,1.8220000000000027
87.60622219349578,3,100,985,5,100,A1,NTD,36.67699999999999
4.219352783415272,3,100,985,5,100,A2,NTD,36.67699999999999
982.160828547642,3,100,985,5,100,A3,NTD,36.67699999999999
8.704798720439253,3,100,985,5,100,core,NTD,36.67699999999999
26.016093499105267,3,100,985,5,100,A1,Ours,10.569000000000003
0.13240977899698644,3,100,985,5,100,A2,Ours,10.569000000000003
4.612346712212789,3,100,985,5,100,A3,Ours,10.569000000000003
9.259430794955104,3,100,985,5,100,core,Ours,10.569000000000003
26.016093499105267,3,100,985,5,100,A1,HOSVD,9.8089999999999975
0.13240977899698644,3,100,985,5,100,A2,HOSVD,9.8089999999999975
2.552804272749059,3,100,985,5,100,A3,HOSVD,9.8089999999999975
10.754291284412245,3,100,985,5,100,core,HOSVD,9.8089999999999975
26.46936965948071,3,100,985,5,100,A1,HOOI,13.337000000000018
0.08035001281414807,3,100,985,5,100,A2,HOOI,13.337000000000018
2.576675216725683,3,100,985,5,100,A3,HOOI,13.337000000000018
10.61699594532436,3,100,985,5,100,core,HOOI,13.337000000000018
60.27682702531533,3,100,985,5,100,A1,Olga,7.542000000000002
3.9565017777629956,3,100,985,5,100,A2,Olga,7.542000000000002
2.899943671273303,3,100,985,5,100,A3,Tracy,7.542000000000002
9.615170781020641,3,100,985,5,100,core,Tracy_Olga,7.542000000000002
64.44614250755573,3,100,2377,5,100,A1,NTD,90.293
1.8347196004606436,3,100,2377,5,100,A2,NTD,90.293
2374.3530149617563,3,100,2377,5,100,A3,NTD,90.293
10.16098487956704,3,100,2377,5,100,core,NTD,90.293
32.2937341629654,3,100,2377,5,100,A1,Ours,6.606999999999999
0.1474955479878701,3,100,2377,5,100,A2,Ours,6.606999999999999
5.277867085017039,3,100,2377,5,100,A3,Ours,6.606999999999999
11.3075811605986,3,100,2377,5,100,core,Ours,6.606999999999999
32.2937341629654,3,100,2377,5,100,A1,HOSVD,4.165999999999997
0.1474955479878701,3,100,2377,5,100,A2,HOSVD,4.165999999999997
2.690202962940118,3,100,2377,5,100,A3,HOSVD,4.165999999999997
12.307385309060326,3,100,2377,5,100,core,HOSVD,4.165999999999997
33.023820922053716,3,100,2377,5,100,A1,HOOI,5.513000000000005
0.1796570441601915,3,100,2377,5,100,A2,HOOI,5.513000000000005
3.346833454491735,3,100,2377,5,100,A3,HOOI,5.513000000000005
10.866839290840465,3,100,2377,5,100,core,HOOI,5.513000000000005
79.84243178141234,3,100,2377,5,100,A1,Olga,3.5710000000000264
3.8682873387524848,3,100,2377,5,100,A2,Olga,3.5710000000000264
3.0001758178768494,3,100,2377,5,100,A3,Tracy,3.5710000000000264
11.584782312222485,3,100,2377,5,100,core,Tracy_Olga,3.5710000000000264
114.76505705061668,3,100,4535,5,100,A1,NTD,169.936
3.781395521312298,3,100,4535,5,100,A2,NTD,169.936
4532.460343899427,3,100,4535,5,100,A3,NTD,169.936
9.377327731010418,3,100,4535,5,100,core,NTD,169.936
23.863221942721484,3,100,4535,5,100,A1,Ours,16.125999999999976
0.13937417352938974,3,100,4535,5,100,A2,Ours,16.125999999999976
5.419892820627433,3,100,4535,5,100,A3,Ours,16.125999999999976
11.74820434539958,3,100,4535,5,100,core,Ours,16.125999999999976
23.863221942721484,3,100,4535,5,100,A1,HOSVD,11.233000000000004
0.13937417352938974,3,100,4535,5,100,A2,HOSVD,11.233000000000004
2.777579171718493,3,100,4535,5,100,A3,HOSVD,11.233000000000004
12.727253833770842,3,100,4535,5,100,core,HOSVD,11.233000000000004
23.50117342706825,3,100,4535,5,100,A1,HOOI,19.449000000000012
0.14085987436037847,3,100,4535,5,100,A2,HOOI,19.449000000000012
3.843210433140518,3,100,4535,5,100,A3,HOOI,19.449000000000012
10.944429592012645,3,100,4535,5,100,core,HOOI,19.449000000000012
76.04673106359363,3,100,4535,5,100,A1,Olga,8.975999999999999
3.766084038252375,3,100,4535,5,100,A2,Olga,8.975999999999999
3.4350649207238675,3,100,4535,5,100,A3,Tracy,8.975999999999999
11.571150949778868,3,100,4535,5,100,core,Tracy_Olga,8.975999999999999
125.99606179274225,3,100,5286,5,100,A1,NTD,188.73899999999998
2.192636074214994,3,100,5286,5,100,A2,NTD,188.73899999999998
5283.517174713884,3,100,5286,5,100,A3,NTD,188.73899999999998
8.543938663200677,3,100,5286,5,100,core,NTD,188.73899999999998
34.884287847619674,3,100,5286,5,100,A1,Ours,12.447000000000003
0.1154456501922853,3,100,5286,5,100,A2,Ours,12.447000000000003
5.37508838924827,3,100,5286,5,100,A3,Ours,12.447000000000003
11.975462303454439,3,100,5286,5,100,core,Ours,12.447000000000003
34.884287847619674,3,100,5286,5,100,A1,HOSVD,9.177999999999997
0.1154456501922853,3,100,5286,5,100,A2,HOSVD,9.177999999999997
2.808734048118483,3,100,5286,5,100,A3,HOSVD,9.177999999999997
12.642063786197808,3,100,5286,5,100,core,HOSVD,9.177999999999997
30.327101131045026,3,100,5286,5,100,A1,HOOI,12.75
0.06029183763462342,3,100,5286,5,100,A2,HOOI,12.75
3.2789127167051544,3,100,5286,5,100,A3,HOOI,12.75
9.375784774138857,3,100,5286,5,100,core,HOOI,12.75
81.80491153825731,3,100,5286,5,100,A1,Olga,11.152000000000044
3.99125531278206,3,100,5286,5,100,A2,Olga,11.152000000000044
3.229826523049221,3,100,5286,5,100,A3,Tracy,11.152000000000044
10.633413596640835,3,100,5286,5,100,core,Tracy_Olga,11.152000000000044
124.15677108603158,3,100,6092,5,100,A1,NTD,207.8119999999999
4.165956512611778,3,100,6092,5,100,A2,NTD,207.8119999999999
6089.529536301213,3,100,6092,5,100,A3,NTD,207.8119999999999
9.398119648460911,3,100,6092,5,100,core,NTD,207.8119999999999
26.357085836203996,3,100,6092,5,100,A1,Ours,6.81899999999996
0.2340429440421333,3,100,6092,5,100,A2,Ours,6.81899999999996
5.246440430836259,3,100,6092,5,100,A3,Ours,6.81899999999996
9.854156958809828,3,100,6092,5,100,core,Ours,6.81899999999996
26.357085836203996,3,100,6092,5,100,A1,HOSVD,2.0190000000000055
0.2340429440421333,3,100,6092,5,100,A2,HOSVD,2.0190000000000055
2.8553510070760355,3,100,6092,5,100,A3,HOSVD,2.0190000000000055
12.727253833770842,3,100,6092,5,100,core,HOSVD,2.0190000000000055
25.597399121746903,3,100,6092,5,100,A1,HOOI,8.855999999999995
0.18996128475617757,3,100,6092,5,100,A2,HOOI,8.855999999999995
4.141064441708452,3,100,6092,5,100,A3,HOOI,8.855999999999995
9.182642297163222,3,100,6092,5,100,core,HOOI,8.855999999999995
73.81465285569303,3,100,6092,5,100,A1,Olga,3.399000000000001
3.7327312816788134,3,100,6092,5,100,A2,Olga,3.399000000000001
3.159396895469308,3,100,6092,5,100,A3,Tracy,3.399000000000001
11.483905012611682,3,100,6092,5,100,core,Tracy_Olga,3.399000000000001
119.98831335407584,3,100,6839,5,100,A1,NTD,228.08799999999997
2.2193051226596223,3,100,6839,5,100,A2,NTD,228.08799999999997
6836.568412818814,3,100,6839,5,100,A3,NTD,228.08799999999997
9.777693939776896,3,100,6839,5,100,core,NTD,228.08799999999997
24.605493237235578,3,100,6839,5,100,A1,Ours,13.540000000000191
0.18384614944506117,3,100,6839,5,100,A2,Ours,13.540000000000191
5.272635545090787,3,100,6839,5,100,A3,Ours,13.540000000000191
12.02453684579269,3,100,6839,5,100,core,Ours,13.540000000000191
24.605493237235578,3,100,6839,5,100,A1,HOSVD,3.872000000000071
0.18384614944506117,3,100,6839,5,100,A2,HOSVD,3.872000000000071
3.5377918754719895,3,100,6839,5,100,A3,HOSVD,3.872000000000071
8.661342189241068,3,100,6839,5,100,core,HOSVD,3.872000000000071
79.0112778272358,3,100,6839,5,100,A1,Olga,4.169000000000096
3.688899786509315,3,100,6839,5,100,A2,Olga,4.169000000000096
3.152903296798305,3,100,6839,5,100,A3,Tracy,4.169000000000096
9.66196246752254,3,100,6839,5,100,core,Tracy_Olga,4.169000000000096
123.97810512994918,3,100,7493,5,100,A1,NTD,242.29999999999995
2.192625119359966,3,100,7493,5,100,A2,NTD,242.29999999999995
7490.591062238337,3,100,7493,5,100,A3,NTD,242.29999999999995
9.504526868017301,3,100,7493,5,100,core,NTD,242.29999999999995
25.22883623849864,3,100,7493,5,100,A1,Ours,9.469000000000051
0.18797531532230197,3,100,7493,5,100,A2,Ours,9.469000000000051
5.300220171447195,3,100,7493,5,100,A3,Ours,9.469000000000051
13.000053068428757,3,100,7493,5,100,core,Ours,9.469000000000051
25.22883623849864,3,100,7493,5,100,A1,HOSVD,3.6469999999999345
0.18797531532230197,3,100,7493,5,100,A2,HOSVD,3.6469999999999345
3.9045956938751227,3,100,7493,5,100,A3,HOSVD,3.6469999999999345
11.939499469415473,3,100,7493,5,100,core,HOSVD,3.6469999999999345
23.42635417545271,3,100,7493,5,100,A1,HOOI,14.037000000000035
0.15844289551831472,3,100,7493,5,100,A2,HOOI,14.037000000000035
3.7766194352247897,3,100,7493,5,100,A3,HOOI,14.037000000000035
9.468359005529235,3,100,7493,5,100,core,HOOI,14.037000000000035
87.65899479786589,3,100,7493,5,100,A1,Olga,4.6159999999999854
4.036826074417292,3,100,7493,5,100,A2,Olga,4.6159999999999854
4.290189101061631,3,100,7493,5,100,A3,Tracy,4.6159999999999854
8.839434931423366,3,100,7493,5,100,core,Tracy_Olga,4.6159999999999854
125.18368587017994,3,100,8198,5,100,A1,NTD,258.9670000000001
3.80807305414723,3,100,8198,5,100,A2,NTD,258.9670000000001
8195.530492740814,3,100,8198,5,100,A3,NTD,258.9670000000001
9.198308874598913,3,100,8198,5,100,core,NTD,258.9670000000001
30.730440108197058,3,100,8198,5,100,A1,Ours,22.37999999999988
0.09170638481561443,3,100,8198,5,100,A2,Ours,22.37999999999988
5.291516227097703,3,100,8198,5,100,A3,Ours,22.37999999999988
10.731255679755597,3,100,8198,5,100,core,Ours,22.37999999999988
29.670997286945703,3,100,8198,5,100,A1,HOOI,30.47199999999998
0.06371312699495729,3,100,8198,5,100,A2,HOOI,30.47199999999998
3.7129611000914977,3,100,8198,5,100,A3,HOOI,30.47199999999998
10.354666079076921,3,100,8198,5,100,core,HOOI,30.47199999999998
11.940648618954244,3,100,100,5,3000,A1,NTD,3.5470000000000255
1.4178578076788424,3,100,100,5,3000,A2,NTD,3.5470000000000255
97.00096857492905,3,100,100,5,3000,A3,NTD,3.5470000000000255
9.149132883402292,3,100,100,5,3000,core,NTD,3.5470000000000255
4.6160077545177565,3,100,100,5,3000,A1,Ours,5.222999999999956
0.027038181960008883,3,100,100,5,3000,A2,Ours,5.222999999999956
0.04541858725042512,3,100,100,5,3000,A3,Ours,5.222999999999956
11.146484906785915,3,100,100,5,3000,core,Ours,5.222999999999956
4.6160077545177565,3,100,100,5,3000,A1,HOSVD,4.221000000000004
0.027038181960008883,3,100,100,5,3000,A2,HOSVD,4.221000000000004
0.0454195807436224,3,100,100,5,3000,A3,HOSVD,4.221000000000004
11.146488540632477,3,100,100,5,3000,core,HOSVD,4.221000000000004
4.636852439915069,3,100,100,5,3000,A1,HOOI,3.79099999999994
0.02390472111472377,3,100,100,5,3000,A2,HOOI,3.79099999999994
0.045650540607984035,3,100,100,5,3000,A3,HOOI,3.79099999999994
11.146381290017684,3,100,100,5,3000,core,HOOI,3.79099999999994
4.384354342435046,3,100,100,5,3000,A1,Olga,5.064999999999827
0.029434378104891235,3,100,100,5,3000,A2,Olga,5.064999999999827
0.9826380206270244,3,100,100,5,3000,A3,Tracy,5.064999999999827
11.185637094981251,3,100,100,5,3000,core,Tracy_Olga,5.064999999999827
9.332946859999035,3,100,500,5,3000,A1,NTD,15.220000000000027
1.6748746950870783,3,100,500,5,3000,A2,NTD,15.220000000000027
497.0003575506637,3,100,500,5,3000,A3,NTD,15.220000000000027
11.496182859233986,3,100,500,5,3000,core,NTD,15.220000000000027
5.980408597036445,3,100,500,5,3000,A1,Ours,0.3839999999997872
0.08818776050830476,3,100,500,5,3000,A2,Ours,0.3839999999997872
0.1020522526019338,3,100,500,5,3000,A3,Ours,0.3839999999997872
11.178177653280127,3,100,500,5,3000,core,Ours,0.3839999999997872
5.980408597036445,3,100,500,5,3000,A1,HOSVD,0.23700000000008004
0.08818776050830476,3,100,500,5,3000,A2,HOSVD,0.23700000000008004
0.10217935697236376,3,100,500,5,3000,A3,HOSVD,0.23700000000008004
11.178237701202868,3,100,500,5,3000,core,HOSVD,0.23700000000008004
5.946377584384395,3,100,500,5,3000,A1,HOOI,0.45600000000013097
0.09136686192996799,3,100,500,5,3000,A2,HOOI,0.45600000000013097
0.102100006401118,3,100,500,5,3000,A3,HOOI,0.45600000000013097
11.178722218981047,3,100,500,5,3000,core,HOOI,0.45600000000013097
4.424338503291831,3,100,500,5,3000,A1,Olga,0.5080000000000382
0.020738126390681552,3,100,500,5,3000,A2,Olga,0.5080000000000382
1.2951073120419667,3,100,500,5,3000,A3,Tracy,0.5080000000000382
11.177989687438139,3,100,500,5,3000,core,Tracy_Olga,0.5080000000000382
10.463678953654123,3,100,1000,5,3000,A1,NTD,35.44599999999991
2.840292644208242,3,100,1000,5,3000,A2,NTD,35.44599999999991
997.0004685186783,3,100,1000,5,3000,A3,NTD,35.44599999999991
11.528080869356426,3,100,1000,5,3000,core,NTD,35.44599999999991
4.225866588636579,3,100,1000,5,3000,A1,Ours,0.6050000000000182
0.030423780236761053,3,100,1000,5,3000,A2,Ours,0.6050000000000182
0.631670772625005,3,100,1000,5,3000,A3,Ours,0.6050000000000182
12.46017183536199,3,100,1000,5,3000,core,Ours,0.6050000000000182
4.225866588636579,3,100,1000,5,3000,A1,HOSVD,0.5329999999999018
0.030423780236761053,3,100,1000,5,3000,A2,HOSVD,0.5329999999999018
0.6309984830292306,3,100,1000,5,3000,A3,HOSVD,0.5329999999999018
12.45738918888595,3,100,1000,5,3000,core,HOSVD,0.5329999999999018
4.271600887366814,3,100,1000,5,3000,A1,HOOI,1.0040000000001328
0.029004598366625445,3,100,1000,5,3000,A2,HOOI,1.0040000000001328
0.607154856672789,3,100,1000,5,3000,A3,HOOI,1.0040000000001328
12.515566431886409,3,100,1000,5,3000,core,HOOI,1.0040000000001328
3.3656348446579503,3,100,1000,5,3000,A1,Olga,0.4679999999998472
0.07469524684771292,3,100,1000,5,3000,A2,Olga,0.4679999999998472
1.5664671754497883,3,100,1000,5,3000,A3,Tracy,0.4679999999998472
12.481492063639081,3,100,1000,5,3000,core,Tracy_Olga,0.4679999999998472
10.406203879652102,3,100,2498,5,3000,A1,NTD,84.154
1.3900982327897269,3,100,2498,5,3000,A2,NTD,84.154
2495.0343221981716,3,100,2498,5,3000,A3,NTD,84.154
12.776453326293456,3,100,2498,5,3000,core,NTD,84.154
5.403989177256405,3,100,2498,5,3000,A1,Ours,1.852999999999838
0.03178604982022302,3,100,2498,5,3000,A2,Ours,1.852999999999838
2.656335883658988,3,100,2498,5,3000,A3,Ours,1.852999999999838
12.236850682675726,3,100,2498,5,3000,core,Ours,1.852999999999838
5.403989177256405,3,100,2498,5,3000,A1,HOSVD,1.7559999999998581
0.03178604982022302,3,100,2498,5,3000,A2,HOSVD,1.7559999999998581
2.651051090381085,3,100,2498,5,3000,A3,HOSVD,1.7559999999998581
12.216145015112376,3,100,2498,5,3000,core,HOSVD,1.7559999999998581
5.432463044446538,3,100,2498,5,3000,A1,HOOI,3.161999999999807
0.032369962820431517,3,100,2498,5,3000,A2,HOOI,3.161999999999807
2.6379303041319933,3,100,2498,5,3000,A3,HOOI,3.161999999999807
12.249733285405364,3,100,2498,5,3000,core,HOOI,3.161999999999807
4.530490456007923,3,100,2498,5,3000,A1,Olga,1.3150000000000546
0.16925575065558954,3,100,2498,5,3000,A2,Olga,1.3150000000000546
2.9228481179710246,3,100,2498,5,3000,A3,Tracy,1.3150000000000546
10.25435365985919,3,100,2498,5,3000,core,Tracy_Olga,1.3150000000000546
9.232323808684102,3,100,4982,5,3000,A1,NTD,183.80700000000002
3.8346637578706817,3,100,4982,5,3000,A2,NTD,183.80700000000002
4979.040943290846,3,100,4982,5,3000,A3,NTD,183.80700000000002
9.19201461850496,3,100,4982,5,3000,core,NTD,183.80700000000002
5.647210772173142,3,100,4982,5,3000,A1,Ours,6.677999999999884
0.03712027233541163,3,100,4982,5,3000,A2,Ours,6.677999999999884
2.603264825366864,3,100,4982,5,3000,A3,Ours,6.677999999999884
12.642063786197808,3,100,4982,5,3000,core,Ours,6.677999999999884
5.647210772173142,3,100,4982,5,3000,A1,HOSVD,2.8420000000000982
0.03712027233541163,3,100,4982,5,3000,A2,HOSVD,2.8420000000000982
2.5886268853422423,3,100,4982,5,3000,A3,HOSVD,2.8420000000000982
12.611216451596409,3,100,4982,5,3000,core,HOSVD,2.8420000000000982
5.67540867632003,3,100,4982,5,3000,A1,HOOI,4.161000000000058
0.04077336802800001,3,100,4982,5,3000,A2,HOOI,4.161000000000058
2.5611416195100944,3,100,4982,5,3000,A3,HOOI,4.161000000000058
12.641970053154147,3,100,4982,5,3000,core,HOOI,4.161000000000058
5.818465479781476,3,100,4982,5,3000,A1,Olga,3.1159999999999854
4.709259233678598,3,100,4982,5,3000,A2,Olga,3.1159999999999854
2.8746155147907344,3,100,4982,5,3000,A3,Tracy,3.1159999999999854
10.968545938834843,3,100,4982,5,3000,core,Tracy_Olga,3.1159999999999854
8.685251708851421,3,100,5982,5,3000,A1,NTD,201.93899999999985
2.2192875327311996,3,100,5982,5,3000,A2,NTD,201.93899999999985
5979.05635301214,3,100,5982,5,3000,A3,NTD,201.93899999999985
10.07842386862147,3,100,5982,5,3000,core,NTD,201.93899999999985
5.589650353141285,3,100,5982,5,3000,A1,Ours,6.998999999999796
0.07835313033741305,3,100,5982,5,3000,A2,Ours,6.998999999999796
2.626090187767975,3,100,5982,5,3000,A3,Ours,6.998999999999796
12.727253833770842,3,100,5982,5,3000,core,Ours,6.998999999999796
5.589650353141285,3,100,5982,5,3000,A1,HOSVD,2.9340000000001965
0.07835313033741305,3,100,5982,5,3000,A2,HOSVD,2.9340000000001965
2.5906016380198387,3,100,5982,5,3000,A3,HOSVD,2.9340000000001965
12.72716010072718,3,100,5982,5,3000,core,HOSVD,2.9340000000001965
5.5842130352815325,3,100,5982,5,3000,A1,HOOI,8.525000000000091
0.07537892948904595,3,100,5982,5,3000,A2,HOOI,8.525000000000091
2.5669534359763255,3,100,5982,5,3000,A3,HOOI,8.525000000000091
12.72716010072718,3,100,5982,5,3000,core,HOOI,8.525000000000091
4.926162065120868,3,100,5982,5,3000,A1,Olga,3.8040000000000873
4.761531450552001,3,100,5982,5,3000,A2,Olga,3.8040000000000873
2.8624193479946203,3,100,5982,5,3000,A3,Tracy,3.8040000000000873
9.692756905332768,3,100,5982,5,3000,core,Tracy_Olga,3.8040000000000873
9.652906212303044,3,100,6976,5,3000,A1,NTD,224.96299999999974
2.1926269405799057,3,100,6976,5,3000,A2,NTD,224.96299999999974
6973.042822752023,3,100,6976,5,3000,A3,NTD,224.96299999999974
8.18623875152527,3,100,6976,5,3000,core,NTD,224.96299999999974
5.823616490507806,3,100,6976,5,3000,A1,Ours,8.208000000000084
0.026662486131520786,3,100,6976,5,3000,A2,Ours,8.208000000000084
2.646646427242877,3,100,6976,5,3000,A3,Ours,8.208000000000084
12.70064135360884,3,100,6976,5,3000,core,Ours,8.208000000000084
5.823616490507806,3,100,6976,5,3000,A1,HOSVD,2.673999999999978
0.026662486131520786,3,100,6976,5,3000,A2,HOSVD,2.673999999999978
2.6169291793789804,3,100,6976,5,3000,A3,HOSVD,2.673999999999978
12.714743644531207,3,100,6976,5,3000,core,HOSVD,2.673999999999978
5.842935806271315,3,100,6976,5,3000,A1,HOOI,6.458000000000084
0.028739605858626824,3,100,6976,5,3000,A2,HOOI,6.458000000000084
3.8358956626108434,3,100,6976,5,3000,A3,HOOI,6.458000000000084
11.785033450755416,3,100,6976,5,3000,core,HOOI,6.458000000000084
5.258697497539024,3,100,6976,5,3000,A1,Olga,3.826000000000022
4.243310416584937,3,100,6976,5,3000,A2,Olga,3.826000000000022
2.8614739157019433,3,100,6976,5,3000,A3,Tracy,3.826000000000022
9.75310441051447,3,100,6976,5,3000,core,Tracy_Olga,3.826000000000022
10.04266008908514,3,100,7967,5,3000,A1,NTD,259.0500000000002
3.9993332202217764,3,100,7967,5,3000,A2,NTD,259.0500000000002
7964.058364708375,3,100,7967,5,3000,A3,NTD,259.0500000000002
10.850129610273836,3,100,7967,5,3000,core,NTD,259.0500000000002
4.904812982341594,3,100,7967,5,3000,A1,Ours,17.246999999999844
0.022829291102395136,3,100,7967,5,3000,A2,Ours,17.246999999999844
2.650365379629552,3,100,7967,5,3000,A3,Ours,17.246999999999844
12.727253833770842,3,100,7967,5,3000,core,Ours,17.246999999999844
4.904812982341594,3,100,7967,5,3000,A1,HOSVD,9.84900000000016
0.022829291102395136,3,100,7967,5,3000,A2,HOSVD,9.84900000000016
2.584714523092137,3,100,7967,5,3000,A3,HOSVD,9.84900000000016
12.72716010072718,3,100,7967,5,3000,core,HOSVD,9.84900000000016
4.920430615615978,3,100,7967,5,3000,A1,HOOI,8.438000000000102
0.03100660916333032,3,100,7967,5,3000,A2,HOOI,8.438000000000102
2.586368626094333,3,100,7967,5,3000,A3,HOOI,8.438000000000102
12.727253833770842,3,100,7967,5,3000,core,HOOI,8.438000000000102
4.4819085706518536,3,100,7967,5,3000,A1,Olga,5.281999999999698
4.328316808604766,3,100,7967,5,3000,A2,Olga,5.281999999999698
2.8774814740281163,3,100,7967,5,3000,A3,Tracy,5.281999999999698
9.81313743464808,3,100,7967,5,3000,core,Tracy_Olga,5.281999999999698
8.890649363123636,3,100,8949,5,3000,A1,NTD,292.53499999999985
3.8347052263284986,3,100,8949,5,3000,A2,NTD,292.53499999999985
8946.06054316701,3,100,8949,5,3000,A3,NTD,292.53499999999985
9.416294369761404,3,100,8949,5,3000,core,NTD,292.53499999999985
5.932444946020293,3,100,8949,5,3000,A1,Ours,12.012000000000171
0.05436594549104207,3,100,8949,5,3000,A2,Ours,12.012000000000171
2.7882722515524136,3,100,8949,5,3000,A3,Ours,12.012000000000171
8.738032500435798,3,100,8949,5,3000,core,Ours,12.012000000000171
5.932444946020293,3,100,8949,5,3000,A1,HOSVD,3.04300000000012
0.05436594549104207,3,100,8949,5,3000,A2,HOSVD,3.04300000000012
2.5690650210440196,3,100,8949,5,3000,A3,HOSVD,3.04300000000012
12.641970053154147,3,100,8949,5,3000,core,HOSVD,3.04300000000012
5.9350325803933215,3,100,8949,5,3000,A1,HOOI,10.027000000000044
0.049134413014757745,3,100,8949,5,3000,A2,HOOI,10.027000000000044
2.5604183450427587,3,100,8949,5,3000,A3,HOOI,10.027000000000044
12.642063786197808,3,100,8949,5,3000,core,HOOI,10.027000000000044
5.070207075837835,3,100,8949,5,3000,A1,Olga,5.666999999999916
4.1581011299803645,3,100,8949,5,3000,A2,Olga,5.666999999999916
2.9407305849584198,3,100,8949,5,3000,A3,Tracy,5.666999999999916
9.648740712126495,3,100,8949,5,3000,core,Tracy_Olga,5.666999999999916
21.595449868397665,3,100,9936,5,3000,A1,NTD,311.9050000000002
2.219275972393851,3,100,9936,5,3000,A2,NTD,311.9050000000002
9933.066679339849,3,100,9936,5,3000,A3,NTD,311.9050000000002
9.672719310607796,3,100,9936,5,3000,core,NTD,311.9050000000002
7.851492240892014,3,100,9936,5,3000,A1,Ours,30.682000000000244
0.02111218823718761,3,100,9936,5,3000,A2,Ours,30.682000000000244
2.8076922460955704,3,100,9936,5,3000,A3,Ours,30.682000000000244
8.800642739658214,3,100,9936,5,3000,core,Ours,30.682000000000244
7.851492240892014,3,100,9936,5,3000,A1,HOSVD,14.709000000000287
0.02111218823718761,3,100,9936,5,3000,A2,HOSVD,14.709000000000287
2.804984821386123,3,100,9936,5,3000,A3,HOSVD,14.709000000000287
12.581410830181103,3,100,9936,5,3000,core,HOSVD,14.709000000000287
7.818086387299576,3,100,9936,5,3000,A1,HOOI,25.83199999999988
0.016177459278414703,3,100,9936,5,3000,A2,HOOI,25.83199999999988
2.5934907129061617,3,100,9936,5,3000,A3,HOOI,25.83199999999988
12.72716010072718,3,100,9936,5,3000,core,HOOI,25.83199999999988
6.469778972769127,3,100,9936,5,3000,A1,Olga,24
4.138936782181053,3,100,9936,5,3000,A2,Olga,24
2.882474437633094,3,100,9936,5,3000,A3,Tracy,24
9.833588400124729,3,100,9936,5,3000,core,Tracy_Olga,24
15.430959050098984,3,100,100,5,10000,A1,NTD,3.625999999999749
0.8939562802853261,3,100,100,5,10000,A2,NTD,3.625999999999749
97,3,100,100,5,10000,A3,NTD,3.625999999999749
10.494508685785839,3,100,100,5,10000,core,NTD,3.625999999999749
2.4863659007061445,3,100,100,5,10000,A1,Ours,3.411000000000058
0.017141411553568277,3,100,100,5,10000,A2,Ours,3.411000000000058
0.030108766858799905,3,100,100,5,10000,A3,Ours,3.411000000000058
11.0971210934744,3,100,100,5,10000,core,Ours,3.411000000000058
2.4863659007061445,3,100,100,5,10000,A1,HOSVD,4.451999999999771
0.017141411553568277,3,100,100,5,10000,A2,HOSVD,4.451999999999771
0.03010902313723114,3,100,100,5,10000,A3,HOSVD,4.451999999999771
11.097121068531647,3,100,100,5,10000,core,HOSVD,4.451999999999771
2.486711947820522,3,100,100,5,10000,A1,HOOI,4.208000000000084
0.016833201319265644,3,100,100,5,10000,A2,HOOI,4.208000000000084
0.030029889857916096,3,100,100,5,10000,A3,HOOI,4.208000000000084
11.09773555995707,3,100,100,5,10000,core,HOOI,4.208000000000084
2.182892668895114,3,100,100,5,10000,A1,Olga,4.032000000000153
0.012258248266794083,3,100,100,5,10000,A2,Olga,4.032000000000153
0.9768657085665118,3,100,100,5,10000,A3,Tracy,4.032000000000153
11.143073375750042,3,100,100,5,10000,core,Tracy_Olga,4.032000000000153
10.302809956438661,3,100,500,5,10000,A1,NTD,13.635999999999967
2.8644931975517545,3,100,500,5,10000,A2,NTD,13.635999999999967
497.0000240691775,3,100,500,5,10000,A3,NTD,13.635999999999967
12.328590639951921,3,100,500,5,10000,core,NTD,13.635999999999967
3.3291276112149286,3,100,500,5,10000,A1,Ours,3.8330000000000837
0.014023832236351447,3,100,500,5,10000,A2,Ours,3.8330000000000837
0.057909887615319885,3,100,500,5,10000,A3,Ours,3.8330000000000837
11.112509067753408,3,100,500,5,10000,core,Ours,3.8330000000000837
3.3291276112149286,3,100,500,5,10000,A1,HOSVD,2.84900000000016
0.014023832236351447,3,100,500,5,10000,A2,HOSVD,2.84900000000016
0.05791695070575538,3,100,500,5,10000,A3,HOSVD,2.84900000000016
11.112515685520377,3,100,500,5,10000,core,HOSVD,2.84900000000016
3.3165435709486406,3,100,500,5,10000,A1,HOOI,5.484999999999673
0.015676835971935848,3,100,500,5,10000,A2,HOOI,5.484999999999673
0.057804759737612926,3,100,500,5,10000,A3,HOOI,5.484999999999673
11.112077180608564,3,100,500,5,10000,core,HOOI,5.484999999999673
2.481872973753645,3,100,500,5,10000,A1,Olga,3.0419999999999163
0.011615223882651337,3,100,500,5,10000,A2,Olga,3.0419999999999163
1.293222815141109,3,100,500,5,10000,A3,Tracy,3.0419999999999163
11.143088953734283,3,100,500,5,10000,core,Tracy_Olga,3.0419999999999163
8.421702683599358,3,100,1000,5,10000,A1,NTD,31.440000000000055
3.619157706671499,3,100,1000,5,10000,A2,NTD,31.440000000000055
997.0000453947548,3,100,1000,5,10000,A3,NTD,31.440000000000055
9.95506956974956,3,100,1000,5,10000,core,NTD,31.440000000000055
3.5296199192216897,3,100,1000,5,10000,A1,Ours,0.9110000000000582
0.01941002308549574,3,100,1000,5,10000,A2,Ours,0.9110000000000582
0.2652857716678008,3,100,1000,5,10000,A3,Ours,0.9110000000000582
11.234290264804688,3,100,1000,5,10000,core,Ours,0.9110000000000582
3.5296199192216897,3,100,1000,5,10000,A1,HOSVD,0.931999999999789
0.01941002308549574,3,100,1000,5,10000,A2,HOSVD,0.931999999999789
0.2652051324097372,3,100,1000,5,10000,A3,HOSVD,0.931999999999789
11.234021427993406,3,100,1000,5,10000,core,HOSVD,0.931999999999789
3.5287150041244013,3,100,1000,5,10000,A1,HOOI,1.6749999999997272
0.019654642847770944,3,100,1000,5,10000,A2,HOOI,1.6749999999997272
0.2658399393471922,3,100,1000,5,10000,A3,HOOI,1.6749999999997272
11.233367937144335,3,100,1000,5,10000,core,HOOI,1.6749999999997272
2.660381819088144,3,100,1000,5,10000,A1,Olga,1.1900000000000546
0.023141015109378462,3,100,1000,5,10000,A2,Olga,1.1900000000000546
1.4303696943862538,3,100,1000,5,10000,A3,Tracy,1.1900000000000546
11.257672601088014,3,100,1000,5,10000,core,Tracy_Olga,1.1900000000000546
9.536550573374758,3,100,2499,5,10000,A1,NTD,94.03200000000015
0.7109834041884932,3,100,2499,5,10000,A2,NTD,94.03200000000015
2496.018853941779,3,100,2499,5,10000,A3,NTD,94.03200000000015
9.93193146628422,3,100,2499,5,10000,core,NTD,94.03200000000015
3.5635315584538816,3,100,2499,5,10000,A1,Ours,3.257000000000062
0.004733387478163282,3,100,2499,5,10000,A2,Ours,3.257000000000062
2.5142733245627342,3,100,2499,5,10000,A3,Ours,3.257000000000062
11.679361286413997,3,100,2499,5,10000,core,Ours,3.257000000000062
3.5635315584538816,3,100,2499,5,10000,A1,HOSVD,1.27599999999984
0.004733387478163282,3,100,2499,5,10000,A2,HOSVD,1.27599999999984
2.5136469779360184,3,100,2499,5,10000,A3,HOSVD,1.27599999999984
11.675879237433426,3,100,2499,5,10000,core,HOSVD,1.27599999999984
3.5640015918288315,3,100,2499,5,10000,A1,HOOI,3.3659999999999854
0.004974494856717752,3,100,2499,5,10000,A2,HOOI,3.3659999999999854
2.5078111446381506,3,100,2499,5,10000,A3,HOOI,3.3659999999999854
11.724872714165748,3,100,2499,5,10000,core,HOOI,3.3659999999999854
2.54149903890729,3,100,2499,5,10000,A1,Olga,1.4699999999998
0.020165552707657342,3,100,2499,5,10000,A2,Olga,1.4699999999998
2.9473000242277427,3,100,2499,5,10000,A3,Tracy,1.4699999999998
10.445115447912846,3,100,2499,5,10000,core,Tracy_Olga,1.4699999999998
26.46360289350935,3,100,5000,5,10000,A1,NTD,167.3040000000001
0.5278577176377778,3,100,5000,5,10000,A2,NTD,167.3040000000001
4997.0004156122195,3,100,5000,5,10000,A3,NTD,167.3040000000001
8.664935489873214,3,100,5000,5,10000,core,NTD,167.3040000000001
2.921964752390975,3,100,5000,5,10000,A1,Ours,5.520000000000437
0.00726624961305771,3,100,5000,5,10000,A2,Ours,5.520000000000437
1.6762524324555368,3,100,5000,5,10000,A3,Ours,5.520000000000437
13.104736033331397,3,100,5000,5,10000,core,Ours,5.520000000000437
2.921964752390975,3,100,5000,5,10000,A1,HOSVD,1.7660000000000764
0.00726624961305771,3,100,5000,5,10000,A2,HOSVD,1.7660000000000764
1.6751564650817243,3,100,5000,5,10000,A3,HOSVD,1.7660000000000764
13.095637164968874,3,100,5000,5,10000,core,HOSVD,1.7660000000000764
2.9252012325934933,3,100,5000,5,10000,A1,HOOI,4.704000000000178
0.007058250704022551,3,100,5000,5,10000,A2,HOOI,4.704000000000178
1.6791281859099658,3,100,5000,5,10000,A3,HOOI,4.704000000000178
13.115920907757415,3,100,5000,5,10000,core,HOOI,4.704000000000178
2.0996222256682073,3,100,5000,5,10000,A1,Olga,3.688999999999396
0.07748138906555986,3,100,5000,5,10000,A2,Olga,3.688999999999396
1.7197316804092455,3,100,5000,5,10000,A3,Tracy,3.688999999999396
10.960431000323052,3,100,5000,5,10000,core,Tracy_Olga,3.688999999999396
9.8849253261815,3,100,5995,5,10000,A1,NTD,203.88699999999972
0.23411336427815485,3,100,5995,5,10000,A2,NTD,203.88699999999972
5992.01727300577,3,100,5995,5,10000,A3,NTD,203.88699999999972
8.628753475782677,3,100,5995,5,10000,core,NTD,203.88699999999972
3.1635892160811223,3,100,5995,5,10000,A1,Ours,6.6840000000001965
0.017163097745728346,3,100,5995,5,10000,A2,Ours,6.6840000000001965
2.5286348570401564,3,100,5995,5,10000,A3,Ours,6.6840000000001965
12.723245224525964,3,100,5995,5,10000,core,Ours,6.6840000000001965
3.1635892160811223,3,100,5995,5,10000,A1,HOSVD,2.969000000000051
0.017163097745728346,3,100,5995,5,10000,A2,HOSVD,2.969000000000051
2.524825062842042,3,100,5995,5,10000,A3,HOSVD,2.969000000000051
12.7239929110159,3,100,5995,5,10000,core,HOSVD,2.969000000000051
3.1620594523525147,3,100,5995,5,10000,A1,HOOI,5.738999999999578
0.017930267402750392,3,100,5995,5,10000,A2,HOOI,5.738999999999578
2.527045856951905,3,100,5995,5,10000,A3,HOOI,5.738999999999578
12.719354158481035,3,100,5995,5,10000,core,HOOI,5.738999999999578
2.7411350476212113,3,100,5995,5,10000,A1,Olga,3.8220000000001164
0.07829859726929314,3,100,5995,5,10000,A2,Olga,3.8220000000001164
2.8958634175854776,3,100,5995,5,10000,A3,Tracy,3.8220000000001164
12.702452624513858,3,100,5995,5,10000,core,Tracy_Olga,3.8220000000001164
14.431631353673998,3,100,6993,5,10000,A1,NTD,225.1199999999999
4.892015228250894,3,100,6993,5,10000,A2,NTD,225.1199999999999
6990.013299612718,3,100,6993,5,10000,A3,NTD,225.1199999999999
10.740170128321036,3,100,6993,5,10000,core,NTD,225.1199999999999
3.0435927290994447,3,100,6993,5,10000,A1,Ours,9.072000000000116
0.013435265060881732,3,100,6993,5,10000,A2,Ours,9.072000000000116
2.952176840564316,3,100,6993,5,10000,A3,Ours,9.072000000000116
13.15794966594653,3,100,6993,5,10000,core,Ours,9.072000000000116
3.0435927290994447,3,100,6993,5,10000,A1,HOSVD,3.0770000000002256
0.013435265060881732,3,100,6993,5,10000,A2,HOSVD,3.0770000000002256
2.949341556498093,3,100,6993,5,10000,A3,HOSVD,3.0770000000002256
13.15696435684279,3,100,6993,5,10000,core,HOSVD,3.0770000000002256
3.074495719998331,3,100,6993,5,10000,A1,HOOI,7.8510000000005675
0.013636224350828131,3,100,6993,5,10000,A2,HOOI,7.8510000000005675
2.958729570464163,3,100,6993,5,10000,A3,HOOI,7.8510000000005675
13.171737297270493,3,100,6993,5,10000,core,HOOI,7.8510000000005675
2.444810277715591,3,100,6993,5,10000,A1,Olga,4.5900000000001455
0.09524757578831118,3,100,6993,5,10000,A2,Olga,4.5900000000001455
2.8494996336852676,3,100,6993,5,10000,A3,Tracy,4.5900000000001455
12.72716010072718,3,100,6993,5,10000,core,Tracy_Olga,4.5900000000001455
11.122688306263036,3,100,7989,5,10000,A1,NTD,249.51999999999953
0.20707362556565043,3,100,7989,5,10000,A2,NTD,249.51999999999953
7986.0226594792,3,100,7989,5,10000,A3,NTD,249.51999999999953
10.317012395964882,3,100,7989,5,10000,core,NTD,249.51999999999953
4.284036957275168,3,100,7989,5,10000,A1,Ours,9.305999999999585
0.007432141243013604,3,100,7989,5,10000,A2,Ours,9.305999999999585
3.1415193823492786,3,100,7989,5,10000,A3,Ours,9.305999999999585
13.379954865384336,3,100,7989,5,10000,core,Ours,9.305999999999585
4.284036957275168,3,100,7989,5,10000,A1,HOSVD,2.6770000000005894
0.007432141243013604,3,100,7989,5,10000,A2,HOSVD,2.6770000000005894
3.1377105233384244,3,100,7989,5,10000,A3,HOSVD,2.6770000000005894
13.377652456295765,3,100,7989,5,10000,core,HOSVD,2.6770000000005894
4.296396423466203,3,100,7989,5,10000,A1,HOOI,9.458000000000538
0.004674563189446906,3,100,7989,5,10000,A2,HOOI,9.458000000000538
2.6365073540341233,3,100,7989,5,10000,A3,HOOI,9.458000000000538
12.732575446329164,3,100,7989,5,10000,core,HOOI,9.458000000000538
2.7140553526255404,3,100,7989,5,10000,A1,Olga,5.947000000000116
0.1111246170434051,3,100,7989,5,10000,A2,Olga,5.947000000000116
2.8878245270985192,3,100,7989,5,10000,A3,Tracy,5.947000000000116
12.72716010072718,3,100,7989,5,10000,core,Tracy_Olga,5.947000000000116
12.197033861648865,3,100,8986,5,10000,A1,NTD,282.65099999999984
0.6346277555928281,3,100,8986,5,10000,A2,NTD,282.65099999999984
8983.024851904196,3,100,8986,5,10000,A3,NTD,282.65099999999984
11.892448612743554,3,100,8986,5,10000,core,NTD,282.65099999999984
3.6851740158422372,3,100,8986,5,10000,A1,Ours,11.113000000000284
0.014057847696544105,3,100,8986,5,10000,A2,Ours,11.113000000000284
2.5827422430290325,3,100,8986,5,10000,A3,Ours,11.113000000000284
12.72716010072718,3,100,8986,5,10000,core,Ours,11.113000000000284
3.6851740158422372,3,100,8986,5,10000,A1,HOSVD,3.3649999999997817
0.014057847696544105,3,100,8986,5,10000,A2,HOSVD,3.3649999999997817
2.575210647443009,3,100,8986,5,10000,A3,HOSVD,3.3649999999997817
12.72716010072718,3,100,8986,5,10000,core,HOSVD,3.3649999999997817
3.6741926188614364,3,100,8986,5,10000,A1,HOOI,9.274000000000342
0.015053876809087555,3,100,8986,5,10000,A2,HOOI,9.274000000000342
2.5780722771202313,3,100,8986,5,10000,A3,HOOI,9.274000000000342
12.72716010072718,3,100,8986,5,10000,core,HOOI,9.274000000000342
2.461905387381171,3,100,8986,5,10000,A1,Olga,5.2979999999997744
0.19128357570189772,3,100,8986,5,10000,A2,Olga,5.2979999999997744
2.871587772017423,3,100,8986,5,10000,A3,Tracy,5.2979999999997744
12.72716010072718,3,100,8986,5,10000,core,Tracy_Olga,5.2979999999997744
8.840780987826706,3,100,9983,5,10000,A1,NTD,280.47299999999996
0.12369057734947866,3,100,9983,5,10000,A2,NTD,280.47299999999996
9980.032049140827,3,100,9983,5,10000,A3,NTD,280.47299999999996
12.142763469428145,3,100,9983,5,10000,core,NTD,280.47299999999996
2.985691392017387,3,100,9983,5,10000,A1,Ours,12.738000000000284
0.01348431669802746,3,100,9983,5,10000,A2,Ours,12.738000000000284
2.589392717125192,3,100,9983,5,10000,A3,Ours,12.738000000000284
12.641970053154147,3,100,9983,5,10000,core,Ours,12.738000000000284
2.985691392017387,3,100,9983,5,10000,A1,HOSVD,3.0520000000005894
0.01348431669802746,3,100,9983,5,10000,A2,HOSVD,3.0520000000005894
2.579381837359411,3,100,9983,5,10000,A3,HOSVD,3.0520000000005894
12.641970053154147,3,100,9983,5,10000,core,HOSVD,3.0520000000005894
3.006140033866986,3,100,9983,5,10000,A1,HOOI,9.908000000000357
0.013903367393063049,3,100,9983,5,10000,A2,HOOI,9.908000000000357
2.579522911061337,3,100,9983,5,10000,A3,HOOI,9.908000000000357
12.641970053154147,3,100,9983,5,10000,core,HOOI,9.908000000000357
2.451946064340082,3,100,9983,5,10000,A1,Olga,6.548999999999978
0.247130497657552,3,100,9983,5,10000,A2,Olga,6.548999999999978
3.0135962139604535,3,100,9983,5,10000,A3,Tracy,6.548999999999978
12.641970053154147,3,100,9983,5,10000,core,Tracy_Olga,6.548999999999978
