error,K,Q1,R,Q2,M,mode,method,time
29.29437677612284,3,100,983,5,100,A1,NTD,37.795
3.981998416354231,3,100,983,5,100,A2,NTD,37.795
980.2942749349944,3,100,983,5,100,A3,NTD,37.795
10.640051699471059,3,100,983,5,100,core,NTD,37.795
17.035517624314874,3,100,983,5,100,A1,Ours,6.466999999999999
0.2398342175120022,3,100,983,5,100,A2,Ours,6.466999999999999
4.725347408647016,3,100,983,5,100,A3,Ours,6.466999999999999
7.211120742315218,3,100,983,5,100,core,Ours,6.466999999999999
17.035517624314874,3,100,983,5,100,A1,HOSVD,5.213000000000001
0.2398342175120022,3,100,983,5,100,A2,HOSVD,5.213000000000001
2.479496583057244,3,100,983,5,100,A3,HOSVD,5.213000000000001
11.685782232454281,3,100,983,5,100,core,HOSVD,5.213000000000001
16.954804601678838,3,100,983,5,100,A1,HOOI,7.509
0.15731222699177316,3,100,983,5,100,A2,HOOI,7.509
2.516124599757584,3,100,983,5,100,A3,HOOI,7.509
11.596134961328811,3,100,983,5,100,core,HOOI,7.509
22.97331269812007,3,100,983,5,100,A1,Olga,3.9039999999999964
0.2513211273529897,3,100,983,5,100,A2,Olga,3.9039999999999964
2.8495916192632795,3,100,983,5,100,A3,Tracy,3.9039999999999964
13.390865942536056,3,100,983,5,100,core,Tracy_Olga,3.9039999999999964
110.74809524482338,3,100,4536,5,100,A1,NTD,154.82299999999998
4.040088391663469,3,100,4536,5,100,A2,NTD,154.82299999999998
4533.480218494037,3,100,4536,5,100,A3,NTD,154.82299999999998
9.172890502187077,3,100,4536,5,100,core,NTD,154.82299999999998
19.617036049598234,3,100,4536,5,100,A1,Ours,5.796999999999997
0.20285354817660342,3,100,4536,5,100,A2,Ours,5.796999999999997
5.327892693441759,3,100,4536,5,100,A3,Ours,5.796999999999997
11.676978019093903,3,100,4536,5,100,core,Ours,5.796999999999997
19.617036049598234,3,100,4536,5,100,A1,HOSVD,4.703999999999979
0.20285354817660342,3,100,4536,5,100,A2,HOSVD,4.703999999999979
2.7061082783468824,3,100,4536,5,100,A3,HOSVD,4.703999999999979
13.319364242414402,3,100,4536,5,100,core,HOSVD,4.703999999999979
20.6427020425953,3,100,4536,5,100,A1,HOOI,14.039999999999992
0.10909642805318456,3,100,4536,5,100,A2,HOOI,14.039999999999992
3.889718624870761,3,100,4536,5,100,A3,HOOI,14.039999999999992
9.411876610930644,3,100,4536,5,100,core,HOOI,14.039999999999992
84.09114413291991,3,100,4536,5,100,A1,Olga,19.89100000000002
1.280972595322073,3,100,4536,5,100,A2,Olga,19.89100000000002
4.701303399021249,3,100,4536,5,100,A3,Tracy,19.89100000000002
12.327132678068583,3,100,4536,5,100,core,Tracy_Olga,19.89100000000002
115.61346800001417,3,100,8212,5,100,A1,NTD,280.264
4.020257713385491,3,100,8212,5,100,A2,NTD,280.264
8209.561706046825,3,100,8212,5,100,A3,NTD,280.264
11.655923786444955,3,100,8212,5,100,core,NTD,280.264
22.01586483410166,3,100,8212,5,100,A1,Ours,10.139999999999986
0.07595138601375077,3,100,8212,5,100,A2,Ours,10.139999999999986
5.3827874946914465,3,100,8212,5,100,A3,Ours,10.139999999999986
11.608385188011455,3,100,8212,5,100,core,Ours,10.139999999999986
94.29595654338564,3,100,8212,5,100,A1,Olga,21.831000000000017
0.40492732389070857,3,100,8212,5,100,A2,Olga,21.831000000000017
4.808874182131785,3,100,8212,5,100,A3,Tracy,21.831000000000017
8.667444207030876,3,100,8212,5,100,core,Tracy_Olga,21.831000000000017
33.708429752469755,3,100,1000,5,500,A1,NTD,27.118000000000052
4.003594753695438,3,100,1000,5,500,A2,NTD,27.118000000000052
997.005540629136,3,100,1000,5,500,A3,NTD,27.118000000000052
11.710485420698332,3,100,1000,5,500,core,NTD,27.118000000000052
11.643758865931321,3,100,1000,5,500,A1,Ours,4.345000000000027
0.020354203356721785,3,100,1000,5,500,A2,Ours,4.345000000000027
0.7547832741577605,3,100,1000,5,500,A3,Ours,4.345000000000027
9.045740203905833,3,100,1000,5,500,core,Ours,4.345000000000027
11.643758865931321,3,100,1000,5,500,A1,HOSVD,3.3150000000000546
0.020354203356721785,3,100,1000,5,500,A2,HOSVD,3.3150000000000546
0.7175814960304328,3,100,1000,5,500,A3,HOSVD,3.3150000000000546
9.050833458047125,3,100,1000,5,500,core,HOSVD,3.3150000000000546
11.771981116369279,3,100,1000,5,500,A1,HOOI,0.8899999999999864
0.026094656145238232,3,100,1000,5,500,A2,HOOI,0.8899999999999864
0.697960076770296,3,100,1000,5,500,A3,HOOI,0.8899999999999864
9.049879977126512,3,100,1000,5,500,core,HOOI,0.8899999999999864
10.062718517255169,3,100,1000,5,500,A1,Olga,0.44899999999995543
0.05644738040641198,3,100,1000,5,500,A2,Olga,0.44899999999995543
1.5328834794920454,3,100,1000,5,500,A3,Tracy,0.44899999999995543
9.095105925963313,3,100,1000,5,500,core,Tracy_Olga,0.44899999999995543
86.17491176320738,3,100,4915,5,500,A1,NTD,168.06000000000006
2.0599412175509517,3,100,4915,5,500,A2,NTD,168.06000000000006
4912.3503408714905,3,100,4915,5,500,A3,NTD,168.06000000000006
11.082369848500905,3,100,4915,5,500,core,NTD,168.06000000000006
8.757091749642887,3,100,4915,5,500,A1,Ours,8.57000000000005
0.06100471407678473,3,100,4915,5,500,A2,Ours,8.57000000000005
5.056866991438116,3,100,4915,5,500,A3,Ours,8.57000000000005
15.067290296649778,3,100,4915,5,500,core,Ours,8.57000000000005
8.757091749642887,3,100,4915,5,500,A1,HOSVD,7.937999999999988
0.06100471407678473,3,100,4915,5,500,A2,HOSVD,7.937999999999988
2.5461406435446783,3,100,4915,5,500,A3,HOSVD,7.937999999999988
9.069851083769777,3,100,4915,5,500,core,HOSVD,7.937999999999988
8.696242686796829,3,100,4915,5,500,A1,HOOI,9.423000000000002
0.06015102708671745,3,100,4915,5,500,A2,HOOI,9.423000000000002
2.5514677841251543,3,100,4915,5,500,A3,HOOI,9.423000000000002
9.0819139187354,3,100,4915,5,500,core,HOOI,9.423000000000002
14.7283740375714,3,100,4915,5,500,A1,Olga,6.2000000000000455
0.37363747643270134,3,100,4915,5,500,A2,Olga,6.2000000000000455
2.8941091728395056,3,100,4915,5,500,A3,Tracy,6.2000000000000455
13.492117249825315,3,100,4915,5,500,core,Tracy_Olga,6.2000000000000455
45.270104437108635,3,100,9618,5,500,A1,NTD,330.79499999999996
2.040096682627428,3,100,9618,5,500,A2,NTD,330.79499999999996
9615.297874330972,3,100,9618,5,500,A3,NTD,330.79499999999996
13.311164149351876,3,100,9618,5,500,core,NTD,330.79499999999996
10.811792770492234,3,100,9618,5,500,A1,Ours,13.197999999999865
0.04364046774959372,3,100,9618,5,500,A2,Ours,13.197999999999865
5.422981315075993,3,100,9618,5,500,A3,Ours,13.197999999999865
12.160624882451438,3,100,9618,5,500,core,Ours,13.197999999999865
10.811792770492234,3,100,9618,5,500,A1,HOSVD,3.1030000000000655
0.04364046774959372,3,100,9618,5,500,A2,HOSVD,3.1030000000000655
2.6097380850996292,3,100,9618,5,500,A3,HOSVD,3.1030000000000655
8.99019157786772,3,100,9618,5,500,core,HOSVD,3.1030000000000655
10.5741084749762,3,100,9618,5,500,A1,HOOI,13.826999999999998
0.027171158052763666,3,100,9618,5,500,A2,HOOI,13.826999999999998
3.5605821152785153,3,100,9618,5,500,A3,HOOI,13.826999999999998
15.03461161784118,3,100,9618,5,500,core,HOOI,13.826999999999998
17.770960758603664,3,100,9618,5,500,A1,Olga,7.333999999999833
0.06434627238055725,3,100,9618,5,500,A2,Olga,7.333999999999833
4.03594966982885,3,100,9618,5,500,A3,Tracy,7.333999999999833
6.110439995983618,3,100,9618,5,500,core,Tracy_Olga,7.333999999999833
8.114785371385558,3,100,1000,5,1000,A1,NTD,27.889999999999873
2.0597762586531827,3,100,1000,5,1000,A2,NTD,27.889999999999873
997.0022026657783,3,100,1000,5,1000,A3,NTD,27.889999999999873
10.914895246425383,3,100,1000,5,1000,core,NTD,27.889999999999873
6.54771831648097,3,100,1000,5,1000,A1,Ours,3.0709999999999127
0.030596076593013777,3,100,1000,5,1000,A2,Ours,3.0709999999999127
0.565363598273929,3,100,1000,5,1000,A3,Ours,3.0709999999999127
9.099482958429078,3,100,1000,5,1000,core,Ours,3.0709999999999127
6.54771831648097,3,100,1000,5,1000,A1,HOSVD,2.158999999999878
0.030596076593013777,3,100,1000,5,1000,A2,HOSVD,2.158999999999878
0.5585685106950617,3,100,1000,5,1000,A3,HOSVD,2.158999999999878
9.10407570910693,3,100,1000,5,1000,core,HOSVD,2.158999999999878
6.48344454293448,3,100,1000,5,1000,A1,HOOI,2.244000000000142
0.01793170734618129,3,100,1000,5,1000,A2,HOOI,2.244000000000142
0.5612673151996946,3,100,1000,5,1000,A3,HOOI,2.244000000000142
9.097166056072645,3,100,1000,5,1000,core,HOOI,2.244000000000142
6.660917461214616,3,100,1000,5,1000,A1,Olga,1.9020000000000437
0.11323238568798016,3,100,1000,5,1000,A2,Olga,1.9020000000000437
1.4963579695491604,3,100,1000,5,1000,A3,Tracy,1.9020000000000437
10.405307906966005,3,100,1000,5,1000,core,Tracy_Olga,1.9020000000000437
4.476685502209444,3,100,4957,5,1000,A1,NTD,158.17700000000013
3.9978187595284576,3,100,4957,5,1000,A2,NTD,158.17700000000013
4954.137848102714,3,100,4957,5,1000,A3,NTD,158.17700000000013
9.60073557574923,3,100,4957,5,1000,core,NTD,158.17700000000013
7.04504469430828,3,100,4957,5,1000,A1,Ours,5.657999999999902
0.02790359251760004,3,100,4957,5,1000,A2,Ours,5.657999999999902
2.935093977968787,3,100,4957,5,1000,A3,Ours,5.657999999999902
9.90433180287728,3,100,4957,5,1000,core,Ours,5.657999999999902
7.04504469430828,3,100,4957,5,1000,A1,HOSVD,1.8140000000000782
0.02790359251760004,3,100,4957,5,1000,A2,HOSVD,1.8140000000000782
2.543871204360357,3,100,4957,5,1000,A3,HOSVD,1.8140000000000782
9.03783879229542,3,100,4957,5,1000,core,HOSVD,1.8140000000000782
7.023425274388358,3,100,4957,5,1000,A1,HOOI,5.2280000000000655
0.027108903617123023,3,100,4957,5,1000,A2,HOOI,5.2280000000000655
2.5465568126333524,3,100,4957,5,1000,A3,HOOI,5.2280000000000655
9.033778076995416,3,100,4957,5,1000,core,HOOI,5.2280000000000655
7.263719961904037,3,100,4957,5,1000,A1,Olga,2.3479999999999563
0.1653521171807395,3,100,4957,5,1000,A2,Olga,2.3479999999999563
2.888310838510678,3,100,4957,5,1000,A3,Tracy,2.3479999999999563
13.541421305155511,3,100,4957,5,1000,core,Tracy_Olga,2.3479999999999563
89.05222181403562,3,100,9813,5,1000,A1,NTD,310.94600000000014
0.05993554235483413,3,100,9813,5,1000,A2,NTD,310.94600000000014
9810.236699256184,3,100,9813,5,1000,A3,NTD,310.94600000000014
13.164865830462224,3,100,9813,5,1000,core,NTD,310.94600000000014
7.118594325967474,3,100,9813,5,1000,A1,Ours,13.400000000000091
0.005643221276009873,3,100,9813,5,1000,A2,Ours,13.400000000000091
5.208070193756998,3,100,9813,5,1000,A3,Ours,13.400000000000091
10.458467374686652,3,100,9813,5,1000,core,Ours,13.400000000000091
7.137849251127068,3,100,9813,5,1000,A1,HOOI,11.40800000000013
0.004863911985023973,3,100,9813,5,1000,A2,HOOI,11.40800000000013
3.901815610956021,3,100,9813,5,1000,A3,HOOI,11.40800000000013
10.745261365682333,3,100,9813,5,1000,core,HOOI,11.40800000000013
9.14156004202659,3,100,9813,5,1000,A1,Olga,6.628999999999905
0.26223090579918823,3,100,9813,5,1000,A2,Olga,6.628999999999905
2.930697069400884,3,100,9813,5,1000,A3,Tracy,6.628999999999905
13.525665481383557,3,100,9813,5,1000,core,Tracy_Olga,6.628999999999905
15.077533696655477,3,100,1000,5,2500,A1,NTD,28.743999999999915
1.363376188057231,3,100,1000,5,2500,A2,NTD,28.743999999999915
997.0006094182154,3,100,1000,5,2500,A3,NTD,28.743999999999915
12.212380287876389,3,100,1000,5,2500,core,NTD,28.743999999999915
5.589827294499541,3,100,1000,5,2500,A1,Ours,0.72199999999998
0.04269417847111846,3,100,1000,5,2500,A2,Ours,0.72199999999998
0.42684000785089676,3,100,1000,5,2500,A3,Ours,0.72199999999998
12.52844907720832,3,100,1000,5,2500,core,Ours,0.72199999999998
5.589827294499541,3,100,1000,5,2500,A1,HOSVD,0.46900000000005093
0.04269417847111846,3,100,1000,5,2500,A2,HOSVD,0.46900000000005093
0.42677374012585,3,100,1000,5,2500,A3,HOSVD,0.46900000000005093
12.524674922248963,3,100,1000,5,2500,core,HOSVD,0.46900000000005093
5.534636689759052,3,100,1000,5,2500,A1,HOOI,0.8799999999998818
0.043821111192597954,3,100,1000,5,2500,A2,HOOI,0.8799999999998818
0.4253468337730483,3,100,1000,5,2500,A3,HOOI,0.8799999999998818
12.547147686006609,3,100,1000,5,2500,core,HOOI,0.8799999999998818
4.0447288161997585,3,100,1000,5,2500,A1,Olga,1.1769999999999072
0.04277299510951725,3,100,1000,5,2500,A2,Olga,1.1769999999999072
1.4784496829111042,3,100,1000,5,2500,A3,Tracy,1.1769999999999072
8.914753633001704,3,100,1000,5,2500,core,Tracy_Olga,1.1769999999999072
2.9035041870526137,3,100,4984,5,2500,A1,NTD,156.28700000000003
3.3885678746048913,3,100,4984,5,2500,A2,NTD,156.28700000000003
4981.08518885469,3,100,4984,5,2500,A3,NTD,156.28700000000003
10.378857224945895,3,100,4984,5,2500,core,NTD,156.28700000000003
4.657440775145745,3,100,4984,5,2500,A1,Ours,12.080000000000155
0.03755880011108171,3,100,4984,5,2500,A2,Ours,12.080000000000155
2.5453600821733855,3,100,4984,5,2500,A3,Ours,12.080000000000155
9.04119264784448,3,100,4984,5,2500,core,Ours,12.080000000000155
4.657440775145745,3,100,4984,5,2500,A1,HOSVD,9.863999999999805
0.03755880011108171,3,100,4984,5,2500,A2,HOSVD,9.863999999999805
2.5123610626000543,3,100,4984,5,2500,A3,HOSVD,9.863999999999805
9.036299954244514,3,100,4984,5,2500,core,HOSVD,9.863999999999805
4.632225434657284,3,100,4984,5,2500,A1,HOOI,12.154999999999973
0.03358816401043699,3,100,4984,5,2500,A2,HOOI,12.154999999999973
2.512087116960097,3,100,4984,5,2500,A3,HOOI,12.154999999999973
9.038610276678245,3,100,4984,5,2500,core,HOOI,12.154999999999973
4.455707034340541,3,100,4984,5,2500,A1,Olga,6.523000000000138
0.06242820260735613,3,100,4984,5,2500,A2,Olga,6.523000000000138
2.8792968155872125,3,100,4984,5,2500,A3,Tracy,6.523000000000138
9.01600532001058,3,100,4984,5,2500,core,Tracy_Olga,6.523000000000138
79.21339897540349,3,100,9920,5,2500,A1,NTD,328.59699999999975
3.234635054454656,3,100,9920,5,2500,A2,NTD,328.59699999999975
9917.1256242807,3,100,9920,5,2500,A3,NTD,328.59699999999975
10.386734998608071,3,100,9920,5,2500,core,NTD,328.59699999999975
5.363702628871573,3,100,9920,5,2500,A1,Ours,13.501999999999953
0.029973228757929033,3,100,9920,5,2500,A2,Ours,13.501999999999953
2.9544989714328036,3,100,9920,5,2500,A3,Ours,13.501999999999953
10.450957581754176,3,100,9920,5,2500,core,Ours,13.501999999999953
5.363702628871573,3,100,9920,5,2500,A1,HOSVD,3.3350000000000364
0.029973228757929033,3,100,9920,5,2500,A2,HOSVD,3.3350000000000364
2.5569770633071065,3,100,9920,5,2500,A3,HOSVD,3.3350000000000364
8.985282865707365,3,100,9920,5,2500,core,HOSVD,3.3350000000000364
5.3726349779711855,3,100,9920,5,2500,A1,HOOI,10.197999999999865
0.03063059290081845,3,100,9920,5,2500,A2,HOOI,10.197999999999865
2.559437857827122,3,100,9920,5,2500,A3,HOOI,10.197999999999865
8.983368592830203,3,100,9920,5,2500,core,HOOI,10.197999999999865
4.663356171924419,3,100,9920,5,2500,A1,Olga,6.824000000000069
0.17200959837282376,3,100,9920,5,2500,A2,Olga,6.824000000000069
2.9245940945437248,3,100,9920,5,2500,A3,Tracy,6.824000000000069
13.442709424888312,3,100,9920,5,2500,core,Tracy_Olga,6.824000000000069
4.917853207053646,3,100,1000,5,5000,A1,NTD,28.496000000000095
1.7504703194488465,3,100,1000,5,5000,A2,NTD,28.496000000000095
997.0003876897998,3,100,1000,5,5000,A3,NTD,28.496000000000095
10.15931027516097,3,100,1000,5,5000,core,NTD,28.496000000000095
2.8954164117471515,3,100,1000,5,5000,A1,Ours,0.487999999999829
0.03035611335025685,3,100,1000,5,5000,A2,Ours,0.487999999999829
0.6771933743059516,3,100,1000,5,5000,A3,Ours,0.487999999999829
13.138551137509461,3,100,1000,5,5000,core,Ours,0.487999999999829
2.8954164117471515,3,100,1000,5,5000,A1,HOSVD,0.4110000000000582
0.03035611335025685,3,100,1000,5,5000,A2,HOSVD,0.4110000000000582
0.6770247286151205,3,100,1000,5,5000,A3,HOSVD,0.4110000000000582
13.137986070844551,3,100,1000,5,5000,core,HOSVD,0.4110000000000582
2.9021775735552997,3,100,1000,5,5000,A1,HOOI,0.7940000000003238
0.029277224425351342,3,100,1000,5,5000,A2,HOOI,0.7940000000003238
0.6783825975137907,3,100,1000,5,5000,A3,HOOI,0.7940000000003238
13.139614185340564,3,100,1000,5,5000,core,HOOI,0.7940000000003238
2.2733770937027407,3,100,1000,5,5000,A1,Olga,0.45899999999983265
0.014268514483323608,3,100,1000,5,5000,A2,Olga,0.45899999999983265
1.5003056430202628,3,100,1000,5,5000,A3,Tracy,0.45899999999983265
13.187139033406371,3,100,1000,5,5000,core,Tracy_Olga,0.45899999999983265
3.393973795558616,3,100,4989,5,5000,A1,NTD,158.54799999999977
2.0169301232501677,3,100,4989,5,5000,A2,NTD,158.54799999999977
4986.043506869785,3,100,4989,5,5000,A3,NTD,158.54799999999977
12.241854373311895,3,100,4989,5,5000,core,NTD,158.54799999999977
3.578248382953636,3,100,4989,5,5000,A1,Ours,8.80099999999993
0.009365065525111177,3,100,4989,5,5000,A2,Ours,8.80099999999993
2.4704296109129795,3,100,4989,5,5000,A3,Ours,8.80099999999993
9.000987628903562,3,100,4989,5,5000,core,Ours,8.80099999999993
3.578248382953636,3,100,4989,5,5000,A1,HOSVD,3.5
0.009365065525111177,3,100,4989,5,5000,A2,HOSVD,3.5
2.459848398802133,3,100,4989,5,5000,A3,HOSVD,3.5
9.000987628903562,3,100,4989,5,5000,core,HOSVD,3.5
3.559298212413152,3,100,4989,5,5000,A1,HOOI,4.795000000000073
0.009698249678814915,3,100,4989,5,5000,A2,HOOI,4.795000000000073
2.4707037671624548,3,100,4989,5,5000,A3,HOOI,4.795000000000073
9.000987628903562,3,100,4989,5,5000,core,HOOI,4.795000000000073
3.055227021623743,3,100,4989,5,5000,A1,Olga,2.69399999999996
0.05326143331456882,3,100,4989,5,5000,A2,Olga,2.69399999999996
2.9595065784271792,3,100,4989,5,5000,A3,Tracy,2.69399999999996
13.20127039166931,3,100,4989,5,5000,core,Tracy_Olga,2.69399999999996
3.57940619358539,3,100,9962,5,5000,A1,NTD,327.53200000000015
1.1636083221733289,3,100,9962,5,5000,A2,NTD,327.53200000000015
9959.235324266603,3,100,9962,5,5000,A3,NTD,327.53200000000015
8.604811189594274,3,100,9962,5,5000,core,NTD,327.53200000000015
3.3535495441287977,3,100,9962,5,5000,A1,Ours,13.893000000000029
0.014607735092147783,3,100,9962,5,5000,A2,Ours,13.893000000000029
2.565838257719302,3,100,9962,5,5000,A3,Ours,13.893000000000029
9.086925707429678,3,100,9962,5,5000,core,Ours,13.893000000000029
3.3535495441287977,3,100,9962,5,5000,A1,HOSVD,4.014000000000124
0.014607735092147783,3,100,9962,5,5000,A2,HOSVD,4.014000000000124
2.5330078223754366,3,100,9962,5,5000,A3,HOSVD,4.014000000000124
9.083145389662628,3,100,9962,5,5000,core,HOSVD,4.014000000000124
3.3662021697329014,3,100,9962,5,5000,A1,HOOI,11.818000000000211
0.014463676445233995,3,100,9962,5,5000,A2,HOOI,11.818000000000211
2.535276259501311,3,100,9962,5,5000,A3,HOOI,11.818000000000211
9.07835894046973,3,100,9962,5,5000,core,HOOI,11.818000000000211
2.920874017486077,3,100,9962,5,5000,A1,Olga,6.724999999999909
0.02376917544739395,3,100,9962,5,5000,A2,Olga,6.724999999999909
2.899987519175906,3,100,9962,5,5000,A3,Tracy,6.724999999999909
9.118437843571789,3,100,9962,5,5000,core,Tracy_Olga,6.724999999999909
3.508371074336669,3,100,1000,5,6000,A1,NTD,28.253000000000156
2.294232789363546,3,100,1000,5,6000,A2,NTD,28.253000000000156
997.000070409635,3,100,1000,5,6000,A3,NTD,28.253000000000156
12.455389313206078,3,100,1000,5,6000,core,NTD,28.253000000000156
3.143474371069414,3,100,1000,5,6000,A1,Ours,0.5740000000000691
0.0028902775171326706,3,100,1000,5,6000,A2,Ours,0.5740000000000691
0.08521493486714861,3,100,1000,5,6000,A3,Ours,0.5740000000000691
9.213078283643195,3,100,1000,5,6000,core,Ours,0.5740000000000691
3.143474371069414,3,100,1000,5,6000,A1,HOSVD,0.4099999999998545
0.0028902775171326706,3,100,1000,5,6000,A2,HOSVD,0.4099999999998545
0.08513547499848564,3,100,1000,5,6000,A3,HOSVD,0.4099999999998545
9.213066989560108,3,100,1000,5,6000,core,HOSVD,0.4099999999998545
3.140325050909589,3,100,1000,5,6000,A1,HOOI,0.7380000000002838
0.0022996372817879846,3,100,1000,5,6000,A2,HOOI,0.7380000000002838
0.08536442222745477,3,100,1000,5,6000,A3,HOOI,0.7380000000002838
9.213536275505502,3,100,1000,5,6000,core,HOOI,0.7380000000002838
2.1837226948970065,3,100,1000,5,6000,A1,Olga,0.45600000000013097
0.004253774623795561,3,100,1000,5,6000,A2,Olga,0.45600000000013097
1.3282402701384044,3,100,1000,5,6000,A3,Tracy,0.45600000000013097
9.189907002382638,3,100,1000,5,6000,core,Tracy_Olga,0.45600000000013097
16.12570940017968,3,100,4992,5,6000,A1,NTD,160.2449999999999
0.5721088519538904,3,100,4992,5,6000,A2,NTD,160.2449999999999
4989.029386894906,3,100,4992,5,6000,A3,NTD,160.2449999999999
10.111763606758448,3,100,4992,5,6000,core,NTD,160.2449999999999
6.122224689708268,3,100,4992,5,6000,A1,Ours,4.826999999999771
0.022109847365418576,3,100,4992,5,6000,A2,Ours,4.826999999999771
2.5174822388359077,3,100,4992,5,6000,A3,Ours,4.826999999999771
9.034373304206735,3,100,4992,5,6000,core,Ours,4.826999999999771
6.122224689708268,3,100,4992,5,6000,A1,HOSVD,2.338000000000193
0.022109847365418576,3,100,4992,5,6000,A2,HOSVD,2.338000000000193
2.5118387638583273,3,100,4992,5,6000,A3,HOSVD,2.338000000000193
9.033388365636032,3,100,4992,5,6000,core,HOSVD,2.338000000000193
6.124460807240997,3,100,4992,5,6000,A1,HOOI,4.3409999999998945
0.02208758189757273,3,100,4992,5,6000,A2,HOOI,4.3409999999998945
2.5120087418159884,3,100,4992,5,6000,A3,HOOI,4.3409999999998945
9.040267137876143,3,100,4992,5,6000,core,HOOI,4.3409999999998945
3.0781854537187754,3,100,4992,5,6000,A1,Olga,3.0229999999996835
0.027623453966003308,3,100,4992,5,6000,A2,Olga,3.0229999999996835
2.8569819749588845,3,100,4992,5,6000,A3,Tracy,3.0229999999996835
9.102775926470297,3,100,4992,5,6000,core,Tracy_Olga,3.0229999999996835
20.65564415684853,3,100,9970,5,6000,A1,NTD,333.203
1.9725828521019864,3,100,9970,5,6000,A2,NTD,333.203
9967.047089555586,3,100,9970,5,6000,A3,NTD,333.203
11.192414148568258,3,100,9970,5,6000,core,NTD,333.203
3.4223604582844054,3,100,9970,5,6000,A1,Ours,13.65099999999984
0.024149981501187967,3,100,9970,5,6000,A2,Ours,13.65099999999984
2.544521906427171,3,100,9970,5,6000,A3,Ours,13.65099999999984
9.0585002711252,3,100,9970,5,6000,core,Ours,13.65099999999984
3.4223604582844054,3,100,9970,5,6000,A1,HOSVD,3.1729999999997744
0.024149981501187967,3,100,9970,5,6000,A2,HOSVD,3.1729999999997744
2.520240156272625,3,100,9970,5,6000,A3,HOSVD,3.1729999999997744
9.05391713241415,3,100,9970,5,6000,core,HOSVD,3.1729999999997744
3.4067570082073524,3,100,9970,5,6000,A1,HOOI,11.134999999999764
0.02515048372172372,3,100,9970,5,6000,A2,HOOI,11.134999999999764
2.523794013387539,3,100,9970,5,6000,A3,HOOI,11.134999999999764
9.060234491380967,3,100,9970,5,6000,core,HOOI,11.134999999999764
2.9240263917412017,3,100,9970,5,6000,A1,Olga,6.93100000000004
0.03325161050538306,3,100,9970,5,6000,A2,Olga,6.93100000000004
2.902333701520105,3,100,9970,5,6000,A3,Tracy,6.93100000000004
9.05079169630551,3,100,9970,5,6000,core,Tracy_Olga,6.93100000000004
5.678271554126328,3,100,1000,5,7000,A1,NTD,28.17599999999993
1.5942296250390469,3,100,1000,5,7000,A2,NTD,28.17599999999993
997.0002015750673,3,100,1000,5,7000,A3,NTD,28.17599999999993
11.220341391679877,3,100,1000,5,7000,core,NTD,28.17599999999993
2.4867357858363457,3,100,1000,5,7000,A1,Ours,0.974999999999909
0.03570826532842857,3,100,1000,5,7000,A2,Ours,0.974999999999909
0.07767277085723413,3,100,1000,5,7000,A3,Ours,0.974999999999909
9.20854123893572,3,100,1000,5,7000,core,Ours,0.974999999999909
2.4867357858363457,3,100,1000,5,7000,A1,HOSVD,0.7780000000002474
0.03570826532842857,3,100,1000,5,7000,A2,HOSVD,0.7780000000002474
0.07764352411975836,3,100,1000,5,7000,A3,HOSVD,0.7780000000002474
9.208523668704313,3,100,1000,5,7000,core,HOSVD,0.7780000000002474
2.489629644821033,3,100,1000,5,7000,A1,HOOI,0.7560000000003129
0.03715660937739473,3,100,1000,5,7000,A2,HOOI,0.7560000000003129
0.07759678399793625,3,100,1000,5,7000,A3,HOOI,0.7560000000003129
9.209205905735264,3,100,1000,5,7000,core,HOOI,0.7560000000003129
1.8144333215288433,3,100,1000,5,7000,A1,Olga,0.5279999999997926
0.00904989804569953,3,100,1000,5,7000,A2,Olga,0.5279999999997926
1.3275848409597595,3,100,1000,5,7000,A3,Tracy,0.5279999999997926
9.165492536696455,3,100,1000,5,7000,core,Tracy_Olga,0.5279999999997926
3.7480425246037425,3,100,4995,5,7000,A1,NTD,157.50900000000001
2.257722285543713,3,100,4995,5,7000,A2,NTD,157.50900000000001
4992.020895140032,3,100,4995,5,7000,A3,NTD,157.50900000000001
6.441562076338939,3,100,4995,5,7000,core,NTD,157.50900000000001
3.4584698522539292,3,100,4995,5,7000,A1,Ours,16.842000000000098
0.009565203413930273,3,100,4995,5,7000,A2,Ours,16.842000000000098
2.5058247221740038,3,100,4995,5,7000,A3,Ours,16.842000000000098
9.107131533751124,3,100,4995,5,7000,core,Ours,16.842000000000098
3.4584698522539292,3,100,4995,5,7000,A1,HOSVD,16.02099999999973
0.009565203413930273,3,100,4995,5,7000,A2,HOSVD,16.02099999999973
2.501473683964597,3,100,4995,5,7000,A3,HOSVD,16.02099999999973
9.106722962175425,3,100,4995,5,7000,core,HOSVD,16.02099999999973
3.452746455452776,3,100,4995,5,7000,A1,HOOI,13.268999999999778
0.009350892751037879,3,100,4995,5,7000,A2,HOOI,13.268999999999778
2.504228175590963,3,100,4995,5,7000,A3,HOOI,13.268999999999778
9.111412960550751,3,100,4995,5,7000,core,HOOI,13.268999999999778
2.7489404795564147,3,100,4995,5,7000,A1,Olga,14.583000000000084
0.014086892043510012,3,100,4995,5,7000,A2,Olga,14.583000000000084
2.866046813874241,3,100,4995,5,7000,A3,Tracy,14.583000000000084
9.107764768930497,3,100,4995,5,7000,core,Tracy_Olga,14.583000000000084
2.8328695473334857,3,100,9980,5,7000,A1,NTD,330.9000000000001
4.016912747362611,3,100,9980,5,7000,A2,NTD,330.9000000000001
9977.049510502562,3,100,9980,5,7000,A3,NTD,330.9000000000001
12.07716711536785,3,100,9980,5,7000,core,NTD,330.9000000000001
2.2924636077254315,3,100,9980,5,7000,A1,Ours,13.347999999999956
0.012535678578277679,3,100,9980,5,7000,A2,Ours,13.347999999999956
2.524307550289325,3,100,9980,5,7000,A3,Ours,13.347999999999956
9.049707138089845,3,100,9980,5,7000,core,Ours,13.347999999999956
2.2924636077254315,3,100,9980,5,7000,A1,HOSVD,3.2969999999995707
0.012535678578277679,3,100,9980,5,7000,A2,HOSVD,3.2969999999995707
2.5073880183055404,3,100,9980,5,7000,A3,HOSVD,3.2969999999995707
9.047564746929392,3,100,9980,5,7000,core,HOSVD,3.2969999999995707
2.2772989622945676,3,100,9980,5,7000,A1,HOOI,10.43499999999949
0.011547353444653479,3,100,9980,5,7000,A2,HOOI,10.43499999999949
2.5050406835549626,3,100,9980,5,7000,A3,HOOI,10.43499999999949
9.053092115817924,3,100,9980,5,7000,core,HOOI,10.43499999999949
2.149347387344289,3,100,9980,5,7000,A1,Olga,6.846999999999753
0.013455045907338353,3,100,9980,5,7000,A2,Olga,6.846999999999753
2.879774749972571,3,100,9980,5,7000,A3,Tracy,6.846999999999753
9.103201897048969,3,100,9980,5,7000,core,Tracy_Olga,6.846999999999753
3.6861380237262558,3,100,1000,5,8000,A1,NTD,27.700000000000728
1.9782922276822517,3,100,1000,5,8000,A2,NTD,27.700000000000728
997.0000147420409,3,100,1000,5,8000,A3,NTD,27.700000000000728
11.292681393768765,3,100,1000,5,8000,core,NTD,27.700000000000728
1.863674128158818,3,100,1000,5,8000,A1,Ours,0.7010000000000218
0.010699843945314832,3,100,1000,5,8000,A2,Ours,0.7010000000000218
0.07345336245843695,3,100,1000,5,8000,A3,Ours,0.7010000000000218
9.19874266502472,3,100,1000,5,8000,core,Ours,0.7010000000000218
1.863674128158818,3,100,1000,5,8000,A1,HOSVD,0.680000000000291
0.010699843945314832,3,100,1000,5,8000,A2,HOSVD,0.680000000000291
0.07339259309180451,3,100,1000,5,8000,A3,HOSVD,0.680000000000291
9.198734955503378,3,100,1000,5,8000,core,HOSVD,0.680000000000291
1.8446007378410378,3,100,1000,5,8000,A1,HOOI,0.7680000000000291
0.0104532368601202,3,100,1000,5,8000,A2,HOOI,0.7680000000000291
0.07345845786223283,3,100,1000,5,8000,A3,HOOI,0.7680000000000291
9.198950178997809,3,100,1000,5,8000,core,HOOI,0.7680000000000291
1.8254487032962508,3,100,1000,5,8000,A1,Olga,0.45899999999983265
0.017949866414266314,3,100,1000,5,8000,A2,Olga,0.45899999999983265
1.3271443598684023,3,100,1000,5,8000,A3,Tracy,0.45899999999983265
9.16455437362874,3,100,1000,5,8000,core,Tracy_Olga,0.45899999999983265
4.827068512126565,3,100,4996,5,8000,A1,NTD,150.04799999999977
1.5386529175775532,3,100,4996,5,8000,A2,NTD,150.04799999999977
4993.026540300254,3,100,4996,5,8000,A3,NTD,150.04799999999977
6.2129702989635405,3,100,4996,5,8000,core,NTD,150.04799999999977
2.980324237773296,3,100,4996,5,8000,A1,Ours,4.411000000000058
0.01620595114585077,3,100,4996,5,8000,A2,Ours,4.411000000000058
2.4895265707324947,3,100,4996,5,8000,A3,Ours,4.411000000000058
13.477474217882632,3,100,4996,5,8000,core,Ours,4.411000000000058
2.980324237773296,3,100,4996,5,8000,A1,HOSVD,2.0010000000002037
0.01620595114585077,3,100,4996,5,8000,A2,HOSVD,2.0010000000002037
2.4864072652876787,3,100,4996,5,8000,A3,HOSVD,2.0010000000002037
13.474877997425269,3,100,4996,5,8000,core,HOSVD,2.0010000000002037
2.9684428084842804,3,100,4996,5,8000,A1,HOOI,4.660000000000764
0.016108060851640217,3,100,4996,5,8000,A2,HOOI,4.660000000000764
2.489799590316846,3,100,4996,5,8000,A3,HOOI,4.660000000000764
13.492925512571373,3,100,4996,5,8000,core,HOOI,4.660000000000764
2.828704891133577,3,100,4996,5,8000,A1,Olga,3.331000000000131
0.028437647452938752,3,100,4996,5,8000,A2,Olga,3.331000000000131
2.8750651413943134,3,100,4996,5,8000,A3,Tracy,3.331000000000131
13.459987398579472,3,100,4996,5,8000,core,Tracy_Olga,3.331000000000131
3.3424344173745104,3,100,9979,5,8000,A1,NTD,337.5559999999996
2.408694588707881,3,100,9979,5,8000,A2,NTD,337.5559999999996
9976.114035878258,3,100,9979,5,8000,A3,NTD,337.5559999999996
9.050907868789093,3,100,9979,5,8000,core,NTD,337.5559999999996
1.8468788625569954,3,100,9979,5,8000,A1,Ours,13.641000000000531
0.031193757779415427,3,100,9979,5,8000,A2,Ours,13.641000000000531
2.521230095445648,3,100,9979,5,8000,A3,Ours,13.641000000000531
9.079195399949905,3,100,9979,5,8000,core,Ours,13.641000000000531
1.8468788625569954,3,100,9979,5,8000,A1,HOSVD,3.6909999999998035
0.031193757779415427,3,100,9979,5,8000,A2,HOSVD,3.6909999999998035
2.50706961837004,3,100,9979,5,8000,A3,HOSVD,3.6909999999998035
9.07741795436045,3,100,9979,5,8000,core,HOSVD,3.6909999999998035
1.845092391438934,3,100,9979,5,8000,A1,HOOI,12.14299999999912
0.03130907541106992,3,100,9979,5,8000,A2,HOOI,12.14299999999912
2.5039861956167204,3,100,9979,5,8000,A3,HOOI,12.14299999999912
9.064338637610119,3,100,9979,5,8000,core,HOOI,12.14299999999912
1.6767309150292227,3,100,9979,5,8000,A1,Olga,7.859000000000378
0.011694232121940871,3,100,9979,5,8000,A2,Olga,7.859000000000378
2.9107719956068445,3,100,9979,5,8000,A3,Tracy,7.859000000000378
13.437322516596861,3,100,9979,5,8000,core,Tracy_Olga,7.859000000000378
46.66464513130078,3,100,1000,5,9000,A1,NTD,28.41400000000067
1.6772905328426333,3,100,1000,5,9000,A2,NTD,28.41400000000067
997.0001576794859,3,100,1000,5,9000,A3,NTD,28.41400000000067
12.376437758462648,3,100,1000,5,9000,core,NTD,28.41400000000067
2.909965566569449,3,100,1000,5,9000,A1,Ours,0.6739999999999782
0.008524513951914342,3,100,1000,5,9000,A2,Ours,0.6739999999999782
0.06790631632086587,3,100,1000,5,9000,A3,Ours,0.6739999999999782
9.166904097323096,3,100,1000,5,9000,core,Ours,0.6739999999999782
2.909965566569449,3,100,1000,5,9000,A1,HOSVD,0.5739999999996144
0.008524513951914342,3,100,1000,5,9000,A2,HOSVD,0.5739999999996144
0.06790182063336396,3,100,1000,5,9000,A3,HOSVD,0.5739999999996144
9.166896545104379,3,100,1000,5,9000,core,HOSVD,0.5739999999996144
2.906489184883723,3,100,1000,5,9000,A1,HOOI,0.7020000000002256
0.00897662664355716,3,100,1000,5,9000,A2,HOOI,0.7020000000002256
0.06793902938675864,3,100,1000,5,9000,A3,HOOI,0.7020000000002256
9.167049234351373,3,100,1000,5,9000,core,HOOI,0.7020000000002256
2.4243784788155667,3,100,1000,5,9000,A1,Olga,0.44400000000041473
0.014945496536183987,3,100,1000,5,9000,A2,Olga,0.44400000000041473
1.3255753528702419,3,100,1000,5,9000,A3,Tracy,0.44400000000041473
9.16442748524131,3,100,1000,5,9000,core,Tracy_Olga,0.44400000000041473
4.550856726677582,3,100,4996,5,9000,A1,NTD,149.90700000000015
2.0588604559473977,3,100,4996,5,9000,A2,NTD,149.90700000000015
4993.023646402182,3,100,4996,5,9000,A3,NTD,149.90700000000015
12.556703910811398,3,100,4996,5,9000,core,NTD,149.90700000000015
2.0913614027135425,3,100,4996,5,9000,A1,Ours,4.483000000000175
0.00757646088803566,3,100,4996,5,9000,A2,Ours,4.483000000000175
2.4884570112985114,3,100,4996,5,9000,A3,Ours,4.483000000000175
9.218915394744828,3,100,4996,5,9000,core,Ours,4.483000000000175
2.0913614027135425,3,100,4996,5,9000,A1,HOSVD,1.9130000000004657
0.00757646088803566,3,100,4996,5,9000,A2,HOSVD,1.9130000000004657
2.485723577588317,3,100,4996,5,9000,A3,HOSVD,1.9130000000004657
9.220801400339825,3,100,4996,5,9000,core,HOSVD,1.9130000000004657
2.102044924841041,3,100,4996,5,9000,A1,HOOI,4.042999999999665
0.009472142726955974,3,100,4996,5,9000,A2,HOOI,4.042999999999665
2.485287213795784,3,100,4996,5,9000,A3,HOOI,4.042999999999665
9.222312148383391,3,100,4996,5,9000,core,HOOI,4.042999999999665
2.2328429522997943,3,100,4996,5,9000,A1,Olga,2.4660000000003492
0.013145137254261596,3,100,4996,5,9000,A2,Olga,2.4660000000003492
2.867482500854916,3,100,4996,5,9000,A3,Tracy,2.4660000000003492
9.230145628173997,3,100,4996,5,9000,core,Tracy_Olga,2.4660000000003492
12.220218127409783,3,100,9985,5,9000,A1,NTD,322.84700000000066
0.13292894965080704,3,100,9985,5,9000,A2,NTD,322.84700000000066
9982.03585141441,3,100,9985,5,9000,A3,NTD,322.84700000000066
10.297858162080894,3,100,9985,5,9000,core,NTD,322.84700000000066
3.121251413921627,3,100,9985,5,9000,A1,Ours,13.128999999999905
0.014935152064459034,3,100,9985,5,9000,A2,Ours,13.128999999999905
2.539697855290304,3,100,9985,5,9000,A3,Ours,13.128999999999905
9.065725787000423,3,100,9985,5,9000,core,Ours,13.128999999999905
3.121251413921627,3,100,9985,5,9000,A1,HOSVD,3.131000000000313
0.014935152064459034,3,100,9985,5,9000,A2,HOSVD,3.131000000000313
2.5297174075045175,3,100,9985,5,9000,A3,HOSVD,3.131000000000313
9.064154203901179,3,100,9985,5,9000,core,HOSVD,3.131000000000313
3.1185952982821243,3,100,9985,5,9000,A1,HOOI,10.899999999999636
0.014930302914575198,3,100,9985,5,9000,A2,HOOI,10.899999999999636
2.527980499223698,3,100,9985,5,9000,A3,HOOI,10.899999999999636
9.065173998884259,3,100,9985,5,9000,core,HOOI,10.899999999999636
2.519157363157183,3,100,9985,5,9000,A1,Olga,7.152999999999338
0.019624994563952166,3,100,9985,5,9000,A2,Olga,7.152999999999338
2.887780458927003,3,100,9985,5,9000,A3,Tracy,7.152999999999338
9.05604531183018,3,100,9985,5,9000,core,Tracy_Olga,7.152999999999338
4.045750336914663,3,100,1000,5,10000,A1,NTD,28.02099999999973
1.7890920806576205,3,100,1000,5,10000,A2,NTD,28.02099999999973
997.0000195910806,3,100,1000,5,10000,A3,NTD,28.02099999999973
12.116724692034227,3,100,1000,5,10000,core,NTD,28.02099999999973
2.077090856833141,3,100,1000,5,10000,A1,Ours,0.842000000000553
0.008052129436096837,3,100,1000,5,10000,A2,Ours,0.842000000000553
0.0656878008222601,3,100,1000,5,10000,A3,Ours,0.842000000000553
9.178477344346303,3,100,1000,5,10000,core,Ours,0.842000000000553
2.077090856833141,3,100,1000,5,10000,A1,HOSVD,0.694999999999709
0.008052129436096837,3,100,1000,5,10000,A2,HOSVD,0.694999999999709
0.065662585191259365,3,100,1000,5,10000,A3,HOSVD,0.694999999999709
9.178475298586598,3,100,1000,5,10000,core,HOSVD,0.694999999999709
2.0709537088019663,3,100,1000,5,10000,A1,HOOI,1.1799999999993815
0.00842464172795331,3,100,1000,5,10000,A2,HOOI,1.1799999999993815
0.06574589262103561,3,100,1000,5,10000,A3,HOOI,1.1799999999993815
9.178315770640653,3,100,1000,5,10000,core,HOOI,1.1799999999993815
2.2612827586767263,3,100,1000,5,10000,A1,Olga,1.15099999999984
0.0067425923638185815,3,100,1000,5,10000,A2,Olga,1.15099999999984
1.325696039538472,3,100,1000,5,10000,A3,Tracy,1.15099999999984
9.165620023541504,3,100,1000,5,10000,core,Tracy_Olga,1.15099999999984
8.389510747294828,3,100,4995,5,10000,A1,NTD,161.97000000000025
3.0356706329908207,3,100,4995,5,10000,A2,NTD,161.97000000000025
4992.045007900839,3,100,4995,5,10000,A3,NTD,161.97000000000025
9.117704171396873,3,100,4995,5,10000,core,NTD,161.97000000000025
1.7505022116327733,3,100,4995,5,10000,A1,Ours,4.987999999999374
0.00948724471317645,3,100,4995,5,10000,A2,Ours,4.987999999999374
2.4610297491752773,3,100,4995,5,10000,A3,Ours,4.987999999999374
9.127167621281178,3,100,4995,5,10000,core,Ours,4.987999999999374
1.7505022116327733,3,100,4995,5,10000,A1,HOSVD,2.063000000000102
0.00948724471317645,3,100,4995,5,10000,A2,HOSVD,2.063000000000102
2.4583078103340705,3,100,4995,5,10000,A3,HOSVD,2.063000000000102
9.127167621281178,3,100,4995,5,10000,core,HOSVD,2.063000000000102
1.7602045239755215,3,100,4995,5,10000,A1,HOOI,4.542999999999665
0.009866668555204865,3,100,4995,5,10000,A2,HOOI,4.542999999999665
2.4578028747613097,3,100,4995,5,10000,A3,HOOI,4.542999999999665
9.127167621281176,3,100,4995,5,10000,core,HOOI,4.542999999999665
1.946304456942808,3,100,4995,5,10000,A1,Olga,2.5689999999995052
0.01942254168050358,3,100,4995,5,10000,A2,Olga,2.5689999999995052
2.9585256238340736,3,100,4995,5,10000,A3,Tracy,2.5689999999995052
8.751923286472735,3,100,4995,5,10000,core,Tracy_Olga,2.5689999999995052
3.271104241493505,3,100,9989,5,10000,A1,NTD,332.9859999999999
1.1093753486059115,3,100,9989,5,10000,A2,NTD,332.9859999999999
9986.02839859108,3,100,9989,5,10000,A3,NTD,332.9859999999999
13.86620152525306,3,100,9989,5,10000,core,NTD,332.9859999999999
1.7175327921525287,3,100,9989,5,10000,A1,Ours,12.239000000000487
0.013443592352639337,3,100,9989,5,10000,A2,Ours,12.239000000000487
2.5337442502329024,3,100,9989,5,10000,A3,Ours,12.239000000000487
9.077285932543782,3,100,9989,5,10000,core,Ours,12.239000000000487
1.7175327921525287,3,100,9989,5,10000,A1,HOSVD,2.4970000000002983
0.013443592352639337,3,100,9989,5,10000,A2,HOSVD,2.4970000000002983
2.5254885800683673,3,100,9989,5,10000,A3,HOSVD,2.4970000000002983
9.076041476147763,3,100,9989,5,10000,core,HOSVD,2.4970000000002983
1.721928944437633,3,100,9989,5,10000,A1,HOOI,9.69000000000051
0.012438835344721446,3,100,9989,5,10000,A2,HOOI,9.69000000000051
2.5265409129676004,3,100,9989,5,10000,A3,HOOI,9.69000000000051
9.07100183622127,3,100,9989,5,10000,core,HOOI,9.69000000000051
2.217564446136566,3,100,9989,5,10000,A1,Olga,5.610999999999876
0.01667527274997321,3,100,9989,5,10000,A2,Olga,5.610999999999876
2.8844678434273336,3,100,9989,5,10000,A3,Tracy,5.610999999999876
9.055961897250711,3,100,9989,5,10000,core,Tracy_Olga,5.610999999999876
