error,K,Q1,R,Q2,M,mode,method,time
48.07877557104655,3,100,100,5,100,A1,NTD,9.562000000000001
1.239437576337802,3,100,100,5,100,A2,NTD,9.562000000000001
97.00787446863006,3,100,100,5,100,A3,NTD,9.562000000000001
10.05221566140039,3,100,100,5,100,core,NTD,9.562000000000001
31.75372046723361,3,100,100,5,100,A1,Ours,1.3230000000000004
0.15753694956224423,3,100,100,5,100,A2,Ours,1.3230000000000004
0.32437884948556334,3,100,100,5,100,A3,Ours,1.3230000000000004
10.42294070185882,3,100,100,5,100,core,Ours,1.3230000000000004
31.75372046723361,3,100,100,5,100,A1,HOSVD,0.16399999999999793
0.15753694956224423,3,100,100,5,100,A2,HOSVD,0.16399999999999793
0.32619369361698697,3,100,100,5,100,A3,HOSVD,0.16399999999999793
10.4138282982712,3,100,100,5,100,core,HOSVD,0.16399999999999793
31.331061878069924,3,100,100,5,100,A1,HOOI,0.29799999999999827
0.0724413322626986,3,100,100,5,100,A2,HOOI,0.29799999999999827
0.2819135565768816,3,100,100,5,100,A3,HOOI,0.29799999999999827
10.435500312971257,3,100,100,5,100,core,HOOI,0.29799999999999827
33.508014610785025,3,100,100,5,100,A1,Olga,0.13899999999999935
0.07528162187573885,3,100,100,5,100,A2,Olga,0.13899999999999935
1.1652302819151827,3,100,100,5,100,A3,Tracy,0.13899999999999935
10.127231738002115,3,100,100,5,100,core,Tracy_Olga,0.13899999999999935
72.52089141880023,3,100,499,5,100,A1,NTD,42.891999999999996
3.2802898136969847,3,100,499,5,100,A2,NTD,42.891999999999996
496.5929032156167,3,100,499,5,100,A3,NTD,42.891999999999996
10.420809153957784,3,100,499,5,100,core,NTD,42.891999999999996
36.5627621422004,3,100,499,5,100,A1,Ours,0.6400000000000006
0.149212412303894,3,100,499,5,100,A2,Ours,0.6400000000000006
2.9478811737419597,3,100,499,5,100,A3,Ours,0.6400000000000006
10.573880784588358,3,100,499,5,100,core,Ours,0.6400000000000006
36.5627621422004,3,100,499,5,100,A1,HOSVD,0.7879999999999967
0.149212412303894,3,100,499,5,100,A2,HOSVD,0.7879999999999967
2.526511601628639,3,100,499,5,100,A3,HOSVD,0.7879999999999967
10.356390538675573,3,100,499,5,100,core,HOSVD,0.7879999999999967
33.55273693023461,3,100,499,5,100,A1,HOOI,1.3900000000000006
0.1480589321810061,3,100,499,5,100,A2,HOOI,1.3900000000000006
2.585629836980309,3,100,499,5,100,A3,HOOI,1.3900000000000006
10.38094213542072,3,100,499,5,100,core,HOOI,1.3900000000000006
41.00464633263758,3,100,499,5,100,A1,Olga,0.9519999999999982
0.4661747944977072,3,100,499,5,100,A2,Olga,0.9519999999999982
2.815779796289967,3,100,499,5,100,A3,Tracy,0.9519999999999982
10.172700378051308,3,100,499,5,100,core,Tracy_Olga,0.9519999999999982
55.5333534069462,3,100,982,5,100,A1,NTD,80.47500000000001
3.164104761540228,3,100,982,5,100,A2,NTD,80.47500000000001
979.3044906392292,3,100,982,5,100,A3,NTD,80.47500000000001
10.101352785349686,3,100,982,5,100,core,NTD,80.47500000000001
38.900716641771474,3,100,982,5,100,A1,Ours,1.125
0.13923832726815213,3,100,982,5,100,A2,Ours,1.125
3.2511659807057574,3,100,982,5,100,A3,Ours,1.125
11.23985483992056,3,100,982,5,100,core,Ours,1.125
38.900716641771474,3,100,982,5,100,A1,HOSVD,1.7209999999999752
0.13923832726815213,3,100,982,5,100,A2,HOSVD,1.7209999999999752
2.5418028489040094,3,100,982,5,100,A3,HOSVD,1.7209999999999752
10.311851034879444,3,100,982,5,100,core,HOSVD,1.7209999999999752
39.62560970507681,3,100,982,5,100,A1,HOOI,2.0080000000000098
0.03353063462390401,3,100,982,5,100,A2,HOOI,2.0080000000000098
2.5818257488169376,3,100,982,5,100,A3,HOOI,2.0080000000000098
10.243436701952266,3,100,982,5,100,core,HOOI,2.0080000000000098
52.825422628418686,3,100,982,5,100,A1,Olga,1.002999999999986
2.729222761682635,3,100,982,5,100,A2,Olga,1.002999999999986
2.8384725504835164,3,100,982,5,100,A3,Tracy,1.002999999999986
9.987827103629806,3,100,982,5,100,core,Tracy_Olga,1.002999999999986
120.6622656737264,3,100,2376,5,100,A1,NTD,177.60299999999998
3.1427214214299313,3,100,2376,5,100,A2,NTD,177.60299999999998
2373.478967191148,3,100,2376,5,100,A3,NTD,177.60299999999998
10.674551779518668,3,100,2376,5,100,core,NTD,177.60299999999998
50.901671147802176,3,100,2376,5,100,A1,Ours,3.6690000000000396
0.12109562893824297,3,100,2376,5,100,A2,Ours,3.6690000000000396
5.146943969239938,3,100,2376,5,100,A3,Ours,3.6690000000000396
11.304206610188345,3,100,2376,5,100,core,Ours,3.6690000000000396
50.901671147802176,3,100,2376,5,100,A1,HOSVD,1.8120000000000118
0.12109562893824297,3,100,2376,5,100,A2,HOSVD,1.8120000000000118
2.5888847298061104,3,100,2376,5,100,A3,HOSVD,1.8120000000000118
13.537078972234715,3,100,2376,5,100,core,HOSVD,1.8120000000000118
44.04050236021132,3,100,2376,5,100,A1,HOOI,5.6480000000000246
0.053497465724585816,3,100,2376,5,100,A2,HOOI,5.6480000000000246
3.7740092115822237,3,100,2376,5,100,A3,HOOI,5.6480000000000246
13.258618317980298,3,100,2376,5,100,core,HOOI,5.6480000000000246
75.49423788974012,3,100,2376,5,100,A1,Olga,2.2409999999999854
3.713372827965129,3,100,2376,5,100,A2,Olga,2.2409999999999854
2.9787474489179506,3,100,2376,5,100,A3,Tracy,2.2409999999999854
10.567294788190456,3,100,2376,5,100,core,Tracy_Olga,2.2409999999999854
121.05896062714753,3,100,4491,5,100,A1,NTD,326.883
3.6907707169560147,3,100,4491,5,100,A2,NTD,326.883
4488.619371003256,3,100,4491,5,100,A3,NTD,326.883
12.115660008620386,3,100,4491,5,100,core,NTD,326.883
46.007921809698615,3,100,4491,5,100,A1,Ours,13.08400000000006
0.18488344909189827,3,100,4491,5,100,A2,Ours,13.08400000000006
5.339592965276145,3,100,4491,5,100,A3,Ours,13.08400000000006
10.186540501537012,3,100,4491,5,100,core,Ours,13.08400000000006
46.007921809698615,3,100,4491,5,100,A1,HOSVD,10.26400000000001
0.18488344909189827,3,100,4491,5,100,A2,HOSVD,10.26400000000001
2.7419568804042944,3,100,4491,5,100,A3,HOSVD,10.26400000000001
9.326218339759409,3,100,4491,5,100,core,HOSVD,10.26400000000001
44.87719061393361,3,100,4491,5,100,A1,HOOI,16.882000000000062
0.1114972761912832,3,100,4491,5,100,A2,HOOI,16.882000000000062
3.641065606415423,3,100,4491,5,100,A3,HOOI,16.882000000000062
10.298186010351502,3,100,4491,5,100,core,HOOI,16.882000000000062
88.80196176349651,3,100,4491,5,100,A1,Olga,6.065000000000055
4.1114287176654365,3,100,4491,5,100,A2,Olga,6.065000000000055
4.006978983173929,3,100,4491,5,100,A3,Tracy,6.065000000000055
12.094813817616547,3,100,4491,5,100,core,Tracy_Olga,6.065000000000055
113.87081769490155,3,100,5277,5,100,A1,NTD,397.0239999999999
3.648293312131833,3,100,5277,5,100,A2,NTD,397.0239999999999
5274.532596657124,3,100,5277,5,100,A3,NTD,397.0239999999999
12.065133635637435,3,100,5277,5,100,core,NTD,397.0239999999999
35.84562673382492,3,100,5277,5,100,A1,Ours,15.15800000000013
0.07670633866475475,3,100,5277,5,100,A2,Ours,15.15800000000013
5.369783640620682,3,100,5277,5,100,A3,Ours,15.15800000000013
10.094598598319198,3,100,5277,5,100,core,Ours,15.15800000000013
35.84562673382492,3,100,5277,5,100,A1,HOSVD,10.273000000000138
0.07670633866475475,3,100,5277,5,100,A2,HOSVD,10.273000000000138
4.816653543941738,3,100,5277,5,100,A3,HOSVD,10.273000000000138
11.970794543764647,3,100,5277,5,100,core,HOSVD,10.273000000000138
39.23006677216409,3,100,5277,5,100,A1,HOOI,19.71699999999987
0.10900838237485436,3,100,5277,5,100,A2,HOOI,19.71699999999987
3.891376502181892,3,100,5277,5,100,A3,HOOI,19.71699999999987
11.989895350687103,3,100,5277,5,100,core,HOOI,19.71699999999987
79.90496093928297,3,100,5277,5,100,A1,Olga,10.743000000000166
2.659812438881409,3,100,5277,5,100,A2,Olga,10.743000000000166
3.9721061175966055,3,100,5277,5,100,A3,Tracy,10.743000000000166
10.5036108272018,3,100,5277,5,100,core,Tracy_Olga,10.743000000000166
121.24222074473825,3,100,6016,5,100,A1,NTD,446.1740000000002
3.64830403250765,3,100,6016,5,100,A2,NTD,446.1740000000002
6013.5558671769395,3,100,6016,5,100,A3,NTD,446.1740000000002
10.755818102167442,3,100,6016,5,100,core,NTD,446.1740000000002
39.104051857937975,3,100,6016,5,100,A1,Ours,15.405999999999949
0.11230090232378515,3,100,6016,5,100,A2,Ours,15.405999999999949
5.433960204848447,3,100,6016,5,100,A3,Ours,15.405999999999949
10.084203964601052,3,100,6016,5,100,core,Ours,15.405999999999949
39.104051857937975,3,100,6016,5,100,A1,HOSVD,5.491999999999962
0.11230090232378515,3,100,6016,5,100,A2,HOSVD,5.491999999999962
2.840134902935926,3,100,6016,5,100,A3,HOSVD,5.491999999999962
9.28488450799536,3,100,6016,5,100,core,HOSVD,5.491999999999962
36.38115014613565,3,100,6016,5,100,A1,HOOI,19.273999999999887
0.11012066372880035,3,100,6016,5,100,A2,HOOI,19.273999999999887
4.8455972128893,3,100,6016,5,100,A3,HOOI,19.273999999999887
12.37601332968935,3,100,6016,5,100,core,HOOI,19.273999999999887
68.5423508411153,3,100,6016,5,100,A1,Olga,15.2650000000001
3.4726159240882315,3,100,6016,5,100,A2,Olga,15.2650000000001
3.123131454083229,3,100,6016,5,100,A3,Tracy,15.2650000000001
9.7150707842885,3,100,6016,5,100,core,Tracy_Olga,15.2650000000001
126.95652732398867,3,100,6740,5,100,A1,NTD,472.9470000000001
3.1639087814461853,3,100,6740,5,100,A2,NTD,472.9470000000001
6737.574635055396,3,100,6740,5,100,A3,NTD,472.9470000000001
11.224819238260796,3,100,6740,5,100,core,NTD,472.9470000000001
39.08340616350753,3,100,6740,5,100,A1,Ours,19.592000000000098
0.15663041775607675,3,100,6740,5,100,A2,Ours,19.592000000000098
5.312128021757203,3,100,6740,5,100,A3,Ours,19.592000000000098
10.094598615652314,3,100,6740,5,100,core,Ours,19.592000000000098
39.08340616350753,3,100,6740,5,100,A1,HOSVD,6.682000000000244
0.15663041775607675,3,100,6740,5,100,A2,HOSVD,6.682000000000244
2.8879770149229227,3,100,6740,5,100,A3,HOSVD,6.682000000000244
10.32702152281444,3,100,6740,5,100,core,HOSVD,6.682000000000244
39.81278969783391,3,100,6740,5,100,A1,HOOI,20.554999999999836
0.12184119755340822,3,100,6740,5,100,A2,HOOI,20.554999999999836
3.9153412009818456,3,100,6740,5,100,A3,HOOI,20.554999999999836
12.638109001853863,3,100,6740,5,100,core,HOOI,20.554999999999836
81.57748548153783,3,100,6740,5,100,A1,Olga,8.225000000000364
2.9413487877763935,3,100,6740,5,100,A2,Olga,8.225000000000364
3.1922313833845646,3,100,6740,5,100,A3,Tracy,8.225000000000364
8.11440986865195,3,100,6740,5,100,core,Tracy_Olga,8.225000000000364
119.05641387285792,3,100,7468,5,100,A1,NTD,517.0210000000002
3.1665927909758294,3,100,7468,5,100,A2,NTD,517.0210000000002
7465.7268168135515,3,100,7468,5,100,A3,NTD,517.0210000000002
10.549274902579752,3,100,7468,5,100,core,NTD,517.0210000000002
42.371006905993646,3,100,7468,5,100,A1,Ours,20.773999999999887
0.18452313131618986,3,100,7468,5,100,A2,Ours,20.773999999999887
5.414737552133602,3,100,7468,5,100,A3,Ours,20.773999999999887
13.98186314231403,3,100,7468,5,100,core,Ours,20.773999999999887
42.371006905993646,3,100,7468,5,100,A1,HOSVD,5.141000000000076
0.18452313131618986,3,100,7468,5,100,A2,HOSVD,5.141000000000076
4.025530828014676,3,100,7468,5,100,A3,HOSVD,5.141000000000076
13.488763326061768,3,100,7468,5,100,core,HOSVD,5.141000000000076
43.59521554781283,3,100,7468,5,100,A1,HOOI,25.98400000000038
0.16230666994926884,3,100,7468,5,100,A2,HOOI,25.98400000000038
4.221308049532151,3,100,7468,5,100,A3,HOOI,25.98400000000038
7.091796813306994,3,100,7468,5,100,core,HOOI,25.98400000000038
78.50981309410083,3,100,7468,5,100,A1,Olga,9.37900000000036
3.289362786979577,3,100,7468,5,100,A2,Olga,9.37900000000036
3.9891458731206892,3,100,7468,5,100,A3,Tracy,9.37900000000036
10.392182564662548,3,100,7468,5,100,core,Tracy_Olga,9.37900000000036
119.04743864010392,3,100,8164,5,100,A1,NTD,540.0440000000003
5.121450549707686,3,100,8164,5,100,A2,NTD,540.0440000000003
8161.61781365762,3,100,8164,5,100,A3,NTD,540.0440000000003
9.945623867285363,3,100,8164,5,100,core,NTD,540.0440000000003
46.80872503178289,3,100,8164,5,100,A1,Ours,21.914999999999964
0.14025722881394592,3,100,8164,5,100,A2,Ours,21.914999999999964
5.342933968204083,3,100,8164,5,100,A3,Ours,21.914999999999964
10.080447444753547,3,100,8164,5,100,core,Ours,21.914999999999964
46.80872503178289,3,100,8164,5,100,A1,HOSVD,8.376999999999953
0.14025722881394592,3,100,8164,5,100,A2,HOSVD,8.376999999999953
2.9367566223350066,3,100,8164,5,100,A3,HOSVD,8.376999999999953
9.179663536474589,3,100,8164,5,100,core,HOSVD,8.376999999999953
45.98601284968408,3,100,8164,5,100,A1,HOOI,29.888000000000375
0.09528122673513513,3,100,8164,5,100,A2,HOOI,29.888000000000375
4.02715123461195,3,100,8164,5,100,A3,HOOI,29.888000000000375
11.519889014410982,3,100,8164,5,100,core,HOOI,29.888000000000375
82.94757476287384,3,100,8164,5,100,A1,Olga,11.603999999999814
3.131269086909894,3,100,8164,5,100,A2,Olga,11.603999999999814
3.9954661148508137,3,100,8164,5,100,A3,Tracy,11.603999999999814
9.404422232550704,3,100,8164,5,100,core,Tracy_Olga,11.603999999999814
21.345647802886646,3,100,100,5,3000,A1,NTD,8.394999999999982
0.7245232757765427,3,100,100,5,3000,A2,NTD,8.394999999999982
97.00085264995943,3,100,100,5,3000,A3,NTD,8.394999999999982
9.91936583598015,3,100,100,5,3000,core,NTD,8.394999999999982
7.108926885002904,3,100,100,5,3000,A1,Ours,0.15200000000004366
0.008849791722293084,3,100,100,5,3000,A2,Ours,0.15200000000004366
0.04164744152485764,3,100,100,5,3000,A3,Ours,0.15200000000004366
10.27369024175258,3,100,100,5,3000,core,Ours,0.15200000000004366
7.108926885002904,3,100,100,5,3000,A1,HOSVD,0.22400000000016007
0.008849791722293084,3,100,100,5,3000,A2,HOSVD,0.22400000000016007
0.041647902800831305,3,100,100,5,3000,A3,HOSVD,0.22400000000016007
10.273687742780751,3,100,100,5,3000,core,HOSVD,0.22400000000016007
7.290204602886614,3,100,100,5,3000,A1,HOOI,0.21800000000030195
0.010851587054784237,3,100,100,5,3000,A2,HOOI,0.21800000000030195
0.041346076690934624,3,100,100,5,3000,A3,HOOI,0.21800000000030195
10.273913401072605,3,100,100,5,3000,core,HOOI,0.21800000000030195
5.966287330023499,3,100,100,5,3000,A1,Olga,0.15000000000009095
0.005089636368779963,3,100,100,5,3000,A2,Olga,0.15000000000009095
1.0495807418179814,3,100,100,5,3000,A3,Tracy,0.15000000000009095
10.09577456303196,3,100,100,5,3000,core,Tracy_Olga,0.15000000000009095
12.877024969959399,3,100,500,5,3000,A1,NTD,32.82099999999991
0.14764811263438302,3,100,500,5,3000,A2,NTD,32.82099999999991
497.00011555991455,3,100,500,5,3000,A3,NTD,32.82099999999991
14.441878542669333,3,100,500,5,3000,core,NTD,32.82099999999991
11.418842723832507,3,100,500,5,3000,A1,Ours,0.7829999999999018
0.014524288412352692,3,100,500,5,3000,A2,Ours,0.7829999999999018
0.09373139860129033,3,100,500,5,3000,A3,Ours,0.7829999999999018
10.197930944344893,3,100,500,5,3000,core,Ours,0.7829999999999018
11.418842723832507,3,100,500,5,3000,A1,HOSVD,0.5369999999998072
0.014524288412352692,3,100,500,5,3000,A2,HOSVD,0.5369999999998072
0.09373777202107095,3,100,500,5,3000,A3,HOSVD,0.5369999999998072
10.197831839283321,3,100,500,5,3000,core,HOSVD,0.5369999999998072
11.476383670062596,3,100,500,5,3000,A1,HOOI,0.8290000000001783
0.012667191995902063,3,100,500,5,3000,A2,HOOI,0.8290000000001783
0.09366086159720903,3,100,500,5,3000,A3,HOOI,0.8290000000001783
10.195022676533082,3,100,500,5,3000,core,HOOI,0.8290000000001783
7.8696016253492385,3,100,500,5,3000,A1,Olga,0.5520000000001346
0.020626369585531497,3,100,500,5,3000,A2,Olga,0.5520000000001346
1.2646764584565817,3,100,500,5,3000,A3,Tracy,0.5520000000001346
10.199696113012598,3,100,500,5,3000,core,Tracy_Olga,0.5520000000001346
19.56549951095343,3,100,1000,5,3000,A1,NTD,72.0989999999997
0.6815950766145868,3,100,1000,5,3000,A2,NTD,72.0989999999997
997.0006755573643,3,100,1000,5,3000,A3,NTD,72.0989999999997
9.796757984634162,3,100,1000,5,3000,core,NTD,72.0989999999997
9.203065920027596,3,100,1000,5,3000,A1,Ours,1.3910000000000764
0.012923426523782651,3,100,1000,5,3000,A2,Ours,1.3910000000000764
0.40942033104349723,3,100,1000,5,3000,A3,Ours,1.3910000000000764
10.263513676407195,3,100,1000,5,3000,core,Ours,1.3910000000000764
9.203065920027596,3,100,1000,5,3000,A1,HOSVD,0.9099999999998545
0.012923426523782651,3,100,1000,5,3000,A2,HOSVD,0.9099999999998545
0.40874482850664456,3,100,1000,5,3000,A3,HOSVD,0.9099999999998545
10.262416323607098,3,100,1000,5,3000,core,HOSVD,0.9099999999998545
9.171562151807304,3,100,1000,5,3000,A1,HOOI,3.3340000000002874
0.011972328521504537,3,100,1000,5,3000,A2,HOOI,3.3340000000002874
0.41099819252795183,3,100,1000,5,3000,A3,HOOI,3.3340000000002874
10.26054509230484,3,100,1000,5,3000,core,HOOI,3.3340000000002874
6.393593960798511,3,100,1000,5,3000,A1,Olga,3.1089999999999236
0.017856696080009754,3,100,1000,5,3000,A2,Olga,3.1089999999999236
1.475723020389878,3,100,1000,5,3000,A3,Tracy,3.1089999999999236
10.184673663956701,3,100,1000,5,3000,core,Tracy_Olga,3.1089999999999236
14.427798917499407,3,100,2499,5,3000,A1,NTD,181.3149999999996
0.24259086440411276,3,100,2499,5,3000,A2,NTD,181.3149999999996
2496.045898396719,3,100,2499,5,3000,A3,NTD,181.3149999999996
11.520848139994667,3,100,2499,5,3000,core,NTD,181.3149999999996
8.012439075325972,3,100,2499,5,3000,A1,Ours,7.292000000000371
0.008815293912847012,3,100,2499,5,3000,A2,Ours,7.292000000000371
2.515009373017328,3,100,2499,5,3000,A3,Ours,7.292000000000371
10.300586237252398,3,100,2499,5,3000,core,Ours,7.292000000000371
8.012439075325972,3,100,2499,5,3000,A1,HOSVD,5.194999999999709
0.008815293912847012,3,100,2499,5,3000,A2,HOSVD,5.194999999999709
2.5098637826918515,3,100,2499,5,3000,A3,HOSVD,5.194999999999709
10.301115945260674,3,100,2499,5,3000,core,HOSVD,5.194999999999709
8.02782874172134,3,100,2499,5,3000,A1,HOOI,8.911999999999807
0.008482720253884538,3,100,2499,5,3000,A2,HOOI,8.911999999999807
2.5085662161797444,3,100,2499,5,3000,A3,HOOI,8.911999999999807
10.303593290886155,3,100,2499,5,3000,core,HOOI,8.911999999999807
7.315412711105557,3,100,2499,5,3000,A1,Olga,7.302999999999884
0.07659808917470094,3,100,2499,5,3000,A2,Olga,7.302999999999884
2.8759789078185833,3,100,2499,5,3000,A3,Tracy,7.302999999999884
10.30408135358194,3,100,2499,5,3000,core,Tracy_Olga,7.302999999999884
19.156325024503307,3,100,4982,5,3000,A1,NTD,359.91899999999987
0.9615903867655122,3,100,4982,5,3000,A2,NTD,359.91899999999987
4979.074604029967,3,100,4982,5,3000,A3,NTD,359.91899999999987
8.118570577538105,3,100,4982,5,3000,core,NTD,359.91899999999987
7.685639905098901,3,100,4982,5,3000,A1,Ours,11.310999999999694
0.005344049407077478,3,100,4982,5,3000,A2,Ours,11.310999999999694
2.5476915255825023,3,100,4982,5,3000,A3,Ours,11.310999999999694
9.206306259400845,3,100,4982,5,3000,core,Ours,11.310999999999694
7.685639905098901,3,100,4982,5,3000,A1,HOSVD,3.356999999999971
0.005344049407077478,3,100,4982,5,3000,A2,HOSVD,3.356999999999971
2.5264199156237956,3,100,4982,5,3000,A3,HOSVD,3.356999999999971
9.209319363053233,3,100,4982,5,3000,core,HOSVD,3.356999999999971
7.437232166741012,3,100,4982,5,3000,A1,HOOI,9.832000000000335
0.006861181888416492,3,100,4982,5,3000,A2,HOOI,9.832000000000335
2.5308363810825854,3,100,4982,5,3000,A3,HOOI,9.832000000000335
9.21594987240078,3,100,4982,5,3000,core,HOOI,9.832000000000335
7.0913128094657365,3,100,4982,5,3000,A1,Olga,5.516999999999825
0.173396356486674,3,100,4982,5,3000,A2,Olga,5.516999999999825
2.889762484560747,3,100,4982,5,3000,A3,Tracy,5.516999999999825
10.27136351460305,3,100,4982,5,3000,core,Tracy_Olga,5.516999999999825
21.64161581141384,3,100,5975,5,3000,A1,NTD,425.9980000000005
3.005000888645751,3,100,5975,5,3000,A2,NTD,425.9980000000005
5972.060898829641,3,100,5975,5,3000,A3,NTD,425.9980000000005
11.380121272881237,3,100,5975,5,3000,core,NTD,425.9980000000005
10.572567106416162,3,100,5975,5,3000,A1,Ours,14.149999999999636
0.01646082834562529,3,100,5975,5,3000,A2,Ours,14.149999999999636
2.5760152151707825,3,100,5975,5,3000,A3,Ours,14.149999999999636
10.302790283208717,3,100,5975,5,3000,core,Ours,14.149999999999636
10.572567106416162,3,100,5975,5,3000,A1,HOSVD,4.025000000000546
0.01646082834562529,3,100,5975,5,3000,A2,HOSVD,4.025000000000546
2.546074768274359,3,100,5975,5,3000,A3,HOSVD,4.025000000000546
10.308128513499673,3,100,5975,5,3000,core,HOSVD,4.025000000000546
10.54459660220213,3,100,5975,5,3000,A1,HOOI,13.541000000000167
0.014965967356159312,3,100,5975,5,3000,A2,HOOI,13.541000000000167
2.549733269240776,3,100,5975,5,3000,A3,HOOI,13.541000000000167
10.297390224196665,3,100,5975,5,3000,core,HOOI,13.541000000000167
8.394024336369421,3,100,5975,5,3000,A1,Olga,6.928000000000793
0.16322977021766275,3,100,5975,5,3000,A2,Olga,6.928000000000793
2.9056749720550137,3,100,5975,5,3000,A3,Tracy,6.928000000000793
10.286872499422225,3,100,5975,5,3000,core,Tracy_Olga,6.928000000000793
43.79940281457321,3,100,6967,5,3000,A1,NTD,501.76800000000003
2.8059338179062543,3,100,6967,5,3000,A2,NTD,501.76800000000003
6964.279043255365,3,100,6967,5,3000,A3,NTD,501.76800000000003
9.487901672368652,3,100,6967,5,3000,core,NTD,501.76800000000003
8.471712311197926,3,100,6967,5,3000,A1,Ours,18.72900000000027
0.023213483961150826,3,100,6967,5,3000,A2,Ours,18.72900000000027
2.572987688664814,3,100,6967,5,3000,A3,Ours,18.72900000000027
10.310984482471575,3,100,6967,5,3000,core,Ours,18.72900000000027
8.471712311197926,3,100,6967,5,3000,A1,HOSVD,4.652000000000044
0.023213483961150826,3,100,6967,5,3000,A2,HOSVD,4.652000000000044
2.532081902539017,3,100,6967,5,3000,A3,HOSVD,4.652000000000044
10.31797280887992,3,100,6967,5,3000,core,HOSVD,4.652000000000044
9.432725395594636,3,100,6967,5,3000,A1,HOOI,17.340000000000146
0.02504645989192888,3,100,6967,5,3000,A2,HOOI,17.340000000000146
2.5353230532265076,3,100,6967,5,3000,A3,HOOI,17.340000000000146
10.309377905373768,3,100,6967,5,3000,core,HOOI,17.340000000000146
8.713971718069102,3,100,6967,5,3000,A1,Olga,10.864999999999782
0.2294429305083483,3,100,6967,5,3000,A2,Olga,10.864999999999782
2.892974075037117,3,100,6967,5,3000,A3,Tracy,10.864999999999782
9.202731995729707,3,100,6967,5,3000,core,Tracy_Olga,10.864999999999782
67.82137930175254,3,100,7956,5,3000,A1,NTD,528.7139999999999
3.209019646778218,3,100,7956,5,3000,A2,NTD,528.7139999999999
7953.109281576389,3,100,7956,5,3000,A3,NTD,528.7139999999999
10.757296319401403,3,100,7956,5,3000,core,NTD,528.7139999999999
7.399034960300213,3,100,7956,5,3000,A1,Ours,21.63799999999992
0.01286634143814801,3,100,7956,5,3000,A2,Ours,21.63799999999992
2.5877689408025693,3,100,7956,5,3000,A3,Ours,21.63799999999992
10.303343630859846,3,100,7956,5,3000,core,Ours,21.63799999999992
7.399034960300213,3,100,7956,5,3000,A1,HOSVD,5.2280000000000655
0.01286634143814801,3,100,7956,5,3000,A2,HOSVD,5.2280000000000655
2.5336896300027267,3,100,7956,5,3000,A3,HOSVD,5.2280000000000655
10.31527880707342,3,100,7956,5,3000,core,HOSVD,5.2280000000000655
7.382854365676623,3,100,7956,5,3000,A1,HOOI,20.787000000000262
0.01389426099386634,3,100,7956,5,3000,A2,HOOI,20.787000000000262
2.538313717550978,3,100,7956,5,3000,A3,HOOI,20.787000000000262
10.307713694237117,3,100,7956,5,3000,core,HOOI,20.787000000000262
9.244725656888983,3,100,7956,5,3000,A1,Olga,11.181999999999789
0.278754238820146,3,100,7956,5,3000,A2,Olga,11.181999999999789
2.9125758509511894,3,100,7956,5,3000,A3,Tracy,11.181999999999789
10.276241093230373,3,100,7956,5,3000,core,Tracy_Olga,11.181999999999789
10.98211557648943,3,100,8947,5,3000,A1,NTD,598.3789999999999
1.163884626141729,3,100,8947,5,3000,A2,NTD,598.3789999999999
8944.478280313804,3,100,8947,5,3000,A3,NTD,598.3789999999999
12.250331279432132,3,100,8947,5,3000,core,NTD,598.3789999999999
9.988965449476337,3,100,8947,5,3000,A1,Ours,27.25500000000011
0.020170350360907044,3,100,8947,5,3000,A2,Ours,27.25500000000011
2.613351928005124,3,100,8947,5,3000,A3,Ours,27.25500000000011
10.292910767460599,3,100,8947,5,3000,core,Ours,27.25500000000011
9.988965449476337,3,100,8947,5,3000,A1,HOSVD,5.73700000000008
0.020170350360907044,3,100,8947,5,3000,A2,HOSVD,5.73700000000008
2.5452595591934064,3,100,8947,5,3000,A3,HOSVD,5.73700000000008
10.30860497254026,3,100,8947,5,3000,core,HOSVD,5.73700000000008
10.102390267099807,3,100,8947,5,3000,A1,HOOI,25.221999999999753
0.01961504277608277,3,100,8947,5,3000,A2,HOOI,25.221999999999753
2.5494898572343363,3,100,8947,5,3000,A3,HOOI,25.221999999999753
10.305595890277617,3,100,8947,5,3000,core,HOOI,25.221999999999753
8.970882755173529,3,100,8947,5,3000,A1,Olga,12.230999999999767
0.31934837273350686,3,100,8947,5,3000,A2,Olga,12.230999999999767
2.9214619844170957,3,100,8947,5,3000,A3,Tracy,12.230999999999767
10.265604355434002,3,100,8947,5,3000,core,Tracy_Olga,12.230999999999767
15.399931171600224,3,100,9926,5,3000,A1,NTD,658.9399999999996
3.2090271164399184,3,100,9926,5,3000,A2,NTD,658.9399999999996
9923.097635971815,3,100,9926,5,3000,A3,NTD,658.9399999999996
12.53810453343324,3,100,9926,5,3000,core,NTD,658.9399999999996
10.893605717635221,3,100,9926,5,3000,A1,Ours,31.777000000000044
0.019599285328546562,3,100,9926,5,3000,A2,Ours,31.777000000000044
2.9709784342761507,3,100,9926,5,3000,A3,Ours,31.777000000000044
12.95210761597875,3,100,9926,5,3000,core,Ours,31.777000000000044
10.893605717635221,3,100,9926,5,3000,A1,HOSVD,6.716000000000349
0.019599285328546562,3,100,9926,5,3000,A2,HOSVD,6.716000000000349
2.5410838461396077,3,100,9926,5,3000,A3,HOSVD,6.716000000000349
10.31595148226592,3,100,9926,5,3000,core,HOSVD,6.716000000000349
10.848596279204681,3,100,9926,5,3000,A1,HOOI,30.788000000000466
0.020121476479499814,3,100,9926,5,3000,A2,HOOI,30.788000000000466
2.5427648119564723,3,100,9926,5,3000,A3,HOOI,30.788000000000466
10.326268143385994,3,100,9926,5,3000,core,HOOI,30.788000000000466
12.191928278505598,3,100,9926,5,3000,A1,Olga,14.092999999999847
0.41482482353373235,3,100,9926,5,3000,A2,Olga,14.092999999999847
2.908095528431668,3,100,9926,5,3000,A3,Tracy,14.092999999999847
10.272399028533638,3,100,9926,5,3000,core,Tracy_Olga,14.092999999999847
14.025879768362616,3,100,100,5,10000,A1,NTD,7.980999999999767
0.3891401167971365,3,100,100,5,10000,A2,NTD,7.980999999999767
97,3,100,100,5,10000,A3,NTD,7.980999999999767
13.175957602881736,3,100,100,5,10000,core,NTD,7.980999999999767
3.610994798548263,3,100,100,5,10000,A1,Ours,0.14699999999993452
0.010933973082306156,3,100,100,5,10000,A2,Ours,0.14699999999993452
0.02179474966768172,3,100,100,5,10000,A3,Ours,0.14699999999993452
9.165772783321787,3,100,100,5,10000,core,Ours,0.14699999999993452
3.610994798548263,3,100,100,5,10000,A1,HOSVD,0.13699999999971624
0.010933973082306156,3,100,100,5,10000,A2,HOSVD,0.13699999999971624
0.02179489524507868,3,100,100,5,10000,A3,HOSVD,0.13699999999971624
9.165772342257629,3,100,100,5,10000,core,HOSVD,0.13699999999971624
3.6218870228231057,3,100,100,5,10000,A1,HOOI,0.20300000000042928
0.01070301777869165,3,100,100,5,10000,A2,HOOI,0.20300000000042928
0.021764640006059446,3,100,100,5,10000,A3,HOOI,0.20300000000042928
9.1658176847626045,3,100,100,5,10000,core,HOOI,0.20300000000042928
3.722758425639746,3,100,100,5,10000,A1,Olga,0.14200000000073487
0.010535620692517407,3,100,100,5,10000,A2,Olga,0.14200000000073487
1.044473916325611,3,100,100,5,10000,A3,Tracy,0.14200000000073487
9.13163533598203,3,100,100,5,10000,core,Tracy_Olga,0.14200000000073487
10.759481591164798,3,100,500,5,10000,A1,NTD,32.65300000000025
0.20524554990939403,3,100,500,5,10000,A2,NTD,32.65300000000025
497.0000531424383,3,100,500,5,10000,A3,NTD,32.65300000000025
9.172983213943526,3,100,500,5,10000,core,NTD,32.65300000000025
4.680769569341262,3,100,500,5,10000,A1,Ours,0.5430000000005748
0.016524656716734518,3,100,500,5,10000,A2,Ours,0.5430000000005748
0.049098116136821274,3,100,500,5,10000,A3,Ours,0.5430000000005748
9.167344462549892,3,100,500,5,10000,core,Ours,0.5430000000005748
4.680769569341262,3,100,500,5,10000,A1,HOSVD,0.4960000000000946
0.016524656716734518,3,100,500,5,10000,A2,HOSVD,0.4960000000000946
0.049100860765121435,3,100,500,5,10000,A3,HOSVD,0.4960000000000946
9.16733748784531,3,100,500,5,10000,core,HOSVD,0.4960000000000946
4.698791530009664,3,100,500,5,10000,A1,HOOI,0.7920000000003711
0.016190074742725474,3,100,500,5,10000,A2,HOOI,0.7920000000003711
0.04896589902334639,3,100,500,5,10000,A3,HOOI,0.7920000000003711
9.16743365724873,3,100,500,5,10000,core,HOOI,0.7920000000003711
3.100087078647326,3,100,500,5,10000,A1,Olga,0.5340000000005602
0.0029426015604902445,3,100,500,5,10000,A2,Olga,0.5340000000005602
1.2636240052726666,3,100,500,5,10000,A3,Tracy,0.5340000000005602
10.208594807351222,3,100,500,5,10000,core,Tracy_Olga,0.5340000000005602
37.606541662825336,3,100,1000,5,10000,A1,NTD,65.92699999999968
0.20788422478028779,3,100,1000,5,10000,A2,NTD,65.92699999999968
997.000090984892,3,100,1000,5,10000,A3,NTD,65.92699999999968
11.402865437890684,3,100,1000,5,10000,core,NTD,65.92699999999968
5.113349937236359,3,100,1000,5,10000,A1,Ours,1.056999999999789
0.011523103605262956,3,100,1000,5,10000,A2,Ours,1.056999999999789
0.0687238249977551,3,100,1000,5,10000,A3,Ours,1.056999999999789
9.166685941828316,3,100,1000,5,10000,core,Ours,1.056999999999789
5.113349937236359,3,100,1000,5,10000,A1,HOSVD,0.8679999999994834
0.011523103605262956,3,100,1000,5,10000,A2,HOSVD,0.8679999999994834
0.06872490970626517,3,100,1000,5,10000,A3,HOSVD,0.8679999999994834
9.166659495140701,3,100,1000,5,10000,core,HOSVD,0.8679999999994834
5.110568435869227,3,100,1000,5,10000,A1,HOOI,1.8999999999996362
0.011771843104183465,3,100,1000,5,10000,A2,HOOI,1.8999999999996362
0.06872389224534625,3,100,1000,5,10000,A3,HOOI,1.8999999999996362
9.167005350868038,3,100,1000,5,10000,core,HOOI,1.8999999999996362
3.5600969388355583,3,100,1000,5,10000,A1,Olga,0.9740000000001601
0.019361658548334368,3,100,1000,5,10000,A2,Olga,0.9740000000001601
1.3941435117752594,3,100,1000,5,10000,A3,Tracy,0.9740000000001601
10.216351148124227,3,100,1000,5,10000,core,Tracy_Olga,0.9740000000001601
15.115017669949202,3,100,2500,5,10000,A1,NTD,186.97800000000007
0.16055991182111032,3,100,2500,5,10000,A2,NTD,186.97800000000007
2497.3835565633312,3,100,2500,5,10000,A3,NTD,186.97800000000007
13.728016004556242,3,100,2500,5,10000,core,NTD,186.97800000000007
5.98495973729764,3,100,2500,5,10000,A1,Ours,3.6279999999997017
0.011055909080642658,3,100,2500,5,10000,A2,Ours,3.6279999999997017
0.5114543379152964,3,100,2500,5,10000,A3,Ours,3.6279999999997017
10.273835460967623,3,100,2500,5,10000,core,Ours,3.6279999999997017
5.98495973729764,3,100,2500,5,10000,A1,HOSVD,1.8419999999996435
0.011055909080642658,3,100,2500,5,10000,A2,HOSVD,1.8419999999996435
0.5113774809968841,3,100,2500,5,10000,A3,HOSVD,1.8419999999996435
10.273790733356462,3,100,2500,5,10000,core,HOSVD,1.8419999999996435
5.953473104266093,3,100,2500,5,10000,A1,HOOI,4.645000000000437
0.010886591460267088,3,100,2500,5,10000,A2,HOOI,4.645000000000437
0.5032050607608255,3,100,2500,5,10000,A3,HOOI,4.645000000000437
10.273527095756952,3,100,2500,5,10000,core,HOOI,4.645000000000437
3.851756082865431,3,100,2500,5,10000,A1,Olga,2.3450000000002547
0.0197611823079408,3,100,2500,5,10000,A2,Olga,2.3450000000002547
1.5835122467281242,3,100,2500,5,10000,A3,Tracy,2.3450000000002547
10.25154130482747,3,100,2500,5,10000,core,Tracy_Olga,2.3450000000002547
38.99570050306378,3,100,4994,5,10000,A1,NTD,364.3130000000001
0.12416589226318551,3,100,4994,5,10000,A2,NTD,364.3130000000001
4991.442887163011,3,100,4994,5,10000,A3,NTD,364.3130000000001
10.77970662011847,3,100,4994,5,10000,core,NTD,364.3130000000001
7.046441424568709,3,100,4994,5,10000,A1,Ours,9.933999999999287
0.0071136212233685915,3,100,4994,5,10000,A2,Ours,9.933999999999287
2.517344196703183,3,100,4994,5,10000,A3,Ours,9.933999999999287
10.320265158033386,3,100,4994,5,10000,core,Ours,9.933999999999287
7.046441424568709,3,100,4994,5,10000,A1,HOSVD,3.423000000000684
0.0071136212233685915,3,100,4994,5,10000,A2,HOSVD,3.423000000000684
2.5152909249027537,3,100,4994,5,10000,A3,HOSVD,3.423000000000684
10.32048283759325,3,100,4994,5,10000,core,HOSVD,3.423000000000684
6.990252542400807,3,100,4994,5,10000,A1,HOOI,9.326999999999316
0.007300823273038641,3,100,4994,5,10000,A2,HOOI,9.326999999999316
2.512890450988449,3,100,4994,5,10000,A3,HOOI,9.326999999999316
10.324092145204393,3,100,4994,5,10000,core,HOOI,9.326999999999316
3.469443408049812,3,100,4994,5,10000,A1,Olga,5.363999999999578
0.049892460256365075,3,100,4994,5,10000,A2,Olga,5.363999999999578
2.9123607486059315,3,100,4994,5,10000,A3,Tracy,5.363999999999578
10.291505115312429,3,100,4994,5,10000,core,Tracy_Olga,5.363999999999578
14.025436438019108,3,100,5996,5,10000,A1,NTD,411.1730000000007
0.38457352808727924,3,100,5996,5,10000,A2,NTD,411.1730000000007
5993.395073254682,3,100,5996,5,10000,A3,NTD,411.1730000000007
12.164245543086178,3,100,5996,5,10000,core,NTD,411.1730000000007
5.31792958874887,3,100,5996,5,10000,A1,Ours,13.918999999999869
0.006934115706223501,3,100,5996,5,10000,A2,Ours,13.918999999999869
2.6571667967084016,3,100,5996,5,10000,A3,Ours,13.918999999999869
10.270754496077886,3,100,5996,5,10000,core,Ours,13.918999999999869
5.31792958874887,3,100,5996,5,10000,A1,HOSVD,3.881999999999607
0.006934115706223501,3,100,5996,5,10000,A2,HOSVD,3.881999999999607
2.6555810301690506,3,100,5996,5,10000,A3,HOSVD,3.881999999999607
10.268777166222842,3,100,5996,5,10000,core,HOSVD,3.881999999999607
5.324314753703187,3,100,5996,5,10000,A1,HOOI,13.121999999999389
0.0070366726709554595,3,100,5996,5,10000,A2,HOOI,13.121999999999389
2.635052934582344,3,100,5996,5,10000,A3,HOOI,13.121999999999389
10.272667219008397,3,100,5996,5,10000,core,HOOI,13.121999999999389
3.5037141480709777,3,100,5996,5,10000,A1,Olga,6.739999999999782
0.0390678079356741,3,100,5996,5,10000,A2,Olga,6.739999999999782
3.013836880527261,3,100,5996,5,10000,A3,Tracy,6.739999999999782
10.214428990937124,3,100,5996,5,10000,core,Tracy_Olga,6.739999999999782
11.607600203437148,3,100,6993,5,10000,A1,NTD,483.9180000000015
0.33830817185353856,3,100,6993,5,10000,A2,NTD,483.9180000000015
6990.025920373282,3,100,6993,5,10000,A3,NTD,483.9180000000015
13.399045131792644,3,100,6993,5,10000,core,NTD,483.9180000000015
5.708193569969437,3,100,6993,5,10000,A1,Ours,17.961999999999534
0.014898769752603664,3,100,6993,5,10000,A2,Ours,17.961999999999534
2.4878421114192317,3,100,6993,5,10000,A3,Ours,17.961999999999534
10.336100811861785,3,100,6993,5,10000,core,Ours,17.961999999999534
5.708193569969437,3,100,6993,5,10000,A1,HOSVD,4.345999999999549
0.014898769752603664,3,100,6993,5,10000,A2,HOSVD,4.345999999999549
2.4833608752371275,3,100,6993,5,10000,A3,HOSVD,4.345999999999549
10.336493656702753,3,100,6993,5,10000,core,HOSVD,4.345999999999549
5.673054533311484,3,100,6993,5,10000,A1,HOOI,15.859000000000378
0.01538717377532761,3,100,6993,5,10000,A2,HOOI,15.859000000000378
2.491162477794911,3,100,6993,5,10000,A3,HOOI,15.859000000000378
10.342079569304806,3,100,6993,5,10000,core,HOOI,15.859000000000378
4.578943590688899,3,100,6993,5,10000,A1,Olga,8.074999999998909
0.05501880733060758,3,100,6993,5,10000,A2,Olga,8.074999999998909
2.9663890303161673,3,100,6993,5,10000,A3,Tracy,8.074999999998909
10.319698358457456,3,100,6993,5,10000,core,Tracy_Olga,8.074999999998909
10.967778215566016,3,100,7990,5,10000,A1,NTD,546.5820000000003
0.2195969150163631,3,100,7990,5,10000,A2,NTD,546.5820000000003
7987.035145529519,3,100,7990,5,10000,A3,NTD,546.5820000000003
12.166754448208765,3,100,7990,5,10000,core,NTD,546.5820000000003
4.194277466918138,3,100,7990,5,10000,A1,Ours,21.953999999999724
0.00904434151913647,3,100,7990,5,10000,A2,Ours,21.953999999999724
2.5376547560386307,3,100,7990,5,10000,A3,Ours,21.953999999999724
9.214752635684716,3,100,7990,5,10000,core,Ours,21.953999999999724
4.194277466918138,3,100,7990,5,10000,A1,HOSVD,5.246999999999389
0.00904434151913647,3,100,7990,5,10000,A2,HOSVD,5.246999999999389
2.532892425263595,3,100,7990,5,10000,A3,HOSVD,5.246999999999389
9.215544150419246,3,100,7990,5,10000,core,HOSVD,5.246999999999389
4.174021258006971,3,100,7990,5,10000,A1,HOOI,20.95600000000013
0.008521154221040548,3,100,7990,5,10000,A2,HOOI,20.95600000000013
2.532553042832019,3,100,7990,5,10000,A3,HOOI,20.95600000000013
9.213065906206971,3,100,7990,5,10000,core,HOOI,20.95600000000013
3.0596009839310745,3,100,7990,5,10000,A1,Olga,10.809000000001106
0.08280831998619836,3,100,7990,5,10000,A2,Olga,10.809000000001106
2.890430572658866,3,100,7990,5,10000,A3,Tracy,10.809000000001106
10.292590817017683,3,100,7990,5,10000,core,Tracy_Olga,10.809000000001106
46.33809711499177,3,100,8986,5,10000,A1,NTD,763.7070000000003
3.1802252702617606,3,100,8986,5,10000,A2,NTD,763.7070000000003
8983.03836663815,3,100,8986,5,10000,A3,NTD,763.7070000000003
11.344502391334338,3,100,8986,5,10000,core,NTD,763.7070000000003
5.3621890551341025,3,100,8986,5,10000,A1,Ours,27.29200000000128
0.02198726734444452,3,100,8986,5,10000,A2,Ours,27.29200000000128
2.535106909885689,3,100,8986,5,10000,A3,Ours,27.29200000000128
10.325590134387504,3,100,8986,5,10000,core,Ours,27.29200000000128
5.3621890551341025,3,100,8986,5,10000,A1,HOSVD,5.78899999999885
0.02198726734444452,3,100,8986,5,10000,A2,HOSVD,5.78899999999885
2.528960221678777,3,100,8986,5,10000,A3,HOSVD,5.78899999999885
10.326349033336806,3,100,8986,5,10000,core,HOSVD,5.78899999999885
5.374870449328399,3,100,8986,5,10000,A1,HOOI,26.027000000000044
0.022299951757758896,3,100,8986,5,10000,A2,HOOI,26.027000000000044
2.5284575529556106,3,100,8986,5,10000,A3,HOOI,26.027000000000044
10.32360084707121,3,100,8986,5,10000,core,HOOI,26.027000000000044
3.9132732009412043,3,100,8986,5,10000,A1,Olga,12.310999999999694
0.10245529464240635,3,100,8986,5,10000,A2,Olga,12.310999999999694
2.907151112867781,3,100,8986,5,10000,A3,Tracy,12.310999999999694
10.299008154588408,3,100,8986,5,10000,core,Tracy_Olga,12.310999999999694
9.588805580023736,3,100,9980,5,10000,A1,NTD,687.5840000000007
1.1927043819133212,3,100,9980,5,10000,A2,NTD,687.5840000000007
9977.043684524984,3,100,9980,5,10000,A3,NTD,687.5840000000007
10.302810892439949,3,100,9980,5,10000,core,NTD,687.5840000000007
6.187084826789688,3,100,9980,5,10000,A1,Ours,32.30400000000009
0.013877824975178116,3,100,9980,5,10000,A2,Ours,32.30400000000009
2.547767656958756,3,100,9980,5,10000,A3,Ours,32.30400000000009
10.312340016082661,3,100,9980,5,10000,core,Ours,32.30400000000009
6.187084826789688,3,100,9980,5,10000,A1,HOSVD,6.467000000000553
0.013877824975178116,3,100,9980,5,10000,A2,HOSVD,6.467000000000553
2.533497837635862,3,100,9980,5,10000,A3,HOSVD,6.467000000000553
10.300933504141035,3,100,9980,5,10000,core,HOSVD,6.467000000000553
6.19333412182399,3,100,9980,5,10000,A1,HOOI,29.798000000000684
0.014137076507588213,3,100,9980,5,10000,A2,HOOI,29.798000000000684
2.539509468882638,3,100,9980,5,10000,A3,HOOI,29.798000000000684
10.315829031018483,3,100,9980,5,10000,core,HOOI,29.798000000000684
3.950508113966107,3,100,9980,5,10000,A1,Olga,14.056000000000495
0.10169857154050081,3,100,9980,5,10000,A2,Olga,14.056000000000495
2.911389850820558,3,100,9980,5,10000,A3,Tracy,14.056000000000495
9.186468665952841,3,100,9980,5,10000,core,Tracy_Olga,14.056000000000495
