error,K,Q1,R,Q2,M,mode,method,time
7.606965047173455,3,100,989,5,100,A1,NTD,36.568000000000005
2.4898691696745154,3,100,989,5,100,A2,NTD,36.568000000000005
986.2094214076386,3,100,989,5,100,A3,NTD,36.568000000000005
9.554941511393375,3,100,989,5,100,core,NTD,36.568000000000005
13.35813148028471,3,100,989,5,100,A1,Ours,1.652000000000001
0.0704317519820661,3,100,989,5,100,A2,Ours,1.652000000000001
4.523674930063691,3,100,989,5,100,A3,Ours,1.652000000000001
9.892068392496803,3,100,989,5,100,core,Ours,1.652000000000001
13.35813148028471,3,100,989,5,100,A1,HOSVD,6.8940000000000055
0.0704317519820661,3,100,989,5,100,A2,HOSVD,6.8940000000000055
2.5182259372512172,3,100,989,5,100,A3,HOSVD,6.8940000000000055
12.55706916001088,3,100,989,5,100,core,HOSVD,6.8940000000000055
12.995514216181844,3,100,989,5,100,A1,HOOI,6.296999999999997
0.0924707435412926,3,100,989,5,100,A2,HOOI,6.296999999999997
2.533956156758514,3,100,989,5,100,A3,HOOI,6.296999999999997
12.557069232389729,3,100,989,5,100,core,HOOI,6.296999999999997
19.580164670626566,3,100,989,5,100,A1,Olga,5.118999999999993
1.647697991970898,3,100,989,5,100,A2,Olga,5.118999999999993
2.876529099296743,3,100,989,5,100,A3,Tracy,5.118999999999993
10.746506616933923,3,100,989,5,100,core,Tracy_Olga,5.118999999999993
71.40649896262845,3,100,4539,5,100,A1,NTD,160.395
2.4170245925618814,3,100,4539,5,100,A2,NTD,160.395
4536.473332811203,3,100,4539,5,100,A3,NTD,160.395
11.88654630582048,3,100,4539,5,100,core,NTD,160.395
10.25310996907366,3,100,4539,5,100,A1,Ours,6.224000000000018
0.1052984655840702,3,100,4539,5,100,A2,Ours,6.224000000000018
5.282952373479334,3,100,4539,5,100,A3,Ours,6.224000000000018
7.931254593007067,3,100,4539,5,100,core,Ours,6.224000000000018
8.68511441772333,3,100,4539,5,100,A1,HOOI,17.345
0.09546968870530907,3,100,4539,5,100,A2,HOOI,17.345
2.6813281053625535,3,100,4539,5,100,A3,HOOI,17.345
9.49296042970865,3,100,4539,5,100,core,HOOI,17.345
28.723974634992974,3,100,4539,5,100,A1,Olga,15.007999999999981
2.994900831903812,3,100,4539,5,100,A2,Olga,15.007999999999981
3.99684027795612,3,100,4539,5,100,A3,Tracy,15.007999999999981
11.01132029681984,3,100,4539,5,100,core,Tracy_Olga,15.007999999999981
117.4128732773763,3,100,8188,5,100,A1,NTD,298.537
4.489886468256328,3,100,8188,5,100,A2,NTD,298.537
8185.620838836023,3,100,8188,5,100,A3,NTD,298.537
11.27463287826041,3,100,8188,5,100,core,NTD,298.537
13.171858188798922,3,100,8188,5,100,A1,Ours,29.995000000000005
0.05902705984191499,3,100,8188,5,100,A2,Ours,29.995000000000005
5.385965701658829,3,100,8188,5,100,A3,Ours,29.995000000000005
10.47602403751651,3,100,8188,5,100,core,Ours,29.995000000000005
13.171858188798922,3,100,8188,5,100,A1,HOSVD,21.234000000000037
0.05902705984191499,3,100,8188,5,100,A2,HOSVD,21.234000000000037
4.8226536822774655,3,100,8188,5,100,A3,HOSVD,21.234000000000037
11.887439448573568,3,100,8188,5,100,core,HOSVD,21.234000000000037
44.3043306670258,3,100,8188,5,100,A1,Olga,11.39799999999991
3.0049606990308453,3,100,8188,5,100,A2,Olga,11.39799999999991
4.606174661353175,3,100,8188,5,100,A3,Tracy,11.39799999999991
10.87042365550348,3,100,8188,5,100,core,Tracy_Olga,11.39799999999991
2.7084740995453394,3,100,999,5,500,A1,NTD,28.740999999999985
1.53859396360113,3,100,999,5,500,A2,NTD,28.740999999999985
996.0829790843791,3,100,999,5,500,A3,NTD,28.740999999999985
12.245142479835282,3,100,999,5,500,core,NTD,28.740999999999985
3.9537813513667714,3,100,999,5,500,A1,Ours,0.8600000000000136
0.06725294591674212,3,100,999,5,500,A2,Ours,0.8600000000000136
2.5411523768596918,3,100,999,5,500,A3,Ours,0.8600000000000136
9.813369182192728,3,100,999,5,500,core,Ours,0.8600000000000136
3.9537813513667714,3,100,999,5,500,A1,HOSVD,0.7749999999999773
0.06725294591674212,3,100,999,5,500,A2,HOSVD,0.7749999999999773
2.516072668207902,3,100,999,5,500,A3,HOSVD,0.7749999999999773
9.83093119317859,3,100,999,5,500,core,HOSVD,0.7749999999999773
4.024133232253262,3,100,999,5,500,A1,HOOI,0.8010000000000446
0.059777406923061494,3,100,999,5,500,A2,HOOI,0.8010000000000446
2.529219843112588,3,100,999,5,500,A3,HOOI,0.8010000000000446
9.859777536676473,3,100,999,5,500,core,HOOI,0.8010000000000446
6.457826963323778,3,100,999,5,500,A1,Olga,1.330000000000041
0.3745608804936647,3,100,999,5,500,A2,Olga,1.330000000000041
3.0129091450866787,3,100,999,5,500,A3,Tracy,1.330000000000041
11.819095144129793,3,100,999,5,500,core,Tracy_Olga,1.330000000000041
5.849558399558547,3,100,4902,5,500,A1,NTD,160.985
3.627947262609909,3,100,4902,5,500,A2,NTD,160.985
4899.159818461446,3,100,4902,5,500,A3,NTD,160.985
13.110269855929754,3,100,4902,5,500,core,NTD,160.985
5.760685090672235,3,100,4902,5,500,A1,Ours,9.172000000000025
0.08853945065028664,3,100,4902,5,500,A2,Ours,9.172000000000025
5.22341967967697,3,100,4902,5,500,A3,Ours,9.172000000000025
8.271148878299968,3,100,4902,5,500,core,Ours,9.172000000000025
5.760685090672235,3,100,4902,5,500,A1,HOSVD,9.136999999999944
0.08853945065028664,3,100,4902,5,500,A2,HOSVD,9.136999999999944
2.518987861278289,3,100,4902,5,500,A3,HOSVD,9.136999999999944
9.48029937640371,3,100,4902,5,500,core,HOSVD,9.136999999999944
5.7659940805189684,3,100,4902,5,500,A1,HOOI,13.928999999999974
0.07965772240702676,3,100,4902,5,500,A2,HOOI,13.928999999999974
4.8588574910428886,3,100,4902,5,500,A3,HOOI,13.928999999999974
8.166972095532962,3,100,4902,5,500,core,HOOI,13.928999999999974
7.150728151754303,3,100,4902,5,500,A1,Olga,4.87600000000009
1.205421171714197,3,100,4902,5,500,A2,Olga,4.87600000000009
2.921711584555049,3,100,4902,5,500,A3,Tracy,4.87600000000009
11.132020801777584,3,100,4902,5,500,core,Tracy_Olga,4.87600000000009
26.759172784560363,3,100,9619,5,500,A1,NTD,322.1150000000001
3.9577813236212775,3,100,9619,5,500,A2,NTD,322.1150000000001
9616.256770149996,3,100,9619,5,500,A3,NTD,322.1150000000001
10.265110646689568,3,100,9619,5,500,core,NTD,322.1150000000001
3.67401352387218,3,100,9619,5,500,A1,Ours,18.32399999999984
0.06858843567182919,3,100,9619,5,500,A2,Ours,18.32399999999984
5.318155105715298,3,100,9619,5,500,A3,Ours,18.32399999999984
8.84516049949377,3,100,9619,5,500,core,Ours,18.32399999999984
3.67401352387218,3,100,9619,5,500,A1,HOSVD,6.074000000000069
0.06858843567182919,3,100,9619,5,500,A2,HOSVD,6.074000000000069
2.586574857693037,3,100,9619,5,500,A3,HOSVD,6.074000000000069
12.557069232389729,3,100,9619,5,500,core,HOSVD,6.074000000000069
3.614369929865989,3,100,9619,5,500,A1,HOOI,16.014999999999873
0.07895412383297204,3,100,9619,5,500,A2,HOOI,16.014999999999873
3.248744743590247,3,100,9619,5,500,A3,HOOI,16.014999999999873
9.5553321501132,3,100,9619,5,500,core,HOOI,16.014999999999873
8.684749494081853,3,100,9619,5,500,A1,Olga,12.599999999999909
1.7246570803180095,3,100,9619,5,500,A2,Olga,12.599999999999909
3.7333849867574864,3,100,9619,5,500,A3,Tracy,12.599999999999909
11.851344278765806,3,100,9619,5,500,core,Tracy_Olga,12.599999999999909
3.2360926789615627,3,100,1000,5,1000,A1,NTD,27.95399999999995
0.4851140210267581,3,100,1000,5,1000,A2,NTD,27.95399999999995
997.0014896824648,3,100,1000,5,1000,A3,NTD,27.95399999999995
7.948694450832683,3,100,1000,5,1000,core,NTD,27.95399999999995
4.1674014746593695,3,100,1000,5,1000,A1,Ours,1.9270000000001346
0.05703727012753075,3,100,1000,5,1000,A2,Ours,1.9270000000001346
0.526636525476522,3,100,1000,5,1000,A3,Ours,1.9270000000001346
12.29068426989141,3,100,1000,5,1000,core,Ours,1.9270000000001346
4.1674014746593695,3,100,1000,5,1000,A1,HOSVD,3.219000000000051
0.05703727012753075,3,100,1000,5,1000,A2,HOSVD,3.219000000000051
0.4613666912656517,3,100,1000,5,1000,A3,HOSVD,3.219000000000051
12.322334529528359,3,100,1000,5,1000,core,HOSVD,3.219000000000051
4.1461870523676225,3,100,1000,5,1000,A1,HOOI,2.3279999999999745
0.0473761361113987,3,100,1000,5,1000,A2,HOOI,2.3279999999999745
0.48365684142843457,3,100,1000,5,1000,A3,HOOI,2.3279999999999745
12.35425174301363,3,100,1000,5,1000,core,HOOI,2.3279999999999745
5.202676453170694,3,100,1000,5,1000,A1,Olga,0.6369999999999436
0.11029273948146907,3,100,1000,5,1000,A2,Olga,0.6369999999999436
1.4391433209228623,3,100,1000,5,1000,A3,Tracy,0.6369999999999436
12.420681187578454,3,100,1000,5,1000,core,Tracy_Olga,0.6369999999999436
2.9570336515734668,3,100,4965,5,1000,A1,NTD,159.53700000000003
3.6827343410602347,3,100,4965,5,1000,A2,NTD,159.53700000000003
4962.110548437648,3,100,4965,5,1000,A3,NTD,159.53700000000003
9.338817338096336,3,100,4965,5,1000,core,NTD,159.53700000000003
3.8250550883392958,3,100,4965,5,1000,A1,Ours,6.003999999999905
0.06880198066857028,3,100,4965,5,1000,A2,Ours,6.003999999999905
2.8962488316720205,3,100,4965,5,1000,A3,Ours,6.003999999999905
10.418319367894913,3,100,4965,5,1000,core,Ours,6.003999999999905
3.8250550883392958,3,100,4965,5,1000,A1,HOSVD,1.7210000000000036
0.06880198066857028,3,100,4965,5,1000,A2,HOSVD,1.7210000000000036
2.5213317624623395,3,100,4965,5,1000,A3,HOSVD,1.7210000000000036
12.55706916001088,3,100,4965,5,1000,core,HOSVD,1.7210000000000036
3.8032466600067267,3,100,4965,5,1000,A1,HOOI,5.100000000000136
0.06230887754684719,3,100,4965,5,1000,A2,HOOI,5.100000000000136
2.5251418620739976,3,100,4965,5,1000,A3,HOOI,5.100000000000136
12.55706916001088,3,100,4965,5,1000,core,HOOI,5.100000000000136
4.919902879556376,3,100,4965,5,1000,A1,Olga,2.90300000000002
0.39103760271818155,3,100,4965,5,1000,A2,Olga,2.90300000000002
2.9154567987800593,3,100,4965,5,1000,A3,Tracy,2.90300000000002
9.539859050361839,3,100,4965,5,1000,core,Tracy_Olga,2.90300000000002
5.116171169564752,3,100,9796,5,1000,A1,NTD,338.37699999999995
4.489886087802714,3,100,9796,5,1000,A2,NTD,338.37699999999995
9793.173608985842,3,100,9796,5,1000,A3,NTD,338.37699999999995
11.201890988917906,3,100,9796,5,1000,core,NTD,338.37699999999995
6.547167144711367,3,100,9796,5,1000,A1,Ours,20.868999999999915
0.06920372380102974,3,100,9796,5,1000,A2,Ours,20.868999999999915
5.302510468981862,3,100,9796,5,1000,A3,Ours,20.868999999999915
10.404064328835052,3,100,9796,5,1000,core,Ours,20.868999999999915
6.547167144711367,3,100,9796,5,1000,A1,HOSVD,12.976000000000113
0.06920372380102974,3,100,9796,5,1000,A2,HOSVD,12.976000000000113
2.5420079096183437,3,100,9796,5,1000,A3,HOSVD,12.976000000000113
12.557069232389729,3,100,9796,5,1000,core,HOSVD,12.976000000000113
6.557334806955124,3,100,9796,5,1000,A1,HOOI,26.891000000000076
0.05683399129791461,3,100,9796,5,1000,A2,HOOI,26.891000000000076
2.5504988662538075,3,100,9796,5,1000,A3,HOOI,26.891000000000076
12.557069232389729,3,100,9796,5,1000,core,HOOI,26.891000000000076
5.8549197143706895,3,100,9796,5,1000,A1,Olga,18.45900000000006
0.8036747119445562,3,100,9796,5,1000,A2,Olga,18.45900000000006
2.96700062962701,3,100,9796,5,1000,A3,Tracy,18.45900000000006
12.555442935058208,3,100,9796,5,1000,core,Tracy_Olga,18.45900000000006
3.3396971000586393,3,100,1000,5,2500,A1,NTD,27.159999999999854
0.10446142824549987,3,100,1000,5,2500,A2,NTD,27.159999999999854
997.0005556424422,3,100,1000,5,2500,A3,NTD,27.159999999999854
10.774526519457883,3,100,1000,5,2500,core,NTD,27.159999999999854
2.8910344484243065,3,100,1000,5,2500,A1,Ours,8.36999999999989
0.018521095973535573,3,100,1000,5,2500,A2,Ours,8.36999999999989
0.33187509976194957,3,100,1000,5,2500,A3,Ours,8.36999999999989
12.488883386950102,3,100,1000,5,2500,core,Ours,8.36999999999989
2.8910344484243065,3,100,1000,5,2500,A1,HOSVD,6.375999999999976
0.018521095973535573,3,100,1000,5,2500,A2,HOSVD,6.375999999999976
0.3310497491056703,3,100,1000,5,2500,A3,HOSVD,6.375999999999976
12.488115371262817,3,100,1000,5,2500,core,HOSVD,6.375999999999976
2.8760909378766706,3,100,1000,5,2500,A1,HOOI,7.060000000000173
0.015524078169909767,3,100,1000,5,2500,A2,HOOI,7.060000000000173
0.3371943782676749,3,100,1000,5,2500,A3,HOOI,7.060000000000173
12.481820147021851,3,100,1000,5,2500,core,HOOI,7.060000000000173
2.8857425041616054,3,100,1000,5,2500,A1,Olga,7.705000000000155
0.0409382174835507,3,100,1000,5,2500,A2,Olga,7.705000000000155
1.3765189676259324,3,100,1000,5,2500,A3,Tracy,7.705000000000155
13.432086779491119,3,100,1000,5,2500,core,Tracy_Olga,7.705000000000155
1.9678376581580324,3,100,4986,5,2500,A1,NTD,157.8720000000003
4.8895152027474325,3,100,4986,5,2500,A2,NTD,157.8720000000003
4983.076901886274,3,100,4986,5,2500,A3,NTD,157.8720000000003
11.129402368263797,3,100,4986,5,2500,core,NTD,157.8720000000003
2.797709782419424,3,100,4986,5,2500,A1,Ours,5.882000000000062
0.011399730925661197,3,100,4986,5,2500,A2,Ours,5.882000000000062
2.5431637125854105,3,100,4986,5,2500,A3,Ours,5.882000000000062
12.557069232389729,3,100,4986,5,2500,core,Ours,5.882000000000062
2.797709782419424,3,100,4986,5,2500,A1,HOSVD,2.213999999999942
0.011399730925661197,3,100,4986,5,2500,A2,HOSVD,2.213999999999942
2.5130232895531313,3,100,4986,5,2500,A3,HOSVD,2.213999999999942
12.557069232389729,3,100,4986,5,2500,core,HOSVD,2.213999999999942
2.7955010011330135,3,100,4986,5,2500,A1,HOOI,5.096999999999753
0.010927799980161673,3,100,4986,5,2500,A2,HOOI,5.096999999999753
2.5144656474071514,3,100,4986,5,2500,A3,HOOI,5.096999999999753
12.557069232389729,3,100,4986,5,2500,core,HOOI,5.096999999999753
2.4468913570868622,3,100,4986,5,2500,A1,Olga,2.7349999999996726
0.056510299931000006,3,100,4986,5,2500,A2,Olga,2.7349999999996726
2.9019492696700233,3,100,4986,5,2500,A3,Tracy,2.7349999999996726
12.557069232389729,3,100,4986,5,2500,core,Tracy_Olga,2.7349999999996726
2.3616639109136273,3,100,9923,5,2500,A1,NTD,341.913
3.9461887908304005,3,100,9923,5,2500,A2,NTD,341.913
9920.090202144453,3,100,9923,5,2500,A3,NTD,341.913
11.744612408432847,3,100,9923,5,2500,core,NTD,341.913
2.4450832426982827,3,100,9923,5,2500,A1,Ours,19.239000000000033
0.02951398943535303,3,100,9923,5,2500,A2,Ours,19.239000000000033
2.648860505687178,3,100,9923,5,2500,A3,Ours,19.239000000000033
12.557069232389729,3,100,9923,5,2500,core,Ours,19.239000000000033
2.4450832426982827,3,100,9923,5,2500,A1,HOSVD,3.93100000000004
0.02951398943535303,3,100,9923,5,2500,A2,HOSVD,3.93100000000004
2.526333507245395,3,100,9923,5,2500,A3,HOSVD,3.93100000000004
12.55706916001088,3,100,9923,5,2500,core,HOSVD,3.93100000000004
2.4385540360419595,3,100,9923,5,2500,A1,HOOI,14.588999999999942
0.028451711234419814,3,100,9923,5,2500,A2,HOOI,14.588999999999942
2.5278012078234533,3,100,9923,5,2500,A3,HOOI,14.588999999999942
12.557069232389729,3,100,9923,5,2500,core,HOOI,14.588999999999942
3.580142476796392,3,100,9923,5,2500,A1,Olga,10.934999999999945
0.17358724879550777,3,100,9923,5,2500,A2,Olga,10.934999999999945
2.9277123069627446,3,100,9923,5,2500,A3,Tracy,10.934999999999945
12.557069232389729,3,100,9923,5,2500,core,Tracy_Olga,10.934999999999945
2.8815677291650923,3,100,1000,5,5000,A1,NTD,28.047999999999774
0.6817365583362014,3,100,1000,5,5000,A2,NTD,28.047999999999774
997.0001086995696,3,100,1000,5,5000,A3,NTD,28.047999999999774
10.634446628895281,3,100,1000,5,5000,core,NTD,28.047999999999774
1.8771954962801214,3,100,1000,5,5000,A1,Ours,0.47100000000000364
0.02056028191927809,3,100,1000,5,5000,A2,Ours,0.47100000000000364
0.08160644350139436,3,100,1000,5,5000,A3,Ours,0.47100000000000364
12.281706000179815,3,100,1000,5,5000,core,Ours,0.47100000000000364
1.8771954962801214,3,100,1000,5,5000,A1,HOSVD,0.7349999999996726
0.02056028191927809,3,100,1000,5,5000,A2,HOSVD,0.7349999999996726
0.08160356656726972,3,100,1000,5,5000,A3,HOSVD,0.7349999999996726
12.281628345237426,3,100,1000,5,5000,core,HOSVD,0.7349999999996726
1.8782942664697064,3,100,1000,5,5000,A1,HOOI,0.8580000000001746
0.020891492756843034,3,100,1000,5,5000,A2,HOOI,0.8580000000001746
0.08159216818054355,3,100,1000,5,5000,A3,HOOI,0.8580000000001746
12.282030671957882,3,100,1000,5,5000,core,HOOI,0.8580000000001746
1.5341624459661933,3,100,1000,5,5000,A1,Olga,0.7390000000000327
0.03627162120230906,3,100,1000,5,5000,A2,Olga,0.7390000000000327
1.324159951309612,3,100,1000,5,5000,A3,Tracy,0.7390000000000327
12.307269629114568,3,100,1000,5,5000,core,Tracy_Olga,0.7390000000000327
2.475016882034269,3,100,4997,5,5000,A1,NTD,165.68600000000015
0.8039729451132183,3,100,4997,5,5000,A2,NTD,165.68600000000015
4994.04522013397,3,100,4997,5,5000,A3,NTD,165.68600000000015
12.816220735456083,3,100,4997,5,5000,core,NTD,165.68600000000015
1.7369745411139401,3,100,4997,5,5000,A1,Ours,5.8289999999997235
0.019112003767992037,3,100,4997,5,5000,A2,Ours,5.8289999999997235
2.501239428098289,3,100,4997,5,5000,A3,Ours,5.8289999999997235
12.55706916001088,3,100,4997,5,5000,core,Ours,5.8289999999997235
1.7369745411139401,3,100,4997,5,5000,A1,HOSVD,1.6130000000002838
0.019112003767992037,3,100,4997,5,5000,A2,HOSVD,1.6130000000002838
2.49347383943946,3,100,4997,5,5000,A3,HOSVD,1.6130000000002838
12.55706916001088,3,100,4997,5,5000,core,HOSVD,1.6130000000002838
1.737967308819903,3,100,4997,5,5000,A1,HOOI,4.856999999999971
0.019226951999122124,3,100,4997,5,5000,A2,HOOI,4.856999999999971
2.4927097821943947,3,100,4997,5,5000,A3,HOOI,4.856999999999971
12.557069232389729,3,100,4997,5,5000,core,HOOI,4.856999999999971
1.8046275764807198,3,100,4997,5,5000,A1,Olga,2.5210000000001855
0.06285979390185838,3,100,4997,5,5000,A2,Olga,2.5210000000001855
2.906427383067569,3,100,4997,5,5000,A3,Tracy,2.5210000000001855
12.55706916001088,3,100,4997,5,5000,core,Tracy_Olga,2.5210000000001855
1.9437443842360234,3,100,9960,5,5000,A1,NTD,321.69399999999996
0.9906299289033642,3,100,9960,5,5000,A2,NTD,321.69399999999996
9957.056914415061,3,100,9960,5,5000,A3,NTD,321.69399999999996
9.616785505301229,3,100,9960,5,5000,core,NTD,321.69399999999996
2.251171849646326,3,100,9960,5,5000,A1,Ours,19.812000000000353
0.03141660943146576,3,100,9960,5,5000,A2,Ours,19.812000000000353
2.536947668650825,3,100,9960,5,5000,A3,Ours,19.812000000000353
12.557069232389729,3,100,9960,5,5000,core,Ours,19.812000000000353
2.251171849646326,3,100,9960,5,5000,A1,HOSVD,8.143000000000029
0.03141660943146576,3,100,9960,5,5000,A2,HOSVD,8.143000000000029
2.50714381119055,3,100,9960,5,5000,A3,HOSVD,8.143000000000029
12.557069232389729,3,100,9960,5,5000,core,HOSVD,8.143000000000029
2.2465585170440416,3,100,9960,5,5000,A1,HOOI,26.18100000000004
0.030816562230979744,3,100,9960,5,5000,A2,HOOI,26.18100000000004
3.9326861808449016,3,100,9960,5,5000,A3,HOOI,26.18100000000004
12.800129043253229,3,100,9960,5,5000,core,HOOI,26.18100000000004
2.220542897537148,3,100,9960,5,5000,A1,Olga,11.128999999999905
0.03645145808191292,3,100,9960,5,5000,A2,Olga,11.128999999999905
2.9088936631201614,3,100,9960,5,5000,A3,Tracy,11.128999999999905
12.557069232389729,3,100,9960,5,5000,core,Tracy_Olga,11.128999999999905
2.43832518384845,3,100,1000,5,6000,A1,NTD,29.30699999999979
0.28328282266993754,3,100,1000,5,6000,A2,NTD,29.30699999999979
997.0000501225949,3,100,1000,5,6000,A3,NTD,29.30699999999979
11.738486264124319,3,100,1000,5,6000,core,NTD,29.30699999999979
1.7821366289230518,3,100,1000,5,6000,A1,Ours,0.6289999999999054
0.015468206474867987,3,100,1000,5,6000,A2,Ours,0.6289999999999054
0.1806616854061254,3,100,1000,5,6000,A3,Ours,0.6289999999999054
12.377296945051084,3,100,1000,5,6000,core,Ours,0.6289999999999054
1.7821366289230518,3,100,1000,5,6000,A1,HOSVD,0.4780000000000655
0.015468206474867987,3,100,1000,5,6000,A2,HOSVD,0.4780000000000655
0.18062343741033413,3,100,1000,5,6000,A3,HOSVD,0.4780000000000655
12.377010503446,3,100,1000,5,6000,core,HOSVD,0.4780000000000655
1.786476639495475,3,100,1000,5,6000,A1,HOOI,0.9070000000001528
0.01549091398824684,3,100,1000,5,6000,A2,HOOI,0.9070000000001528
0.17940533927199348,3,100,1000,5,6000,A3,HOOI,0.9070000000001528
12.383515655171992,3,100,1000,5,6000,core,HOOI,0.9070000000001528
1.976989298639427,3,100,1000,5,6000,A1,Olga,0.5570000000002437
0.007236547583684574,3,100,1000,5,6000,A2,Olga,0.5570000000002437
1.3421923942683505,3,100,1000,5,6000,A3,Tracy,0.5570000000002437
12.407718419595387,3,100,1000,5,6000,core,Tracy_Olga,0.5570000000002437
2.41324730767078,3,100,4995,5,6000,A1,NTD,172.45200000000023
0.1621528552669202,3,100,4995,5,6000,A2,NTD,172.45200000000023
4992.029959234339,3,100,4995,5,6000,A3,NTD,172.45200000000023
12.452812894918372,3,100,4995,5,6000,core,NTD,172.45200000000023
1.4173577625437783,3,100,4995,5,6000,A1,Ours,5.656999999999698
0.02026610017065975,3,100,4995,5,6000,A2,Ours,5.656999999999698
2.4864382810411456,3,100,4995,5,6000,A3,Ours,5.656999999999698
12.51438168369038,3,100,4995,5,6000,core,Ours,5.656999999999698
1.4173577625437783,3,100,4995,5,6000,A1,HOSVD,1.9389999999998508
0.02026610017065975,3,100,4995,5,6000,A2,HOSVD,1.9389999999998508
2.4805621639750375,3,100,4995,5,6000,A3,HOSVD,1.9389999999998508
12.51054921926022,3,100,4995,5,6000,core,HOSVD,1.9389999999998508
1.4224455018782234,3,100,4995,5,6000,A1,HOOI,5.26700000000028
0.019210639166072047,3,100,4995,5,6000,A2,HOOI,5.26700000000028
2.5124987087093174,3,100,4995,5,6000,A3,HOOI,5.26700000000028
12.37125179299659,3,100,4995,5,6000,core,HOOI,5.26700000000028
1.9783039073315514,3,100,4995,5,6000,A1,Olga,2.755000000000109
0.05332568023685822,3,100,4995,5,6000,A2,Olga,2.755000000000109
3.014742434297707,3,100,4995,5,6000,A3,Tracy,2.755000000000109
12.50495831430413,3,100,4995,5,6000,core,Tracy_Olga,2.755000000000109
1.9049062606018456,3,100,9975,5,6000,A1,NTD,361.578
1.084911213052396,3,100,9975,5,6000,A2,NTD,361.578
9972.039642823456,3,100,9975,5,6000,A3,NTD,361.578
11.84931891448131,3,100,9975,5,6000,core,NTD,361.578
1.5921496296599733,3,100,9975,5,6000,A1,Ours,20.896000000000186
0.015290771496850588,3,100,9975,5,6000,A2,Ours,20.896000000000186
2.5022496627437207,3,100,9975,5,6000,A3,Ours,20.896000000000186
12.55706916001088,3,100,9975,5,6000,core,Ours,20.896000000000186
1.5921496296599733,3,100,9975,5,6000,A1,HOSVD,20.407000000000153
0.015290771496850588,3,100,9975,5,6000,A2,HOSVD,20.407000000000153
2.4792121070626854,3,100,9975,5,6000,A3,HOSVD,20.407000000000153
12.55706916001088,3,100,9975,5,6000,core,HOSVD,20.407000000000153
1.5848124358897295,3,100,9975,5,6000,A1,HOOI,33.4050000000002
0.013802377949047661,3,100,9975,5,6000,A2,HOOI,33.4050000000002
2.481905556971252,3,100,9975,5,6000,A3,HOOI,33.4050000000002
12.55706916001088,3,100,9975,5,6000,core,HOOI,33.4050000000002
1.5678173936631083,3,100,9975,5,6000,A1,Olga,25.03099999999995
0.08486641246569465,3,100,9975,5,6000,A2,Olga,25.03099999999995
2.9261142727000724,3,100,9975,5,6000,A3,Tracy,25.03099999999995
12.55706916001088,3,100,9975,5,6000,core,Tracy_Olga,25.03099999999995
4.248486389894971,3,100,1000,5,7000,A1,NTD,28.333999999999833
0.5339240957027264,3,100,1000,5,7000,A2,NTD,28.333999999999833
997.000052694785,3,100,1000,5,7000,A3,NTD,28.333999999999833
8.005111588016128,3,100,1000,5,7000,core,NTD,28.333999999999833
1.6020822040064784,3,100,1000,5,7000,A1,Ours,8.1850000000004
0.011694912080755685,3,100,1000,5,7000,A2,Ours,8.1850000000004
0.18509845142555542,3,100,1000,5,7000,A3,Ours,8.1850000000004
12.45741477401515,3,100,1000,5,7000,core,Ours,8.1850000000004
1.6020822040064784,3,100,1000,5,7000,A1,HOSVD,5.557999999999993
0.011694912080755685,3,100,1000,5,7000,A2,HOSVD,5.557999999999993
0.18501069169452308,3,100,1000,5,7000,A3,HOSVD,5.557999999999993
12.457204785721578,3,100,1000,5,7000,core,HOSVD,5.557999999999993
1.6036213392206558,3,100,1000,5,7000,A1,HOOI,8.567000000000007
0.012228217476728816,3,100,1000,5,7000,A2,HOOI,8.567000000000007
0.18585207830946923,3,100,1000,5,7000,A3,HOOI,8.567000000000007
12.457706725866244,3,100,1000,5,7000,core,HOOI,8.567000000000007
1.5347504728525678,3,100,1000,5,7000,A1,Olga,5.755999999999858
0.015780360207339254,3,100,1000,5,7000,A2,Olga,5.755999999999858
1.3405361286564466,3,100,1000,5,7000,A3,Tracy,5.755999999999858
12.433142492336604,3,100,1000,5,7000,core,Tracy_Olga,5.755999999999858
2.3375227945462864,3,100,4997,5,7000,A1,NTD,167.26900000000023
0.4993929421777073,3,100,4997,5,7000,A2,NTD,167.26900000000023
4994.030545250194,3,100,4997,5,7000,A3,NTD,167.26900000000023
11.724614055097984,3,100,4997,5,7000,core,NTD,167.26900000000023
1.2280476521184411,3,100,4997,5,7000,A1,Ours,5.643000000000029
0.013108703750701422,3,100,4997,5,7000,A2,Ours,5.643000000000029
2.485595100361951,3,100,4997,5,7000,A3,Ours,5.643000000000029
12.557069232389729,3,100,4997,5,7000,core,Ours,5.643000000000029
1.2280476521184411,3,100,4997,5,7000,A1,HOSVD,2.7649999999998727
0.013108703750701422,3,100,4997,5,7000,A2,HOSVD,2.7649999999998727
2.4812993595926964,3,100,4997,5,7000,A3,HOSVD,2.7649999999998727
12.557069232389729,3,100,4997,5,7000,core,HOSVD,2.7649999999998727
1.2322207343003957,3,100,4997,5,7000,A1,HOOI,5.235999999999876
0.013013321012328254,3,100,4997,5,7000,A2,HOOI,5.235999999999876
2.4822182609235353,3,100,4997,5,7000,A3,HOOI,5.235999999999876
12.557069232389729,3,100,4997,5,7000,core,HOOI,5.235999999999876
1.799334018733139,3,100,4997,5,7000,A1,Olga,2.9699999999998
0.05393553847715746,3,100,4997,5,7000,A2,Olga,2.9699999999998
2.932797334596527,3,100,4997,5,7000,A3,Tracy,2.9699999999998
12.557069232389729,3,100,4997,5,7000,core,Tracy_Olga,2.9699999999998
3.4194533725991363,3,100,9981,5,7000,A1,NTD,352.82000000000016
1.8049832983684788,3,100,9981,5,7000,A2,NTD,352.82000000000016
9978.050169349466,3,100,9981,5,7000,A3,NTD,352.82000000000016
9.357442217217159,3,100,9981,5,7000,core,NTD,352.82000000000016
1.6872067054548565,3,100,9981,5,7000,A1,Ours,19.40400000000045
0.007217078574783536,3,100,9981,5,7000,A2,Ours,19.40400000000045
2.5275029564050335,3,100,9981,5,7000,A3,Ours,19.40400000000045
12.557069232389729,3,100,9981,5,7000,core,Ours,19.40400000000045
1.6872067054548565,3,100,9981,5,7000,A1,HOSVD,4.166999999999462
0.007217078574783536,3,100,9981,5,7000,A2,HOSVD,4.166999999999462
2.511765025775698,3,100,9981,5,7000,A3,HOSVD,4.166999999999462
12.557069232389729,3,100,9981,5,7000,core,HOSVD,4.166999999999462
1.6905677383277788,3,100,9981,5,7000,A1,HOOI,16.402000000000044
0.00864964849518131,3,100,9981,5,7000,A2,HOOI,16.402000000000044
2.5129957309917357,3,100,9981,5,7000,A3,HOOI,16.402000000000044
12.557069232389729,3,100,9981,5,7000,core,HOOI,16.402000000000044
1.2923692482386493,3,100,9981,5,7000,A1,Olga,7.055999999999585
0.05174981851095823,3,100,9981,5,7000,A2,Olga,7.055999999999585
2.931078190840245,3,100,9981,5,7000,A3,Tracy,7.055999999999585
12.557069232389729,3,100,9981,5,7000,core,Tracy_Olga,7.055999999999585
4.3130243328805165,3,100,1000,5,8000,A1,NTD,28.75500000000011
0.33638441539333125,3,100,1000,5,8000,A2,NTD,28.75500000000011
997.0000815797845,3,100,1000,5,8000,A3,NTD,28.75500000000011
8.746392144171715,3,100,1000,5,8000,core,NTD,28.75500000000011
1.6318934672296812,3,100,1000,5,8000,A1,Ours,1.2139999999999418
0.015378725453897393,3,100,1000,5,8000,A2,Ours,1.2139999999999418
0.06541459204263647,3,100,1000,5,8000,A3,Ours,1.2139999999999418
12.3241398552776,3,100,1000,5,8000,core,Ours,1.2139999999999418
1.6318934672296812,3,100,1000,5,8000,A1,HOSVD,0.49799999999959255
0.015378725453897393,3,100,1000,5,8000,A2,HOSVD,0.49799999999959255
0.06540213536678052,3,100,1000,5,8000,A3,HOSVD,0.49799999999959255
12.324124779612475,3,100,1000,5,8000,core,HOSVD,0.49799999999959255
1.6334852005356293,3,100,1000,5,8000,A1,HOOI,0.7409999999999854
0.014425325112098597,3,100,1000,5,8000,A2,HOOI,0.7409999999999854
0.0654699505452293,3,100,1000,5,8000,A3,HOOI,0.7409999999999854
12.324086198137413,3,100,1000,5,8000,core,HOOI,0.7409999999999854
1.681690297805484,3,100,1000,5,8000,A1,Olga,0.5259999999998399
0.01565134602645112,3,100,1000,5,8000,A2,Olga,0.5259999999998399
1.3235569374417697,3,100,1000,5,8000,A3,Tracy,0.5259999999998399
12.341937708070429,3,100,1000,5,8000,core,Tracy_Olga,0.5259999999998399
3.9229213639195004,3,100,4998,5,8000,A1,NTD,161.3040000000001
0.4351309881618064,3,100,4998,5,8000,A2,NTD,161.3040000000001
4995.020161723072,3,100,4998,5,8000,A3,NTD,161.3040000000001
11.919218652758204,3,100,4998,5,8000,core,NTD,161.3040000000001
1.2231805864407548,3,100,4998,5,8000,A1,Ours,5.019000000000233
0.013989117798494178,3,100,4998,5,8000,A2,Ours,5.019000000000233
2.4528628904204064,3,100,4998,5,8000,A3,Ours,5.019000000000233
12.52176350011337,3,100,4998,5,8000,core,Ours,5.019000000000233
1.2231805864407548,3,100,4998,5,8000,A1,HOSVD,1.956000000000131
0.013989117798494178,3,100,4998,5,8000,A2,HOSVD,1.956000000000131
2.449489500487111,3,100,4998,5,8000,A3,HOSVD,1.956000000000131
12.51799653462899,3,100,4998,5,8000,core,HOSVD,1.956000000000131
1.2213406348803537,3,100,4998,5,8000,A1,HOOI,5.118999999999687
0.014709641879168166,3,100,4998,5,8000,A2,HOOI,5.118999999999687
2.4470752189086076,3,100,4998,5,8000,A3,HOOI,5.118999999999687
12.521324081881835,3,100,4998,5,8000,core,HOOI,5.118999999999687
1.4022487140035274,3,100,4998,5,8000,A1,Olga,2.655999999999949
0.04293093753864046,3,100,4998,5,8000,A2,Olga,2.655999999999949
2.9915346402530743,3,100,4998,5,8000,A3,Tracy,2.655999999999949
13.479045135954376,3,100,4998,5,8000,core,Tracy_Olga,2.655999999999949
2.2436750327666197,3,100,9983,5,8000,A1,NTD,342.7539999999999
3.62838017734244,3,100,9983,5,8000,A2,NTD,342.7539999999999
9980.046679264911,3,100,9983,5,8000,A3,NTD,342.7539999999999
12.038832493971741,3,100,9983,5,8000,core,NTD,342.7539999999999
1.2485921634480703,3,100,9983,5,8000,A1,Ours,19.070999999999913
0.02647991681463561,3,100,9983,5,8000,A2,Ours,19.070999999999913
2.5085763798842398,3,100,9983,5,8000,A3,Ours,19.070999999999913
12.557069232389729,3,100,9983,5,8000,core,Ours,19.070999999999913
1.2485921634480703,3,100,9983,5,8000,A1,HOSVD,3.505000000000109
0.02647991681463561,3,100,9983,5,8000,A2,HOSVD,3.505000000000109
2.4964210510362395,3,100,9983,5,8000,A3,HOSVD,3.505000000000109
12.557069232389729,3,100,9983,5,8000,core,HOSVD,3.505000000000109
1.2433331001778367,3,100,9983,5,8000,A1,HOOI,16.381999999999607
0.025256658980496356,3,100,9983,5,8000,A2,HOOI,16.381999999999607
2.4970877629140165,3,100,9983,5,8000,A3,HOOI,16.381999999999607
12.557069232389729,3,100,9983,5,8000,core,HOOI,16.381999999999607
1.5761752058049159,3,100,9983,5,8000,A1,Olga,6.046999999999571
0.06612308675646551,3,100,9983,5,8000,A2,Olga,6.046999999999571
2.926907987714989,3,100,9983,5,8000,A3,Tracy,6.046999999999571
12.557069232389729,3,100,9983,5,8000,core,Tracy_Olga,6.046999999999571
4.183350935763218,3,100,1000,5,9000,A1,NTD,28.287000000000262
0.3935319215556976,3,100,1000,5,9000,A2,NTD,28.287000000000262
997.000223522074,3,100,1000,5,9000,A3,NTD,28.287000000000262
12.263681679494164,3,100,1000,5,9000,core,NTD,28.287000000000262
1.656941785970322,3,100,1000,5,9000,A1,Ours,0.5609999999996944
0.008601748335028669,3,100,1000,5,9000,A2,Ours,0.5609999999996944
0.06104997442346456,3,100,1000,5,9000,A3,Ours,0.5609999999996944
12.319147758943284,3,100,1000,5,9000,core,Ours,0.5609999999996944
1.656941785970322,3,100,1000,5,9000,A1,HOSVD,0.46600000000034925
0.008601748335028669,3,100,1000,5,9000,A2,HOSVD,0.46600000000034925
0.06106792761113163,3,100,1000,5,9000,A3,HOSVD,0.46600000000034925
12.319129347336224,3,100,1000,5,9000,core,HOSVD,0.46600000000034925
1.6560707841133373,3,100,1000,5,9000,A1,HOOI,0.7209999999995489
0.009521428703102974,3,100,1000,5,9000,A2,HOOI,0.7209999999995489
0.061056127169170984,3,100,1000,5,9000,A3,HOOI,0.7209999999995489
12.319506955247384,3,100,1000,5,9000,core,HOOI,0.7209999999995489
1.0831103404317473,3,100,1000,5,9000,A1,Olga,0.44900000000052387
0.007040664282233447,3,100,1000,5,9000,A2,Olga,0.44900000000052387
1.323369150276511,3,100,1000,5,9000,A3,Tracy,0.44900000000052387
12.326815147279904,3,100,1000,5,9000,core,Tracy_Olga,0.44900000000052387
2.4980519391575187,3,100,4996,5,9000,A1,NTD,150.51800000000003
0.12647942152604047,3,100,4996,5,9000,A2,NTD,150.51800000000003
4993.020443909094,3,100,4996,5,9000,A3,NTD,150.51800000000003
10.81772252940836,3,100,4996,5,9000,core,NTD,150.51800000000003
1.0717599936435027,3,100,4996,5,9000,A1,Ours,4.257999999999811
0.009616221620676164,3,100,4996,5,9000,A2,Ours,4.257999999999811
2.4615270285128346,3,100,4996,5,9000,A3,Ours,4.257999999999811
12.554474301103374,3,100,4996,5,9000,core,Ours,4.257999999999811
1.0717599936435027,3,100,4996,5,9000,A1,HOSVD,2.0709999999999127
0.009616221620676164,3,100,4996,5,9000,A2,HOSVD,2.0709999999999127
2.4584142749936633,3,100,4996,5,9000,A3,HOSVD,2.0709999999999127
12.552770089584925,3,100,4996,5,9000,core,HOSVD,2.0709999999999127
1.0776904090379484,3,100,4996,5,9000,A1,HOOI,4.219000000000051
0.008832252046207007,3,100,4996,5,9000,A2,HOOI,4.219000000000051
2.458379777227868,3,100,4996,5,9000,A3,HOOI,4.219000000000051
12.542628630374068,3,100,4996,5,9000,core,HOOI,4.219000000000051
1.0711676480851244,3,100,4996,5,9000,A1,Olga,2.8280000000004293
0.03934903211277036,3,100,4996,5,9000,A2,Olga,2.8280000000004293
3.0243995433745936,3,100,4996,5,9000,A3,Tracy,2.8280000000004293
12.548519265490581,3,100,4996,5,9000,core,Tracy_Olga,2.8280000000004293
2.6601468833484043,3,100,9981,5,9000,A1,NTD,322.9369999999999
0.9465907797047546,3,100,9981,5,9000,A2,NTD,322.9369999999999
9978.03329413203,3,100,9981,5,9000,A3,NTD,322.9369999999999
13.330351606310577,3,100,9981,5,9000,core,NTD,322.9369999999999
1.1976782104026964,3,100,9981,5,9000,A1,Ours,16.84099999999944
0.008484351530425214,3,100,9981,5,9000,A2,Ours,16.84099999999944
2.493045221804783,3,100,9981,5,9000,A3,Ours,16.84099999999944
12.557069232389729,3,100,9981,5,9000,core,Ours,16.84099999999944
1.1976782104026964,3,100,9981,5,9000,A1,HOSVD,3.0910000000003492
0.008484351530425214,3,100,9981,5,9000,A2,HOSVD,3.0910000000003492
2.4819995185223247,3,100,9981,5,9000,A3,HOSVD,3.0910000000003492
12.557069232389729,3,100,9981,5,9000,core,HOSVD,3.0910000000003492
1.1986286210900412,3,100,9981,5,9000,A1,HOOI,14.135000000000218
0.009295763467435299,3,100,9981,5,9000,A2,HOOI,14.135000000000218
2.484963574340498,3,100,9981,5,9000,A3,HOOI,14.135000000000218
12.557069232389729,3,100,9981,5,9000,core,HOOI,14.135000000000218
1.4517081975507584,3,100,9981,5,9000,A1,Olga,6.15099999999984
0.058748671582267806,3,100,9981,5,9000,A2,Olga,6.15099999999984
2.9578822398322786,3,100,9981,5,9000,A3,Tracy,6.15099999999984
12.557069232389729,3,100,9981,5,9000,core,Tracy_Olga,6.15099999999984
2.6871831903447574,3,100,1000,5,10000,A1,NTD,26.804000000000087
0.6637468371905598,3,100,1000,5,10000,A2,NTD,26.804000000000087
997.000058285921,3,100,1000,5,10000,A3,NTD,26.804000000000087
13.985898329711297,3,100,1000,5,10000,core,NTD,26.804000000000087
0.8968826236712049,3,100,1000,5,10000,A1,Ours,0.4679999999998472
0.014367632845205333,3,100,1000,5,10000,A2,Ours,0.4679999999998472
0.05841075554753565,3,100,1000,5,10000,A3,Ours,0.4679999999998472
12.297260443065895,3,100,1000,5,10000,core,Ours,0.4679999999998472
0.8968826236712049,3,100,1000,5,10000,A1,HOSVD,0.7179999999998472
0.014367632845205333,3,100,1000,5,10000,A2,HOSVD,0.7179999999998472
0.05837935172750018,3,100,1000,5,10000,A3,HOSVD,0.7179999999998472
12.297247058889765,3,100,1000,5,10000,core,HOSVD,0.7179999999998472
0.8976706945424269,3,100,1000,5,10000,A1,HOOI,0.8559999999997672
0.01435352855886513,3,100,1000,5,10000,A2,HOOI,0.8559999999997672
0.05853841852631263,3,100,1000,5,10000,A3,HOOI,0.8559999999997672
12.297480679975095,3,100,1000,5,10000,core,HOOI,0.8559999999997672
1.044448818388335,3,100,1000,5,10000,A1,Olga,0.4180000000005748
0.010141731077605598,3,100,1000,5,10000,A2,Olga,0.4180000000005748
1.3253416918612044,3,100,1000,5,10000,A3,Tracy,0.4180000000005748
12.304558574787198,3,100,1000,5,10000,core,Tracy_Olga,0.4180000000005748
2.375222229075872,3,100,4999,5,10000,A1,NTD,145.60900000000038
2.43697721304895,3,100,4999,5,10000,A2,NTD,145.60900000000038
4996.018365953735,3,100,4999,5,10000,A3,NTD,145.60900000000038
11.860455498142018,3,100,4999,5,10000,core,NTD,145.60900000000038
0.8734923513714891,3,100,4999,5,10000,A1,Ours,4.596999999999753
0.004649049720003651,3,100,4999,5,10000,A2,Ours,4.596999999999753
2.466888830965107,3,100,4999,5,10000,A3,Ours,4.596999999999753
12.557069232389729,3,100,4999,5,10000,core,Ours,4.596999999999753
0.8734923513714891,3,100,4999,5,10000,A1,HOSVD,1.5249999999996362
0.004649049720003651,3,100,4999,5,10000,A2,HOSVD,1.5249999999996362
2.4646611123195523,3,100,4999,5,10000,A3,HOSVD,1.5249999999996362
12.557069232389729,3,100,4999,5,10000,core,HOSVD,1.5249999999996362
0.8736284296392361,3,100,4999,5,10000,A1,HOOI,4.333999999999833
0.0060562507966214875,3,100,4999,5,10000,A2,HOOI,4.333999999999833
2.471109606853183,3,100,4999,5,10000,A3,HOOI,4.333999999999833
12.557069232389729,3,100,4999,5,10000,core,HOOI,4.333999999999833
1.5382393370020297,3,100,4999,5,10000,A1,Olga,2.269000000000233
0.02906521712653056,3,100,4999,5,10000,A2,Olga,2.269000000000233
2.9354466938467842,3,100,4999,5,10000,A3,Tracy,2.269000000000233
12.557069232389729,3,100,4999,5,10000,core,Tracy_Olga,2.269000000000233
2.1041843291711095,3,100,9988,5,10000,A1,NTD,307.1880000000001
1.6072269777427384,3,100,9988,5,10000,A2,NTD,307.1880000000001
9985.022704581794,3,100,9988,5,10000,A3,NTD,307.1880000000001
14.583771829432141,3,100,9988,5,10000,core,NTD,307.1880000000001
1.0460403034805992,3,100,9988,5,10000,A1,Ours,16.45299999999952
0.011300921248001427,3,100,9988,5,10000,A2,Ours,16.45299999999952
2.5022962234297097,3,100,9988,5,10000,A3,Ours,16.45299999999952
12.557069232389729,3,100,9988,5,10000,core,Ours,16.45299999999952
1.0460403034805992,3,100,9988,5,10000,A1,HOSVD,2.9290000000000873
0.011300921248001427,3,100,9988,5,10000,A2,HOSVD,2.9290000000000873
2.4946152401033093,3,100,9988,5,10000,A3,HOSVD,2.9290000000000873
12.557069232389729,3,100,9988,5,10000,core,HOSVD,2.9290000000000873
1.047928592739702,3,100,9988,5,10000,A1,HOOI,14.253000000000611
0.010765308002578602,3,100,9988,5,10000,A2,HOOI,14.253000000000611
2.4947872786829715,3,100,9988,5,10000,A3,HOOI,14.253000000000611
12.557069232389729,3,100,9988,5,10000,core,HOOI,14.253000000000611
1.2005597062559115,3,100,9988,5,10000,A1,Olga,5.972999999999956
0.04184795364487226,3,100,9988,5,10000,A2,Olga,5.972999999999956
2.9220366356294374,3,100,9988,5,10000,A3,Tracy,5.972999999999956
12.557069232389729,3,100,9988,5,10000,core,Tracy_Olga,5.972999999999956
