error,K,Q1,R,Q2,M,mode,method,time
4.951116144846021,3,100,983,5,100,A1,NTD,36.916
3.22687598746702,3,100,983,5,100,A2,NTD,36.916
980.2284342642719,3,100,983,5,100,A3,NTD,36.916
10.12284985634597,3,100,983,5,100,core,NTD,36.916
10.731008325856655,3,100,983,5,100,A1,Ours,6.3260000000000005
0.13595573779942083,3,100,983,5,100,A2,Ours,6.3260000000000005
4.684836917730101,3,100,983,5,100,A3,Ours,6.3260000000000005
8.20730321238617,3,100,983,5,100,core,Ours,6.3260000000000005
10.731008325856655,3,100,983,5,100,A1,HOSVD,6.380000000000003
0.13595573779942083,3,100,983,5,100,A2,HOSVD,6.380000000000003
2.521270554258818,3,100,983,5,100,A3,HOSVD,6.380000000000003
11.152464605445239,3,100,983,5,100,core,HOSVD,6.380000000000003
10.006308732166122,3,100,983,5,100,A1,HOOI,6.4040000000000035
0.04739347770987775,3,100,983,5,100,A2,HOOI,6.4040000000000035
2.559970742743492,3,100,983,5,100,A3,HOOI,6.4040000000000035
11.15246460544524,3,100,983,5,100,core,HOOI,6.4040000000000035
15.923922436527363,3,100,983,5,100,A1,Olga,4.155999999999992
3.819874842213184,3,100,983,5,100,A2,Olga,4.155999999999992
2.890008429626295,3,100,983,5,100,A3,Tracy,4.155999999999992
11.525991133792656,3,100,983,5,100,core,Tracy_Olga,4.155999999999992
109.23421803331681,3,100,4543,5,100,A1,NTD,156.91
3.226813254021069,3,100,4543,5,100,A2,NTD,156.91
4540.485096130018,3,100,4543,5,100,A3,NTD,156.91
10.681259607628922,3,100,4543,5,100,core,NTD,156.91
8.924013253732747,3,100,4543,5,100,A1,Ours,7.21599999999998
0.1290503967549955,3,100,4543,5,100,A2,Ours,7.21599999999998
5.2404543343584304,3,100,4543,5,100,A3,Ours,7.21599999999998
10.550258890929568,3,100,4543,5,100,core,Ours,7.21599999999998
8.924013253732747,3,100,4543,5,100,A1,HOSVD,9.028999999999996
0.1290503967549955,3,100,4543,5,100,A2,HOSVD,9.028999999999996
2.667789310407252,3,100,4543,5,100,A3,HOSVD,9.028999999999996
11.152464605445239,3,100,4543,5,100,core,HOSVD,9.028999999999996
9.069466499902779,3,100,4543,5,100,A1,HOOI,18.241000000000014
0.1494950261629172,3,100,4543,5,100,A2,HOOI,18.241000000000014
3.770957558112591,3,100,4543,5,100,A3,HOOI,18.241000000000014
8.233475784852354,3,100,4543,5,100,core,HOOI,18.241000000000014
42.315096712840614,3,100,4543,5,100,A1,Olga,17.576999999999998
4.555012511530013,3,100,4543,5,100,A2,Olga,17.576999999999998
4.398626091706437,3,100,4543,5,100,A3,Tracy,17.576999999999998
10.997866082902094,3,100,4543,5,100,core,Tracy_Olga,17.576999999999998
121.68428959006215,3,100,8216,5,100,A1,NTD,276.268
3.2257326328367246,3,100,8216,5,100,A2,NTD,276.268
8213.570849991236,3,100,8216,5,100,A3,NTD,276.268
10.689616202082124,3,100,8216,5,100,core,NTD,276.268
13.284658287929718,3,100,8216,5,100,A1,Ours,19.997999999999934
0.03253499371679961,3,100,8216,5,100,A2,Ours,19.997999999999934
5.280656154652545,3,100,8216,5,100,A3,Ours,19.997999999999934
10.281584988838118,3,100,8216,5,100,core,Ours,19.997999999999934
13.284658287929718,3,100,8216,5,100,A1,HOSVD,21.649
0.03253499371679961,3,100,8216,5,100,A2,HOSVD,21.649
4.707590418961483,3,100,8216,5,100,A3,HOSVD,21.649
10.366467183294999,3,100,8216,5,100,core,HOSVD,21.649
2.061925352815902,3,100,996,5,500,A1,NTD,28.30200000000002
2.7752135006773915,3,100,996,5,500,A2,NTD,28.30200000000002
993.0729703998078,3,100,996,5,500,A3,NTD,28.30200000000002
8.343434933179784,3,100,996,5,500,core,NTD,28.30200000000002
4.466548082843098,3,100,996,5,500,A1,Ours,0.5550000000000637
0.05334149956281956,3,100,996,5,500,A2,Ours,0.5550000000000637
2.536000991549702,3,100,996,5,500,A3,Ours,0.5550000000000637
10.566532262787534,3,100,996,5,500,core,Ours,0.5550000000000637
4.466548082843098,3,100,996,5,500,A1,HOSVD,0.46699999999998454
0.05334149956281956,3,100,996,5,500,A2,HOSVD,0.46699999999998454
2.5043231913035795,3,100,996,5,500,A3,HOSVD,0.46699999999998454
10.550543507759615,3,100,996,5,500,core,HOSVD,0.46699999999998454
4.485982979637399,3,100,996,5,500,A1,HOOI,0.8309999999999036
0.0510787562016453,3,100,996,5,500,A2,HOOI,0.8309999999999036
2.510258289084235,3,100,996,5,500,A3,HOOI,0.8309999999999036
10.558856470049365,3,100,996,5,500,core,HOOI,0.8309999999999036
6.649356991042339,3,100,996,5,500,A1,Olga,0.47300000000007003
0.11958012041737981,3,100,996,5,500,A2,Olga,0.47300000000007003
2.8968865682853786,3,100,996,5,500,A3,Tracy,0.47300000000007003
7.1575510599513414,3,100,996,5,500,core,Tracy_Olga,0.47300000000007003
2.790061792383441,3,100,4916,5,500,A1,NTD,163.67499999999995
4.7742470689899585,3,100,4916,5,500,A2,NTD,163.67499999999995
4913.180802336611,3,100,4916,5,500,A3,NTD,163.67499999999995
10.328909908869953,3,100,4916,5,500,core,NTD,163.67499999999995
4.271403806282455,3,100,4916,5,500,A1,Ours,12.129000000000019
0.030286636706129567,3,100,4916,5,500,A2,Ours,12.129000000000019
5.069669653168582,3,100,4916,5,500,A3,Ours,12.129000000000019
10.03392156449848,3,100,4916,5,500,core,Ours,12.129000000000019
4.271403806282455,3,100,4916,5,500,A1,HOSVD,5.977999999999952
0.030286636706129567,3,100,4916,5,500,A2,HOSVD,5.977999999999952
2.522104252371252,3,100,4916,5,500,A3,HOSVD,5.977999999999952
11.152464605445239,3,100,4916,5,500,core,HOSVD,5.977999999999952
4.2958333508819395,3,100,4916,5,500,A1,HOOI,11.718000000000075
0.02488412400559915,3,100,4916,5,500,A2,HOOI,11.718000000000075
3.8140690015744245,3,100,4916,5,500,A3,HOOI,11.718000000000075
8.25238965305267,3,100,4916,5,500,core,HOOI,11.718000000000075
7.506944651184963,3,100,4916,5,500,A1,Olga,12.240999999999985
0.24532298439901765,3,100,4916,5,500,A2,Olga,12.240999999999985
2.9035265616037935,3,100,4916,5,500,A3,Tracy,12.240999999999985
10.954578894681744,3,100,4916,5,500,core,Tracy_Olga,12.240999999999985
9.804812979663122,3,100,9633,5,500,A1,NTD,312.5
1.2268293016986682,3,100,9633,5,500,A2,NTD,312.5
9630.286947380964,3,100,9633,5,500,A3,NTD,312.5
7.214347250419083,3,100,9633,5,500,core,NTD,312.5
4.354589051169796,3,100,9633,5,500,A1,Ours,13.320999999999913
0.015860424532340513,3,100,9633,5,500,A2,Ours,13.320999999999913
5.377584514177522,3,100,9633,5,500,A3,Ours,13.320999999999913
15.981805259068963,3,100,9633,5,500,core,Ours,13.320999999999913
4.354589051169796,3,100,9633,5,500,A1,HOSVD,3.4620000000002165
0.015860424532340513,3,100,9633,5,500,A2,HOSVD,3.4620000000002165
2.582692799048736,3,100,9633,5,500,A3,HOSVD,3.4620000000002165
10.849622071985722,3,100,9633,5,500,core,HOSVD,3.4620000000002165
4.3650258364459456,3,100,9633,5,500,A1,HOOI,14.66599999999994
0.01968764603649699,3,100,9633,5,500,A2,HOOI,14.66599999999994
2.5921495641395302,3,100,9633,5,500,A3,HOOI,14.66599999999994
10.88489297180591,3,100,9633,5,500,core,HOOI,14.66599999999994
8.365672788745204,3,100,9633,5,500,A1,Olga,9.240999999999985
4.16408559155796,3,100,9633,5,500,A2,Olga,9.240999999999985
4.3150034363406595,3,100,9633,5,500,A3,Tracy,9.240999999999985
13.806740426656491,3,100,9633,5,500,core,Tracy_Olga,9.240999999999985
1.9855959546146844,3,100,999,5,1000,A1,NTD,28.27500000000009
0.71590791965362,3,100,999,5,1000,A2,NTD,28.27500000000009
996.0669398900643,3,100,999,5,1000,A3,NTD,28.27500000000009
9.334627449020626,3,100,999,5,1000,core,NTD,28.27500000000009
2.861620044352979,3,100,999,5,1000,A1,Ours,1.4039999999999964
0.017337275530047682,3,100,999,5,1000,A2,Ours,1.4039999999999964
2.587653850478012,3,100,999,5,1000,A3,Ours,1.4039999999999964
7.367276182729016,3,100,999,5,1000,core,Ours,1.4039999999999964
2.861620044352979,3,100,999,5,1000,A1,HOSVD,1.9379999999998745
0.017337275530047682,3,100,999,5,1000,A2,HOSVD,1.9379999999998745
2.5836865684841555,3,100,999,5,1000,A3,HOSVD,1.9379999999998745
7.3554210722462035,3,100,999,5,1000,core,HOSVD,1.9379999999998745
2.8737926449786895,3,100,999,5,1000,A1,HOOI,2.9780000000000655
0.0225903960013559,3,100,999,5,1000,A2,HOOI,2.9780000000000655
2.575917118825752,3,100,999,5,1000,A3,HOOI,2.9780000000000655
7.388057906626322,3,100,999,5,1000,core,HOOI,2.9780000000000655
3.9842927048961627,3,100,999,5,1000,A1,Olga,3.897999999999911
0.025132439567053598,3,100,999,5,1000,A2,Olga,3.897999999999911
3.0784344327466395,3,100,999,5,1000,A3,Tracy,3.897999999999911
7.3099817009882075,3,100,999,5,1000,core,Tracy_Olga,3.897999999999911
1.9956882885655531,3,100,4955,5,1000,A1,NTD,157.53100000000018
1.2268267332736793,3,100,4955,5,1000,A2,NTD,157.53100000000018
4952.108127159553,3,100,4955,5,1000,A3,NTD,157.53100000000018
11.791970464181038,3,100,4955,5,1000,core,NTD,157.53100000000018
3.918633301540993,3,100,4955,5,1000,A1,Ours,5.439999999999827
0.02112741628373474,3,100,4955,5,1000,A2,Ours,5.439999999999827
2.687796798479415,3,100,4955,5,1000,A3,Ours,5.439999999999827
11.15246460544524,3,100,4955,5,1000,core,Ours,5.439999999999827
3.918633301540993,3,100,4955,5,1000,A1,HOSVD,1.8790000000001328
0.02112741628373474,3,100,4955,5,1000,A2,HOSVD,1.8790000000001328
2.499430270714845,3,100,4955,5,1000,A3,HOSVD,1.8790000000001328
11.152464605445239,3,100,4955,5,1000,core,HOSVD,1.8790000000001328
3.9585503552476498,3,100,4955,5,1000,A1,HOOI,4.339000000000169
0.026710937325973166,3,100,4955,5,1000,A2,HOOI,4.339000000000169
2.5024089446627826,3,100,4955,5,1000,A3,HOOI,4.339000000000169
11.15246460544524,3,100,4955,5,1000,core,HOOI,4.339000000000169
4.58850738578379,3,100,4955,5,1000,A1,Olga,2.6469999999999345
0.33882174828943884,3,100,4955,5,1000,A2,Olga,2.6469999999999345
2.8916639333679663,3,100,4955,5,1000,A3,Tracy,2.6469999999999345
11.152464605445239,3,100,4955,5,1000,core,Tracy_Olga,2.6469999999999345
2.81121555855388,3,100,9807,5,1000,A1,NTD,324.28
2.001081548913003,3,100,9807,5,1000,A2,NTD,324.28
9804.159262722003,3,100,9807,5,1000,A3,NTD,324.28
9.762131076459452,3,100,9807,5,1000,core,NTD,324.28
4.173370894998768,3,100,9807,5,1000,A1,Ours,14.727999999999838
0.009622524385087613,3,100,9807,5,1000,A2,Ours,14.727999999999838
5.329705001047213,3,100,9807,5,1000,A3,Ours,14.727999999999838
12.745348191590383,3,100,9807,5,1000,core,Ours,14.727999999999838
4.173370894998768,3,100,9807,5,1000,A1,HOSVD,4.599999999999909
0.009622524385087613,3,100,9807,5,1000,A2,HOSVD,4.599999999999909
2.530826914475294,3,100,9807,5,1000,A3,HOSVD,4.599999999999909
10.809497919368766,3,100,9807,5,1000,core,HOSVD,4.599999999999909
4.177230582344634,3,100,9807,5,1000,A1,HOOI,15.58199999999988
0.027117631595631596,3,100,9807,5,1000,A2,HOOI,15.58199999999988
2.53739925573264,3,100,9807,5,1000,A3,HOOI,15.58199999999988
10.818196062433067,3,100,9807,5,1000,core,HOOI,15.58199999999988
4.618736406527029,3,100,9807,5,1000,A1,Olga,8.307999999999993
0.3615144942423086,3,100,9807,5,1000,A2,Olga,8.307999999999993
2.9375164405174767,3,100,9807,5,1000,A3,Tracy,8.307999999999993
10.778629706724093,3,100,9807,5,1000,core,Tracy_Olga,8.307999999999993
2.0419444158569764,3,100,999,5,2500,A1,NTD,28.124000000000024
0.2243828238718037,3,100,999,5,2500,A2,NTD,28.124000000000024
996.0199661370917,3,100,999,5,2500,A3,NTD,28.124000000000024
10.596304084325032,3,100,999,5,2500,core,NTD,28.124000000000024
2.2117058858700553,3,100,999,5,2500,A1,Ours,4.879000000000133
0.027017094156622876,3,100,999,5,2500,A2,Ours,4.879000000000133
2.5339870380003338,3,100,999,5,2500,A3,Ours,4.879000000000133
10.415955782177688,3,100,999,5,2500,core,Ours,4.879000000000133
2.2117058858700553,3,100,999,5,2500,A1,HOSVD,3.365000000000009
0.027017094156622876,3,100,999,5,2500,A2,HOSVD,3.365000000000009
2.5331044331956805,3,100,999,5,2500,A3,HOSVD,3.365000000000009
10.414143172716106,3,100,999,5,2500,core,HOSVD,3.365000000000009
2.2179849196305144,3,100,999,5,2500,A1,HOOI,4.455000000000155
0.027066299227390893,3,100,999,5,2500,A2,HOOI,4.455000000000155
2.531834738385765,3,100,999,5,2500,A3,HOOI,4.455000000000155
10.420951841984973,3,100,999,5,2500,core,HOOI,4.455000000000155
2.203933088016833,3,100,999,5,2500,A1,Olga,4.624000000000024
0.016367555212280085,3,100,999,5,2500,A2,Olga,4.624000000000024
3.115973282952293,3,100,999,5,2500,A3,Tracy,4.624000000000024
10.520392931387414,3,100,999,5,2500,core,Tracy_Olga,4.624000000000024
1.7977042316718972,3,100,4985,5,2500,A1,NTD,154.02199999999993
0.5592996632092634,3,100,4985,5,2500,A2,NTD,154.02199999999993
4982.053713782077,3,100,4985,5,2500,A3,NTD,154.02199999999993
9.713511747110969,3,100,4985,5,2500,core,NTD,154.02199999999993
3.1737751994856427,3,100,4985,5,2500,A1,Ours,5.576999999999998
0.027018856305953274,3,100,4985,5,2500,A2,Ours,5.576999999999998
2.5038026080387805,3,100,4985,5,2500,A3,Ours,5.576999999999998
10.808434152642477,3,100,4985,5,2500,core,Ours,5.576999999999998
3.1737751994856427,3,100,4985,5,2500,A1,HOSVD,2.019999999999982
0.027018856305953274,3,100,4985,5,2500,A2,HOSVD,2.019999999999982
2.474235042818082,3,100,4985,5,2500,A3,HOSVD,2.019999999999982
10.788628807156071,3,100,4985,5,2500,core,HOSVD,2.019999999999982
3.5531144000686696,3,100,4985,5,2500,A1,HOOI,4.711999999999989
0.026522297553539076,3,100,4985,5,2500,A2,HOOI,4.711999999999989
2.4768237127274544,3,100,4985,5,2500,A3,HOOI,4.711999999999989
10.822527650103353,3,100,4985,5,2500,core,HOOI,4.711999999999989
2.6712614994992596,3,100,4985,5,2500,A1,Olga,2.8170000000000073
0.051686428472489915,3,100,4985,5,2500,A2,Olga,2.8170000000000073
2.86050919281905,3,100,4985,5,2500,A3,Tracy,2.8170000000000073
10.803814016469431,3,100,4985,5,2500,core,Tracy_Olga,2.8170000000000073
1.6769457844230484,3,100,9933,5,2500,A1,NTD,381.126
3.226210361777565,3,100,9933,5,2500,A2,NTD,381.126
9930.092681026284,3,100,9933,5,2500,A3,NTD,381.126
10.052136555077912,3,100,9933,5,2500,core,NTD,381.126
2.0921868488203788,3,100,9933,5,2500,A1,Ours,15.834000000000287
0.028624442738741214,3,100,9933,5,2500,A2,Ours,15.834000000000287
2.625644426190069,3,100,9933,5,2500,A3,Ours,15.834000000000287
10.90529723465071,3,100,9933,5,2500,core,Ours,15.834000000000287
2.0921868488203788,3,100,9933,5,2500,A1,HOSVD,3.6829999999999927
0.028624442738741214,3,100,9933,5,2500,A2,HOSVD,3.6829999999999927
2.504764575600518,3,100,9933,5,2500,A3,HOSVD,3.6829999999999927
10.824247643580115,3,100,9933,5,2500,core,HOSVD,3.6829999999999927
2.1027887391971807,3,100,9933,5,2500,A1,HOOI,11.875999999999749
0.028080081370389493,3,100,9933,5,2500,A2,HOOI,11.875999999999749
2.5072343136924147,3,100,9933,5,2500,A3,HOOI,11.875999999999749
10.841400276847793,3,100,9933,5,2500,core,HOOI,11.875999999999749
2.781355472135917,3,100,9933,5,2500,A1,Olga,6.885999999999967
0.1312210818223299,3,100,9933,5,2500,A2,Olga,6.885999999999967
2.9144139425030637,3,100,9933,5,2500,A3,Tracy,6.885999999999967
11.15246460544524,3,100,9933,5,2500,core,Tracy_Olga,6.885999999999967
1.6178918486299552,3,100,1000,5,5000,A1,NTD,28.52699999999959
0.20669484122305914,3,100,1000,5,5000,A2,NTD,28.52699999999959
997.0002033165839,3,100,1000,5,5000,A3,NTD,28.52699999999959
11.86332679094722,3,100,1000,5,5000,core,NTD,28.52699999999959
2.1977141433456397,3,100,1000,5,5000,A1,Ours,0.5260000000002947
0.01823502347489142,3,100,1000,5,5000,A2,Ours,0.5260000000002947
0.1871980407285172,3,100,1000,5,5000,A3,Ours,0.5260000000002947
10.460677435686891,3,100,1000,5,5000,core,Ours,0.5260000000002947
2.1977141433456397,3,100,1000,5,5000,A1,HOSVD,0.3799999999996544
0.01823502347489142,3,100,1000,5,5000,A2,HOSVD,0.3799999999996544
0.18707272846454573,3,100,1000,5,5000,A3,HOSVD,0.3799999999996544
10.460728233302348,3,100,1000,5,5000,core,HOSVD,0.3799999999996544
2.1928172465838944,3,100,1000,5,5000,A1,HOOI,1.1579999999999018
0.018533149547241914,3,100,1000,5,5000,A2,HOOI,1.1579999999999018
0.18928830127629293,3,100,1000,5,5000,A3,HOOI,1.1579999999999018
10.464756348037172,3,100,1000,5,5000,core,HOOI,1.1579999999999018
1.4581588145432562,3,100,1000,5,5000,A1,Olga,0.8230000000003201
0.01803826528090317,3,100,1000,5,5000,A2,Olga,0.8230000000003201
1.3779808066402324,3,100,1000,5,5000,A3,Tracy,0.8230000000003201
10.510147262961196,3,100,1000,5,5000,core,Tracy_Olga,0.8230000000003201
1.3754734255594385,3,100,4994,5,5000,A1,NTD,158.28999999999996
0.9960259502571222,3,100,4994,5,5000,A2,NTD,158.28999999999996
4991.030870796751,3,100,4994,5,5000,A3,NTD,158.28999999999996
14.170946290413323,3,100,4994,5,5000,core,NTD,158.28999999999996
2.396512622539365,3,100,4994,5,5000,A1,Ours,5.179999999999836
0.007237945160749798,3,100,4994,5,5000,A2,Ours,5.179999999999836
2.4824836805284267,3,100,4994,5,5000,A3,Ours,5.179999999999836
10.720387866386298,3,100,4994,5,5000,core,Ours,5.179999999999836
2.396512622539365,3,100,4994,5,5000,A1,HOSVD,1.7449999999998909
0.007237945160749798,3,100,4994,5,5000,A2,HOSVD,1.7449999999998909
2.4745772255788805,3,100,4994,5,5000,A3,HOSVD,1.7449999999998909
10.71416901615932,3,100,4994,5,5000,core,HOSVD,1.7449999999998909
2.4015084741409045,3,100,4994,5,5000,A1,HOOI,4.4539999999997235
0.006753538465876817,3,100,4994,5,5000,A2,HOOI,4.4539999999997235
2.4755227012325753,3,100,4994,5,5000,A3,HOOI,4.4539999999997235
10.709743579794816,3,100,4994,5,5000,core,HOOI,4.4539999999997235
2.3443721679769607,3,100,4994,5,5000,A1,Olga,2.701999999999771
0.007950605529873703,3,100,4994,5,5000,A2,Olga,2.701999999999771
2.9042521595569317,3,100,4994,5,5000,A3,Tracy,2.701999999999771
7.419722493034305,3,100,4994,5,5000,core,Tracy_Olga,2.701999999999771
1.8578389598312757,3,100,9965,5,5000,A1,NTD,341.2739999999999
2.7742542137375277,3,100,9965,5,5000,A2,NTD,341.2739999999999
9962.058652607762,3,100,9965,5,5000,A3,NTD,341.2739999999999
11.26140389329344,3,100,9965,5,5000,core,NTD,341.2739999999999
1.520153343424721,3,100,9965,5,5000,A1,Ours,15.183999999999742
0.010823542143904472,3,100,9965,5,5000,A2,Ours,15.183999999999742
2.5263509680364087,3,100,9965,5,5000,A3,Ours,15.183999999999742
10.820202252668313,3,100,9965,5,5000,core,Ours,15.183999999999742
1.520153343424721,3,100,9965,5,5000,A1,HOSVD,3.3519999999998618
0.010823542143904472,3,100,9965,5,5000,A2,HOSVD,3.3519999999998618
2.4968326974026116,3,100,9965,5,5000,A3,HOSVD,3.3519999999998618
10.796074666358399,3,100,9965,5,5000,core,HOSVD,3.3519999999998618
1.5265839402199173,3,100,9965,5,5000,A1,HOOI,11.385000000000218
0.011397911318478185,3,100,9965,5,5000,A2,HOOI,11.385000000000218
2.4977345927350636,3,100,9965,5,5000,A3,HOOI,11.385000000000218
10.811325804542504,3,100,9965,5,5000,core,HOOI,11.385000000000218
1.5725481032129525,3,100,9965,5,5000,A1,Olga,6.86200000000008
0.023841272292131836,3,100,9965,5,5000,A2,Olga,6.86200000000008
2.9050974189694103,3,100,9965,5,5000,A3,Tracy,6.86200000000008
10.80070261283815,3,100,9965,5,5000,core,Tracy_Olga,6.86200000000008
1.758649087951911,3,100,999,5,6000,A1,NTD,28.882000000000062
4.211622044457556,3,100,999,5,6000,A2,NTD,28.882000000000062
996.017536872473,3,100,999,5,6000,A3,NTD,28.882000000000062
9.889895928239463,3,100,999,5,6000,core,NTD,28.882000000000062
1.899299758403554,3,100,999,5,6000,A1,Ours,0.6600000000003092
0.011153213835276574,3,100,999,5,6000,A2,Ours,0.6600000000003092
2.5082231204399728,3,100,999,5,6000,A3,Ours,0.6600000000003092
10.397956111102443,3,100,999,5,6000,core,Ours,0.6600000000003092
1.899299758403554,3,100,999,5,6000,A1,HOSVD,1.5880000000001928
0.011153213835276574,3,100,999,5,6000,A2,HOSVD,1.5880000000001928
2.507978068258211,3,100,999,5,6000,A3,HOSVD,1.5880000000001928
10.397881744359067,3,100,999,5,6000,core,HOSVD,1.5880000000001928
1.9036023959595965,3,100,999,5,6000,A1,HOOI,2.2549999999996544
0.010764333174332546,3,100,999,5,6000,A2,HOOI,2.2549999999996544
2.5084906130933153,3,100,999,5,6000,A3,HOOI,2.2549999999996544
10.398475898948252,3,100,999,5,6000,core,HOOI,2.2549999999996544
1.565345677210683,3,100,999,5,6000,A1,Olga,1.5720000000001164
0.007859942764221197,3,100,999,5,6000,A2,Olga,1.5720000000001164
3.093814443512516,3,100,999,5,6000,A3,Tracy,1.5720000000001164
10.437435605408417,3,100,999,5,6000,core,Tracy_Olga,1.5720000000001164
1.8242003262986248,3,100,4995,5,6000,A1,NTD,160.51499999999987
0.28793894883996457,3,100,4995,5,6000,A2,NTD,160.51499999999987
4992.038892847873,3,100,4995,5,6000,A3,NTD,160.51499999999987
15.294638061080763,3,100,4995,5,6000,core,NTD,160.51499999999987
2.3041801518088185,3,100,4995,5,6000,A1,Ours,5.350000000000364
0.014976618801080598,3,100,4995,5,6000,A2,Ours,5.350000000000364
2.4830461505337498,3,100,4995,5,6000,A3,Ours,5.350000000000364
7.189282331962223,3,100,4995,5,6000,core,Ours,5.350000000000364
2.3041801518088185,3,100,4995,5,6000,A1,HOSVD,1.8230000000003201
0.014976618801080598,3,100,4995,5,6000,A2,HOSVD,1.8230000000003201
2.477503496664481,3,100,4995,5,6000,A3,HOSVD,1.8230000000003201
7.18642953876276,3,100,4995,5,6000,core,HOSVD,1.8230000000003201
2.305011774792675,3,100,4995,5,6000,A1,HOOI,4.584000000000287
0.01515622682535655,3,100,4995,5,6000,A2,HOOI,4.584000000000287
2.4778615980718146,3,100,4995,5,6000,A3,HOOI,4.584000000000287
7.185541605977933,3,100,4995,5,6000,core,HOOI,4.584000000000287
1.6343914374167317,3,100,4995,5,6000,A1,Olga,2.9469999999996617
0.019794541225153697,3,100,4995,5,6000,A2,Olga,2.9469999999996617
2.9360386475083913,3,100,4995,5,6000,A3,Tracy,2.9469999999996617
15.472253549330294,3,100,4995,5,6000,core,Tracy_Olga,2.9469999999996617
1.937527874378572,3,100,9969,5,6000,A1,NTD,363.4459999999999
1.4468381961395507,3,100,9969,5,6000,A2,NTD,363.4459999999999
9966.050753900392,3,100,9969,5,6000,A3,NTD,363.4459999999999
11.750402043854088,3,100,9969,5,6000,core,NTD,363.4459999999999
1.718418292549459,3,100,9969,5,6000,A1,Ours,14.467999999999847
0.019073098561284293,3,100,9969,5,6000,A2,Ours,14.467999999999847
2.517062699273003,3,100,9969,5,6000,A3,Ours,14.467999999999847
11.152464605445239,3,100,9969,5,6000,core,Ours,14.467999999999847
1.718418292549459,3,100,9969,5,6000,A1,HOSVD,3.2170000000000982
0.019073098561284293,3,100,9969,5,6000,A2,HOSVD,3.2170000000000982
2.496410179566412,3,100,9969,5,6000,A3,HOSVD,3.2170000000000982
11.152464605445239,3,100,9969,5,6000,core,HOSVD,3.2170000000000982
1.7216869156781138,3,100,9969,5,6000,A1,HOOI,11.596000000000004
0.018995204222156736,3,100,9969,5,6000,A2,HOOI,11.596000000000004
2.4976773075167644,3,100,9969,5,6000,A3,HOOI,11.596000000000004
11.152464605445239,3,100,9969,5,6000,core,HOOI,11.596000000000004
1.8613902483479496,3,100,9969,5,6000,A1,Olga,8.239999999999782
0.02723630202217423,3,100,9969,5,6000,A2,Olga,8.239999999999782
2.90550543634119,3,100,9969,5,6000,A3,Tracy,8.239999999999782
10.77893361104292,3,100,9969,5,6000,core,Tracy_Olga,8.239999999999782
1.9793797783222353,3,100,1000,5,7000,A1,NTD,28.59900000000016
0.2186704215941753,3,100,1000,5,7000,A2,NTD,28.59900000000016
997.0000062258108,3,100,1000,5,7000,A3,NTD,28.59900000000016
15.329975113509272,3,100,1000,5,7000,core,NTD,28.59900000000016
1.1007019636625321,3,100,1000,5,7000,A1,Ours,0.7789999999999964
0.008228485059560359,3,100,1000,5,7000,A2,Ours,0.7789999999999964
0.07022835756049549,3,100,1000,5,7000,A3,Ours,0.7789999999999964
10.34519396250939,3,100,1000,5,7000,core,Ours,0.7789999999999964
1.1007019636625321,3,100,1000,5,7000,A1,HOSVD,0.61200000000008
0.008228485059560359,3,100,1000,5,7000,A2,HOSVD,0.61200000000008
0.07017219868607592,3,100,1000,5,7000,A3,HOSVD,0.61200000000008
10.34500889563613,3,100,1000,5,7000,core,HOSVD,0.61200000000008
1.1026012180140445,3,100,1000,5,7000,A1,HOOI,0.7989999999999782
0.008481673159140642,3,100,1000,5,7000,A2,HOOI,0.7989999999999782
0.07052357724000645,3,100,1000,5,7000,A3,HOOI,0.7989999999999782
10.346384229845615,3,100,1000,5,7000,core,HOOI,0.7989999999999782
1.2165443341921462,3,100,1000,5,7000,A1,Olga,0.5809999999996762
0.006676204085448698,3,100,1000,5,7000,A2,Olga,0.5809999999996762
1.3495801804529528,3,100,1000,5,7000,A3,Tracy,0.5809999999996762
10.397131999404326,3,100,1000,5,7000,core,Tracy_Olga,0.5809999999996762
1.883850202164658,3,100,4996,5,7000,A1,NTD,160.10199999999986
0.054997157553097004,3,100,4996,5,7000,A2,NTD,160.10199999999986
4993.031804743801,3,100,4996,5,7000,A3,NTD,160.10199999999986
15.985420234037086,3,100,4996,5,7000,core,NTD,160.10199999999986
1.7597845234961795,3,100,4996,5,7000,A1,Ours,16.021999999999935
0.009882167052691309,3,100,4996,5,7000,A2,Ours,16.021999999999935
2.484095822164071,3,100,4996,5,7000,A3,Ours,16.021999999999935
14.312931071704101,3,100,4996,5,7000,core,Ours,16.021999999999935
1.7597845234961795,3,100,4996,5,7000,A1,HOSVD,10.199999999999818
0.009882167052691309,3,100,4996,5,7000,A2,HOSVD,10.199999999999818
2.479603535526666,3,100,4996,5,7000,A3,HOSVD,10.199999999999818
14.311575262890889,3,100,4996,5,7000,core,HOSVD,10.199999999999818
1.7611410177365765,3,100,4996,5,7000,A1,HOOI,13.304000000000087
0.009747860580502558,3,100,4996,5,7000,A2,HOOI,13.304000000000087
2.4797122457671685,3,100,4996,5,7000,A3,HOOI,13.304000000000087
14.310489633276568,3,100,4996,5,7000,core,HOOI,13.304000000000087
1.7645926555908056,3,100,4996,5,7000,A1,Olga,9.152000000000044
0.017192277976948327,3,100,4996,5,7000,A2,Olga,9.152000000000044
2.955118136661429,3,100,4996,5,7000,A3,Tracy,9.152000000000044
7.277821324566733,3,100,4996,5,7000,core,Tracy_Olga,9.152000000000044
1.3523156544224528,3,100,9976,5,7000,A1,NTD,320.77499999999964
3.3275618682889108,3,100,9976,5,7000,A2,NTD,320.77499999999964
9973.041226414001,3,100,9976,5,7000,A3,NTD,320.77499999999964
11.37081803756154,3,100,9976,5,7000,core,NTD,320.77499999999964
1.784246033514846,3,100,9976,5,7000,A1,Ours,13.943000000000211
0.005346990762749599,3,100,9976,5,7000,A2,Ours,13.943000000000211
2.498184759819804,3,100,9976,5,7000,A3,Ours,13.943000000000211
11.152464605445239,3,100,9976,5,7000,core,Ours,13.943000000000211
1.784246033514846,3,100,9976,5,7000,A1,HOSVD,3.787000000000262
0.005346990762749599,3,100,9976,5,7000,A2,HOSVD,3.787000000000262
2.482993884434693,3,100,9976,5,7000,A3,HOSVD,3.787000000000262
11.152464605445239,3,100,9976,5,7000,core,HOSVD,3.787000000000262
1.7856310554857875,3,100,9976,5,7000,A1,HOOI,11.557999999999993
0.006122010370104617,3,100,9976,5,7000,A2,HOOI,11.557999999999993
2.4844675923380812,3,100,9976,5,7000,A3,HOOI,11.557999999999993
11.152464605445239,3,100,9976,5,7000,core,HOOI,11.557999999999993
2.1512591874916476,3,100,9976,5,7000,A1,Olga,6.8200000000006185
0.02582668686705451,3,100,9976,5,7000,A2,Olga,6.8200000000006185
2.896697100646885,3,100,9976,5,7000,A3,Tracy,6.8200000000006185
10.812860555140494,3,100,9976,5,7000,core,Tracy_Olga,6.8200000000006185
1.609742949523606,3,100,1000,5,8000,A1,NTD,28.726000000000568
0.20088002232753713,3,100,1000,5,8000,A2,NTD,28.726000000000568
997.0000267060474,3,100,1000,5,8000,A3,NTD,28.726000000000568
11.092566406036003,3,100,1000,5,8000,core,NTD,28.726000000000568
1.2938098581847344,3,100,1000,5,8000,A1,Ours,0.5609999999996944
0.0074406897916996576,3,100,1000,5,8000,A2,Ours,0.5609999999996944
0.062258675464140115,3,100,1000,5,8000,A3,Ours,0.5609999999996944
10.386078681419814,3,100,1000,5,8000,core,Ours,0.5609999999996944
1.2938098581847344,3,100,1000,5,8000,A1,HOSVD,0.581000000000131
0.0074406897916996576,3,100,1000,5,8000,A2,HOSVD,0.581000000000131
0.06227109879378275,3,100,1000,5,8000,A3,HOSVD,0.581000000000131
10.386078916182171,3,100,1000,5,8000,core,HOSVD,0.581000000000131
1.2932346135221822,3,100,1000,5,8000,A1,HOOI,0.7039999999997235
0.008076230806261072,3,100,1000,5,8000,A2,HOOI,0.7039999999997235
0.062242427730347175,3,100,1000,5,8000,A3,HOOI,0.7039999999997235
10.385943662497748,3,100,1000,5,8000,core,HOOI,0.7039999999997235
1.7012767369102346,3,100,1000,5,8000,A1,Olga,0.44400000000041473
0.01157165205545042,3,100,1000,5,8000,A2,Olga,0.44400000000041473
1.3487720279565187,3,100,1000,5,8000,A3,Tracy,0.44400000000041473
10.379198307444911,3,100,1000,5,8000,core,Tracy_Olga,0.44400000000041473
1.3487353018014325,3,100,4995,5,8000,A1,NTD,159.89499999999953
1.1590388809270644,3,100,4995,5,8000,A2,NTD,159.89499999999953
4992.032567140643,3,100,4995,5,8000,A3,NTD,159.89499999999953
12.869458295967332,3,100,4995,5,8000,core,NTD,159.89499999999953
1.6593846558400582,3,100,4995,5,8000,A1,Ours,5.300000000000182
0.006675548646404736,3,100,4995,5,8000,A2,Ours,5.300000000000182
2.4897044934118653,3,100,4995,5,8000,A3,Ours,5.300000000000182
10.796583060980863,3,100,4995,5,8000,core,Ours,5.300000000000182
1.6593846558400582,3,100,4995,5,8000,A1,HOSVD,1.8969999999999345
0.006675548646404736,3,100,4995,5,8000,A2,HOSVD,1.8969999999999345
2.4867235457474393,3,100,4995,5,8000,A3,HOSVD,1.8969999999999345
10.793807999496313,3,100,4995,5,8000,core,HOSVD,1.8969999999999345
1.654657609766543,3,100,4995,5,8000,A1,HOOI,5.432999999999993
0.006941698875409639,3,100,4995,5,8000,A2,HOOI,5.432999999999993
2.4885825327262667,3,100,4995,5,8000,A3,HOOI,5.432999999999993
10.795353350956328,3,100,4995,5,8000,core,HOOI,5.432999999999993
1.1589208180786459,3,100,4995,5,8000,A1,Olga,2.7899999999999636
0.0030537396236731216,3,100,4995,5,8000,A2,Olga,2.7899999999999636
2.884915877571641,3,100,4995,5,8000,A3,Tracy,2.7899999999999636
10.784739297367228,3,100,4995,5,8000,core,Tracy_Olga,2.7899999999999636
1.8572653833068626,3,100,9974,5,8000,A1,NTD,332.8249999999998
0.6246201677914511,3,100,9974,5,8000,A2,NTD,332.8249999999998
9971.038030410811,3,100,9974,5,8000,A3,NTD,332.8249999999998
12.45178035448272,3,100,9974,5,8000,core,NTD,332.8249999999998
1.0695680752357823,3,100,9974,5,8000,A1,Ours,14.837000000000444
0.024286273830502882,3,100,9974,5,8000,A2,Ours,14.837000000000444
2.504946746089041,3,100,9974,5,8000,A3,Ours,14.837000000000444
10.802836302260463,3,100,9974,5,8000,core,Ours,14.837000000000444
1.0695680752357823,3,100,9974,5,8000,A1,HOSVD,4.296999999999571
0.024286273830502882,3,100,9974,5,8000,A2,HOSVD,4.296999999999571
2.493480749936636,3,100,9974,5,8000,A3,HOSVD,4.296999999999571
10.791797357111733,3,100,9974,5,8000,core,HOSVD,4.296999999999571
1.0717905061300874,3,100,9974,5,8000,A1,HOOI,12.278000000000247
0.023765055382780547,3,100,9974,5,8000,A2,HOOI,12.278000000000247
2.494252515564933,3,100,9974,5,8000,A3,HOOI,12.278000000000247
10.79293629294784,3,100,9974,5,8000,core,HOOI,12.278000000000247
1.2343984150971539,3,100,9974,5,8000,A1,Olga,6.963999999999942
0.024883821289714746,3,100,9974,5,8000,A2,Olga,6.963999999999942
2.893957042182526,3,100,9974,5,8000,A3,Tracy,6.963999999999942
10.810537794350283,3,100,9974,5,8000,core,Tracy_Olga,6.963999999999942
2.013591667155324,3,100,1000,5,9000,A1,NTD,28.688000000000102
0.20606081157451167,3,100,1000,5,9000,A2,NTD,28.688000000000102
997.0000322154268,3,100,1000,5,9000,A3,NTD,28.688000000000102
11.932865197995481,3,100,1000,5,9000,core,NTD,28.688000000000102
1.4219058050532025,3,100,1000,5,9000,A1,Ours,1.2049999999999272
0.005088825247115949,3,100,1000,5,9000,A2,Ours,1.2049999999999272
0.09055530186394015,3,100,1000,5,9000,A3,Ours,1.2049999999999272
10.34076516502103,3,100,1000,5,9000,core,Ours,1.2049999999999272
1.4219058050532025,3,100,1000,5,9000,A1,HOSVD,0.5190000000002328
0.005088825247115949,3,100,1000,5,9000,A2,HOSVD,0.5190000000002328
0.09053294361252597,3,100,1000,5,9000,A3,HOSVD,0.5190000000002328
10.340655290144504,3,100,1000,5,9000,core,HOSVD,0.5190000000002328
1.418638563203284,3,100,1000,5,9000,A1,HOOI,0.8930000000000291
0.005081228506289621,3,100,1000,5,9000,A2,HOOI,0.8930000000000291
0.09139835908223144,3,100,1000,5,9000,A3,HOOI,0.8930000000000291
10.337520837784556,3,100,1000,5,9000,core,HOOI,0.8930000000000291
1.2415651481507448,3,100,1000,5,9000,A1,Olga,0.5399999999999636
0.010079031261887169,3,100,1000,5,9000,A2,Olga,0.5399999999999636
1.3517404978773742,3,100,1000,5,9000,A3,Tracy,0.5399999999999636
10.367500162581385,3,100,1000,5,9000,core,Tracy_Olga,0.5399999999999636
1.9401839046251177,3,100,4998,5,9000,A1,NTD,161.0030000000006
0.24125227746069516,3,100,4998,5,9000,A2,NTD,161.0030000000006
4995.032712056148,3,100,4998,5,9000,A3,NTD,161.0030000000006
14.185558051362795,3,100,4998,5,9000,core,NTD,161.0030000000006
1.6117065351673332,3,100,4998,5,9000,A1,Ours,5.764000000000124
0.014258370230101031,3,100,4998,5,9000,A2,Ours,5.764000000000124
2.540588751908009,3,100,4998,5,9000,A3,Ours,5.764000000000124
11.367465732815967,3,100,4998,5,9000,core,Ours,5.764000000000124
1.6117065351673332,3,100,4998,5,9000,A1,HOSVD,1.8260000000000218
0.014258370230101031,3,100,4998,5,9000,A2,HOSVD,1.8260000000000218
2.5393801364519035,3,100,4998,5,9000,A3,HOSVD,1.8260000000000218
11.369600962224132,3,100,4998,5,9000,core,HOSVD,1.8260000000000218
1.6107608083731135,3,100,4998,5,9000,A1,HOOI,4.6469999999999345
0.014348421042537696,3,100,4998,5,9000,A2,HOOI,4.6469999999999345
2.5347913998326526,3,100,4998,5,9000,A3,HOOI,4.6469999999999345
11.351408943452986,3,100,4998,5,9000,core,HOOI,4.6469999999999345
1.342137223093805,3,100,4998,5,9000,A1,Olga,2.7770000000000437
0.015783151441476642,3,100,4998,5,9000,A2,Olga,2.7770000000000437
3.088465526423331,3,100,4998,5,9000,A3,Tracy,2.7770000000000437
10.828698790376656,3,100,4998,5,9000,core,Tracy_Olga,2.7770000000000437
1.7971677539717943,3,100,9979,5,9000,A1,NTD,337.9479999999994
3.8397413385918404,3,100,9979,5,9000,A2,NTD,337.9479999999994
9976.035762303616,3,100,9979,5,9000,A3,NTD,337.9479999999994
10.950785365088588,3,100,9979,5,9000,core,NTD,337.9479999999994
1.5321707820136008,3,100,9979,5,9000,A1,Ours,15.940999999999804
0.017177149102333273,3,100,9979,5,9000,A2,Ours,15.940999999999804
2.513628839300583,3,100,9979,5,9000,A3,Ours,15.940999999999804
10.826551390681741,3,100,9979,5,9000,core,Ours,15.940999999999804
1.5321707820136008,3,100,9979,5,9000,A1,HOSVD,4.307999999999993
0.017177149102333273,3,100,9979,5,9000,A2,HOSVD,4.307999999999993
2.5045189459616144,3,100,9979,5,9000,A3,HOSVD,4.307999999999993
10.817761793967033,3,100,9979,5,9000,core,HOSVD,4.307999999999993
1.529331069564536,3,100,9979,5,9000,A1,HOOI,12.333999999999833
0.017598315838994263,3,100,9979,5,9000,A2,HOOI,12.333999999999833
2.504770132544139,3,100,9979,5,9000,A3,HOOI,12.333999999999833
10.820615883930206,3,100,9979,5,9000,core,HOOI,12.333999999999833
1.6271111865891517,3,100,9979,5,9000,A1,Olga,6.63799999999992
0.012627470046920376,3,100,9979,5,9000,A2,Olga,6.63799999999992
2.90471541560814,3,100,9979,5,9000,A3,Tracy,6.63799999999992
10.841228516795644,3,100,9979,5,9000,core,Tracy_Olga,6.63799999999992
2.010751779910232,3,100,1000,5,10000,A1,NTD,29.077000000000226
0.23321070220170376,3,100,1000,5,10000,A2,NTD,29.077000000000226
997.0000803013385,3,100,1000,5,10000,A3,NTD,29.077000000000226
11.111224245065989,3,100,1000,5,10000,core,NTD,29.077000000000226
1.2814865105736146,3,100,1000,5,10000,A1,Ours,0.6730000000006839
0.005795114058615536,3,100,1000,5,10000,A2,Ours,0.6730000000006839
0.05653892462275407,3,100,1000,5,10000,A3,Ours,0.6730000000006839
10.373924933011693,3,100,1000,5,10000,core,Ours,0.6730000000006839
1.2814865105736146,3,100,1000,5,10000,A1,HOSVD,0.5770000000002256
0.005795114058615536,3,100,1000,5,10000,A2,HOSVD,0.5770000000002256
0.056519083606215395,3,100,1000,5,10000,A3,HOSVD,0.5770000000002256
10.37392252656097,3,100,1000,5,10000,core,HOSVD,0.5770000000002256
1.2778597680035195,3,100,1000,5,10000,A1,HOOI,0.7080000000005384
0.005815620906320272,3,100,1000,5,10000,A2,HOOI,0.7080000000005384
0.05658379842453547,3,100,1000,5,10000,A3,HOOI,0.7080000000005384
10.373996781861107,3,100,1000,5,10000,core,HOOI,0.7080000000005384
1.241210536240165,3,100,1000,5,10000,A1,Olga,0.45499999999992724
0.006355900567170727,3,100,1000,5,10000,A2,Olga,0.45499999999992724
1.3482046964596104,3,100,1000,5,10000,A3,Tracy,0.45499999999992724
10.406018340337054,3,100,1000,5,10000,core,Tracy_Olga,0.45499999999992724
1.643746259210444,3,100,4997,5,10000,A1,NTD,152.79299999999967
0.22907694244621635,3,100,4997,5,10000,A2,NTD,152.79299999999967
4994.0268770846615,3,100,4997,5,10000,A3,NTD,152.79299999999967
15.994194033176235,3,100,4997,5,10000,core,NTD,152.79299999999967
1.6700965774303174,3,100,4997,5,10000,A1,Ours,5.096999999999753
0.0018636712385496769,3,100,4997,5,10000,A2,Ours,5.096999999999753
2.450364898549055,3,100,4997,5,10000,A3,Ours,5.096999999999753
10.798460023537022,3,100,4997,5,10000,core,Ours,5.096999999999753
1.6700965774303174,3,100,4997,5,10000,A1,HOSVD,2.0670000000000073
0.0018636712385496769,3,100,4997,5,10000,A2,HOSVD,2.0670000000000073
2.4492442770041563,3,100,4997,5,10000,A3,HOSVD,2.0670000000000073
10.796641084338273,3,100,4997,5,10000,core,HOSVD,2.0670000000000073
1.6659824760004696,3,100,4997,5,10000,A1,HOOI,4.630999999999403
0.001634406340463359,3,100,4997,5,10000,A2,HOOI,4.630999999999403
2.4457741282802754,3,100,4997,5,10000,A3,HOOI,4.630999999999403
10.802851067515986,3,100,4997,5,10000,core,HOOI,4.630999999999403
1.336204773926756,3,100,4997,5,10000,A1,Olga,2.930000000000291
0.008159819328313335,3,100,4997,5,10000,A2,Olga,2.930000000000291
2.993558219690007,3,100,4997,5,10000,A3,Tracy,2.930000000000291
10.474269183274984,3,100,4997,5,10000,core,Tracy_Olga,2.930000000000291
1.8035580530512776,3,100,9985,5,10000,A1,NTD,335.326
0.31479568489209053,3,100,9985,5,10000,A2,NTD,335.326
9982.029382941852,3,100,9985,5,10000,A3,NTD,335.326
9.297450216518488,3,100,9985,5,10000,core,NTD,335.326
1.4624226944162002,3,100,9985,5,10000,A1,Ours,13.912999999999556
0.006742447520112349,3,100,9985,5,10000,A2,Ours,13.912999999999556
2.4791223914620777,3,100,9985,5,10000,A3,Ours,13.912999999999556
11.152464605445239,3,100,9985,5,10000,core,Ours,13.912999999999556
1.4624226944162002,3,100,9985,5,10000,A1,HOSVD,2.9390000000003056
0.006742447520112349,3,100,9985,5,10000,A2,HOSVD,2.9390000000003056
2.471727362455013,3,100,9985,5,10000,A3,HOSVD,2.9390000000003056
11.152464605445239,3,100,9985,5,10000,core,HOSVD,2.9390000000003056
1.4648757549832456,3,100,9985,5,10000,A1,HOOI,10.438999999999396
0.006621439604196081,3,100,9985,5,10000,A2,HOOI,10.438999999999396
2.4716400986294897,3,100,9985,5,10000,A3,HOOI,10.438999999999396
11.152464605445239,3,100,9985,5,10000,core,HOOI,10.438999999999396
1.6160378189690636,3,100,9985,5,10000,A1,Olga,6.088999999999942
0.022665741703604657,3,100,9985,5,10000,A2,Olga,6.088999999999942
2.8791177290657894,3,100,9985,5,10000,A3,Tracy,6.088999999999942
10.804825924532558,3,100,9985,5,10000,core,Tracy_Olga,6.088999999999942
