error,K,Q1,R,Q2,M,mode,method,time
6.328665472392604,3,100,100,5,100,A1,NTD,4.255
0.08489494506714863,3,100,100,5,100,A2,NTD,4.255
97.00185325887593,3,100,100,5,100,A3,NTD,4.255
14.609508181985532,3,100,100,5,100,core,NTD,4.255
15.906166654447155,3,100,100,5,100,A1,Ours,0.7149999999999999
0.05573822036738196,3,100,100,5,100,A2,Ours,0.7149999999999999
0.22290327724135697,3,100,100,5,100,A3,Ours,0.7149999999999999
8.92330157782735,3,100,100,5,100,core,Ours,0.7149999999999999
15.906166654447155,3,100,100,5,100,A1,HOSVD,2.2569999999999997
0.05573822036738196,3,100,100,5,100,A2,HOSVD,2.2569999999999997
0.22694693925201895,3,100,100,5,100,A3,HOSVD,2.2569999999999997
8.923433496848219,3,100,100,5,100,core,HOSVD,2.2569999999999997
14.245878481210754,3,100,100,5,100,A1,HOOI,3.0359999999999996
0.0686253986127321,3,100,100,5,100,A2,HOOI,3.0359999999999996
0.20560753289003966,3,100,100,5,100,A3,HOOI,3.0359999999999996
8.919612191227062,3,100,100,5,100,core,HOOI,3.0359999999999996
17.081993702846244,3,100,100,5,100,A1,Olga,3.0820000000000007
0.02991016484809463,3,100,100,5,100,A2,Olga,3.0820000000000007
1.087484674359956,3,100,100,5,100,A3,Tracy,3.0820000000000007
8.985898212030378,3,100,100,5,100,core,Tracy_Olga,3.0820000000000007
12.520574337473727,3,100,499,5,100,A1,NTD,21.542000000000005
4.082421614832731,3,100,499,5,100,A2,NTD,21.542000000000005
496.1647677634713,3,100,499,5,100,A3,NTD,21.542000000000005
12.431751689190396,3,100,499,5,100,core,NTD,21.542000000000005
18.577026283352968,3,100,499,5,100,A1,Ours,4.333999999999996
0.046167040397559304,3,100,499,5,100,A2,Ours,4.333999999999996
2.483256723231092,3,100,499,5,100,A3,Ours,4.333999999999996
10.211121578637636,3,100,499,5,100,core,Ours,4.333999999999996
18.577026283352968,3,100,499,5,100,A1,HOSVD,5.091999999999999
0.046167040397559304,3,100,499,5,100,A2,HOSVD,5.091999999999999
2.306930938778853,3,100,499,5,100,A3,HOSVD,5.091999999999999
10.155918654417047,3,100,499,5,100,core,HOSVD,5.091999999999999
18.03380154674563,3,100,499,5,100,A1,HOOI,4.215999999999994
0.053270007391460004,3,100,499,5,100,A2,HOOI,4.215999999999994
2.3175850210829823,3,100,499,5,100,A3,HOOI,4.215999999999994
8.927753647739378,3,100,499,5,100,core,HOOI,4.215999999999994
18.28426584309181,3,100,499,5,100,A1,Olga,2.6310000000000002
0.458507774325001,3,100,499,5,100,A2,Olga,2.6310000000000002
2.743816968701938,3,100,499,5,100,A3,Tracy,2.6310000000000002
10.580372568406798,3,100,499,5,100,core,Tracy_Olga,2.6310000000000002
10.89569484588534,3,100,984,5,100,A1,NTD,38.605000000000004
4.084524385999059,3,100,984,5,100,A2,NTD,38.605000000000004
981.1816464923365,3,100,984,5,100,A3,NTD,38.605000000000004
10.930509174552999,3,100,984,5,100,core,NTD,38.605000000000004
16.46536290574985,3,100,984,5,100,A1,Ours,12.426000000000002
0.07027752892197518,3,100,984,5,100,A2,Ours,12.426000000000002
4.946356506192383,3,100,984,5,100,A3,Ours,12.426000000000002
9.066377027798945,3,100,984,5,100,core,Ours,12.426000000000002
16.46536290574985,3,100,984,5,100,A1,HOSVD,12.326999999999998
0.07027752892197518,3,100,984,5,100,A2,HOSVD,12.326999999999998
2.440874407519188,3,100,984,5,100,A3,HOSVD,12.326999999999998
8.894110269094565,3,100,984,5,100,core,HOSVD,12.326999999999998
16.328789375323716,3,100,984,5,100,A1,HOOI,10.040000000000006
0.07065385034913242,3,100,984,5,100,A2,HOOI,10.040000000000006
2.4570306761486624,3,100,984,5,100,A3,HOOI,10.040000000000006
8.957806991781842,3,100,984,5,100,core,HOOI,10.040000000000006
31.818211550904255,3,100,984,5,100,A1,Olga,5.864000000000004
2.7808709421081743,3,100,984,5,100,A2,Olga,5.864000000000004
2.799762409185521,3,100,984,5,100,A3,Tracy,5.864000000000004
11.24935181089744,3,100,984,5,100,core,Tracy_Olga,5.864000000000004
50.577335461745264,3,100,2395,5,100,A1,NTD,90.035
0.08458486434860212,3,100,2395,5,100,A2,NTD,90.035
2392.2968845491273,3,100,2395,5,100,A3,NTD,90.035
7.645061169957729,3,100,2395,5,100,core,NTD,90.035
14.62655258148372,3,100,2395,5,100,A1,Ours,6.8559999999999945
0.14466960126875097,3,100,2395,5,100,A2,Ours,6.8559999999999945
5.329160420170518,3,100,2395,5,100,A3,Ours,6.8559999999999945
14.10546036583645,3,100,2395,5,100,core,Ours,6.8559999999999945
14.62655258148372,3,100,2395,5,100,A1,HOSVD,4.039999999999992
0.14466960126875097,3,100,2395,5,100,A2,HOSVD,4.039999999999992
2.5353626045396913,3,100,2395,5,100,A3,HOSVD,4.039999999999992
9.097485015659307,3,100,2395,5,100,core,HOSVD,4.039999999999992
13.40788700392311,3,100,2395,5,100,A1,HOOI,6.378999999999991
0.08552675783444534,3,100,2395,5,100,A2,HOOI,6.378999999999991
2.557059341191519,3,100,2395,5,100,A3,HOOI,6.378999999999991
9.033735951135297,3,100,2395,5,100,core,HOOI,6.378999999999991
33.075528162925245,3,100,2395,5,100,A1,Olga,1.2659999999999911
2.349329069390761,3,100,2395,5,100,A2,Olga,1.2659999999999911
2.963493879704347,3,100,2395,5,100,A3,Tracy,1.2659999999999911
13.399321337171832,3,100,2395,5,100,core,Tracy_Olga,1.2659999999999911
100.48366504291454,3,100,4550,5,100,A1,NTD,157.59799999999998
4.082206085976734,3,100,4550,5,100,A2,NTD,157.59799999999998
4547.469517963678,3,100,4550,5,100,A3,NTD,157.59799999999998
9.044806727335555,3,100,4550,5,100,core,NTD,157.59799999999998
12.935202785241952,3,100,4550,5,100,A1,Ours,11.135999999999967
0.06581099948347803,3,100,4550,5,100,A2,Ours,11.135999999999967
5.110533082707897,3,100,4550,5,100,A3,Ours,11.135999999999967
8.332141137540692,3,100,4550,5,100,core,Ours,11.135999999999967
12.935202785241952,3,100,4550,5,100,A1,HOSVD,11.423999999999978
0.06581099948347803,3,100,4550,5,100,A2,HOSVD,11.423999999999978
2.6850571129083285,3,100,4550,5,100,A3,HOSVD,11.423999999999978
10.244732920042981,3,100,4550,5,100,core,HOSVD,11.423999999999978
12.402942086138847,3,100,4550,5,100,A1,HOOI,17.951999999999998
0.17026538845053327,3,100,4550,5,100,A2,HOOI,17.951999999999998
2.707377255766732,3,100,4550,5,100,A3,HOOI,17.951999999999998
8.94867945156996,3,100,4550,5,100,core,HOOI,17.951999999999998
70.4910991988886,3,100,4550,5,100,A1,Olga,16.535999999999945
4.179060224745039,3,100,4550,5,100,A2,Olga,16.535999999999945
4.588753091395493,3,100,4550,5,100,A3,Tracy,16.535999999999945
11.090545180317076,3,100,4550,5,100,core,Tracy_Olga,16.535999999999945
107.61214024278875,3,100,5352,5,100,A1,NTD,188.99200000000002
2.0800187218798696,3,100,5352,5,100,A2,NTD,188.99200000000002
5349.4915751353765,3,100,5352,5,100,A3,NTD,188.99200000000002
9.566112072847902,3,100,5352,5,100,core,NTD,188.99200000000002
13.515251878683932,3,100,5352,5,100,A1,Ours,5.885999999999967
0.0785722749188453,3,100,5352,5,100,A2,Ours,5.885999999999967
5.20724112371211,3,100,5352,5,100,A3,Ours,5.885999999999967
13.970387267620211,3,100,5352,5,100,core,Ours,5.885999999999967
13.515251878683932,3,100,5352,5,100,A1,HOSVD,3.927000000000021
0.0785722749188453,3,100,5352,5,100,A2,HOSVD,3.927000000000021
2.7074643267965404,3,100,5352,5,100,A3,HOSVD,3.927000000000021
10.626025822510185,3,100,5352,5,100,core,HOSVD,3.927000000000021
14.897909870532608,3,100,5352,5,100,A1,HOOI,10.677999999999997
0.09402189814613622,3,100,5352,5,100,A2,HOOI,10.677999999999997
3.837117513507308,3,100,5352,5,100,A3,HOOI,10.677999999999997
9.486044191823277,3,100,5352,5,100,core,HOOI,10.677999999999997
61.15199788870799,3,100,5352,5,100,A1,Olga,9.781000000000063
3.814437899935497,3,100,5352,5,100,A2,Olga,9.781000000000063
3.1179990946314335,3,100,5352,5,100,A3,Tracy,9.781000000000063
10.522505904739702,3,100,5352,5,100,core,Tracy_Olga,9.781000000000063
121.67306942321063,3,100,6113,5,100,A1,NTD,217.10800000000006
2.084588259330657,3,100,6113,5,100,A2,NTD,217.10800000000006
6110.554374959003,3,100,6113,5,100,A3,NTD,217.10800000000006
11.844359840777164,3,100,6113,5,100,core,NTD,217.10800000000006
12.338410814148745,3,100,6113,5,100,A1,Ours,6.698999999999955
0.12116865340277064,3,100,6113,5,100,A2,Ours,6.698999999999955
5.3102969607300485,3,100,6113,5,100,A3,Ours,6.698999999999955
10.419697116783928,3,100,6113,5,100,core,Ours,6.698999999999955
12.338410814148745,3,100,6113,5,100,A1,HOSVD,2.58400000000006
0.12116865340277064,3,100,6113,5,100,A2,HOSVD,2.58400000000006
3.811858594961312,3,100,6113,5,100,A3,HOSVD,2.58400000000006
11.836489935563137,3,100,6113,5,100,core,HOSVD,2.58400000000006
78.25435457090867,3,100,6113,5,100,A1,Olga,4.447000000000003
4.350555445565358,3,100,6113,5,100,A2,Olga,4.447000000000003
3.935335131662322,3,100,6113,5,100,A3,Tracy,4.447000000000003
9.508999106077821,3,100,6113,5,100,core,Tracy_Olga,4.447000000000003
114.32642521138821,3,100,6819,5,100,A1,NTD,219.78499999999997
3.9224556014179432,3,100,6819,5,100,A2,NTD,219.78499999999997
6816.58953605685,3,100,6819,5,100,A3,NTD,219.78499999999997
10.624362647412568,3,100,6819,5,100,core,NTD,219.78499999999997
14.030862328869077,3,100,6819,5,100,A1,Ours,15.592999999999847
0.16526892045050617,3,100,6819,5,100,A2,Ours,15.592999999999847
5.287153739361337,3,100,6819,5,100,A3,Ours,15.592999999999847
12.891034342445545,3,100,6819,5,100,core,Ours,15.592999999999847
14.030862328869077,3,100,6819,5,100,A1,HOSVD,9.295000000000073
0.16526892045050617,3,100,6819,5,100,A2,HOSVD,9.295000000000073
2.7712526238784156,3,100,6819,5,100,A3,HOSVD,9.295000000000073
8.97056457196586,3,100,6819,5,100,core,HOSVD,9.295000000000073
15.817521967677317,3,100,6819,5,100,A1,HOOI,15.305000000000064
0.17312283543654292,3,100,6819,5,100,A2,HOOI,15.305000000000064
3.6860711994066273,3,100,6819,5,100,A3,HOOI,15.305000000000064
11.10235160762062,3,100,6819,5,100,core,HOOI,15.305000000000064
81.1759771078739,3,100,6819,5,100,A1,Olga,5.942999999999984
3.7388057335476383,3,100,6819,5,100,A2,Olga,5.942999999999984
4.388526682188437,3,100,6819,5,100,A3,Tracy,5.942999999999984
11.782547038087067,3,100,6819,5,100,core,Tracy_Olga,5.942999999999984
124.60480558417278,3,100,7549,5,100,A1,NTD,245.62599999999998
4.082231442375008,3,100,7549,5,100,A2,NTD,245.62599999999998
7546.558871661873,3,100,7549,5,100,A3,NTD,245.62599999999998
8.917863539947943,3,100,7549,5,100,core,NTD,245.62599999999998
20.703635161543726,3,100,7549,5,100,A1,Ours,11.032999999999902
0.0845780777848035,3,100,7549,5,100,A2,Ours,11.032999999999902
5.431502228232487,3,100,7549,5,100,A3,Ours,11.032999999999902
12.261745850124072,3,100,7549,5,100,core,Ours,11.032999999999902
20.703635161543726,3,100,7549,5,100,A1,HOSVD,4.789999999999964
0.0845780777848035,3,100,7549,5,100,A2,HOSVD,4.789999999999964
2.7735331019896425,3,100,7549,5,100,A3,HOSVD,4.789999999999964
9.027779427242907,3,100,7549,5,100,core,HOSVD,4.789999999999964
17.808469528886434,3,100,7549,5,100,A1,HOOI,12.423000000000002
0.07826253187101377,3,100,7549,5,100,A2,HOOI,12.423000000000002
3.7938714465449284,3,100,7549,5,100,A3,HOOI,12.423000000000002
10.420561364877125,3,100,7549,5,100,core,HOOI,12.423000000000002
115.50661567391927,3,100,8239,5,100,A1,NTD,265.3919999999998
3.9224763471475015,3,100,8239,5,100,A2,NTD,265.3919999999998
8236.55759485683,3,100,8239,5,100,A3,NTD,265.3919999999998
11.58359466802175,3,100,8239,5,100,core,NTD,265.3919999999998
14.940428890089906,3,100,8239,5,100,A1,Ours,27.538999999999987
0.05241307353875098,3,100,8239,5,100,A2,Ours,27.538999999999987
5.376646728724937,3,100,8239,5,100,A3,Ours,27.538999999999987
9.400183245331645,3,100,8239,5,100,core,Ours,27.538999999999987
14.970671998354684,3,100,8239,5,100,A1,HOOI,26.840000000000146
0.09133279709535597,3,100,8239,5,100,A2,HOOI,26.840000000000146
3.9167388736958966,3,100,8239,5,100,A3,HOOI,26.840000000000146
10.852972185473293,3,100,8239,5,100,core,HOOI,26.840000000000146
4.661130699926245,3,100,100,5,3000,A1,NTD,3.606999999999971
1.5406852384709808,3,100,100,5,3000,A2,NTD,3.606999999999971
97,3,100,100,5,3000,A3,NTD,3.606999999999971
12.931180284096078,3,100,100,5,3000,core,NTD,3.606999999999971
3.573700499196669,3,100,100,5,3000,A1,Ours,2.7619999999999436
0.011274391628940747,3,100,100,5,3000,A2,Ours,2.7619999999999436
0.033597186564644534,3,100,100,5,3000,A3,Ours,2.7619999999999436
8.802354401088179,3,100,100,5,3000,core,Ours,2.7619999999999436
3.573700499196669,3,100,100,5,3000,A1,HOSVD,5.395999999999958
0.011274391628940747,3,100,100,5,3000,A2,HOSVD,5.395999999999958
0.033597504754656365,3,100,100,5,3000,A3,HOSVD,5.395999999999958
8.802353611118797,3,100,100,5,3000,core,HOSVD,5.395999999999958
3.5614565358735417,3,100,100,5,3000,A1,HOOI,4.027000000000044
0.01249148276190616,3,100,100,5,3000,A2,HOOI,4.027000000000044
0.03370316662752663,3,100,100,5,3000,A3,HOOI,4.027000000000044
8.803119952631695,3,100,100,5,3000,core,HOOI,4.027000000000044
3.8095403058677544,3,100,100,5,3000,A1,Olga,3.8780000000001564
0.007610813054666974,3,100,100,5,3000,A2,Olga,3.8780000000001564
1.0755657269540901,3,100,100,5,3000,A3,Tracy,3.8780000000001564
8.808515326785784,3,100,100,5,3000,core,Tracy_Olga,3.8780000000001564
4.355903029245084,3,100,500,5,3000,A1,NTD,14.980000000000018
0.2826200699937616,3,100,500,5,3000,A2,NTD,14.980000000000018
497.00011867716796,3,100,500,5,3000,A3,NTD,14.980000000000018
9.617929732849948,3,100,500,5,3000,core,NTD,14.980000000000018
3.0101512662269725,3,100,500,5,3000,A1,Ours,0.7820000000001528
0.017631678945767282,3,100,500,5,3000,A2,Ours,0.7820000000001528
0.07516316100879865,3,100,500,5,3000,A3,Ours,0.7820000000001528
9.199002625752517,3,100,500,5,3000,core,Ours,0.7820000000001528
3.0101512662269725,3,100,500,5,3000,A1,HOSVD,1.3659999999999854
0.017631678945767282,3,100,500,5,3000,A2,HOSVD,1.3659999999999854
0.07522254953134604,3,100,500,5,3000,A3,HOSVD,1.3659999999999854
9.198944529035144,3,100,500,5,3000,core,HOSVD,1.3659999999999854
3.0159594465173516,3,100,500,5,3000,A1,HOOI,1.3389999999999418
0.019256023692128657,3,100,500,5,3000,A2,HOOI,1.3389999999999418
0.07486366659877998,3,100,500,5,3000,A3,HOOI,1.3389999999999418
9.199048629083327,3,100,500,5,3000,core,HOOI,1.3389999999999418
3.3117591763442484,3,100,500,5,3000,A1,Olga,1.7170000000000982
0.020162582356453216,3,100,500,5,3000,A2,Olga,1.7170000000000982
1.2430035505408479,3,100,500,5,3000,A3,Tracy,1.7170000000000982
8.817982308367098,3,100,500,5,3000,core,Tracy_Olga,1.7170000000000982
5.461185212208557,3,100,1000,5,3000,A1,NTD,34.516000000000076
0.06002996278156912,3,100,1000,5,3000,A2,NTD,34.516000000000076
997.0002110243045,3,100,1000,5,3000,A3,NTD,34.516000000000076
13.066372998272755,3,100,1000,5,3000,core,NTD,34.516000000000076
2.165625435579072,3,100,1000,5,3000,A1,Ours,0.6620000000000346
0.007917089320362248,3,100,1000,5,3000,A2,Ours,0.6620000000000346
0.14756370458203097,3,100,1000,5,3000,A3,Ours,0.6620000000000346
8.899860916753427,3,100,1000,5,3000,core,Ours,0.6620000000000346
2.165625435579072,3,100,1000,5,3000,A1,HOSVD,0.59699999999998
0.007917089320362248,3,100,1000,5,3000,A2,HOSVD,0.59699999999998
0.14746931761717139,3,100,1000,5,3000,A3,HOSVD,0.59699999999998
8.898853895650687,3,100,1000,5,3000,core,HOSVD,0.59699999999998
2.153209470846238,3,100,1000,5,3000,A1,HOOI,1.6739999999999782
0.008729329535151124,3,100,1000,5,3000,A2,HOOI,1.6739999999999782
0.14677862499004649,3,100,1000,5,3000,A3,HOOI,1.6739999999999782
8.907989802695047,3,100,1000,5,3000,core,HOOI,1.6739999999999782
2.9748263525924394,3,100,1000,5,3000,A1,Olga,1.1880000000001019
0.004194427237165058,3,100,1000,5,3000,A2,Olga,1.1880000000001019
1.3548821500609511,3,100,1000,5,3000,A3,Tracy,1.1880000000001019
8.91695161710317,3,100,1000,5,3000,core,Tracy_Olga,1.1880000000001019
2.981893263736776,3,100,2499,5,3000,A1,NTD,86.8309999999999
2.048572127705555,3,100,2499,5,3000,A2,NTD,86.8309999999999
2496.0454648877935,3,100,2499,5,3000,A3,NTD,86.8309999999999
11.134886498379798,3,100,2499,5,3000,core,NTD,86.8309999999999
4.270122582042506,3,100,2499,5,3000,A1,Ours,3.115000000000009
0.01817741661756632,3,100,2499,5,3000,A2,Ours,3.115000000000009
2.514281656850462,3,100,2499,5,3000,A3,Ours,3.115000000000009
8.953828899747275,3,100,2499,5,3000,core,Ours,3.115000000000009
4.270122582042506,3,100,2499,5,3000,A1,HOSVD,1.4660000000001219
0.01817741661756632,3,100,2499,5,3000,A2,HOSVD,1.4660000000001219
2.5114180237288615,3,100,2499,5,3000,A3,HOSVD,1.4660000000001219
8.955994517832771,3,100,2499,5,3000,core,HOSVD,1.4660000000001219
4.268417570200211,3,100,2499,5,3000,A1,HOOI,2.9990000000000236
0.01927064587204276,3,100,2499,5,3000,A2,HOOI,2.9990000000000236
2.5169144012181612,3,100,2499,5,3000,A3,HOOI,2.9990000000000236
8.942381560052613,3,100,2499,5,3000,core,HOOI,2.9990000000000236
2.920540086362446,3,100,2499,5,3000,A1,Olga,1.5389999999999873
0.01976660119884811,3,100,2499,5,3000,A2,Olga,1.5389999999999873
2.9298152144415464,3,100,2499,5,3000,A3,Tracy,1.5389999999999873
8.757484654088511,3,100,2499,5,3000,core,Tracy_Olga,1.5389999999999873
2.647114399386888,3,100,4988,5,3000,A1,NTD,174.89300000000003
0.08457807060382458,3,100,4988,5,3000,A2,NTD,174.89300000000003
4985.047592979955,3,100,4988,5,3000,A3,NTD,174.89300000000003
13.541911426584837,3,100,4988,5,3000,core,NTD,174.89300000000003
2.913115655538431,3,100,4988,5,3000,A1,Ours,5.476000000000113
0.017056758072189912,3,100,4988,5,3000,A2,Ours,5.476000000000113
2.500214300144159,3,100,4988,5,3000,A3,Ours,5.476000000000113
9.003232607090519,3,100,4988,5,3000,core,Ours,5.476000000000113
2.913115655538431,3,100,4988,5,3000,A1,HOSVD,2.7530000000001564
0.017056758072189912,3,100,4988,5,3000,A2,HOSVD,2.7530000000001564
2.4789198090676914,3,100,4988,5,3000,A3,HOSVD,2.7530000000001564
8.998687471776046,3,100,4988,5,3000,core,HOSVD,2.7530000000001564
2.89964326873202,3,100,4988,5,3000,A1,HOOI,5.717000000000098
0.015722828755335296,3,100,4988,5,3000,A2,HOOI,5.717000000000098
2.479296170726748,3,100,4988,5,3000,A3,HOOI,5.717000000000098
8.997251779844753,3,100,4988,5,3000,core,HOOI,5.717000000000098
3.5964447521658487,3,100,4988,5,3000,A1,Olga,3.705000000000382
0.10013424235264033,3,100,4988,5,3000,A2,Olga,3.705000000000382
2.919677150048937,3,100,4988,5,3000,A3,Tracy,3.705000000000382
8.985747693399835,3,100,4988,5,3000,core,Tracy_Olga,3.705000000000382
2.75185903170953,3,100,5979,5,3000,A1,NTD,197.20299999999997
0.0833562118933782,3,100,5979,5,3000,A2,NTD,197.20299999999997
5976.062303294005,3,100,5979,5,3000,A3,NTD,197.20299999999997
11.642917756791537,3,100,5979,5,3000,core,NTD,197.20299999999997
2.711562637415105,3,100,5979,5,3000,A1,Ours,8.989000000000033
0.018736632461873133,3,100,5979,5,3000,A2,Ours,8.989000000000033
2.5169384666895898,3,100,5979,5,3000,A3,Ours,8.989000000000033
9.010165821907863,3,100,5979,5,3000,core,Ours,8.989000000000033
2.711562637415105,3,100,5979,5,3000,A1,HOSVD,4.003000000000156
0.018736632461873133,3,100,5979,5,3000,A2,HOSVD,4.003000000000156
2.487252795724172,3,100,5979,5,3000,A3,HOSVD,4.003000000000156
9.00407236986739,3,100,5979,5,3000,core,HOSVD,4.003000000000156
2.7238323499062735,3,100,5979,5,3000,A1,HOOI,7.018999999999778
0.016536995290474206,3,100,5979,5,3000,A2,HOOI,7.018999999999778
2.4886660637716655,3,100,5979,5,3000,A3,HOOI,7.018999999999778
9.013227810261602,3,100,5979,5,3000,core,HOOI,7.018999999999778
2.7040520400446013,3,100,5979,5,3000,A1,Olga,4.049999999999727
0.05406178923290032,3,100,5979,5,3000,A2,Olga,4.049999999999727
2.904094362248749,3,100,5979,5,3000,A3,Tracy,4.049999999999727
8.959372748487727,3,100,5979,5,3000,core,Tracy_Olga,4.049999999999727
2.8991716151307645,3,100,6972,5,3000,A1,NTD,216.683
3.2902415877705193,3,100,6972,5,3000,A2,NTD,216.683
6969.056660175365,3,100,6972,5,3000,A3,NTD,216.683
10.74013938490651,3,100,6972,5,3000,core,NTD,216.683
3.3602450372308392,3,100,6972,5,3000,A1,Ours,8.132000000000062
0.015952668634436843,3,100,6972,5,3000,A2,Ours,8.132000000000062
2.528484953865859,3,100,6972,5,3000,A3,Ours,8.132000000000062
8.99569126402838,3,100,6972,5,3000,core,Ours,8.132000000000062
3.3602450372308392,3,100,6972,5,3000,A1,HOSVD,3.3899999999998727
0.015952668634436843,3,100,6972,5,3000,A2,HOSVD,3.3899999999998727
2.4869576263741804,3,100,6972,5,3000,A3,HOSVD,3.3899999999998727
8.988067546267985,3,100,6972,5,3000,core,HOSVD,3.3899999999998727
3.3789896945008273,3,100,6972,5,3000,A1,HOOI,7.66800000000012
0.01660642412792519,3,100,6972,5,3000,A2,HOOI,7.66800000000012
2.4893069724381047,3,100,6972,5,3000,A3,HOOI,7.66800000000012
9.002999409144246,3,100,6972,5,3000,core,HOOI,7.66800000000012
3.003183452064325,3,100,6972,5,3000,A1,Olga,5.074999999999818
0.012038079921476137,3,100,6972,5,3000,A2,Olga,5.074999999999818
2.9371950800144346,3,100,6972,5,3000,A3,Tracy,5.074999999999818
8.983058138547339,3,100,6972,5,3000,core,Tracy_Olga,5.074999999999818
4.763626344508164,3,100,7960,5,3000,A1,NTD,251.58899999999994
1.162794679392746,3,100,7960,5,3000,A2,NTD,251.58899999999994
7957.061813288815,3,100,7960,5,3000,A3,NTD,251.58899999999994
13.820706533516068,3,100,7960,5,3000,core,NTD,251.58899999999994
3.1209301090324675,3,100,7960,5,3000,A1,Ours,21.253000000000156
0.021818716599282757,3,100,7960,5,3000,A2,Ours,21.253000000000156
2.521946611561823,3,100,7960,5,3000,A3,Ours,21.253000000000156
9.0041618157236,3,100,7960,5,3000,core,Ours,21.253000000000156
3.1209301090324675,3,100,7960,5,3000,A1,HOSVD,9.764999999999873
0.021818716599282757,3,100,7960,5,3000,A2,HOSVD,9.764999999999873
2.4659786987316497,3,100,7960,5,3000,A3,HOSVD,9.764999999999873
8.995244976486909,3,100,7960,5,3000,core,HOSVD,9.764999999999873
3.159864807404657,3,100,7960,5,3000,A1,HOOI,11.097999999999956
0.021760210990633386,3,100,7960,5,3000,A2,HOOI,11.097999999999956
2.468729203313728,3,100,7960,5,3000,A3,HOOI,11.097999999999956
8.987211347251082,3,100,7960,5,3000,core,HOOI,11.097999999999956
2.9699538469950437,3,100,7960,5,3000,A1,Olga,7.032999999999902
0.15762036886830952,3,100,7960,5,3000,A2,Olga,7.032999999999902
2.9309428373765507,3,100,7960,5,3000,A3,Tracy,7.032999999999902
8.945160650250891,3,100,7960,5,3000,core,Tracy_Olga,7.032999999999902
1.9127713198719916,3,100,8963,5,3000,A1,NTD,286.2350000000001
3.263911622502031,3,100,8963,5,3000,A2,NTD,286.2350000000001
8960.071909745526,3,100,8963,5,3000,A3,NTD,286.2350000000001
14.244077497425826,3,100,8963,5,3000,core,NTD,286.2350000000001
3.6806282892572053,3,100,8963,5,3000,A1,Ours,14.215999999999894
0.01234495444725607,3,100,8963,5,3000,A2,Ours,14.215999999999894
2.5411983455662037,3,100,8963,5,3000,A3,Ours,14.215999999999894
9.013852027222251,3,100,8963,5,3000,core,Ours,14.215999999999894
3.6806282892572053,3,100,8963,5,3000,A1,HOSVD,3.786000000000058
0.01234495444725607,3,100,8963,5,3000,A2,HOSVD,3.786000000000058
2.473922472022125,3,100,8963,5,3000,A3,HOSVD,3.786000000000058
9.000727076788115,3,100,8963,5,3000,core,HOSVD,3.786000000000058
3.6568374518812106,3,100,8963,5,3000,A1,HOOI,11.33199999999988
0.010874415802307165,3,100,8963,5,3000,A2,HOOI,11.33199999999988
2.4720719184898186,3,100,8963,5,3000,A3,HOOI,11.33199999999988
8.984620147004026,3,100,8963,5,3000,core,HOOI,11.33199999999988
3.7976419496323826,3,100,8963,5,3000,A1,Olga,7.076999999999771
0.10393295482157576,3,100,8963,5,3000,A2,Olga,7.076999999999771
2.9089871590688103,3,100,8963,5,3000,A3,Tracy,7.076999999999771
8.983376818765352,3,100,8963,5,3000,core,Tracy_Olga,7.076999999999771
2.2928471993194055,3,100,9943,5,3000,A1,NTD,307.96799999999985
1.9217706377307566,3,100,9943,5,3000,A2,NTD,307.96799999999985
9940.086862866521,3,100,9943,5,3000,A3,NTD,307.96799999999985
12.410160207263809,3,100,9943,5,3000,core,NTD,307.96799999999985
4.551572155929577,3,100,9943,5,3000,A1,Ours,36.69499999999971
0.014619328803475148,3,100,9943,5,3000,A2,Ours,36.69499999999971
2.5727075207455923,3,100,9943,5,3000,A3,Ours,36.69499999999971
9.024624397165613,3,100,9943,5,3000,core,Ours,36.69499999999971
4.551572155929577,3,100,9943,5,3000,A1,HOSVD,17.853000000000065
0.014619328803475148,3,100,9943,5,3000,A2,HOSVD,17.853000000000065
2.4889265419810065,3,100,9943,5,3000,A3,HOSVD,17.853000000000065
9.007426471645687,3,100,9943,5,3000,core,HOSVD,17.853000000000065
4.496777631404425,3,100,9943,5,3000,A1,HOOI,35.052000000000135
0.01379767524098625,3,100,9943,5,3000,A2,HOOI,35.052000000000135
2.4887808484076896,3,100,9943,5,3000,A3,HOOI,35.052000000000135
9.003604558866302,3,100,9943,5,3000,core,HOOI,35.052000000000135
3.717961754714603,3,100,9943,5,3000,A1,Olga,20.722000000000207
0.06589414554920103,3,100,9943,5,3000,A2,Olga,20.722000000000207
2.9304864453901946,3,100,9943,5,3000,A3,Tracy,20.722000000000207
8.988182971393181,3,100,9943,5,3000,core,Tracy_Olga,20.722000000000207
5.50510036957921,3,100,100,5,10000,A1,NTD,3.436999999999898
0.2678143072205842,3,100,100,5,10000,A2,NTD,3.436999999999898
97,3,100,100,5,10000,A3,NTD,3.436999999999898
10.032918713824435,3,100,100,5,10000,core,NTD,3.436999999999898
2.1018380046767082,3,100,100,5,10000,A1,Ours,2.7970000000000255
0.008373901627030129,3,100,100,5,10000,A2,Ours,2.7970000000000255
0.020911559821785723,3,100,100,5,10000,A3,Ours,2.7970000000000255
8.841230630494513,3,100,100,5,10000,core,Ours,2.7970000000000255
2.1018380046767082,3,100,100,5,10000,A1,HOSVD,3.2040000000001783
0.008373901627030129,3,100,100,5,10000,A2,HOSVD,3.2040000000001783
0.020911672024973203,3,100,100,5,10000,A3,HOSVD,3.2040000000001783
8.841230502241448,3,100,100,5,10000,core,HOSVD,3.2040000000001783
2.0948707839632004,3,100,100,5,10000,A1,HOOI,3.48700000000008
0.008007415387873518,3,100,100,5,10000,A2,HOOI,3.48700000000008
0.0209097306607324,3,100,100,5,10000,A3,HOOI,3.48700000000008
8.841294954396362,3,100,100,5,10000,core,HOOI,3.48700000000008
2.031053387050891,3,100,100,5,10000,A1,Olga,2.574999999999818
0.006725113188354758,3,100,100,5,10000,A2,Olga,2.574999999999818
1.0750253813517145,3,100,100,5,10000,A3,Tracy,2.574999999999818
8.830583372587991,3,100,100,5,10000,core,Tracy_Olga,2.574999999999818
3.5018901078895306,3,100,500,5,10000,A1,NTD,14.77099999999973
0.2134859339841408,3,100,500,5,10000,A2,NTD,14.77099999999973
497.00001147674305,3,100,500,5,10000,A3,NTD,14.77099999999973
13.316423918150166,3,100,500,5,10000,core,NTD,14.77099999999973
1.7307748552068067,3,100,500,5,10000,A1,Ours,2.7049999999999272
0.012329017118267617,3,100,500,5,10000,A2,Ours,2.7049999999999272
0.0548602492536523,3,100,500,5,10000,A3,Ours,2.7049999999999272
9.212104324790742,3,100,500,5,10000,core,Ours,2.7049999999999272
1.7307748552068067,3,100,500,5,10000,A1,HOSVD,4.157999999999902
0.012329017118267617,3,100,500,5,10000,A2,HOSVD,4.157999999999902
0.054854255024130244,3,100,500,5,10000,A3,HOSVD,4.157999999999902
9.212079853705932,3,100,500,5,10000,core,HOSVD,4.157999999999902
1.730308897826116,3,100,500,5,10000,A1,HOOI,1.7439999999996871
0.01170328304075856,3,100,500,5,10000,A2,HOOI,1.7439999999996871
0.05494229318738623,3,100,500,5,10000,A3,HOOI,1.7439999999996871
9.211738166601693,3,100,500,5,10000,core,HOOI,1.7439999999996871
1.4776975441286515,3,100,500,5,10000,A1,Olga,0.4940000000001419
0.0035606113287676294,3,100,500,5,10000,A2,Olga,0.4940000000001419
1.240438714038295,3,100,500,5,10000,A3,Tracy,0.4940000000001419
8.80382891807677,3,100,500,5,10000,core,Tracy_Olga,0.4940000000001419
8.348642735002693,3,100,1000,5,10000,A1,NTD,33.595000000000255
0.2898576941037233,3,100,1000,5,10000,A2,NTD,33.595000000000255
997.0000885872661,3,100,1000,5,10000,A3,NTD,33.595000000000255
10.072587861076753,3,100,1000,5,10000,core,NTD,33.595000000000255
1.9953768726990222,3,100,1000,5,10000,A1,Ours,1.5410000000001673
0.013567939032582646,3,100,1000,5,10000,A2,Ours,1.5410000000001673
0.061588671460728855,3,100,1000,5,10000,A3,Ours,1.5410000000001673
9.190900292940901,3,100,1000,5,10000,core,Ours,1.5410000000001673
1.9953768726990222,3,100,1000,5,10000,A1,HOSVD,1.4760000000001128
0.013567939032582646,3,100,1000,5,10000,A2,HOSVD,1.4760000000001128
0.06159934778192611,3,100,1000,5,10000,A3,HOSVD,1.4760000000001128
9.190882740383698,3,100,1000,5,10000,core,HOSVD,1.4760000000001128
1.994693633014963,3,100,1000,5,10000,A1,HOOI,1.7260000000001128
0.013772316348646426,3,100,1000,5,10000,A2,HOOI,1.7260000000001128
0.061608476686834786,3,100,1000,5,10000,A3,HOOI,1.7260000000001128
9.190884674363067,3,100,1000,5,10000,core,HOOI,1.7260000000001128
1.8233473989303406,3,100,1000,5,10000,A1,Olga,1.0719999999996617
0.016782806554984007,3,100,1000,5,10000,A2,Olga,1.0719999999996617
1.3329515306766717,3,100,1000,5,10000,A3,Tracy,1.0719999999996617
8.806463537733384,3,100,1000,5,10000,core,Tracy_Olga,1.0719999999996617
5.261973640764641,3,100,2500,5,10000,A1,NTD,95.36799999999994
0.18396372359965266,3,100,2500,5,10000,A2,NTD,95.36799999999994
2497.0001463544663,3,100,2500,5,10000,A3,NTD,95.36799999999994
9.496252865418963,3,100,2500,5,10000,core,NTD,95.36799999999994
1.9118376152426462,3,100,2500,5,10000,A1,Ours,2.668999999999869
0.009091136421222301,3,100,2500,5,10000,A2,Ours,2.668999999999869
0.4932328425853682,3,100,2500,5,10000,A3,Ours,2.668999999999869
9.173187725029269,3,100,2500,5,10000,core,Ours,2.668999999999869
1.9118376152426462,3,100,2500,5,10000,A1,HOSVD,1.7609999999999673
0.009091136421222301,3,100,2500,5,10000,A2,HOSVD,1.7609999999999673
0.4931534952375967,3,100,2500,5,10000,A3,HOSVD,1.7609999999999673
9.173507617500475,3,100,2500,5,10000,core,HOSVD,1.7609999999999673
1.9137742487594298,3,100,2500,5,10000,A1,HOOI,2.936999999999898
0.009238417343720818,3,100,2500,5,10000,A2,HOOI,2.936999999999898
0.4837030159494486,3,100,2500,5,10000,A3,HOOI,2.936999999999898
9.16474378363162,3,100,2500,5,10000,core,HOOI,2.936999999999898
1.65535777009787,3,100,2500,5,10000,A1,Olga,1.5970000000002074
0.0035207043482093467,3,100,2500,5,10000,A2,Olga,1.5970000000002074
1.424165897382488,3,100,2500,5,10000,A3,Tracy,1.5970000000002074
8.74493347799222,3,100,2500,5,10000,core,Tracy_Olga,1.5970000000002074
3.74810780035998,3,100,4996,5,10000,A1,NTD,176.01600000000008
0.055888893501672456,3,100,4996,5,10000,A2,NTD,176.01600000000008
4993.026186234957,3,100,4996,5,10000,A3,NTD,176.01600000000008
9.809829903678311,3,100,4996,5,10000,core,NTD,176.01600000000008
1.5990901765923762,3,100,4996,5,10000,A1,Ours,7.4520000000002256
0.01449598243120353,3,100,4996,5,10000,A2,Ours,7.4520000000002256
2.4703227348405723,3,100,4996,5,10000,A3,Ours,7.4520000000002256
9.035809172031751,3,100,4996,5,10000,core,Ours,7.4520000000002256
1.5990901765923762,3,100,4996,5,10000,A1,HOSVD,3.1010000000005675
0.01449598243120353,3,100,4996,5,10000,A2,HOSVD,3.1010000000005675
2.468297279803299,3,100,4996,5,10000,A3,HOSVD,3.1010000000005675
9.03526971612061,3,100,4996,5,10000,core,HOSVD,3.1010000000005675
1.6093212793737142,3,100,4996,5,10000,A1,HOOI,6.377999999999702
0.014439731945194203,3,100,4996,5,10000,A2,HOOI,6.377999999999702
2.468422320623088,3,100,4996,5,10000,A3,HOOI,6.377999999999702
9.04964696625994,3,100,4996,5,10000,core,HOOI,6.377999999999702
1.458986476167117,3,100,4996,5,10000,A1,Olga,3.625
0.02891766539219825,3,100,4996,5,10000,A2,Olga,3.625
2.9358398135890234,3,100,4996,5,10000,A3,Tracy,3.625
9.010840808712421,3,100,4996,5,10000,core,Tracy_Olga,3.625
6.404120181124536,3,100,5994,5,10000,A1,NTD,210.65499999999975
0.08221746354335183,3,100,5994,5,10000,A2,NTD,210.65499999999975
5991.024925543042,3,100,5994,5,10000,A3,NTD,210.65499999999975
9.534471129234696,3,100,5994,5,10000,core,NTD,210.65499999999975
1.719298510002862,3,100,5994,5,10000,A1,Ours,6.282000000000153
0.00986114140187055,3,100,5994,5,10000,A2,Ours,6.282000000000153
2.6857971685288535,3,100,5994,5,10000,A3,Ours,6.282000000000153
8.781721961546198,3,100,5994,5,10000,core,Ours,6.282000000000153
1.719298510002862,3,100,5994,5,10000,A1,HOSVD,2.92699999999968
0.00986114140187055,3,100,5994,5,10000,A2,HOSVD,2.92699999999968
2.6842527852308216,3,100,5994,5,10000,A3,HOSVD,2.92699999999968
8.784498907169613,3,100,5994,5,10000,core,HOSVD,2.92699999999968
1.7148905820513405,3,100,5994,5,10000,A1,HOOI,5.890999999999622
0.009233749252813369,3,100,5994,5,10000,A2,HOOI,5.890999999999622
2.681429864866934,3,100,5994,5,10000,A3,HOOI,5.890999999999622
8.725277861162002,3,100,5994,5,10000,core,HOOI,5.890999999999622
1.9322122810617848,3,100,5994,5,10000,A1,Olga,3.6210000000000946
0.016453991950489393,3,100,5994,5,10000,A2,Olga,3.6210000000000946
2.9715323691146818,3,100,5994,5,10000,A3,Tracy,3.6210000000000946
8.742659146031453,3,100,5994,5,10000,core,Tracy_Olga,3.6210000000000946
5.367594585221468,3,100,6995,5,10000,A1,NTD,230.78999999999996
0.07487360880596375,3,100,6995,5,10000,A2,NTD,230.78999999999996
6992.023735341884,3,100,6995,5,10000,A3,NTD,230.78999999999996
11.236774824381216,3,100,6995,5,10000,core,NTD,230.78999999999996
1.187870446940167,3,100,6995,5,10000,A1,Ours,8.463999999999942
0.01290587485123956,3,100,6995,5,10000,A2,Ours,8.463999999999942
2.627927539968267,3,100,6995,5,10000,A3,Ours,8.463999999999942
8.883862781393404,3,100,6995,5,10000,core,Ours,8.463999999999942
1.187870446940167,3,100,6995,5,10000,A1,HOSVD,3.5229999999992287
0.01290587485123956,3,100,6995,5,10000,A2,HOSVD,3.5229999999992287
2.625991357262571,3,100,6995,5,10000,A3,HOSVD,3.5229999999992287
8.886777940081096,3,100,6995,5,10000,core,HOSVD,3.5229999999992287
1.189975730852893,3,100,6995,5,10000,A1,HOOI,6.150000000000546
0.012632983084516191,3,100,6995,5,10000,A2,HOOI,6.150000000000546
2.6260219986460953,3,100,6995,5,10000,A3,HOOI,6.150000000000546
8.893080382001317,3,100,6995,5,10000,core,HOOI,6.150000000000546
1.783165867676138,3,100,6995,5,10000,A1,Olga,4.662000000000262
0.016577352596880014,3,100,6995,5,10000,A2,Olga,4.662000000000262
2.957363763483455,3,100,6995,5,10000,A3,Tracy,4.662000000000262
8.904229454259067,3,100,6995,5,10000,core,Tracy_Olga,4.662000000000262
11.684441942238983,3,100,7992,5,10000,A1,NTD,255.6229999999996
0.08435639994905628,3,100,7992,5,10000,A2,NTD,255.6229999999996
7989.033104380294,3,100,7992,5,10000,A3,NTD,255.6229999999996
11.373153200611354,3,100,7992,5,10000,core,NTD,255.6229999999996
1.6150363728319315,3,100,7992,5,10000,A1,Ours,10.306999999999789
0.00697632943530035,3,100,7992,5,10000,A2,Ours,10.306999999999789
2.4654783403612655,3,100,7992,5,10000,A3,Ours,10.306999999999789
9.080885693388455,3,100,7992,5,10000,core,Ours,10.306999999999789
1.6150363728319315,3,100,7992,5,10000,A1,HOSVD,3.58600000000024
0.00697632943530035,3,100,7992,5,10000,A2,HOSVD,3.58600000000024
2.462505612725885,3,100,7992,5,10000,A3,HOSVD,3.58600000000024
9.082983140022696,3,100,7992,5,10000,core,HOSVD,3.58600000000024
1.6165412643918982,3,100,7992,5,10000,A1,HOOI,7.791000000000167
0.007261924516762064,3,100,7992,5,10000,A2,HOOI,7.791000000000167
2.466800521246338,3,100,7992,5,10000,A3,HOOI,7.791000000000167
9.07921423095971,3,100,7992,5,10000,core,HOOI,7.791000000000167
1.7355513519337327,3,100,7992,5,10000,A1,Olga,5.807999999999993
0.030678707279327967,3,100,7992,5,10000,A2,Olga,5.807999999999993
2.9224608140715675,3,100,7992,5,10000,A3,Tracy,5.807999999999993
8.820802216210982,3,100,7992,5,10000,core,Tracy_Olga,5.807999999999993
3.422545058322428,3,100,8986,5,10000,A1,NTD,292.10400000000027
4.943203701074264,3,100,8986,5,10000,A2,NTD,292.10400000000027
8983.03452498376,3,100,8986,5,10000,A3,NTD,292.10400000000027
10.259767415711119,3,100,8986,5,10000,core,NTD,292.10400000000027
1.625435077839773,3,100,8986,5,10000,A1,Ours,13.622000000000298
0.012335959435618686,3,100,8986,5,10000,A2,Ours,13.622000000000298
2.442749338292043,3,100,8986,5,10000,A3,Ours,13.622000000000298
8.959385595732368,3,100,8986,5,10000,core,Ours,13.622000000000298
1.625435077839773,3,100,8986,5,10000,A1,HOSVD,4.344000000000051
0.012335959435618686,3,100,8986,5,10000,A2,HOSVD,4.344000000000051
2.4362895829027296,3,100,8986,5,10000,A3,HOSVD,4.344000000000051
8.958617741034445,3,100,8986,5,10000,core,HOSVD,4.344000000000051
1.6187180554382659,3,100,8986,5,10000,A1,HOOI,10.41400000000067
0.012779948895413744,3,100,8986,5,10000,A2,HOOI,10.41400000000067
2.435163664833487,3,100,8986,5,10000,A3,HOOI,10.41400000000067
8.953707648524611,3,100,8986,5,10000,core,HOOI,10.41400000000067
1.7349928304474378,3,100,8986,5,10000,A1,Olga,6.136999999999716
0.013714172350155873,3,100,8986,5,10000,A2,Olga,6.136999999999716
2.9144617675744944,3,100,8986,5,10000,A3,Tracy,6.136999999999716
8.963190926281914,3,100,8986,5,10000,core,Tracy_Olga,6.136999999999716
3.7763866919917355,3,100,9986,5,10000,A1,NTD,316.78999999999996
0.07823486136254153,3,100,9986,5,10000,A2,NTD,316.78999999999996
9983.034696112867,3,100,9986,5,10000,A3,NTD,316.78999999999996
12.685926912769606,3,100,9986,5,10000,core,NTD,316.78999999999996
1.6354622769978235,3,100,9986,5,10000,A1,Ours,14.169000000000779
0.006635600433390924,3,100,9986,5,10000,A2,Ours,14.169000000000779
2.46304996004448,3,100,9986,5,10000,A3,Ours,14.169000000000779
8.9881482432933,3,100,9986,5,10000,core,Ours,14.169000000000779
1.6354622769978235,3,100,9986,5,10000,A1,HOSVD,4.067000000000007
0.006635600433390924,3,100,9986,5,10000,A2,HOSVD,4.067000000000007
2.455547806387612,3,100,9986,5,10000,A3,HOSVD,4.067000000000007
8.98710122747855,3,100,9986,5,10000,core,HOSVD,4.067000000000007
1.6389892978107696,3,100,9986,5,10000,A1,HOOI,9.729999999999563
0.005901458342782183,3,100,9986,5,10000,A2,HOOI,9.729999999999563
2.456159996719855,3,100,9986,5,10000,A3,HOOI,9.729999999999563
8.987772133880563,3,100,9986,5,10000,core,HOOI,9.729999999999563
2.210294503391743,3,100,9986,5,10000,A1,Olga,5.6909999999998035
0.02729790949275298,3,100,9986,5,10000,A2,Olga,5.6909999999998035
2.897504727449,3,100,9986,5,10000,A3,Tracy,5.6909999999998035
8.99007540962079,3,100,9986,5,10000,core,Tracy_Olga,5.6909999999998035
