error,K,Q1,R,Q2,M,mode,method,time
68.9979666374072,3,100,982,5,100,A1,NTD,38.033
3.9996695086075986,3,100,982,5,100,A2,NTD,38.033
979.1967725209178,3,100,982,5,100,A3,NTD,38.033
9.893900979436163,3,100,982,5,100,core,NTD,38.033
35.03037295911979,3,100,982,5,100,A1,Ours,5.201999999999998
0.10768212458992484,3,100,982,5,100,A2,Ours,5.201999999999998
4.617717743684688,3,100,982,5,100,A3,Ours,5.201999999999998
10.399223741081622,3,100,982,5,100,core,Ours,5.201999999999998
35.03037295911979,3,100,982,5,100,A1,HOSVD,6.981999999999999
0.10768212458992484,3,100,982,5,100,A2,HOSVD,6.981999999999999
2.426917097313911,3,100,982,5,100,A3,HOSVD,6.981999999999999
11.108442932412569,3,100,982,5,100,core,HOSVD,6.981999999999999
34.385256457565234,3,100,982,5,100,A1,HOOI,8.378999999999998
0.0886161897955021,3,100,982,5,100,A2,HOOI,8.378999999999998
2.469477376347976,3,100,982,5,100,A3,HOOI,8.378999999999998
11.076029752835403,3,100,982,5,100,core,HOOI,8.378999999999998
49.48350722046549,3,100,982,5,100,A1,Olga,2.7920000000000016
0.31027390956412915,3,100,982,5,100,A2,Olga,2.7920000000000016
2.8508966738247348,3,100,982,5,100,A3,Tracy,2.7920000000000016
13.255486945708375,3,100,982,5,100,core,Tracy_Olga,2.7920000000000016
110.00206035118406,3,100,4563,5,100,A1,NTD,162.745
4.050154206993485,3,100,4563,5,100,A2,NTD,162.745
4560.508337716335,3,100,4563,5,100,A3,NTD,162.745
12.318816809765588,3,100,4563,5,100,core,NTD,162.745
32.454865318115225,3,100,4563,5,100,A1,Ours,12.701999999999998
0.024851404954308993,3,100,4563,5,100,A2,Ours,12.701999999999998
5.105221163721664,3,100,4563,5,100,A3,Ours,12.701999999999998
9.055716346908216,3,100,4563,5,100,core,Ours,12.701999999999998
32.454865318115225,3,100,4563,5,100,A1,HOSVD,11.793999999999983
0.024851404954308993,3,100,4563,5,100,A2,HOSVD,11.793999999999983
3.9389146644199347,3,100,4563,5,100,A3,HOSVD,11.793999999999983
10.842829064934273,3,100,4563,5,100,core,HOSVD,11.793999999999983
31.385492991601378,3,100,4563,5,100,A1,HOOI,19.656000000000006
0.025557463446460066,3,100,4563,5,100,A2,HOOI,19.656000000000006
3.3192673338384853,3,100,4563,5,100,A3,HOOI,19.656000000000006
10.520817897138281,3,100,4563,5,100,core,HOOI,19.656000000000006
99.89216744082051,3,100,4563,5,100,A1,Olga,11.411000000000001
4.99515980670986,3,100,4563,5,100,A2,Olga,11.411000000000001
3.0665135322858013,3,100,4563,5,100,A3,Tracy,11.411000000000001
11.313974222262537,3,100,4563,5,100,core,Tracy_Olga,11.411000000000001
113.12783214792763,3,100,8282,5,100,A1,NTD,278.915
4.092048746654365,3,100,8282,5,100,A2,NTD,278.915
8279.61144809484,3,100,8282,5,100,A3,NTD,278.915
9.825650598210462,3,100,8282,5,100,core,NTD,278.915
40.29345381100751,3,100,8282,5,100,A1,Ours,28.77800000000002
0.07335129414008221,3,100,8282,5,100,A2,Ours,28.77800000000002
5.427988799651738,3,100,8282,5,100,A3,Ours,28.77800000000002
11.265408770314552,3,100,8282,5,100,core,Ours,28.77800000000002
40.29345381100751,3,100,8282,5,100,A1,HOSVD,20.142000000000053
0.07335129414008221,3,100,8282,5,100,A2,HOSVD,20.142000000000053
4.749042429914951,3,100,8282,5,100,A3,HOSVD,20.142000000000053
11.024870372788566,3,100,8282,5,100,core,HOSVD,20.142000000000053
36.96356703448317,3,100,8282,5,100,A1,HOOI,15.941000000000031
0.061469321139668354,3,100,8282,5,100,A2,HOOI,15.941000000000031
3.8741584900313772,3,100,8282,5,100,A3,HOOI,15.941000000000031
9.658457073704813,3,100,8282,5,100,core,HOOI,15.941000000000031
106.79662710296678,3,100,8282,5,100,A1,Olga,11.574999999999932
0.6208184952342407,3,100,8282,5,100,A2,Olga,11.574999999999932
3.287580180519171,3,100,8282,5,100,A3,Tracy,11.574999999999932
13.080076775893692,3,100,8282,5,100,core,Tracy_Olga,11.574999999999932
8.950430329381247,3,100,999,5,500,A1,NTD,28.396000000000072
0.43718172865746346,3,100,999,5,500,A2,NTD,28.396000000000072
996.0648121949007,3,100,999,5,500,A3,NTD,28.396000000000072
9.002621390119728,3,100,999,5,500,core,NTD,28.396000000000072
16.349713462949904,3,100,999,5,500,A1,Ours,0.4960000000000946
0.01023985928647745,3,100,999,5,500,A2,Ours,0.4960000000000946
2.460022585482298,3,100,999,5,500,A3,Ours,0.4960000000000946
11.182460639656755,3,100,999,5,500,core,Ours,0.4960000000000946
16.349713462949904,3,100,999,5,500,A1,HOSVD,0.4540000000000646
0.01023985928647745,3,100,999,5,500,A2,HOSVD,0.4540000000000646
2.431778188716052,3,100,999,5,500,A3,HOSVD,0.4540000000000646
11.179583359096696,3,100,999,5,500,core,HOSVD,0.4540000000000646
15.57906330504514,3,100,999,5,500,A1,HOOI,0.9969999999999573
0.006866081076299058,3,100,999,5,500,A2,HOOI,0.9969999999999573
2.4369666961976386,3,100,999,5,500,A3,HOOI,0.9969999999999573
11.164717600336248,3,100,999,5,500,core,HOOI,0.9969999999999573
13.718042967598748,3,100,999,5,500,A1,Olga,0.7559999999999718
0.03748453115705265,3,100,999,5,500,A2,Olga,0.7559999999999718
2.826880400131823,3,100,999,5,500,A3,Tracy,0.7559999999999718
11.189435701030392,3,100,999,5,500,core,Tracy_Olga,0.7559999999999718
69.55137462842798,3,100,4904,5,500,A1,NTD,160.22400000000005
0.13393293669798653,3,100,4904,5,500,A2,NTD,160.22400000000005
4901.158089114888,3,100,4904,5,500,A3,NTD,160.22400000000005
13.453273563764935,3,100,4904,5,500,core,NTD,160.22400000000005
19.323318942980713,3,100,4904,5,500,A1,Ours,9.317000000000007
0.005794151077920845,3,100,4904,5,500,A2,Ours,9.317000000000007
5.0583360299064335,3,100,4904,5,500,A3,Ours,9.317000000000007
14.796720211629692,3,100,4904,5,500,core,Ours,9.317000000000007
19.323318942980713,3,100,4904,5,500,A1,HOSVD,5.841000000000008
0.005794151077920845,3,100,4904,5,500,A2,HOSVD,5.841000000000008
2.5274063330703327,3,100,4904,5,500,A3,HOSVD,5.841000000000008
11.212424881268399,3,100,4904,5,500,core,HOSVD,5.841000000000008
19.38673001098353,3,100,4904,5,500,A1,HOOI,14.118000000000052
0.004924401586135115,3,100,4904,5,500,A2,HOOI,14.118000000000052
2.539084056064759,3,100,4904,5,500,A3,HOOI,14.118000000000052
11.152084181171281,3,100,4904,5,500,core,HOOI,14.118000000000052
25.828200675773964,3,100,4904,5,500,A1,Olga,8.611999999999966
0.05515650102020724,3,100,4904,5,500,A2,Olga,8.611999999999966
2.976143331292772,3,100,4904,5,500,A3,Tracy,8.611999999999966
11.880582263716637,3,100,4904,5,500,core,Tracy_Olga,8.611999999999966
104.09968619860392,3,100,9655,5,500,A1,NTD,354.1600000000001
4.133920535555985,3,100,9655,5,500,A2,NTD,354.1600000000001
9652.273435422529,3,100,9655,5,500,A3,NTD,354.1600000000001
11.147707127461455,3,100,9655,5,500,core,NTD,354.1600000000001
14.975279138050766,3,100,9655,5,500,A1,Ours,15.856999999999971
0.0625818938470611,3,100,9655,5,500,A2,Ours,15.856999999999971
5.183583740434037,3,100,9655,5,500,A3,Ours,15.856999999999971
12.015309008261159,3,100,9655,5,500,core,Ours,15.856999999999971
14.756736022118828,3,100,9655,5,500,A1,HOOI,18.214999999999918
0.060859602500571756,3,100,9655,5,500,A2,HOOI,18.214999999999918
3.8905950187341527,3,100,9655,5,500,A3,HOOI,18.214999999999918
12.381968322046292,3,100,9655,5,500,core,HOOI,18.214999999999918
34.527503067559465,3,100,9655,5,500,A1,Olga,13.545000000000073
0.12329901073247466,3,100,9655,5,500,A2,Olga,13.545000000000073
3.01288052092562,3,100,9655,5,500,A3,Tracy,13.545000000000073
11.18904611260341,3,100,9655,5,500,core,Tracy_Olga,13.545000000000073
6.635043645404621,3,100,999,5,1000,A1,NTD,28.84699999999998
0.14788803334722395,3,100,999,5,1000,A2,NTD,28.84699999999998
996.0226160289395,3,100,999,5,1000,A3,NTD,28.84699999999998
10.48358088432787,3,100,999,5,1000,core,NTD,28.84699999999998
14.010027189052197,3,100,999,5,1000,A1,Ours,3.5529999999998836
0.009552837412154732,3,100,999,5,1000,A2,Ours,3.5529999999998836
2.428660398573398,3,100,999,5,1000,A3,Ours,3.5529999999998836
11.183481069942541,3,100,999,5,1000,core,Ours,3.5529999999998836
14.010027189052197,3,100,999,5,1000,A1,HOSVD,2.7560000000000855
0.009552837412154732,3,100,999,5,1000,A2,HOSVD,2.7560000000000855
2.4246636273823827,3,100,999,5,1000,A3,HOSVD,2.7560000000000855
11.182775943839449,3,100,999,5,1000,core,HOSVD,2.7560000000000855
13.811895254063506,3,100,999,5,1000,A1,HOOI,2.3789999999999054
0.011762838407530628,3,100,999,5,1000,A2,HOOI,2.3789999999999054
2.4224055587825983,3,100,999,5,1000,A3,HOOI,2.3789999999999054
11.193950950698204,3,100,999,5,1000,core,HOOI,2.3789999999999054
11.47937528104688,3,100,999,5,1000,A1,Olga,1.8680000000001655
0.024734081493854827,3,100,999,5,1000,A2,Olga,1.8680000000001655
2.9392184190109867,3,100,999,5,1000,A3,Tracy,1.8680000000001655
11.854940362152691,3,100,999,5,1000,core,Tracy_Olga,1.8680000000001655
33.36013390924412,3,100,4956,5,1000,A1,NTD,160.423
2.1339395636398986,3,100,4956,5,1000,A2,NTD,160.423
4953.105286723945,3,100,4956,5,1000,A3,NTD,160.423
9.816679635770688,3,100,4956,5,1000,core,NTD,160.423
10.845516366390289,3,100,4956,5,1000,A1,Ours,5.971000000000004
0.007864255845622142,3,100,4956,5,1000,A2,Ours,5.971000000000004
2.9040341842172905,3,100,4956,5,1000,A3,Ours,5.971000000000004
9.376224293980352,3,100,4956,5,1000,core,Ours,5.971000000000004
10.845516366390289,3,100,4956,5,1000,A1,HOSVD,2.0909999999998945
0.007864255845622142,3,100,4956,5,1000,A2,HOSVD,2.0909999999998945
2.488543287601762,3,100,4956,5,1000,A3,HOSVD,2.0909999999998945
11.909723046807711,3,100,4956,5,1000,core,HOSVD,2.0909999999998945
10.774913605147578,3,100,4956,5,1000,A1,HOOI,4.471000000000004
0.007588919375302378,3,100,4956,5,1000,A2,HOOI,4.471000000000004
2.497311718684321,3,100,4956,5,1000,A3,HOOI,4.471000000000004
11.866209986519568,3,100,4956,5,1000,core,HOOI,4.471000000000004
14.069589217169202,3,100,4956,5,1000,A1,Olga,2.7949999999998454
0.08029088041391337,3,100,4956,5,1000,A2,Olga,2.7949999999998454
2.927382060901945,3,100,4956,5,1000,A3,Tracy,2.7949999999998454
11.900504213341351,3,100,4956,5,1000,core,Tracy_Olga,2.7949999999998454
34.178813074222056,3,100,9821,5,1000,A1,NTD,340.7850000000001
2.0193904738699775,3,100,9821,5,1000,A2,NTD,340.7850000000001
9818.170620856581,3,100,9821,5,1000,A3,NTD,340.7850000000001
11.137394025573398,3,100,9821,5,1000,core,NTD,340.7850000000001
14.878862723002655,3,100,9821,5,1000,A1,Ours,23.638999999999896
0.014481734761895128,3,100,9821,5,1000,A2,Ours,23.638999999999896
5.2597673049349165,3,100,9821,5,1000,A3,Ours,23.638999999999896
12.095409296985679,3,100,9821,5,1000,core,Ours,23.638999999999896
14.878862723002655,3,100,9821,5,1000,A1,HOSVD,13.435999999999922
0.014481734761895128,3,100,9821,5,1000,A2,HOSVD,13.435999999999922
2.5118096214871617,3,100,9821,5,1000,A3,HOSVD,13.435999999999922
11.906214105479036,3,100,9821,5,1000,core,HOSVD,13.435999999999922
15.032059496335634,3,100,9821,5,1000,A1,HOOI,25.195999999999913
0.013873576506624085,3,100,9821,5,1000,A2,HOOI,25.195999999999913
2.5216688814381354,3,100,9821,5,1000,A3,HOOI,25.195999999999913
11.883095413524002,3,100,9821,5,1000,core,HOOI,25.195999999999913
16.461778581200193,3,100,9821,5,1000,A1,Olga,22.992999999999938
0.06317810552900757,3,100,9821,5,1000,A2,Olga,22.992999999999938
2.9727880554080026,3,100,9821,5,1000,A3,Tracy,22.992999999999938
11.938340877198442,3,100,9821,5,1000,core,Tracy_Olga,22.992999999999938
10.950057248978293,3,100,1000,5,2500,A1,NTD,28.114000000000033
0.596495540155421,3,100,1000,5,2500,A2,NTD,28.114000000000033
997.0002593944697,3,100,1000,5,2500,A3,NTD,28.114000000000033
9.541352611620688,3,100,1000,5,2500,core,NTD,28.114000000000033
9.915298007845097,3,100,1000,5,2500,A1,Ours,5.7879999999997835
0.012562952281681142,3,100,1000,5,2500,A2,Ours,5.7879999999997835
0.3343699642764525,3,100,1000,5,2500,A3,Ours,5.7879999999997835
11.94602042256668,3,100,1000,5,2500,core,Ours,5.7879999999997835
9.915298007845097,3,100,1000,5,2500,A1,HOSVD,6.148999999999887
0.012562952281681142,3,100,1000,5,2500,A2,HOSVD,6.148999999999887
0.3340845146409162,3,100,1000,5,2500,A3,HOSVD,6.148999999999887
11.9439407933438,3,100,1000,5,2500,core,HOSVD,6.148999999999887
9.902613013841158,3,100,1000,5,2500,A1,HOOI,4.749000000000024
0.012754343580798345,3,100,1000,5,2500,A2,HOOI,4.749000000000024
0.34006746301204654,3,100,1000,5,2500,A3,HOOI,4.749000000000024
11.91772431357081,3,100,1000,5,2500,core,HOOI,4.749000000000024
6.532125573168016,3,100,1000,5,2500,A1,Olga,5.936999999999898
0.0058817227076799535,3,100,1000,5,2500,A2,Olga,5.936999999999898
1.386761043374396,3,100,1000,5,2500,A3,Tracy,5.936999999999898
11.938242745103638,3,100,1000,5,2500,core,Tracy_Olga,5.936999999999898
6.537702420676437,3,100,4982,5,2500,A1,NTD,160.83299999999986
3.9500320427648736,3,100,4982,5,2500,A2,NTD,160.83299999999986
4979.038092425813,3,100,4982,5,2500,A3,NTD,160.83299999999986
10.34697838313008,3,100,4982,5,2500,core,NTD,160.83299999999986
9.749727542442137,3,100,4982,5,2500,A1,Ours,5.235999999999876
0.022556011176826672,3,100,4982,5,2500,A2,Ours,5.235999999999876
2.5057413978793166,3,100,4982,5,2500,A3,Ours,5.235999999999876
11.905853546062836,3,100,4982,5,2500,core,Ours,5.235999999999876
9.749727542442137,3,100,4982,5,2500,A1,HOSVD,1.7599999999997635
0.022556011176826672,3,100,4982,5,2500,A2,HOSVD,1.7599999999997635
2.475783359633385,3,100,4982,5,2500,A3,HOSVD,1.7599999999997635
11.907224612641638,3,100,4982,5,2500,core,HOSVD,1.7599999999997635
9.746555318184813,3,100,4982,5,2500,A1,HOOI,4.480999999999767
0.023360906032771137,3,100,4982,5,2500,A2,HOOI,4.480999999999767
2.479558223738451,3,100,4982,5,2500,A3,HOOI,4.480999999999767
11.892357433270053,3,100,4982,5,2500,core,HOOI,4.480999999999767
7.077778299502391,3,100,4982,5,2500,A1,Olga,2.8070000000002437
0.02143676970239242,3,100,4982,5,2500,A2,Olga,2.8070000000002437
2.9272323340748336,3,100,4982,5,2500,A3,Tracy,2.8070000000002437
11.915954469137958,3,100,4982,5,2500,core,Tracy_Olga,2.8070000000002437
16.189942063681748,3,100,9916,5,2500,A1,NTD,329.63700000000017
3.2239837566072844,3,100,9916,5,2500,A2,NTD,329.63700000000017
9913.08398953663,3,100,9916,5,2500,A3,NTD,329.63700000000017
13.442583138634404,3,100,9916,5,2500,core,NTD,329.63700000000017
9.307468236383357,3,100,9916,5,2500,A1,Ours,14.304999999999836
0.013573541335598134,3,100,9916,5,2500,A2,Ours,14.304999999999836
2.594695688169991,3,100,9916,5,2500,A3,Ours,14.304999999999836
11.899439767259619,3,100,9916,5,2500,core,Ours,14.304999999999836
9.307468236383357,3,100,9916,5,2500,A1,HOSVD,7.751999999999953
0.013573541335598134,3,100,9916,5,2500,A2,HOSVD,7.751999999999953
2.4729214373694806,3,100,9916,5,2500,A3,HOSVD,7.751999999999953
11.911991097817495,3,100,9916,5,2500,core,HOSVD,7.751999999999953
9.277334697088293,3,100,9916,5,2500,A1,HOOI,10.355000000000018
0.013512262930775537,3,100,9916,5,2500,A2,HOOI,10.355000000000018
2.4744182180111864,3,100,9916,5,2500,A3,HOOI,10.355000000000018
11.90913028978649,3,100,9916,5,2500,core,HOOI,10.355000000000018
7.510790063333311,3,100,9916,5,2500,A1,Olga,7.686000000000149
0.012766427084798047,3,100,9916,5,2500,A2,Olga,7.686000000000149
2.9504819235466404,3,100,9916,5,2500,A3,Tracy,7.686000000000149
11.90225358172609,3,100,9916,5,2500,core,Tracy_Olga,7.686000000000149
15.069145276441683,3,100,1000,5,5000,A1,NTD,28.560999999999694
0.03528974125121139,3,100,1000,5,5000,A2,NTD,28.560999999999694
997.0002108927064,3,100,1000,5,5000,A3,NTD,28.560999999999694
11.847231448308523,3,100,1000,5,5000,core,NTD,28.560999999999694
4.8636314764880995,3,100,1000,5,5000,A1,Ours,1.6539999999999964
0.010919713316597404,3,100,1000,5,5000,A2,Ours,1.6539999999999964
0.5567615726581284,3,100,1000,5,5000,A3,Ours,1.6539999999999964
11.856188217917623,3,100,1000,5,5000,core,Ours,1.6539999999999964
4.8636314764880995,3,100,1000,5,5000,A1,HOSVD,0.8659999999999854
0.010919713316597404,3,100,1000,5,5000,A2,HOSVD,0.8659999999999854
0.5567199538984938,3,100,1000,5,5000,A3,HOSVD,0.8659999999999854
11.856173158778827,3,100,1000,5,5000,core,HOSVD,0.8659999999999854
4.893398461350382,3,100,1000,5,5000,A1,HOOI,1.0020000000004075
0.011259370762474841,3,100,1000,5,5000,A2,HOOI,1.0020000000004075
0.5665222889943501,3,100,1000,5,5000,A3,HOOI,1.0020000000004075
11.85616810406045,3,100,1000,5,5000,core,HOOI,1.0020000000004075
3.8988306337645167,3,100,1000,5,5000,A1,Olga,1.08199999999988
0.004306210569222944,3,100,1000,5,5000,A2,Olga,1.08199999999988
1.3020954085223233,3,100,1000,5,5000,A3,Tracy,1.08199999999988
11.85605852560796,3,100,1000,5,5000,core,Tracy_Olga,1.08199999999988
6.203681755607317,3,100,4992,5,5000,A1,NTD,158.98999999999978
0.1339074637969445,3,100,4992,5,5000,A2,NTD,158.98999999999978
4989.034117913645,3,100,4992,5,5000,A3,NTD,158.98999999999978
13.935533929247018,3,100,4992,5,5000,core,NTD,158.98999999999978
6.507980597242016,3,100,4992,5,5000,A1,Ours,5.173999999999978
0.004973441271225193,3,100,4992,5,5000,A2,Ours,5.173999999999978
2.4920685191305108,3,100,4992,5,5000,A3,Ours,5.173999999999978
11.906888521757836,3,100,4992,5,5000,core,Ours,5.173999999999978
6.507980597242016,3,100,4992,5,5000,A1,HOSVD,1.6959999999999127
0.004973441271225193,3,100,4992,5,5000,A2,HOSVD,1.6959999999999127
2.484604663691307,3,100,4992,5,5000,A3,HOSVD,1.6959999999999127
11.907192545296127,3,100,4992,5,5000,core,HOSVD,1.6959999999999127
6.565579254413666,3,100,4992,5,5000,A1,HOOI,4.260999999999967
0.005025215798958492,3,100,4992,5,5000,A2,HOOI,4.260999999999967
2.484729557261046,3,100,4992,5,5000,A3,HOOI,4.260999999999967
11.907422256915698,3,100,4992,5,5000,core,HOOI,4.260999999999967
4.797145102906071,3,100,4992,5,5000,A1,Olga,2.6640000000002146
0.005090205824656383,3,100,4992,5,5000,A2,Olga,2.6640000000002146
2.9250505304434533,3,100,4992,5,5000,A3,Tracy,2.6640000000002146
11.908015349446837,3,100,4992,5,5000,core,Tracy_Olga,2.6640000000002146
6.54142115021102,3,100,9959,5,5000,A1,NTD,335.212
0.18840088025047377,3,100,9959,5,5000,A2,NTD,335.212
9956.053399246513,3,100,9959,5,5000,A3,NTD,335.212
11.04587353448569,3,100,9959,5,5000,core,NTD,335.212
5.485598993316314,3,100,9959,5,5000,A1,Ours,26.001000000000204
0.010279388699552021,3,100,9959,5,5000,A2,Ours,26.001000000000204
2.485094133266163,3,100,9959,5,5000,A3,Ours,26.001000000000204
11.898824372105993,3,100,9959,5,5000,core,Ours,26.001000000000204
5.485598993316314,3,100,9959,5,5000,A1,HOSVD,10.942999999999756
0.010279388699552021,3,100,9959,5,5000,A2,HOSVD,10.942999999999756
2.4552880329233164,3,100,9959,5,5000,A3,HOSVD,10.942999999999756
11.900823668220916,3,100,9959,5,5000,core,HOSVD,10.942999999999756
5.35005050457385,3,100,9959,5,5000,A1,HOOI,11.759000000000015
0.011062162566441875,3,100,9959,5,5000,A2,HOOI,11.759000000000015
2.4582944788736554,3,100,9959,5,5000,A3,HOOI,11.759000000000015
11.902852088263515,3,100,9959,5,5000,core,HOOI,11.759000000000015
4.426977271388163,3,100,9959,5,5000,A1,Olga,8.364000000000033
0.009993769346873392,3,100,9959,5,5000,A2,Olga,8.364000000000033
2.9299694445085,3,100,9959,5,5000,A3,Tracy,8.364000000000033
11.907226228586657,3,100,9959,5,5000,core,Tracy_Olga,8.364000000000033
7.58904407871495,3,100,1000,5,6000,A1,NTD,29.20400000000018
0.07466834126630076,3,100,1000,5,6000,A2,NTD,29.20400000000018
997.0000649072589,3,100,1000,5,6000,A3,NTD,29.20400000000018
11.132493653864348,3,100,1000,5,6000,core,NTD,29.20400000000018
4.79906423485864,3,100,1000,5,6000,A1,Ours,0.7570000000000618
0.013327461805530122,3,100,1000,5,6000,A2,Ours,0.7570000000000618
0.17680044981856208,3,100,1000,5,6000,A3,Ours,0.7570000000000618
11.858521327416815,3,100,1000,5,6000,core,Ours,0.7570000000000618
4.79906423485864,3,100,1000,5,6000,A1,HOSVD,0.5629999999996471
0.013327461805530122,3,100,1000,5,6000,A2,HOSVD,0.5629999999996471
0.1766450617215196,3,100,1000,5,6000,A3,HOSVD,0.5629999999996471
11.85844659565973,3,100,1000,5,6000,core,HOSVD,0.5629999999996471
4.783527103883082,3,100,1000,5,6000,A1,HOOI,0.9540000000001783
0.012688780777494425,3,100,1000,5,6000,A2,HOOI,0.9540000000001783
0.17620625108944413,3,100,1000,5,6000,A3,HOOI,0.9540000000001783
11.857411064986476,3,100,1000,5,6000,core,HOOI,0.9540000000001783
2.8567234070756964,3,100,1000,5,6000,A1,Olga,0.9259999999999309
0.009825981610533276,3,100,1000,5,6000,A2,Olga,0.9259999999999309
1.333590393464153,3,100,1000,5,6000,A3,Tracy,0.9259999999999309
11.858769927290588,3,100,1000,5,6000,core,Tracy_Olga,0.9259999999999309
7.336170146785283,3,100,4993,5,6000,A1,NTD,166.1010000000001
0.13329123981289973,3,100,4993,5,6000,A2,NTD,166.1010000000001
4990.025646231578,3,100,4993,5,6000,A3,NTD,166.1010000000001
11.722421188997199,3,100,4993,5,6000,core,NTD,166.1010000000001
4.792431065862901,3,100,4993,5,6000,A1,Ours,5.33600000000024
0.006521076074467137,3,100,4993,5,6000,A2,Ours,5.33600000000024
2.471376734801554,3,100,4993,5,6000,A3,Ours,5.33600000000024
11.868644394248351,3,100,4993,5,6000,core,Ours,5.33600000000024
4.792431065862901,3,100,4993,5,6000,A1,HOSVD,2.149999999999636
0.006521076074467137,3,100,4993,5,6000,A2,HOSVD,2.149999999999636
2.4659240560615645,3,100,4993,5,6000,A3,HOSVD,2.149999999999636
11.86868917583769,3,100,4993,5,6000,core,HOSVD,2.149999999999636
4.777004222549103,3,100,4993,5,6000,A1,HOOI,5.183999999999742
0.006471760633365653,3,100,4993,5,6000,A2,HOOI,5.183999999999742
2.4659932051975297,3,100,4993,5,6000,A3,HOOI,5.183999999999742
11.869048354491454,3,100,4993,5,6000,core,HOOI,5.183999999999742
3.447983913894601,3,100,4993,5,6000,A1,Olga,3.0660000000002583
0.007300064810525357,3,100,4993,5,6000,A2,Olga,3.0660000000002583
2.9464067318072735,3,100,4993,5,6000,A3,Tracy,3.0660000000002583
11.86554522546787,3,100,4993,5,6000,core,Tracy_Olga,3.0660000000002583
13.073876628375496,3,100,9975,5,6000,A1,NTD,333.42599999999993
0.1053340194280614,3,100,9975,5,6000,A2,NTD,333.42599999999993
9972.041593563928,3,100,9975,5,6000,A3,NTD,333.42599999999993
13.948978519990776,3,100,9975,5,6000,core,NTD,333.42599999999993
8.051617328323276,3,100,9975,5,6000,A1,Ours,18.66899999999987
0.008748672706654515,3,100,9975,5,6000,A2,Ours,18.66899999999987
2.503769146093717,3,100,9975,5,6000,A3,Ours,18.66899999999987
11.90051580828594,3,100,9975,5,6000,core,Ours,18.66899999999987
8.051617328323276,3,100,9975,5,6000,A1,HOSVD,10.929999999999836
0.008748672706654515,3,100,9975,5,6000,A2,HOSVD,10.929999999999836
2.4830588741471797,3,100,9975,5,6000,A3,HOSVD,10.929999999999836
11.901728294774529,3,100,9975,5,6000,core,HOSVD,10.929999999999836
8.00693793537611,3,100,9975,5,6000,A1,HOOI,25.23999999999978
0.00879847501718869,3,100,9975,5,6000,A2,HOOI,25.23999999999978
2.4866472173477012,3,100,9975,5,6000,A3,HOOI,25.23999999999978
11.899541152031961,3,100,9975,5,6000,core,HOOI,25.23999999999978
5.212519378822436,3,100,9975,5,6000,A1,Olga,27.018999999999778
0.01434896362867356,3,100,9975,5,6000,A2,Olga,27.018999999999778
2.948473282803419,3,100,9975,5,6000,A3,Tracy,27.018999999999778
11.922403006396964,3,100,9975,5,6000,core,Tracy_Olga,27.018999999999778
7.938536417344304,3,100,1000,5,7000,A1,NTD,28.754999999999654
0.0449562878242768,3,100,1000,5,7000,A2,NTD,28.754999999999654
997.0000714576972,3,100,1000,5,7000,A3,NTD,28.754999999999654
9.00480185195527,3,100,1000,5,7000,core,NTD,28.754999999999654
4.622893200136349,3,100,1000,5,7000,A1,Ours,5.0340000000001055
0.0028741632898057804,3,100,1000,5,7000,A2,Ours,5.0340000000001055
0.1216478435517697,3,100,1000,5,7000,A3,Ours,5.0340000000001055
11.85874144298477,3,100,1000,5,7000,core,Ours,5.0340000000001055
4.622893200136349,3,100,1000,5,7000,A1,HOSVD,4.815000000000055
0.0028741632898057804,3,100,1000,5,7000,A2,HOSVD,4.815000000000055
0.1216231971542726,3,100,1000,5,7000,A3,HOSVD,4.815000000000055
11.858745577626882,3,100,1000,5,7000,core,HOSVD,4.815000000000055
4.586461705539992,3,100,1000,5,7000,A1,HOOI,6.048999999999978
0.003081058738294617,3,100,1000,5,7000,A2,HOOI,6.048999999999978
0.12180258064576484,3,100,1000,5,7000,A3,HOOI,6.048999999999978
11.859166344342386,3,100,1000,5,7000,core,HOOI,6.048999999999978
4.204503620977735,3,100,1000,5,7000,A1,Olga,5.1909999999998035
0.003106436015269947,3,100,1000,5,7000,A2,Olga,5.1909999999998035
1.3100958631982544,3,100,1000,5,7000,A3,Tracy,5.1909999999998035
11.853645155335085,3,100,1000,5,7000,core,Tracy_Olga,5.1909999999998035
7.755195635465182,3,100,4994,5,7000,A1,NTD,163.529
0.07033701143510944,3,100,4994,5,7000,A2,NTD,163.529
4991.021789369795,3,100,4994,5,7000,A3,NTD,163.529
9.927389306027372,3,100,4994,5,7000,core,NTD,163.529
6.579706686533478,3,100,4994,5,7000,A1,Ours,5.186999999999898
0.015589159106334221,3,100,4994,5,7000,A2,Ours,5.186999999999898
2.454841698219088,3,100,4994,5,7000,A3,Ours,5.186999999999898
11.898251247990709,3,100,4994,5,7000,core,Ours,5.186999999999898
6.579706686533478,3,100,4994,5,7000,A1,HOSVD,1.73700000000008
0.015589159106334221,3,100,4994,5,7000,A2,HOSVD,1.73700000000008
2.45071961130755,3,100,4994,5,7000,A3,HOSVD,1.73700000000008
11.898379614587261,3,100,4994,5,7000,core,HOSVD,1.73700000000008
6.558599456720421,3,100,4994,5,7000,A1,HOOI,4.251999999999953
0.015899343122544905,3,100,4994,5,7000,A2,HOOI,4.251999999999953
2.4512037951928325,3,100,4994,5,7000,A3,HOOI,4.251999999999953
11.895454108878406,3,100,4994,5,7000,core,HOOI,4.251999999999953
4.042550828431143,3,100,4994,5,7000,A1,Olga,2.5280000000002474
0.009472292383279514,3,100,4994,5,7000,A2,Olga,2.5280000000002474
2.9385274753885477,3,100,4994,5,7000,A3,Tracy,2.5280000000002474
11.899178863624268,3,100,4994,5,7000,core,Tracy_Olga,2.5280000000002474
9.700138955200503,3,100,9969,5,7000,A1,NTD,337.96100000000024
1.0925179148543456,3,100,9969,5,7000,A2,NTD,337.96100000000024
9966.0626145584,3,100,9969,5,7000,A3,NTD,337.96100000000024
10.796707977740363,3,100,9969,5,7000,core,NTD,337.96100000000024
5.058592010224232,3,100,9969,5,7000,A1,Ours,14.416999999999462
0.008556906368553335,3,100,9969,5,7000,A2,Ours,14.416999999999462
2.478403385408082,3,100,9969,5,7000,A3,Ours,14.416999999999462
11.907405538041067,3,100,9969,5,7000,core,Ours,14.416999999999462
5.058592010224232,3,100,9969,5,7000,A1,HOSVD,4.226999999999862
0.008556906368553335,3,100,9969,5,7000,A2,HOSVD,4.226999999999862
2.4631708794226763,3,100,9969,5,7000,A3,HOSVD,4.226999999999862
11.908144097397335,3,100,9969,5,7000,core,HOSVD,4.226999999999862
5.053840266244322,3,100,9969,5,7000,A1,HOOI,11.21099999999933
0.008698451168617246,3,100,9969,5,7000,A2,HOOI,11.21099999999933
2.4657501458916253,3,100,9969,5,7000,A3,HOOI,11.21099999999933
11.90138332193802,3,100,9969,5,7000,core,HOOI,11.21099999999933
3.9954143845394974,3,100,9969,5,7000,A1,Olga,6.657000000000153
0.014378150649290019,3,100,9969,5,7000,A2,Olga,6.657000000000153
2.9359659053823517,3,100,9969,5,7000,A3,Tracy,6.657000000000153
11.925930190963513,3,100,9969,5,7000,core,Tracy_Olga,6.657000000000153
33.27340729576956,3,100,1000,5,8000,A1,NTD,28.201000000000022
0.08474812333901052,3,100,1000,5,8000,A2,NTD,28.201000000000022
997.0000950067426,3,100,1000,5,8000,A3,NTD,28.201000000000022
10.779793352631444,3,100,1000,5,8000,core,NTD,28.201000000000022
5.100479579909427,3,100,1000,5,8000,A1,Ours,0.7479999999995925
0.007990320759813171,3,100,1000,5,8000,A2,Ours,0.7479999999995925
0.07208106051207883,3,100,1000,5,8000,A3,Ours,0.7479999999995925
11.856303151409328,3,100,1000,5,8000,core,Ours,0.7479999999995925
5.100479579909427,3,100,1000,5,8000,A1,HOSVD,0.8269999999993161
0.007990320759813171,3,100,1000,5,8000,A2,HOSVD,0.8269999999993161
0.07197642684977346,3,100,1000,5,8000,A3,HOSVD,0.8269999999993161
11.856294666211173,3,100,1000,5,8000,core,HOSVD,0.8269999999993161
5.144120685302992,3,100,1000,5,8000,A1,HOOI,0.9799999999995634
0.007900800593121506,3,100,1000,5,8000,A2,HOOI,0.9799999999995634
0.07298497825028036,3,100,1000,5,8000,A3,HOOI,0.9799999999995634
11.856342574008334,3,100,1000,5,8000,core,HOOI,0.9799999999995634
3.77170313829363,3,100,1000,5,8000,A1,Olga,0.660000000000764
0.006691016184235996,3,100,1000,5,8000,A2,Olga,0.660000000000764
1.3037242108379246,3,100,1000,5,8000,A3,Tracy,0.660000000000764
11.859044422680205,3,100,1000,5,8000,core,Tracy_Olga,0.660000000000764
6.9190946820731405,3,100,4995,5,8000,A1,NTD,165.66100000000006
0.049791989174477934,3,100,4995,5,8000,A2,NTD,165.66100000000006
4992.012760838551,3,100,4995,5,8000,A3,NTD,165.66100000000006
11.611855941649374,3,100,4995,5,8000,core,NTD,165.66100000000006
4.964978961634867,3,100,4995,5,8000,A1,Ours,5.001000000000204
0.002924240385172168,3,100,4995,5,8000,A2,Ours,5.001000000000204
2.459901921324174,3,100,4995,5,8000,A3,Ours,5.001000000000204
11.879823247656667,3,100,4995,5,8000,core,Ours,5.001000000000204
4.964978961634867,3,100,4995,5,8000,A1,HOSVD,1.9750000000003638
0.002924240385172168,3,100,4995,5,8000,A2,HOSVD,1.9750000000003638
2.456477205955424,3,100,4995,5,8000,A3,HOSVD,1.9750000000003638
11.879790143981245,3,100,4995,5,8000,core,HOSVD,1.9750000000003638
4.977094398763399,3,100,4995,5,8000,A1,HOOI,4.652000000000044
0.0030172576039996547,3,100,4995,5,8000,A2,HOOI,4.652000000000044
2.4591494659931334,3,100,4995,5,8000,A3,HOOI,4.652000000000044
11.869492010494815,3,100,4995,5,8000,core,HOOI,4.652000000000044
3.468473073008546,3,100,4995,5,8000,A1,Olga,3.0159999999996217
0.002959715424242259,3,100,4995,5,8000,A2,Olga,3.0159999999996217
2.970473210739898,3,100,4995,5,8000,A3,Tracy,3.0159999999996217
11.889249464748168,3,100,4995,5,8000,core,Tracy_Olga,3.0159999999996217
8.95945845734133,3,100,9978,5,8000,A1,NTD,329.3099999999995
0.1339252630692389,3,100,9978,5,8000,A2,NTD,329.3099999999995
9975.033962390378,3,100,9978,5,8000,A3,NTD,329.3099999999995
13.16851445020627,3,100,9978,5,8000,core,NTD,329.3099999999995
4.123288287516045,3,100,9978,5,8000,A1,Ours,14.609000000000378
0.005709074465794061,3,100,9978,5,8000,A2,Ours,14.609000000000378
2.4739211245546957,3,100,9978,5,8000,A3,Ours,14.609000000000378
11.900662934939247,3,100,9978,5,8000,core,Ours,14.609000000000378
4.123288287516045,3,100,9978,5,8000,A1,HOSVD,3.69800000000032
0.005709074465794061,3,100,9978,5,8000,A2,HOSVD,3.69800000000032
2.462307012566808,3,100,9978,5,8000,A3,HOSVD,3.69800000000032
11.901290646914477,3,100,9978,5,8000,core,HOSVD,3.69800000000032
4.049796778453839,3,100,9978,5,8000,A1,HOOI,11.185999999999694
0.0058761524196662834,3,100,9978,5,8000,A2,HOOI,11.185999999999694
2.4635912644322397,3,100,9978,5,8000,A3,HOOI,11.185999999999694
11.899842661393407,3,100,9978,5,8000,core,HOOI,11.185999999999694
4.219675097368405,3,100,9978,5,8000,A1,Olga,7.440000000000509
0.0034920031710283916,3,100,9978,5,8000,A2,Olga,7.440000000000509
2.936529791275701,3,100,9978,5,8000,A3,Tracy,7.440000000000509
11.888997151935332,3,100,9978,5,8000,core,Tracy_Olga,7.440000000000509
7.2537662197988215,3,100,1000,5,9000,A1,NTD,28.71900000000005
0.10467670519330011,3,100,1000,5,9000,A2,NTD,28.71900000000005
997.0000261641798,3,100,1000,5,9000,A3,NTD,28.71900000000005
13.62731858765452,3,100,1000,5,9000,core,NTD,28.71900000000005
3.8686754369879655,3,100,1000,5,9000,A1,Ours,0.4819999999999709
0.0084987399119771,3,100,1000,5,9000,A2,Ours,0.4819999999999709
0.15646539484698632,3,100,1000,5,9000,A3,Ours,0.4819999999999709
11.86767904626766,3,100,1000,5,9000,core,Ours,0.4819999999999709
3.8686754369879655,3,100,1000,5,9000,A1,HOSVD,1.2420000000001892
0.0084987399119771,3,100,1000,5,9000,A2,HOSVD,1.2420000000001892
0.15640434099148257,3,100,1000,5,9000,A3,HOSVD,1.2420000000001892
11.867673298451722,3,100,1000,5,9000,core,HOSVD,1.2420000000001892
3.8734668537845947,3,100,1000,5,9000,A1,HOOI,1.4949999999998909
0.008446186090643343,3,100,1000,5,9000,A2,HOOI,1.4949999999998909
0.1534646385027055,3,100,1000,5,9000,A3,HOOI,1.4949999999998909
11.873432661264566,3,100,1000,5,9000,core,HOOI,1.4949999999998909
3.081806047456098,3,100,1000,5,9000,A1,Olga,0.6449999999995271
0.008481685563317317,3,100,1000,5,9000,A2,Olga,0.6449999999995271
1.330297456314858,3,100,1000,5,9000,A3,Tracy,0.6449999999995271
11.866224648339463,3,100,1000,5,9000,core,Tracy_Olga,0.6449999999995271
10.040190659869848,3,100,4996,5,9000,A1,NTD,161.8740000000007
0.09425859234316826,3,100,4996,5,9000,A2,NTD,161.8740000000007
4993.0170571747685,3,100,4996,5,9000,A3,NTD,161.8740000000007
10.015829301797572,3,100,4996,5,9000,core,NTD,161.8740000000007
5.4878292476842985,3,100,4996,5,9000,A1,Ours,4.626000000000204
0.003798761341032064,3,100,4996,5,9000,A2,Ours,4.626000000000204
2.4652743293317303,3,100,4996,5,9000,A3,Ours,4.626000000000204
11.891713110745494,3,100,4996,5,9000,core,Ours,4.626000000000204
5.4878292476842985,3,100,4996,5,9000,A1,HOSVD,2.0299999999997453
0.003798761341032064,3,100,4996,5,9000,A2,HOSVD,2.0299999999997453
2.4627333378098712,3,100,4996,5,9000,A3,HOSVD,2.0299999999997453
11.891440110897918,3,100,4996,5,9000,core,HOSVD,2.0299999999997453
5.471931059503645,3,100,4996,5,9000,A1,HOOI,4.298000000000684
0.0037445450900390966,3,100,4996,5,9000,A2,HOOI,4.298000000000684
3.775259492789102,3,100,4996,5,9000,A3,HOOI,4.298000000000684
10.608928055140138,3,100,4996,5,9000,core,HOOI,4.298000000000684
3.4047721796842048,3,100,4996,5,9000,A1,Olga,2.6419999999998254
0.0045491171994508925,3,100,4996,5,9000,A2,Olga,2.6419999999998254
2.973868284715645,3,100,4996,5,9000,A3,Tracy,2.6419999999998254
11.89215525680391,3,100,4996,5,9000,core,Tracy_Olga,2.6419999999998254
7.0839583441303144,3,100,9979,5,9000,A1,NTD,333.85400000000027
0.13932302765501767,3,100,9979,5,9000,A2,NTD,333.85400000000027
9976.03312394248,3,100,9979,5,9000,A3,NTD,333.85400000000027
11.148791321774434,3,100,9979,5,9000,core,NTD,333.85400000000027
4.862779833980744,3,100,9979,5,9000,A1,Ours,13.791000000000167
0.0018695803579399882,3,100,9979,5,9000,A2,Ours,13.791000000000167
2.4883679644295493,3,100,9979,5,9000,A3,Ours,13.791000000000167
11.882605219511476,3,100,9979,5,9000,core,Ours,13.791000000000167
4.862779833980744,3,100,9979,5,9000,A1,HOSVD,3.369999999999891
0.0018695803579399882,3,100,9979,5,9000,A2,HOSVD,3.369999999999891
2.47908793624195,3,100,9979,5,9000,A3,HOSVD,3.369999999999891
11.88307417846536,3,100,9979,5,9000,core,HOSVD,3.369999999999891
4.862374586252051,3,100,9979,5,9000,A1,HOOI,10.832000000000335
0.0016526613541771094,3,100,9979,5,9000,A2,HOOI,10.832000000000335
2.4796806779640637,3,100,9979,5,9000,A3,HOOI,10.832000000000335
11.888556965881312,3,100,9979,5,9000,core,HOOI,10.832000000000335
2.640156028611477,3,100,9979,5,9000,A1,Olga,6.4539999999997235
0.00326060402372313,3,100,9979,5,9000,A2,Olga,6.4539999999997235
2.9555781019480194,3,100,9979,5,9000,A3,Tracy,6.4539999999997235
11.89305573163386,3,100,9979,5,9000,core,Tracy_Olga,6.4539999999997235
8.33716562275305,3,100,1000,5,10000,A1,NTD,28.29200000000037
0.08396192498531196,3,100,1000,5,10000,A2,NTD,28.29200000000037
997.0000537061957,3,100,1000,5,10000,A3,NTD,28.29200000000037
13.834072348771878,3,100,1000,5,10000,core,NTD,28.29200000000037
3.915439645315634,3,100,1000,5,10000,A1,Ours,0.4669999999996435
0.009965931335692964,3,100,1000,5,10000,A2,Ours,0.4669999999996435
0.11311340109009115,3,100,1000,5,10000,A3,Ours,0.4669999999996435
11.85600126441174,3,100,1000,5,10000,core,Ours,0.4669999999996435
3.915439645315634,3,100,1000,5,10000,A1,HOSVD,0.39099999999962165
0.009965931335692964,3,100,1000,5,10000,A2,HOSVD,0.39099999999962165
0.11310245544903398,3,100,1000,5,10000,A3,HOSVD,0.39099999999962165
11.85599615675583,3,100,1000,5,10000,core,HOSVD,0.39099999999962165
3.956980370070719,3,100,1000,5,10000,A1,HOOI,0.7049999999999272
0.00970241523366915,3,100,1000,5,10000,A2,HOOI,0.7049999999999272
0.11255167431660232,3,100,1000,5,10000,A3,HOOI,0.7049999999999272
11.847769411801611,3,100,1000,5,10000,core,HOOI,0.7049999999999272
2.906902127194723,3,100,1000,5,10000,A1,Olga,0.5069999999996071
0.006733827506151661,3,100,1000,5,10000,A2,Olga,0.5069999999996071
1.3139595498254255,3,100,1000,5,10000,A3,Tracy,0.5069999999996071
11.846863627029483,3,100,1000,5,10000,core,Tracy_Olga,0.5069999999996071
7.042255114436754,3,100,4997,5,10000,A1,NTD,161.73599999999988
0.05785156287774101,3,100,4997,5,10000,A2,NTD,161.73599999999988
4994.019774930439,3,100,4997,5,10000,A3,NTD,161.73599999999988
11.762485947755058,3,100,4997,5,10000,core,NTD,161.73599999999988
4.368877484494174,3,100,4997,5,10000,A1,Ours,4.985000000000582
0.006113467439527067,3,100,4997,5,10000,A2,Ours,4.985000000000582
2.4546758828558324,3,100,4997,5,10000,A3,Ours,4.985000000000582
11.853121590745445,3,100,4997,5,10000,core,Ours,4.985000000000582
4.368877484494174,3,100,4997,5,10000,A1,HOSVD,1.71100000000024
0.006113467439527067,3,100,4997,5,10000,A2,HOSVD,1.71100000000024
2.452513889567783,3,100,4997,5,10000,A3,HOSVD,1.71100000000024
11.853191632028805,3,100,4997,5,10000,core,HOSVD,1.71100000000024
4.363780206785899,3,100,4997,5,10000,A1,HOOI,4.536000000000058
0.006099076378029835,3,100,4997,5,10000,A2,HOOI,4.536000000000058
2.4546652162078444,3,100,4997,5,10000,A3,HOOI,4.536000000000058
11.848416128685471,3,100,4997,5,10000,core,HOOI,4.536000000000058
3.375571321854452,3,100,4997,5,10000,A1,Olga,2.5299999999997453
0.0057957361746434994,3,100,4997,5,10000,A2,Olga,2.5299999999997453
2.9754500319753996,3,100,4997,5,10000,A3,Tracy,2.5299999999997453
11.848998358082003,3,100,4997,5,10000,core,Tracy_Olga,2.5299999999997453
14.188937959185344,3,100,9974,5,10000,A1,NTD,294.89900000000034
0.12969433239958805,3,100,9974,5,10000,A2,NTD,294.89900000000034
9971.028617924185,3,100,9974,5,10000,A3,NTD,294.89900000000034
11.11257398472236,3,100,9974,5,10000,core,NTD,294.89900000000034
4.692516794848067,3,100,9974,5,10000,A1,Ours,11.260000000000218
0.0037311019120594368,3,100,9974,5,10000,A2,Ours,11.260000000000218
2.4612247747193656,3,100,9974,5,10000,A3,Ours,11.260000000000218
11.906392856966116,3,100,9974,5,10000,core,Ours,11.260000000000218
4.692516794848067,3,100,9974,5,10000,A1,HOSVD,2.5230000000001382
0.0037311019120594368,3,100,9974,5,10000,A2,HOSVD,2.5230000000001382
2.4537941026123646,3,100,9974,5,10000,A3,HOSVD,2.5230000000001382
11.906770481628705,3,100,9974,5,10000,core,HOSVD,2.5230000000001382
4.666370003056617,3,100,9974,5,10000,A1,HOOI,9.014000000000124
0.0036152323111082844,3,100,9974,5,10000,A2,HOOI,9.014000000000124
2.45424433447343,3,100,9974,5,10000,A3,HOOI,9.014000000000124
11.907867003761362,3,100,9974,5,10000,core,HOOI,9.014000000000124
3.587894152951157,3,100,9974,5,10000,A1,Olga,5.291000000000167
0.008886764557776261,3,100,9974,5,10000,A2,Olga,5.291000000000167
2.9287233483294695,3,100,9974,5,10000,A3,Tracy,5.291000000000167
11.90590158239358,3,100,9974,5,10000,core,Tracy_Olga,5.291000000000167
