error,K,Q1,R,Q2,M,mode,method,time
80.1582966122613,3,100,989,5,100,A1,NTD,34.24000000000001
2.001152129765298,3,100,989,5,100,A2,NTD,34.24000000000001
986.2712315963081,3,100,989,5,100,A3,NTD,34.24000000000001
11.282733308381188,3,100,989,5,100,core,NTD,34.24000000000001
28.841070441377802,3,100,989,5,100,A1,Ours,0.5199999999999818
0.13846878853764527,3,100,989,5,100,A2,Ours,0.5199999999999818
3.2607927147029057,3,100,989,5,100,A3,Ours,0.5199999999999818
12.167308102801552,3,100,989,5,100,core,Ours,0.5199999999999818
28.841070441377802,3,100,989,5,100,A1,HOSVD,0.3529999999998381
0.13846878853764527,3,100,989,5,100,A2,HOSVD,0.3529999999998381
2.675758467057983,3,100,989,5,100,A3,HOSVD,0.3529999999998381
12.712118306320397,3,100,989,5,100,core,HOSVD,0.3529999999998381
27.471476317180517,3,100,989,5,100,A1,HOOI,1.2359999999998763
0.13896471921533543,3,100,989,5,100,A2,HOOI,1.2359999999998763
2.7020612233347503,3,100,989,5,100,A3,HOOI,1.2359999999998763
12.730763915888303,3,100,989,5,100,core,HOOI,1.2359999999998763
44.641086781596904,3,100,989,5,100,A1,Olga,0.4170000000001437
0.6652003538242025,3,100,989,5,100,A2,Olga,0.4170000000001437
2.8421682788783964,3,100,989,5,100,A3,Tracy,0.4170000000001437
12.541288279143592,3,100,989,5,100,core,Tracy_Olga,0.4170000000001437
80.1582966122613,3,100,989,5,100,A1,NTD,34.27299999999991
2.001152129765298,3,100,989,5,100,A2,NTD,34.27299999999991
986.2712315963081,3,100,989,5,100,A3,NTD,34.27299999999991
11.282733308381188,3,100,989,5,100,core,NTD,34.27299999999991
28.841070441377802,3,100,989,5,100,A1,Ours,0.4539999999999509
0.13846878853764527,3,100,989,5,100,A2,Ours,0.4539999999999509
3.2607927147029057,3,100,989,5,100,A3,Ours,0.4539999999999509
12.167308102801552,3,100,989,5,100,core,Ours,0.4539999999999509
28.841070441377802,3,100,989,5,100,A1,HOSVD,0.31500000000005457
0.13846878853764527,3,100,989,5,100,A2,HOSVD,0.31500000000005457
2.675758467057983,3,100,989,5,100,A3,HOSVD,0.31500000000005457
12.712118306320397,3,100,989,5,100,core,HOSVD,0.31500000000005457
27.471476317180517,3,100,989,5,100,A1,HOOI,1.1110000000001037
0.13896471921533543,3,100,989,5,100,A2,HOOI,1.1110000000001037
2.7020612233347503,3,100,989,5,100,A3,HOOI,1.1110000000001037
12.730763915888303,3,100,989,5,100,core,HOOI,1.1110000000001037
44.641086781596904,3,100,989,5,100,A1,Olga,0.41399999999998727
0.6652003538242025,3,100,989,5,100,A2,Olga,0.41399999999998727
2.8421682788783964,3,100,989,5,100,A3,Tracy,0.41399999999998727
12.541288279143592,3,100,989,5,100,core,Tracy_Olga,0.41399999999998727
95.94072109741099,3,100,4493,5,100,A1,NTD,175.40699999999993
2.6140424464163607,3,100,4493,5,100,A2,NTD,175.40699999999993
4490.500186049555,3,100,4493,5,100,A3,NTD,175.40699999999993
9.915569470379191,3,100,4493,5,100,core,NTD,175.40699999999993
24.363428514042933,3,100,4493,5,100,A1,Ours,5.315000000000055
0.2775989497344437,3,100,4493,5,100,A2,Ours,5.315000000000055
5.43087761734555,3,100,4493,5,100,A3,Ours,5.315000000000055
10.721767753940448,3,100,4493,5,100,core,Ours,5.315000000000055
24.363428514042933,3,100,4493,5,100,A1,HOSVD,1.2970000000000255
0.2775989497344437,3,100,4493,5,100,A2,HOSVD,1.2970000000000255
2.7774929061420135,3,100,4493,5,100,A3,HOSVD,1.2970000000000255
12.793966019664106,3,100,4493,5,100,core,HOSVD,1.2970000000000255
22.494343276290117,3,100,4493,5,100,A1,HOOI,8.035000000000082
0.256450395498659,3,100,4493,5,100,A2,HOOI,8.035000000000082
2.838970116405219,3,100,4493,5,100,A3,HOOI,8.035000000000082
12.760929386271293,3,100,4493,5,100,core,HOOI,8.035000000000082
79.01440998752875,3,100,4493,5,100,A1,Olga,2.0579999999999927
0.9777720625146621,3,100,4493,5,100,A2,Olga,2.0579999999999927
3.0606550831006225,3,100,4493,5,100,A3,Tracy,2.0579999999999927
10.959437555605613,3,100,4493,5,100,core,Tracy_Olga,2.0579999999999927
122.97105508375532,3,100,8142,5,100,A1,NTD,304.5609999999999
4.613097828207261,3,100,8142,5,100,A2,NTD,304.5609999999999
8139.581345701911,3,100,8142,5,100,A3,NTD,304.5609999999999
9.101087997313332,3,100,8142,5,100,core,NTD,304.5609999999999
25.512904216845136,3,100,8142,5,100,A1,Ours,11.913999999999987
0.3259851202248548,3,100,8142,5,100,A2,Ours,11.913999999999987
5.138003070582492,3,100,8142,5,100,A3,Ours,11.913999999999987
10.40966958506413,3,100,8142,5,100,core,Ours,11.913999999999987
25.512904216845136,3,100,8142,5,100,A1,HOSVD,2.8120000000001255
0.3259851202248548,3,100,8142,5,100,A2,HOSVD,2.8120000000001255
2.9384587930779125,3,100,8142,5,100,A3,HOSVD,2.8120000000001255
11.628115949275255,3,100,8142,5,100,core,HOSVD,2.8120000000001255
25.66920731103048,3,100,8142,5,100,A1,HOOI,15.600999999999885
0.1154912791903421,3,100,8142,5,100,A2,HOOI,15.600999999999885
3.0175534307810175,3,100,8142,5,100,A3,HOOI,15.600999999999885
12.177611524986071,3,100,8142,5,100,core,HOOI,15.600999999999885
74.57079213692934,3,100,8142,5,100,A1,Olga,4.697000000000116
2.6588516499572514,3,100,8142,5,100,A2,Olga,4.697000000000116
3.13537428346495,3,100,8142,5,100,A3,Tracy,4.697000000000116
12.207368574109504,3,100,8142,5,100,core,Tracy_Olga,4.697000000000116
15.512446710217423,3,100,997,5,500,A1,NTD,31.514000000000124
2.888115137962411,3,100,997,5,500,A2,NTD,31.514000000000124
994.0275176077721,3,100,997,5,500,A3,NTD,31.514000000000124
11.374221513840537,3,100,997,5,500,core,NTD,31.514000000000124
12.034653716960145,3,100,997,5,500,A1,Ours,0.46100000000001273
0.11181612301754507,3,100,997,5,500,A2,Ours,0.46100000000001273
2.696972495276023,3,100,997,5,500,A3,Ours,0.46100000000001273
12.184216133992045,3,100,997,5,500,core,Ours,0.46100000000001273
12.034653716960145,3,100,997,5,500,A1,HOSVD,0.39799999999991087
0.11181612301754507,3,100,997,5,500,A2,HOSVD,0.39799999999991087
2.6751897705646956,3,100,997,5,500,A3,HOSVD,0.39799999999991087
12.07800894271097,3,100,997,5,500,core,HOSVD,0.39799999999991087
12.006273984369761,3,100,997,5,500,A1,HOOI,0.8020000000001346
0.08414170410735021,3,100,997,5,500,A2,HOOI,0.8020000000001346
2.6633858972790923,3,100,997,5,500,A3,HOOI,0.8020000000001346
12.167646467879495,3,100,997,5,500,core,HOOI,0.8020000000001346
9.687647760000107,3,100,997,5,500,A1,Olga,0.4079999999999018
0.23878105466765615,3,100,997,5,500,A2,Olga,0.4079999999999018
2.9134162464701214,3,100,997,5,500,A3,Tracy,0.4079999999999018
12.288439647981471,3,100,997,5,500,core,Tracy_Olga,0.4079999999999018
33.90771956013872,3,100,4897,5,500,A1,NTD,181.54600000000005
2.6140703910821035,3,100,4897,5,500,A2,NTD,181.54600000000005
4894.363445116581,3,100,4897,5,500,A3,NTD,181.54600000000005
11.270915665373252,3,100,4897,5,500,core,NTD,181.54600000000005
12.320570270388956,3,100,4897,5,500,A1,Ours,5.246999999999844
0.032897037923685875,3,100,4897,5,500,A2,Ours,5.246999999999844
3.156357126344514,3,100,4897,5,500,A3,Ours,5.246999999999844
11.617495001316763,3,100,4897,5,500,core,Ours,5.246999999999844
12.320570270388956,3,100,4897,5,500,A1,HOSVD,1.2509999999999764
0.032897037923685875,3,100,4897,5,500,A2,HOSVD,1.2509999999999764
2.636662012031363,3,100,4897,5,500,A3,HOSVD,1.2509999999999764
12.963407819450289,3,100,4897,5,500,core,HOSVD,1.2509999999999764
12.028507211277594,3,100,4897,5,500,A1,HOOI,5.746000000000095
0.02464195884217437,3,100,4897,5,500,A2,HOOI,5.746000000000095
2.6478658691580295,3,100,4897,5,500,A3,HOOI,5.746000000000095
13.1066237607042,3,100,4897,5,500,core,HOOI,5.746000000000095
18.9083777322061,3,100,4897,5,500,A1,Olga,2.2129999999999654
0.4860526764558807,3,100,4897,5,500,A2,Olga,2.2129999999999654
2.879737717150175,3,100,4897,5,500,A3,Tracy,2.2129999999999654
12.7358221477921,3,100,4897,5,500,core,Tracy_Olga,2.2129999999999654
78.2116045851308,3,100,9615,5,500,A1,NTD,351.98400000000015
3.3869206385081294,3,100,9615,5,500,A2,NTD,351.98400000000015
9612.289518972248,3,100,9615,5,500,A3,NTD,351.98400000000015
10.232475710603644,3,100,9615,5,500,core,NTD,351.98400000000015
11.544062731256021,3,100,9615,5,500,A1,Ours,15.974999999999909
0.021044625653421502,3,100,9615,5,500,A2,Ours,15.974999999999909
4.258418116688301,3,100,9615,5,500,A3,Ours,15.974999999999909
9.049167595291578,3,100,9615,5,500,core,Ours,15.974999999999909
11.544062731256021,3,100,9615,5,500,A1,HOSVD,3.3409999999998945
0.021044625653421502,3,100,9615,5,500,A2,HOSVD,3.3409999999998945
2.6994258578461054,3,100,9615,5,500,A3,HOSVD,3.3409999999998945
12.675898889739472,3,100,9615,5,500,core,HOSVD,3.3409999999998945
11.325005399363446,3,100,9615,5,500,A1,HOOI,16.420000000000073
0.025562805540075968,3,100,9615,5,500,A2,HOOI,16.420000000000073
2.6887078925880683,3,100,9615,5,500,A3,HOOI,16.420000000000073
12.240992544742099,3,100,9615,5,500,core,HOOI,16.420000000000073
27.881847900938187,3,100,9615,5,500,A1,Olga,6.5
0.6681848593036939,3,100,9615,5,500,A2,Olga,6.5
2.943521195108501,3,100,9615,5,500,A3,Tracy,6.5
12.367338160799807,3,100,9615,5,500,core,Tracy_Olga,6.5
4.234314780756148,3,100,999,5,1000,A1,NTD,31.664000000000215
4.608477307322086,3,100,999,5,1000,A2,NTD,31.664000000000215
996.0219325475906,3,100,999,5,1000,A3,NTD,31.664000000000215
9.450442320782958,3,100,999,5,1000,core,NTD,31.664000000000215
9.096084755316554,3,100,999,5,1000,A1,Ours,0.43100000000004
0.05154419523369465,3,100,999,5,1000,A2,Ours,0.43100000000004
2.5898868878867627,3,100,999,5,1000,A3,Ours,0.43100000000004
12.573928043276428,3,100,999,5,1000,core,Ours,0.43100000000004
9.096084755316554,3,100,999,5,1000,A1,HOSVD,0.3350000000000364
0.05154419523369465,3,100,999,5,1000,A2,HOSVD,0.3350000000000364
2.581341859541011,3,100,999,5,1000,A3,HOSVD,0.3350000000000364
12.49198623124875,3,100,999,5,1000,core,HOSVD,0.3350000000000364
9.285593144954131,3,100,999,5,1000,A1,HOOI,0.7899999999999636
0.04803258607292068,3,100,999,5,1000,A2,HOOI,0.7899999999999636
2.6028836507675566,3,100,999,5,1000,A3,HOOI,0.7899999999999636
12.579110376720585,3,100,999,5,1000,core,HOOI,0.7899999999999636
6.048178339197216,3,100,999,5,1000,A1,Olga,0.4110000000000582
0.11286467971922594,3,100,999,5,1000,A2,Olga,0.4110000000000582
2.9009285013437007,3,100,999,5,1000,A3,Tracy,0.4110000000000582
13.892595533432768,3,100,999,5,1000,core,Tracy_Olga,0.4110000000000582
84.683155420348,3,100,4953,5,1000,A1,NTD,180.58799999999974
3.3869275568045616,3,100,4953,5,1000,A2,NTD,180.58799999999974
4950.123690240394,3,100,4953,5,1000,A3,NTD,180.58799999999974
10.24732935530378,3,100,4953,5,1000,core,NTD,180.58799999999974
8.114354517525245,3,100,4953,5,1000,A1,Ours,5.582000000000335
0.0314354440499798,3,100,4953,5,1000,A2,Ours,5.582000000000335
2.935493685223563,3,100,4953,5,1000,A3,Ours,5.582000000000335
10.776589142430275,3,100,4953,5,1000,core,Ours,5.582000000000335
8.114354517525245,3,100,4953,5,1000,A1,HOSVD,1.3130000000001019
0.0314354440499798,3,100,4953,5,1000,A2,HOSVD,1.3130000000001019
2.618026486351772,3,100,4953,5,1000,A3,HOSVD,1.3130000000001019
12.890250543030533,3,100,4953,5,1000,core,HOSVD,1.3130000000001019
8.145522242300892,3,100,4953,5,1000,A1,HOOI,6.063000000000102
0.020647692741644668,3,100,4953,5,1000,A2,HOOI,6.063000000000102
2.6183872816890035,3,100,4953,5,1000,A3,HOOI,6.063000000000102
12.884740954113305,3,100,4953,5,1000,core,HOOI,6.063000000000102
9.84079136394715,3,100,4953,5,1000,A1,Olga,2.1900000000000546
0.3953176197659318,3,100,4953,5,1000,A2,Olga,2.1900000000000546
2.8580850873719936,3,100,4953,5,1000,A3,Tracy,2.1900000000000546
12.939452228575094,3,100,4953,5,1000,core,Tracy_Olga,2.1900000000000546
42.31232813283531,3,100,9801,5,1000,A1,NTD,357.0499999999997
3.3869145577760267,3,100,9801,5,1000,A2,NTD,357.0499999999997
9798.175629103709,3,100,9801,5,1000,A3,NTD,357.0499999999997
10.000935067909612,3,100,9801,5,1000,core,NTD,357.0499999999997
7.772105841490897,3,100,9801,5,1000,A1,Ours,16.86499999999978
0.07166552854000939,3,100,9801,5,1000,A2,Ours,16.86499999999978
3.9544423237755213,3,100,9801,5,1000,A3,Ours,16.86499999999978
9.714473133166466,3,100,9801,5,1000,core,Ours,16.86499999999978
7.772105841490897,3,100,9801,5,1000,A1,HOSVD,3.1089999999999236
0.07166552854000939,3,100,9801,5,1000,A2,HOSVD,3.1089999999999236
2.667793262337267,3,100,9801,5,1000,A3,HOSVD,3.1089999999999236
13.02478521359351,3,100,9801,5,1000,core,HOSVD,3.1089999999999236
7.814919410607467,3,100,9801,5,1000,A1,HOOI,18.559999999999945
0.080527619831012,3,100,9801,5,1000,A2,HOOI,18.559999999999945
2.6736178385013973,3,100,9801,5,1000,A3,HOOI,18.559999999999945
13.079590840635458,3,100,9801,5,1000,core,HOOI,18.559999999999945
15.240437576226935,3,100,9801,5,1000,A1,Olga,6.358999999999924
0.43412146897862386,3,100,9801,5,1000,A2,Olga,6.358999999999924
2.8896437520395866,3,100,9801,5,1000,A3,Tracy,6.358999999999924
13.139431873326544,3,100,9801,5,1000,core,Tracy_Olga,6.358999999999924
9.879871846613861,3,100,1000,5,2500,A1,NTD,30.95199999999977
3.3649743599228734,3,100,1000,5,2500,A2,NTD,30.95199999999977
997.0011819545127,3,100,1000,5,2500,A3,NTD,30.95199999999977
9.449332840741809,3,100,1000,5,2500,core,NTD,30.95199999999977
5.978952367392219,3,100,1000,5,2500,A1,Ours,0.4679999999998472
0.04029763192694158,3,100,1000,5,2500,A2,Ours,0.4679999999998472
0.6879779602289875,3,100,1000,5,2500,A3,Ours,0.4679999999998472
12.407376253277612,3,100,1000,5,2500,core,Ours,0.4679999999998472
5.978952367392219,3,100,1000,5,2500,A1,HOSVD,0.32300000000032014
0.04029763192694158,3,100,1000,5,2500,A2,HOSVD,0.32300000000032014
0.6862592649506335,3,100,1000,5,2500,A3,HOSVD,0.32300000000032014
12.39837269639613,3,100,1000,5,2500,core,HOSVD,0.32300000000032014
6.01661210517093,3,100,1000,5,2500,A1,HOOI,0.6560000000004038
0.03296522780824873,3,100,1000,5,2500,A2,HOOI,0.6560000000004038
0.6806463474337492,3,100,1000,5,2500,A3,HOOI,0.6560000000004038
12.391241158974266,3,100,1000,5,2500,core,HOOI,0.6560000000004038
4.399042890931475,3,100,1000,5,2500,A1,Olga,0.36400000000003274
0.08596103561011596,3,100,1000,5,2500,A2,Olga,0.36400000000003274
1.51701392165095,3,100,1000,5,2500,A3,Tracy,0.36400000000003274
13.85737254864662,3,100,1000,5,2500,core,Tracy_Olga,0.36400000000003274
39.01295794753765,3,100,4978,5,2500,A1,NTD,177.85500000000002
4.854973343231476,3,100,4978,5,2500,A2,NTD,177.85500000000002
4975.073443928652,3,100,4978,5,2500,A3,NTD,177.85500000000002
9.661643727068235,3,100,4978,5,2500,core,NTD,177.85500000000002
6.183948399203083,3,100,4978,5,2500,A1,Ours,5.3539999999998145
0.03605214407231367,3,100,4978,5,2500,A2,Ours,5.3539999999998145
2.5993659225014603,3,100,4978,5,2500,A3,Ours,5.3539999999998145
12.770557631936809,3,100,4978,5,2500,core,Ours,5.3539999999998145
6.183948399203083,3,100,4978,5,2500,A1,HOSVD,1.3389999999999418
0.03605214407231367,3,100,4978,5,2500,A2,HOSVD,1.3389999999999418
2.5590188640454974,3,100,4978,5,2500,A3,HOSVD,1.3389999999999418
12.737743764437308,3,100,4978,5,2500,core,HOSVD,1.3389999999999418
6.06854609193362,3,100,4978,5,2500,A1,HOOI,4.611000000000331
0.03707860163261868,3,100,4978,5,2500,A2,HOOI,4.611000000000331
2.55172988198835,3,100,4978,5,2500,A3,HOOI,4.611000000000331
12.772406163388661,3,100,4978,5,2500,core,HOOI,4.611000000000331
6.328545603731791,3,100,4978,5,2500,A1,Olga,2.1529999999997926
0.20146638201309475,3,100,4978,5,2500,A2,Olga,2.1529999999997926
2.8456652262024025,3,100,4978,5,2500,A3,Tracy,2.1529999999997926
12.75618347265166,3,100,4978,5,2500,core,Tracy_Olga,2.1529999999997926
20.616943153403945,3,100,9926,5,2500,A1,NTD,353.17700000000013
4.614066233682067,3,100,9926,5,2500,A2,NTD,353.17700000000013
9923.095738641308,3,100,9926,5,2500,A3,NTD,353.17700000000013
11.746374850059224,3,100,9926,5,2500,core,NTD,353.17700000000013
8.07378220772826,3,100,9926,5,2500,A1,Ours,16.048999999999978
0.015216100715485476,3,100,9926,5,2500,A2,Ours,16.048999999999978
2.924476797978477,3,100,9926,5,2500,A3,Ours,16.048999999999978
10.743203785608873,3,100,9926,5,2500,core,Ours,16.048999999999978
8.07378220772826,3,100,9926,5,2500,A1,HOSVD,2.83600000000024
0.015216100715485476,3,100,9926,5,2500,A2,HOSVD,2.83600000000024
2.627681867495008,3,100,9926,5,2500,A3,HOSVD,2.83600000000024
12.90382912768017,3,100,9926,5,2500,core,HOSVD,2.83600000000024
8.082400432863082,3,100,9926,5,2500,A1,HOOI,15.221000000000004
0.0151990159860323,3,100,9926,5,2500,A2,HOOI,15.221000000000004
2.6292187958404885,3,100,9926,5,2500,A3,HOOI,15.221000000000004
12.911736496157394,3,100,9926,5,2500,core,HOOI,15.221000000000004
6.564795065166802,3,100,9926,5,2500,A1,Olga,6.502999999999702
0.28795142015701775,3,100,9926,5,2500,A2,Olga,6.502999999999702
2.865343371401076,3,100,9926,5,2500,A3,Tracy,6.502999999999702
12.902503691149432,3,100,9926,5,2500,core,Tracy_Olga,6.502999999999702
8.244626638623162,3,100,1000,5,5000,A1,NTD,31.46600000000035
1.8432092405025777,3,100,1000,5,5000,A2,NTD,31.46600000000035
997.000904327929,3,100,1000,5,5000,A3,NTD,31.46600000000035
12.462052359646282,3,100,1000,5,5000,core,NTD,31.46600000000035
3.9844026247208073,3,100,1000,5,5000,A1,Ours,0.41400000000021464
0.012373871245172374,3,100,1000,5,5000,A2,Ours,0.41400000000021464
0.3774108848624536,3,100,1000,5,5000,A3,Ours,0.41400000000021464
11.943607533239495,3,100,1000,5,5000,core,Ours,0.41400000000021464
3.9844026247208073,3,100,1000,5,5000,A1,HOSVD,0.31199999999989814
0.012373871245172374,3,100,1000,5,5000,A2,HOSVD,0.31199999999989814
0.3776761078109745,3,100,1000,5,5000,A3,HOSVD,0.31199999999989814
11.943185091848232,3,100,1000,5,5000,core,HOSVD,0.31199999999989814
3.9573183611280687,3,100,1000,5,5000,A1,HOOI,0.6179999999999382
0.015765221758714948,3,100,1000,5,5000,A2,HOOI,0.6179999999999382
0.36095684213644186,3,100,1000,5,5000,A3,HOOI,0.6179999999999382
11.94056404194904,3,100,1000,5,5000,core,HOOI,0.6179999999999382
3.2320284825705916,3,100,1000,5,5000,A1,Olga,0.3589999999999236
0.04881744535824459,3,100,1000,5,5000,A2,Olga,0.3589999999999236
1.4814323414651074,3,100,1000,5,5000,A3,Tracy,0.3589999999999236
13.430107547042876,3,100,1000,5,5000,core,Tracy_Olga,0.3589999999999236
4.635101561595047,3,100,4996,5,5000,A1,NTD,170.69000000000005
4.419082183758916,3,100,4996,5,5000,A2,NTD,170.69000000000005
4993.088068604427,3,100,4996,5,5000,A3,NTD,170.69000000000005
9.393935658929722,3,100,4996,5,5000,core,NTD,170.69000000000005
4.2536109741036405,3,100,4996,5,5000,A1,Ours,4.792000000000371
0.009834498129165679,3,100,4996,5,5000,A2,Ours,4.792000000000371
2.58057499772879,3,100,4996,5,5000,A3,Ours,4.792000000000371
12.923286911091992,3,100,4996,5,5000,core,Ours,4.792000000000371
4.2536109741036405,3,100,4996,5,5000,A1,HOSVD,1.31899999999996
0.009834498129165679,3,100,4996,5,5000,A2,HOSVD,1.31899999999996
2.572128535532659,3,100,4996,5,5000,A3,HOSVD,1.31899999999996
12.913784994361865,3,100,4996,5,5000,core,HOSVD,1.31899999999996
4.245508907776697,3,100,4996,5,5000,A1,HOOI,4.606999999999971
0.0075945413819621015,3,100,4996,5,5000,A2,HOOI,4.606999999999971
2.5716303778039786,3,100,4996,5,5000,A3,HOOI,4.606999999999971
12.90265845481845,3,100,4996,5,5000,core,HOOI,4.606999999999971
2.8950585516662226,3,100,4996,5,5000,A1,Olga,2.138999999999669
0.08777265222777017,3,100,4996,5,5000,A2,Olga,2.138999999999669
2.8148304088260754,3,100,4996,5,5000,A3,Tracy,2.138999999999669
12.932619098180112,3,100,4996,5,5000,core,Tracy_Olga,2.138999999999669
4.23151484350065,3,100,9961,5,5000,A1,NTD,358.8609999999999
1.4396029477432264,3,100,9961,5,5000,A2,NTD,358.8609999999999
9958.041688834363,3,100,9961,5,5000,A3,NTD,358.8609999999999
11.83502531388287,3,100,9961,5,5000,core,NTD,358.8609999999999
5.312360570298516,3,100,9961,5,5000,A1,Ours,17.449000000000524
0.03912546520464222,3,100,9961,5,5000,A2,Ours,17.449000000000524
2.656514483894027,3,100,9961,5,5000,A3,Ours,17.449000000000524
12.810982546761002,3,100,9961,5,5000,core,Ours,17.449000000000524
5.312360570298516,3,100,9961,5,5000,A1,HOSVD,3.081999999999425
0.03912546520464222,3,100,9961,5,5000,A2,HOSVD,3.081999999999425
2.6232843639305177,3,100,9961,5,5000,A3,HOSVD,3.081999999999425
12.739017743160245,3,100,9961,5,5000,core,HOSVD,3.081999999999425
5.299372682070663,3,100,9961,5,5000,A1,HOOI,14.657000000000153
0.0331874163030496,3,100,9961,5,5000,A2,HOOI,14.657000000000153
2.6243153214998385,3,100,9961,5,5000,A3,HOOI,14.657000000000153
12.74231574131137,3,100,9961,5,5000,core,HOOI,14.657000000000153
4.851604017622405,3,100,9961,5,5000,A1,Olga,6.32799999999952
0.1969766453491878,3,100,9961,5,5000,A2,Olga,6.32799999999952
2.8530730903995982,3,100,9961,5,5000,A3,Tracy,6.32799999999952
12.816604673374249,3,100,9961,5,5000,core,Tracy_Olga,6.32799999999952
5.0114026176240305,3,100,1000,5,6000,A1,NTD,32.108000000000175
0.49658591227518656,3,100,1000,5,6000,A2,NTD,32.108000000000175
997.0001911023509,3,100,1000,5,6000,A3,NTD,32.108000000000175
10.15313590793777,3,100,1000,5,6000,core,NTD,32.108000000000175
3.4169818850779556,3,100,1000,5,6000,A1,Ours,0.41600000000016735
0.013326466624955511,3,100,1000,5,6000,A2,Ours,0.41600000000016735
0.18232549673374374,3,100,1000,5,6000,A3,Ours,0.41600000000016735
11.51836060115013,3,100,1000,5,6000,core,Ours,0.41600000000016735
3.4169818850779556,3,100,1000,5,6000,A1,HOSVD,0.3149999999995998
0.013326466624955511,3,100,1000,5,6000,A2,HOSVD,0.3149999999995998
0.18184925520128153,3,100,1000,5,6000,A3,HOSVD,0.3149999999995998
11.517099796939648,3,100,1000,5,6000,core,HOSVD,0.3149999999995998
3.416921045896231,3,100,1000,5,6000,A1,HOOI,0.7590000000000146
0.011459810678296926,3,100,1000,5,6000,A2,HOOI,0.7590000000000146
0.1881708563662051,3,100,1000,5,6000,A3,HOOI,0.7590000000000146
11.527280171446074,3,100,1000,5,6000,core,HOOI,0.7590000000000146
3.8370539855295194,3,100,1000,5,6000,A1,Olga,0.4149999999999636
0.05633766636961369,3,100,1000,5,6000,A2,Olga,0.4149999999999636
1.3955577432612254,3,100,1000,5,6000,A3,Tracy,0.4149999999999636
11.622602012535573,3,100,1000,5,6000,core,Tracy_Olga,0.4149999999999636
5.414017083783383,3,100,4996,5,6000,A1,NTD,176.48399999999947
4.487415932332678,3,100,4996,5,6000,A2,NTD,176.48399999999947
4993.023625905603,3,100,4996,5,6000,A3,NTD,176.48399999999947
10.31139950242195,3,100,4996,5,6000,core,NTD,176.48399999999947
3.4913238151378883,3,100,4996,5,6000,A1,Ours,5.3549999999995634
0.04270057358512356,3,100,4996,5,6000,A2,Ours,5.3549999999995634
2.5743514361098856,3,100,4996,5,6000,A3,Ours,5.3549999999995634
12.917497885952757,3,100,4996,5,6000,core,Ours,5.3549999999995634
3.4913238151378883,3,100,4996,5,6000,A1,HOSVD,1.36200000000008
0.04270057358512356,3,100,4996,5,6000,A2,HOSVD,1.36200000000008
2.568032603227685,3,100,4996,5,6000,A3,HOSVD,1.36200000000008
12.910054366595016,3,100,4996,5,6000,core,HOSVD,1.36200000000008
3.490048759759875,3,100,4996,5,6000,A1,HOOI,4.362999999999374
0.02351591862314292,3,100,4996,5,6000,A2,HOOI,4.362999999999374
2.567862594563348,3,100,4996,5,6000,A3,HOOI,4.362999999999374
12.913045330692286,3,100,4996,5,6000,core,HOOI,4.362999999999374
2.655193946861659,3,100,4996,5,6000,A1,Olga,2.1530000000002474
0.12435660518948452,3,100,4996,5,6000,A2,Olga,2.1530000000002474
2.8290655334836634,3,100,4996,5,6000,A3,Tracy,2.1530000000002474
12.882057261557962,3,100,4996,5,6000,core,Tracy_Olga,2.1530000000002474
9.460693420864425,3,100,9969,5,6000,A1,NTD,371.3209999999999
0.034035115793187604,3,100,9969,5,6000,A2,NTD,371.3209999999999
9966.101719050566,3,100,9969,5,6000,A3,NTD,371.3209999999999
9.172949419916396,3,100,9969,5,6000,core,NTD,371.3209999999999
3.7722492339328157,3,100,9969,5,6000,A1,Ours,17.233000000000175
0.01270985757395671,3,100,9969,5,6000,A2,Ours,17.233000000000175
2.627463549938599,3,100,9969,5,6000,A3,Ours,17.233000000000175
12.774254457597008,3,100,9969,5,6000,core,Ours,17.233000000000175
3.7722492339328157,3,100,9969,5,6000,A1,HOSVD,3.2049999999999272
0.01270985757395671,3,100,9969,5,6000,A2,HOSVD,3.2049999999999272
2.6039846850114343,3,100,9969,5,6000,A3,HOSVD,3.2049999999999272
12.726646621309742,3,100,9969,5,6000,core,HOSVD,3.2049999999999272
3.777025569876591,3,100,9969,5,6000,A1,HOOI,14.854999999999563
0.008700059242097019,3,100,9969,5,6000,A2,HOOI,14.854999999999563
2.6058679936479203,3,100,9969,5,6000,A3,HOOI,14.854999999999563
12.749461998959399,3,100,9969,5,6000,core,HOOI,14.854999999999563
2.895802938695898,3,100,9969,5,6000,A1,Olga,6.274000000000342
0.20990522808974235,3,100,9969,5,6000,A2,Olga,6.274000000000342
2.8505516942122187,3,100,9969,5,6000,A3,Tracy,6.274000000000342
12.868099179274457,3,100,9969,5,6000,core,Tracy_Olga,6.274000000000342
6.2905582973109455,3,100,1000,5,7000,A1,NTD,31.902000000000044
1.504779458417612,3,100,1000,5,7000,A2,NTD,31.902000000000044
997.0000798452046,3,100,1000,5,7000,A3,NTD,31.902000000000044
11.624210301425025,3,100,1000,5,7000,core,NTD,31.902000000000044
3.28016400865737,3,100,1000,5,7000,A1,Ours,0.4830000000001746
0.034162092199994054,3,100,1000,5,7000,A2,Ours,0.4830000000001746
0.6176146734969061,3,100,1000,5,7000,A3,Ours,0.4830000000001746
11.525200474531738,3,100,1000,5,7000,core,Ours,0.4830000000001746
3.28016400865737,3,100,1000,5,7000,A1,HOSVD,0.375
0.034162092199994054,3,100,1000,5,7000,A2,HOSVD,0.375
0.6175139639705065,3,100,1000,5,7000,A3,HOSVD,0.375
11.52485960030795,3,100,1000,5,7000,core,HOSVD,0.375
3.299407620962682,3,100,1000,5,7000,A1,HOOI,0.6749999999992724
0.032384158149784834,3,100,1000,5,7000,A2,HOOI,0.6749999999992724
0.7341129336700509,3,100,1000,5,7000,A3,HOOI,0.6749999999992724
11.509719438695724,3,100,1000,5,7000,core,HOOI,0.6749999999992724
2.1940886280983762,3,100,1000,5,7000,A1,Olga,0.36899999999968713
0.02822066492425452,3,100,1000,5,7000,A2,Olga,0.36899999999968713
1.6619363719333697,3,100,1000,5,7000,A3,Tracy,0.36899999999968713
12.992795175228736,3,100,1000,5,7000,core,Tracy_Olga,0.36899999999968713
5.096023029041986,3,100,4995,5,7000,A1,NTD,171.3150000000005
0.09495277066938025,3,100,4995,5,7000,A2,NTD,171.3150000000005
4992.032909832146,3,100,4995,5,7000,A3,NTD,171.3150000000005
12.212504694938398,3,100,4995,5,7000,core,NTD,171.3150000000005
3.3573973105633366,3,100,4995,5,7000,A1,Ours,5.070999999999913
0.03372549977342422,3,100,4995,5,7000,A2,Ours,5.070999999999913
2.5791305965568174,3,100,4995,5,7000,A3,Ours,5.070999999999913
12.87303614111692,3,100,4995,5,7000,core,Ours,5.070999999999913
3.3573973105633366,3,100,4995,5,7000,A1,HOSVD,1.293999999999869
0.03372549977342422,3,100,4995,5,7000,A2,HOSVD,1.293999999999869
2.574837640327671,3,100,4995,5,7000,A3,HOSVD,1.293999999999869
12.8685618789572,3,100,4995,5,7000,core,HOSVD,1.293999999999869
3.361064178740192,3,100,4995,5,7000,A1,HOOI,4.791000000000167
0.04079092396057316,3,100,4995,5,7000,A2,HOOI,4.791000000000167
2.5765489521538014,3,100,4995,5,7000,A3,HOOI,4.791000000000167
12.872584275408474,3,100,4995,5,7000,core,HOOI,4.791000000000167
2.3880743361504324,3,100,4995,5,7000,A1,Olga,2.162000000000262
0.09859431885213275,3,100,4995,5,7000,A2,Olga,2.162000000000262
2.813200914838871,3,100,4995,5,7000,A3,Tracy,2.162000000000262
12.919014956141913,3,100,4995,5,7000,core,Tracy_Olga,2.162000000000262
4.512382059381175,3,100,9976,5,7000,A1,NTD,364.5050000000001
1.5692969548782274,3,100,9976,5,7000,A2,NTD,364.5050000000001
9973.046850606175,3,100,9976,5,7000,A3,NTD,364.5050000000001
10.14692020887058,3,100,9976,5,7000,core,NTD,364.5050000000001
3.9683407567439497,3,100,9976,5,7000,A1,Ours,17.337000000000444
0.023223358697715458,3,100,9976,5,7000,A2,Ours,17.337000000000444
2.6102360386135217,3,100,9976,5,7000,A3,Ours,17.337000000000444
12.868042678755081,3,100,9976,5,7000,core,Ours,17.337000000000444
3.9683407567439497,3,100,9976,5,7000,A1,HOSVD,3.0460000000002765
0.023223358697715458,3,100,9976,5,7000,A2,HOSVD,3.0460000000002765
2.5906379868178697,3,100,9976,5,7000,A3,HOSVD,3.0460000000002765
12.849404531353606,3,100,9976,5,7000,core,HOSVD,3.0460000000002765
3.985954511727784,3,100,9976,5,7000,A1,HOOI,15.266999999999825
0.023914166034008595,3,100,9976,5,7000,A2,HOOI,15.266999999999825
2.59500841966506,3,100,9976,5,7000,A3,HOOI,15.266999999999825
12.861481695493582,3,100,9976,5,7000,core,HOOI,15.266999999999825
2.4713083798834488,3,100,9976,5,7000,A1,Olga,6.298999999999978
0.16515434797082654,3,100,9976,5,7000,A2,Olga,6.298999999999978
2.860359341391261,3,100,9976,5,7000,A3,Tracy,6.298999999999978
12.949064354799402,3,100,9976,5,7000,core,Tracy_Olga,6.298999999999978
9.65612879151586,3,100,1000,5,8000,A1,NTD,31.430999999999585
4.059574657798206,3,100,1000,5,8000,A2,NTD,31.430999999999585
997.0000081632512,3,100,1000,5,8000,A3,NTD,31.430999999999585
10.55702583502341,3,100,1000,5,8000,core,NTD,31.430999999999585
3.0690222517289127,3,100,1000,5,8000,A1,Ours,0.4539999999997235
0.014257396173074031,3,100,1000,5,8000,A2,Ours,0.4539999999997235
0.20263345616346465,3,100,1000,5,8000,A3,Ours,0.4539999999997235
11.435162432933836,3,100,1000,5,8000,core,Ours,0.4539999999997235
3.0690222517289127,3,100,1000,5,8000,A1,HOSVD,0.38100000000031287
0.014257396173074031,3,100,1000,5,8000,A2,HOSVD,0.38100000000031287
0.20253544343685334,3,100,1000,5,8000,A3,HOSVD,0.38100000000031287
11.434926544741902,3,100,1000,5,8000,core,HOSVD,0.38100000000031287
3.062780865150381,3,100,1000,5,8000,A1,HOOI,0.7529999999997017
0.014630606888964781,3,100,1000,5,8000,A2,HOOI,0.7529999999997017
0.1959993565377356,3,100,1000,5,8000,A3,HOOI,0.7529999999997017
11.440511462088304,3,100,1000,5,8000,core,HOOI,0.7529999999997017
2.592433345287214,3,100,1000,5,8000,A1,Olga,0.3680000000003929
0.03043585125858845,3,100,1000,5,8000,A2,Olga,0.3680000000003929
1.4491141241251795,3,100,1000,5,8000,A3,Tracy,0.3680000000003929
11.455597038833991,3,100,1000,5,8000,core,Tracy_Olga,0.3680000000003929
6.117274065748463,3,100,4999,5,8000,A1,NTD,169.933
0.11046583157072316,3,100,4999,5,8000,A2,NTD,169.933
4996.154386389015,3,100,4999,5,8000,A3,NTD,169.933
9.486671135445626,3,100,4999,5,8000,core,NTD,169.933
2.561085583867502,3,100,4999,5,8000,A1,Ours,5.069999999999709
0.01287679660301425,3,100,4999,5,8000,A2,Ours,5.069999999999709
2.554646650412766,3,100,4999,5,8000,A3,Ours,5.069999999999709
12.812245040428275,3,100,4999,5,8000,core,Ours,5.069999999999709
2.561085583867502,3,100,4999,5,8000,A1,HOSVD,1.2460000000000946
0.01287679660301425,3,100,4999,5,8000,A2,HOSVD,1.2460000000000946
2.5515845587693557,3,100,4999,5,8000,A3,HOSVD,1.2460000000000946
12.795245875342257,3,100,4999,5,8000,core,HOSVD,1.2460000000000946
2.5698772461933106,3,100,4999,5,8000,A1,HOOI,4.655000000000655
0.011867211260173365,3,100,4999,5,8000,A2,HOOI,4.655000000000655
2.546268349203184,3,100,4999,5,8000,A3,HOOI,4.655000000000655
12.824252608414737,3,100,4999,5,8000,core,HOOI,4.655000000000655
2.420930568856954,3,100,4999,5,8000,A1,Olga,2.1770000000005894
0.1200828262983766,3,100,4999,5,8000,A2,Olga,2.1770000000005894
2.8809885041334296,3,100,4999,5,8000,A3,Tracy,2.1770000000005894
14.323936324847526,3,100,4999,5,8000,core,Tracy_Olga,2.1770000000005894
4.448978476125417,3,100,9976,5,8000,A1,NTD,355.5479999999998
4.618000489620184,3,100,9976,5,8000,A2,NTD,355.5479999999998
9973.166721225409,3,100,9976,5,8000,A3,NTD,355.5479999999998
11.195951409450469,3,100,9976,5,8000,core,NTD,355.5479999999998
3.7905766627341744,3,100,9976,5,8000,A1,Ours,16.52299999999923
0.010839617617139523,3,100,9976,5,8000,A2,Ours,16.52299999999923
2.632209368326088,3,100,9976,5,8000,A3,Ours,16.52299999999923
12.937356745577528,3,100,9976,5,8000,core,Ours,16.52299999999923
3.7905766627341744,3,100,9976,5,8000,A1,HOSVD,2.980000000000473
0.010839617617139523,3,100,9976,5,8000,A2,HOSVD,2.980000000000473
2.619277942142174,3,100,9976,5,8000,A3,HOSVD,2.980000000000473
12.921797925923423,3,100,9976,5,8000,core,HOSVD,2.980000000000473
3.8092424874115864,3,100,9976,5,8000,A1,HOOI,14.949999999999818
0.013307097191711054,3,100,9976,5,8000,A2,HOOI,14.949999999999818
2.6197972387682524,3,100,9976,5,8000,A3,HOOI,14.949999999999818
12.922049945851663,3,100,9976,5,8000,core,HOOI,14.949999999999818
2.5398403900468067,3,100,9976,5,8000,A1,Olga,6.162999999999556
0.14322671610165116,3,100,9976,5,8000,A2,Olga,6.162999999999556
2.8458740223353884,3,100,9976,5,8000,A3,Tracy,6.162999999999556
12.908278002008577,3,100,9976,5,8000,core,Tracy_Olga,6.162999999999556
14.620502792067079,3,100,1000,5,9000,A1,NTD,30.742999999999483
2.7253054294688486,3,100,1000,5,9000,A2,NTD,30.742999999999483
997.0000679676687,3,100,1000,5,9000,A3,NTD,30.742999999999483
11.658456033042928,3,100,1000,5,9000,core,NTD,30.742999999999483
3.197969326464059,3,100,1000,5,9000,A1,Ours,0.3919999999998254
0.013102601149763506,3,100,1000,5,9000,A2,Ours,0.3919999999998254
0.09638411449651775,3,100,1000,5,9000,A3,Ours,0.3919999999998254
11.474808317705312,3,100,1000,5,9000,core,Ours,0.3919999999998254
3.197969326464059,3,100,1000,5,9000,A1,HOSVD,0.3220000000001164
0.013102601149763506,3,100,1000,5,9000,A2,HOSVD,0.3220000000001164
0.0963929148560722,3,100,1000,5,9000,A3,HOSVD,0.3220000000001164
11.474807397706652,3,100,1000,5,9000,core,HOSVD,0.3220000000001164
3.179095676669188,3,100,1000,5,9000,A1,HOOI,0.6240000000007058
0.012856577614170474,3,100,1000,5,9000,A2,HOOI,0.6240000000007058
0.09640641919638834,3,100,1000,5,9000,A3,HOOI,0.6240000000007058
11.474820682563816,3,100,1000,5,9000,core,HOOI,0.6240000000007058
1.8335531157553937,3,100,1000,5,9000,A1,Olga,0.36599999999998545
0.02878195312747598,3,100,1000,5,9000,A2,Olga,0.36599999999998545
1.3944705400631827,3,100,1000,5,9000,A3,Tracy,0.36599999999998545
11.518371113327813,3,100,1000,5,9000,core,Tracy_Olga,0.36599999999998545
4.930100246887273,3,100,4997,5,9000,A1,NTD,169.83400000000074
0.40850593333537877,3,100,4997,5,9000,A2,NTD,169.83400000000074
4994.06230389766,3,100,4997,5,9000,A3,NTD,169.83400000000074
11.932671711780841,3,100,4997,5,9000,core,NTD,169.83400000000074
2.3443378526543617,3,100,4997,5,9000,A1,Ours,5.054000000000087
0.019756747706026277,3,100,4997,5,9000,A2,Ours,5.054000000000087
2.5483349599666334,3,100,4997,5,9000,A3,Ours,5.054000000000087
12.448975453291425,3,100,4997,5,9000,core,Ours,5.054000000000087
2.3443378526543617,3,100,4997,5,9000,A1,HOSVD,1.2960000000002765
0.019756747706026277,3,100,4997,5,9000,A2,HOSVD,1.2960000000002765
2.545049296605669,3,100,4997,5,9000,A3,HOSVD,1.2960000000002765
12.445738900082736,3,100,4997,5,9000,core,HOSVD,1.2960000000002765
2.3589389587627245,3,100,4997,5,9000,A1,HOOI,4.391000000000531
0.02214061040942312,3,100,4997,5,9000,A2,HOOI,4.391000000000531
2.545353361540912,3,100,4997,5,9000,A3,HOOI,4.391000000000531
12.437748592907957,3,100,4997,5,9000,core,HOOI,4.391000000000531
2.1011430094088355,3,100,4997,5,9000,A1,Olga,2.0469999999995707
0.07334773782980192,3,100,4997,5,9000,A2,Olga,2.0469999999995707
2.8742796816117155,3,100,4997,5,9000,A3,Tracy,2.0469999999995707
13.526785450373117,3,100,4997,5,9000,core,Tracy_Olga,2.0469999999995707
5.114999011071064,3,100,9980,5,9000,A1,NTD,356.15400000000045
0.04175079131318581,3,100,9980,5,9000,A2,NTD,356.15400000000045
9977.032247335424,3,100,9980,5,9000,A3,NTD,356.15400000000045
10.312618385734982,3,100,9980,5,9000,core,NTD,356.15400000000045
3.292024733457837,3,100,9980,5,9000,A1,Ours,15.77100000000064
0.022091641053565435,3,100,9980,5,9000,A2,Ours,15.77100000000064
2.6255276295024115,3,100,9980,5,9000,A3,Ours,15.77100000000064
12.828226888225023,3,100,9980,5,9000,core,Ours,15.77100000000064
3.292024733457837,3,100,9980,5,9000,A1,HOSVD,2.917000000000371
0.022091641053565435,3,100,9980,5,9000,A2,HOSVD,2.917000000000371
2.6153753483652604,3,100,9980,5,9000,A3,HOSVD,2.917000000000371
12.80755930372372,3,100,9980,5,9000,core,HOSVD,2.917000000000371
3.295816455181931,3,100,9980,5,9000,A1,HOOI,14.855999999999767
0.02489417822391311,3,100,9980,5,9000,A2,HOOI,14.855999999999767
2.616181505496808,3,100,9980,5,9000,A3,HOOI,14.855999999999767
12.811010957138933,3,100,9980,5,9000,core,HOOI,14.855999999999767
2.895474850831348,3,100,9980,5,9000,A1,Olga,6.426000000000386
0.15720404975436508,3,100,9980,5,9000,A2,Olga,6.426000000000386
2.846649257121112,3,100,9980,5,9000,A3,Tracy,6.426000000000386
12.855552365883943,3,100,9980,5,9000,core,Tracy_Olga,6.426000000000386
4.990919154624319,3,100,1000,5,10000,A1,NTD,30.8779999999997
2.4295623305935803,3,100,1000,5,10000,A2,NTD,30.8779999999997
997.4189497752267,3,100,1000,5,10000,A3,NTD,30.8779999999997
11.14902362600841,3,100,1000,5,10000,core,NTD,30.8779999999997
2.8076225459489734,3,100,1000,5,10000,A1,Ours,0.4249999999992724
0.006093567248860816,3,100,1000,5,10000,A2,Ours,0.4249999999992724
0.4039451354530371,3,100,1000,5,10000,A3,Ours,0.4249999999992724
11.578949839789157,3,100,1000,5,10000,core,Ours,0.4249999999992724
2.8076225459489734,3,100,1000,5,10000,A1,HOSVD,0.3140000000003056
0.006093567248860816,3,100,1000,5,10000,A2,HOSVD,0.3140000000003056
0.4038382781540028,3,100,1000,5,10000,A3,HOSVD,0.3140000000003056
11.578974464847594,3,100,1000,5,10000,core,HOSVD,0.3140000000003056
2.809583042539834,3,100,1000,5,10000,A1,HOOI,0.6610000000000582
0.009031774517504932,3,100,1000,5,10000,A2,HOOI,0.6610000000000582
0.42524168494602416,3,100,1000,5,10000,A3,HOOI,0.6610000000000582
11.66628253905999,3,100,1000,5,10000,core,HOOI,0.6610000000000582
1.9872877205038832,3,100,1000,5,10000,A1,Olga,0.3969999999999345
0.023857419464500224,3,100,1000,5,10000,A2,Olga,0.3969999999999345
1.5082499622539935,3,100,1000,5,10000,A3,Tracy,0.3969999999999345
11.604382020046064,3,100,1000,5,10000,core,Tracy_Olga,0.3969999999999345
4.596832122052476,3,100,4996,5,10000,A1,NTD,171.20399999999972
1.2253702322703952,3,100,4996,5,10000,A2,NTD,171.20399999999972
4993.024330805686,3,100,4996,5,10000,A3,NTD,171.20399999999972
11.363045974147463,3,100,4996,5,10000,core,NTD,171.20399999999972
2.4660227662435,3,100,4996,5,10000,A1,Ours,4.572000000000116
0.013593486029751448,3,100,4996,5,10000,A2,Ours,4.572000000000116
2.547798017728159,3,100,4996,5,10000,A3,Ours,4.572000000000116
12.817759869270143,3,100,4996,5,10000,core,Ours,4.572000000000116
2.4660227662435,3,100,4996,5,10000,A1,HOSVD,1.3059999999995853
0.013593486029751448,3,100,4996,5,10000,A2,HOSVD,1.3059999999995853
2.5452285581158556,3,100,4996,5,10000,A3,HOSVD,1.3059999999995853
12.815155016448244,3,100,4996,5,10000,core,HOSVD,1.3059999999995853
2.4650890407874586,3,100,4996,5,10000,A1,HOOI,4.481999999999971
0.013667639876420055,3,100,4996,5,10000,A2,HOOI,4.481999999999971
2.544898857895654,3,100,4996,5,10000,A3,HOOI,4.481999999999971
12.812305535323024,3,100,4996,5,10000,core,HOOI,4.481999999999971
1.9242479369529495,3,100,4996,5,10000,A1,Olga,2.256999999999607
0.06779319008809873,3,100,4996,5,10000,A2,Olga,2.256999999999607
2.8449552278986867,3,100,4996,5,10000,A3,Tracy,2.256999999999607
12.808484717817228,3,100,4996,5,10000,core,Tracy_Olga,2.256999999999607
11.20691072453385,3,100,9983,5,10000,A1,NTD,361.7449999999999
1.2196921453274063,3,100,9983,5,10000,A2,NTD,361.7449999999999
9980.106341215425,3,100,9983,5,10000,A3,NTD,361.7449999999999
9.402468780224288,3,100,9983,5,10000,core,NTD,361.7449999999999
2.8860622107468004,3,100,9983,5,10000,A1,Ours,16.929000000000087
0.021756477877254352,3,100,9983,5,10000,A2,Ours,16.929000000000087
2.609278689104517,3,100,9983,5,10000,A3,Ours,16.929000000000087
12.829590141565564,3,100,9983,5,10000,core,Ours,16.929000000000087
2.8860622107468004,3,100,9983,5,10000,A1,HOSVD,2.956999999999425
0.021756477877254352,3,100,9983,5,10000,A2,HOSVD,2.956999999999425
2.601036985782087,3,100,9983,5,10000,A3,HOSVD,2.956999999999425
12.813036502734139,3,100,9983,5,10000,core,HOSVD,2.956999999999425
2.903926510207022,3,100,9983,5,10000,A1,HOOI,14.94799999999941
0.021580118664620757,3,100,9983,5,10000,A2,HOOI,14.94799999999941
2.6026861875294474,3,100,9983,5,10000,A3,HOOI,14.94799999999941
12.824740429363905,3,100,9983,5,10000,core,HOOI,14.94799999999941
2.229289612129984,3,100,9983,5,10000,A1,Olga,6.322000000000116
0.14181043353415487,3,100,9983,5,10000,A2,Olga,6.322000000000116
2.8343316164527708,3,100,9983,5,10000,A3,Tracy,6.322000000000116
12.890841645722812,3,100,9983,5,10000,core,Tracy_Olga,6.322000000000116
