error,K,Q1,R,Q2,M,mode,method,time
61.73997311575731,3,100,986,5,100,A1,NTD,43.954
4.000024497269663,3,100,986,5,100,A2,NTD,43.954
983.1954314178263,3,100,986,5,100,A3,NTD,43.954
11.007576534588972,3,100,986,5,100,core,NTD,43.954
23.54453301589071,3,100,986,5,100,A1,Ours,6.519999999999996
0.09347880178925483,3,100,986,5,100,A2,Ours,6.519999999999996
4.760641802420474,3,100,986,5,100,A3,Ours,6.519999999999996
10.62507288576372,3,100,986,5,100,core,Ours,6.519999999999996
23.54453301589071,3,100,986,5,100,A1,HOSVD,6.337999999999994
0.09347880178925483,3,100,986,5,100,A2,HOSVD,6.337999999999994
2.508166070753909,3,100,986,5,100,A3,HOSVD,6.337999999999994
11.608799531204076,3,100,986,5,100,core,HOSVD,6.337999999999994
23.254176853956633,3,100,986,5,100,A1,HOOI,3.785000000000011
0.06228109925438482,3,100,986,5,100,A2,HOOI,3.785000000000011
2.534382051562942,3,100,986,5,100,A3,HOOI,3.785000000000011
11.792935674808025,3,100,986,5,100,core,HOOI,3.785000000000011
31.69149590113844,3,100,986,5,100,A1,Olga,1.3530000000000086
4.580054063773829,3,100,986,5,100,A2,Olga,1.3530000000000086
2.91224211501097,3,100,986,5,100,A3,Tracy,1.3530000000000086
10.315783163899175,3,100,986,5,100,core,Tracy_Olga,1.3530000000000086
83.28538845587948,3,100,4538,5,100,A1,NTD,167.03300000000002
4.149197864069661,3,100,4538,5,100,A2,NTD,167.03300000000002
4535.426714258555,3,100,4538,5,100,A3,NTD,167.03300000000002
12.23223535941506,3,100,4538,5,100,core,NTD,167.03300000000002
26.426364333394066,3,100,4538,5,100,A1,Ours,13.193000000000012
0.115401098945591,3,100,4538,5,100,A2,Ours,13.193000000000012
5.0954333236724745,3,100,4538,5,100,A3,Ours,13.193000000000012
10.556118484427822,3,100,4538,5,100,core,Ours,13.193000000000012
26.426364333394066,3,100,4538,5,100,A1,HOSVD,18.12100000000001
0.115401098945591,3,100,4538,5,100,A2,HOSVD,18.12100000000001
2.6310901771532125,3,100,4538,5,100,A3,HOSVD,18.12100000000001
10.55222213866538,3,100,4538,5,100,core,HOSVD,18.12100000000001
25.897430960096326,3,100,4538,5,100,A1,HOOI,17.639999999999986
0.0434113349646469,3,100,4538,5,100,A2,HOOI,17.639999999999986
3.763715013579013,3,100,4538,5,100,A3,HOOI,17.639999999999986
11.996132519344048,3,100,4538,5,100,core,HOOI,17.639999999999986
88.10512937834014,3,100,4538,5,100,A1,Olga,7.157999999999959
4.533791913619978,3,100,4538,5,100,A2,Olga,7.157999999999959
3.0838647206757637,3,100,4538,5,100,A3,Tracy,7.157999999999959
9.489097576497052,3,100,4538,5,100,core,Tracy_Olga,7.157999999999959
119.82687227050971,3,100,8242,5,100,A1,NTD,280.67400000000004
2.1492371572752096,3,100,8242,5,100,A2,NTD,280.67400000000004
8239.579767950778,3,100,8242,5,100,A3,NTD,280.67400000000004
12.28665816036187,3,100,8242,5,100,core,NTD,280.67400000000004
23.705037578431664,3,100,8242,5,100,A1,Ours,34.36800000000005
0.1052323104485639,3,100,8242,5,100,A2,Ours,34.36800000000005
5.3484776741152205,3,100,8242,5,100,A3,Ours,34.36800000000005
10.64325879498015,3,100,8242,5,100,core,Ours,34.36800000000005
23.705037578431664,3,100,8242,5,100,A1,HOSVD,18.87799999999993
0.1052323104485639,3,100,8242,5,100,A2,HOSVD,18.87799999999993
3.9902590820881496,3,100,8242,5,100,A3,HOSVD,18.87799999999993
10.850206670213037,3,100,8242,5,100,core,HOSVD,18.87799999999993
70.48656693839148,3,100,8242,5,100,A1,Olga,5.106999999999971
3.9544627721468033,3,100,8242,5,100,A2,Olga,5.106999999999971
4.440297335146009,3,100,8242,5,100,A3,Tracy,5.106999999999971
10.963404707874728,3,100,8242,5,100,core,Tracy_Olga,5.106999999999971
3.6367360167936007,3,100,997,5,500,A1,NTD,29.005999999999972
0.6840594267833552,3,100,997,5,500,A2,NTD,29.005999999999972
994.0382359594877,3,100,997,5,500,A3,NTD,29.005999999999972
11.263938003184204,3,100,997,5,500,core,NTD,29.005999999999972
10.074236590240496,3,100,997,5,500,A1,Ours,2.0410000000000537
0.022511454609112372,3,100,997,5,500,A2,Ours,2.0410000000000537
2.519660099687238,3,100,997,5,500,A3,Ours,2.0410000000000537
7.356249468408858,3,100,997,5,500,core,Ours,2.0410000000000537
10.074236590240496,3,100,997,5,500,A1,HOSVD,1.3949999999999818
0.022511454609112372,3,100,997,5,500,A2,HOSVD,1.3949999999999818
2.4898668510546007,3,100,997,5,500,A3,HOSVD,1.3949999999999818
7.363239376902962,3,100,997,5,500,core,HOSVD,1.3949999999999818
8.752202062960928,3,100,997,5,500,A1,HOOI,2.283999999999992
0.027088297964416884,3,100,997,5,500,A2,HOOI,2.283999999999992
2.5092779045278304,3,100,997,5,500,A3,HOOI,2.283999999999992
11.483599998513242,3,100,997,5,500,core,HOOI,2.283999999999992
9.472889845588703,3,100,997,5,500,A1,Olga,0.6129999999999427
0.06571162604886799,3,100,997,5,500,A2,Olga,0.6129999999999427
2.9264890823654284,3,100,997,5,500,A3,Tracy,0.6129999999999427
11.087050156836225,3,100,997,5,500,core,Tracy_Olga,0.6129999999999427
8.563005428823725,3,100,4922,5,500,A1,NTD,156.88400000000001
1.8508313857082095,3,100,4922,5,500,A2,NTD,156.88400000000001
4919.163529960969,3,100,4922,5,500,A3,NTD,156.88400000000001
8.24199185058972,3,100,4922,5,500,core,NTD,156.88400000000001
8.154959118493382,3,100,4922,5,500,A1,Ours,9.730999999999995
0.011848272134110919,3,100,4922,5,500,A2,Ours,9.730999999999995
5.098352428444198,3,100,4922,5,500,A3,Ours,9.730999999999995
12.788708733588818,3,100,4922,5,500,core,Ours,9.730999999999995
8.154959118493382,3,100,4922,5,500,A1,HOSVD,10.875
0.011848272134110919,3,100,4922,5,500,A2,HOSVD,10.875
2.46205606451073,3,100,4922,5,500,A3,HOSVD,10.875
11.43508036508797,3,100,4922,5,500,core,HOSVD,10.875
8.317572982638122,3,100,4922,5,500,A1,HOOI,10.801000000000045
0.017225185594957636,3,100,4922,5,500,A2,HOOI,10.801000000000045
2.4795022884037623,3,100,4922,5,500,A3,HOOI,10.801000000000045
11.654806342256657,3,100,4922,5,500,core,HOOI,10.801000000000045
14.981612538554437,3,100,4922,5,500,A1,Olga,3.757000000000062
4.285019406940451,3,100,4922,5,500,A2,Olga,3.757000000000062
2.914797194197891,3,100,4922,5,500,A3,Tracy,3.757000000000062
9.900604663122087,3,100,4922,5,500,core,Tracy_Olga,3.757000000000062
33.64442014332844,3,100,9616,5,500,A1,NTD,315.25300000000004
4.149241646349031,3,100,9616,5,500,A2,NTD,315.25300000000004
9613.229040890223,3,100,9616,5,500,A3,NTD,315.25300000000004
9.830695065309706,3,100,9616,5,500,core,NTD,315.25300000000004
10.42008603479836,3,100,9616,5,500,A1,Ours,14.576999999999998
0.034325592681199085,3,100,9616,5,500,A2,Ours,14.576999999999998
5.373487521698266,3,100,9616,5,500,A3,Ours,14.576999999999998
9.936309620603856,3,100,9616,5,500,core,Ours,14.576999999999998
10.42008603479836,3,100,9616,5,500,A1,HOSVD,4.216000000000122
0.034325592681199085,3,100,9616,5,500,A2,HOSVD,4.216000000000122
2.545307917178424,3,100,9616,5,500,A3,HOSVD,4.216000000000122
7.770538905694268,3,100,9616,5,500,core,HOSVD,4.216000000000122
10.499892444942574,3,100,9616,5,500,A1,HOOI,10.177000000000135
0.031683619645180246,3,100,9616,5,500,A2,HOOI,10.177000000000135
2.5589001041777792,3,100,9616,5,500,A3,HOOI,10.177000000000135
7.650334620647223,3,100,9616,5,500,core,HOOI,10.177000000000135
27.523453408644986,3,100,9616,5,500,A1,Olga,10.896999999999935
4.282041543524352,3,100,9616,5,500,A2,Olga,10.896999999999935
4.373974241387997,3,100,9616,5,500,A3,Tracy,10.896999999999935
9.638856821117225,3,100,9616,5,500,core,Tracy_Olga,10.896999999999935
2.6745557450856956,3,100,999,5,1000,A1,NTD,28.687000000000126
1.0444235214979618,3,100,999,5,1000,A2,NTD,28.687000000000126
996.0432206566687,3,100,999,5,1000,A3,NTD,28.687000000000126
7.796880168143574,3,100,999,5,1000,core,NTD,28.687000000000126
8.251505834535564,3,100,999,5,1000,A1,Ours,2.213999999999942
0.033972936453975734,3,100,999,5,1000,A2,Ours,2.213999999999942
2.503385553435251,3,100,999,5,1000,A3,Ours,2.213999999999942
8.007709231774538,3,100,999,5,1000,core,Ours,2.213999999999942
8.251505834535564,3,100,999,5,1000,A1,HOSVD,2.6289999999999054
0.033972936453975734,3,100,999,5,1000,A2,HOSVD,2.6289999999999054
2.4947143056389853,3,100,999,5,1000,A3,HOSVD,2.6289999999999054
8.014008007977493,3,100,999,5,1000,core,HOSVD,2.6289999999999054
8.199246441833424,3,100,999,5,1000,A1,HOOI,3.283999999999878
0.030492664156996578,3,100,999,5,1000,A2,HOOI,3.283999999999878
2.4979523910126007,3,100,999,5,1000,A3,HOOI,3.283999999999878
8.044502508217569,3,100,999,5,1000,core,HOOI,3.283999999999878
7.060294197940143,3,100,999,5,1000,A1,Olga,3.6799999999998363
0.04710176787083843,3,100,999,5,1000,A2,Olga,3.6799999999998363
2.9898676140898837,3,100,999,5,1000,A3,Tracy,3.6799999999998363
11.416073270231012,3,100,999,5,1000,core,Tracy_Olga,3.6799999999998363
10.84612125015139,3,100,4953,5,1000,A1,NTD,158.20499999999993
4.00004744481826,3,100,4953,5,1000,A2,NTD,158.20499999999993
4950.125647427283,3,100,4953,5,1000,A3,NTD,158.20499999999993
12.721695936275458,3,100,4953,5,1000,core,NTD,158.20499999999993
9.80291668611631,3,100,4953,5,1000,A1,Ours,5.858999999999924
0.008612885999410895,3,100,4953,5,1000,A2,Ours,5.858999999999924
2.8491496185059515,3,100,4953,5,1000,A3,Ours,5.858999999999924
9.649911535261818,3,100,4953,5,1000,core,Ours,5.858999999999924
9.80291668611631,3,100,4953,5,1000,A1,HOSVD,1.8330000000000837
0.008612885999410895,3,100,4953,5,1000,A2,HOSVD,1.8330000000000837
2.4458550873868843,3,100,4953,5,1000,A3,HOSVD,1.8330000000000837
11.406391570457846,3,100,4953,5,1000,core,HOSVD,1.8330000000000837
9.80166584049036,3,100,4953,5,1000,A1,HOOI,4.749000000000024
0.009397761863860333,3,100,4953,5,1000,A2,HOOI,4.749000000000024
2.458062104297358,3,100,4953,5,1000,A3,HOOI,4.749000000000024
11.531914173919123,3,100,4953,5,1000,core,HOOI,4.749000000000024
11.653130788794394,3,100,4953,5,1000,A1,Olga,2.9429999999999836
0.09183623206648818,3,100,4953,5,1000,A2,Olga,2.9429999999999836
2.892018857806008,3,100,4953,5,1000,A3,Tracy,2.9429999999999836
7.6853203277646704,3,100,4953,5,1000,core,Tracy_Olga,2.9429999999999836
11.111953221554598,3,100,9809,5,1000,A1,NTD,346.93000000000006
3.8508378900140894,3,100,9809,5,1000,A2,NTD,346.93000000000006
9806.153575574446,3,100,9809,5,1000,A3,NTD,346.93000000000006
10.147327298453156,3,100,9809,5,1000,core,NTD,346.93000000000006
8.166553823704332,3,100,9809,5,1000,A1,Ours,15.423000000000002
0.01503897635409147,3,100,9809,5,1000,A2,Ours,15.423000000000002
5.198683655974973,3,100,9809,5,1000,A3,Ours,15.423000000000002
10.02992117564932,3,100,9809,5,1000,core,Ours,15.423000000000002
8.166553823704332,3,100,9809,5,1000,A1,HOSVD,5.5340000000001055
0.01503897635409147,3,100,9809,5,1000,A2,HOSVD,5.5340000000001055
2.50340384161882,3,100,9809,5,1000,A3,HOSVD,5.5340000000001055
11.387969828784078,3,100,9809,5,1000,core,HOSVD,5.5340000000001055
7.35641621315542,3,100,9809,5,1000,A1,HOOI,19.967999999999847
0.014047877330360475,3,100,9809,5,1000,A2,HOOI,19.967999999999847
2.5105353932537686,3,100,9809,5,1000,A3,HOOI,19.967999999999847
11.45387495932833,3,100,9809,5,1000,core,HOOI,19.967999999999847
11.064002338407061,3,100,9809,5,1000,A1,Olga,14.41099999999983
4.450606819702545,3,100,9809,5,1000,A2,Olga,14.41099999999983
2.9754775722006315,3,100,9809,5,1000,A3,Tracy,14.41099999999983
10.082627948403399,3,100,9809,5,1000,core,Tracy_Olga,14.41099999999983
3.452366125880356,3,100,999,5,2500,A1,NTD,28.909000000000106
0.008040793737751982,3,100,999,5,2500,A2,NTD,28.909000000000106
996.022710814815,3,100,999,5,2500,A3,NTD,28.909000000000106
15.10523697601854,3,100,999,5,2500,core,NTD,28.909000000000106
3.9068341814842023,3,100,999,5,2500,A1,Ours,4.755000000000109
0.020039480594332287,3,100,999,5,2500,A2,Ours,4.755000000000109
2.492166899698785,3,100,999,5,2500,A3,Ours,4.755000000000109
7.892613957251301,3,100,999,5,2500,core,Ours,4.755000000000109
3.9068341814842023,3,100,999,5,2500,A1,HOSVD,4.561999999999898
0.020039480594332287,3,100,999,5,2500,A2,HOSVD,4.561999999999898
2.491406232126804,3,100,999,5,2500,A3,HOSVD,4.561999999999898
7.893661591414208,3,100,999,5,2500,core,HOSVD,4.561999999999898
3.8787097147290495,3,100,999,5,2500,A1,HOOI,5.713999999999942
0.01816769435940574,3,100,999,5,2500,A2,HOOI,5.713999999999942
2.491348223402255,3,100,999,5,2500,A3,HOOI,5.713999999999942
7.889870116387489,3,100,999,5,2500,core,HOOI,5.713999999999942
3.683367570891202,3,100,999,5,2500,A1,Olga,5.242999999999938
0.02827878155743725,3,100,999,5,2500,A2,Olga,5.242999999999938
3.0770947598645404,3,100,999,5,2500,A3,Tracy,5.242999999999938
11.237788531733447,3,100,999,5,2500,core,Tracy_Olga,5.242999999999938
2.3869318777826063,3,100,4986,5,2500,A1,NTD,159.4319999999998
4.891595471654853,3,100,4986,5,2500,A2,NTD,159.4319999999998
4983.050779042314,3,100,4986,5,2500,A3,NTD,159.4319999999998
10.0411630127173,3,100,4986,5,2500,core,NTD,159.4319999999998
4.324690660152867,3,100,4986,5,2500,A1,Ours,5.1710000000002765
0.021719097090973586,3,100,4986,5,2500,A2,Ours,5.1710000000002765
2.4788642984410645,3,100,4986,5,2500,A3,Ours,5.1710000000002765
11.377489495343738,3,100,4986,5,2500,core,Ours,5.1710000000002765
4.324690660152867,3,100,4986,5,2500,A1,HOSVD,1.780999999999949
0.021719097090973586,3,100,4986,5,2500,A2,HOSVD,1.780999999999949
2.449336470576325,3,100,4986,5,2500,A3,HOSVD,1.780999999999949
11.375360898837922,3,100,4986,5,2500,core,HOSVD,1.780999999999949
5.077093521349942,3,100,4986,5,2500,A1,HOOI,4.76299999999992
0.020056436733403807,3,100,4986,5,2500,A2,HOOI,4.76299999999992
2.4485878019034524,3,100,4986,5,2500,A3,HOOI,4.76299999999992
11.399138024489062,3,100,4986,5,2500,core,HOOI,4.76299999999992
3.9842559943050913,3,100,4986,5,2500,A1,Olga,2.51700000000028
0.039243100294683794,3,100,4986,5,2500,A2,Olga,2.51700000000028
2.920847229714759,3,100,4986,5,2500,A3,Tracy,2.51700000000028
11.376134818173846,3,100,4986,5,2500,core,Tracy_Olga,2.51700000000028
8.683201932686167,3,100,9923,5,2500,A1,NTD,336.69799999999987
1.4588458302287406,3,100,9923,5,2500,A2,NTD,336.69799999999987
9920.106070933853,3,100,9923,5,2500,A3,NTD,336.69799999999987
11.634469448734873,3,100,9923,5,2500,core,NTD,336.69799999999987
5.288558369985312,3,100,9923,5,2500,A1,Ours,13.78399999999965
0.01687173718071447,3,100,9923,5,2500,A2,Ours,13.78399999999965
2.5661051171436493,3,100,9923,5,2500,A3,Ours,13.78399999999965
11.395552160987608,3,100,9923,5,2500,core,Ours,13.78399999999965
5.288558369985312,3,100,9923,5,2500,A1,HOSVD,3.774999999999636
0.01687173718071447,3,100,9923,5,2500,A2,HOSVD,3.774999999999636
2.4461642226194207,3,100,9923,5,2500,A3,HOSVD,3.774999999999636
11.384215933437561,3,100,9923,5,2500,core,HOSVD,3.774999999999636
5.249199355387269,3,100,9923,5,2500,A1,HOOI,11.266000000000076
0.016028621036030314,3,100,9923,5,2500,A2,HOOI,11.266000000000076
2.449878177401473,3,100,9923,5,2500,A3,HOOI,11.266000000000076
11.420991045181133,3,100,9923,5,2500,core,HOOI,11.266000000000076
5.0838926358696535,3,100,9923,5,2500,A1,Olga,6.621000000000095
0.22079459163898718,3,100,9923,5,2500,A2,Olga,6.621000000000095
2.922684185877774,3,100,9923,5,2500,A3,Tracy,6.621000000000095
7.7305026106671955,3,100,9923,5,2500,core,Tracy_Olga,6.621000000000095
2.3460268229725973,3,100,1000,5,5000,A1,NTD,28.376999999999953
0.21239512040991318,3,100,1000,5,5000,A2,NTD,28.376999999999953
997.0001021914788,3,100,1000,5,5000,A3,NTD,28.376999999999953
8.58991348274942,3,100,1000,5,5000,core,NTD,28.376999999999953
3.3944666016249654,3,100,1000,5,5000,A1,Ours,0.9349999999999454
0.009496671608954411,3,100,1000,5,5000,A2,Ours,0.9349999999999454
0.08074999364076804,3,100,1000,5,5000,A3,Ours,0.9349999999999454
7.91043800561904,3,100,1000,5,5000,core,Ours,0.9349999999999454
3.3944666016249654,3,100,1000,5,5000,A1,HOSVD,0.48500000000012733
0.009496671608954411,3,100,1000,5,5000,A2,HOSVD,0.48500000000012733
0.08075064794267307,3,100,1000,5,5000,A3,HOSVD,0.48500000000012733
7.910428961309303,3,100,1000,5,5000,core,HOSVD,0.48500000000012733
3.4063568633305343,3,100,1000,5,5000,A1,HOOI,0.7119999999999891
0.008796891614359894,3,100,1000,5,5000,A2,HOOI,0.7119999999999891
0.08077502786168592,3,100,1000,5,5000,A3,HOOI,0.7119999999999891
7.910304311285814,3,100,1000,5,5000,core,HOOI,0.7119999999999891
2.6582131733019096,3,100,1000,5,5000,A1,Olga,0.7590000000000146
0.017443824858785848,3,100,1000,5,5000,A2,Olga,0.7590000000000146
1.3550741718065928,3,100,1000,5,5000,A3,Tracy,0.7590000000000146
11.120081347138768,3,100,1000,5,5000,core,Tracy_Olga,0.7590000000000146
5.403181207479838,3,100,4994,5,5000,A1,NTD,157.0260000000003
0.14763376426299515,3,100,4994,5,5000,A2,NTD,157.0260000000003
4991.03241357669,3,100,4994,5,5000,A3,NTD,157.0260000000003
13.169953677592954,3,100,4994,5,5000,core,NTD,157.0260000000003
3.401708191785864,3,100,4994,5,5000,A1,Ours,5.515000000000327
0.008424260515341907,3,100,4994,5,5000,A2,Ours,5.515000000000327
2.441398339664694,3,100,4994,5,5000,A3,Ours,5.515000000000327
7.8101472311251765,3,100,4994,5,5000,core,Ours,5.515000000000327
3.401708191785864,3,100,4994,5,5000,A1,HOSVD,1.8330000000000837
0.008424260515341907,3,100,4994,5,5000,A2,HOSVD,1.8330000000000837
2.4337738686079993,3,100,4994,5,5000,A3,HOSVD,1.8330000000000837
7.811561083848056,3,100,4994,5,5000,core,HOSVD,1.8330000000000837
3.4139248472277406,3,100,4994,5,5000,A1,HOOI,4.447999999999865
0.00835147521460579,3,100,4994,5,5000,A2,HOOI,4.447999999999865
2.433172023555969,3,100,4994,5,5000,A3,HOOI,4.447999999999865
7.80737802539386,3,100,4994,5,5000,core,HOOI,4.447999999999865
2.892780901676626,3,100,4994,5,5000,A1,Olga,2.632000000000062
0.015456564001168044,3,100,4994,5,5000,A2,Olga,2.632000000000062
2.913828859604498,3,100,4994,5,5000,A3,Tracy,2.632000000000062
11.312955152435197,3,100,4994,5,5000,core,Tracy_Olga,2.632000000000062
2.1714964073457983,3,100,9965,5,5000,A1,NTD,328.60699999999997
3.264208445922659,3,100,9965,5,5000,A2,NTD,328.60699999999997
9962.041684477535,3,100,9965,5,5000,A3,NTD,328.60699999999997
8.087788362368473,3,100,9965,5,5000,core,NTD,328.60699999999997
4.025128541536735,3,100,9965,5,5000,A1,Ours,13.628000000000156
0.0014735197434499897,3,100,9965,5,5000,A2,Ours,13.628000000000156
2.4908897565000463,3,100,9965,5,5000,A3,Ours,13.628000000000156
7.793824726384494,3,100,9965,5,5000,core,Ours,13.628000000000156
4.025128541536735,3,100,9965,5,5000,A1,HOSVD,3.3179999999997563
0.0014735197434499897,3,100,9965,5,5000,A2,HOSVD,3.3179999999997563
2.4611912017285427,3,100,9965,5,5000,A3,HOSVD,3.3179999999997563
7.806397548959967,3,100,9965,5,5000,core,HOSVD,3.3179999999997563
4.023805034883316,3,100,9965,5,5000,A1,HOOI,11.244000000000142
0.0016751454269246903,3,100,9965,5,5000,A2,HOOI,11.244000000000142
2.4654599692865307,3,100,9965,5,5000,A3,HOOI,11.244000000000142
7.772088589730994,3,100,9965,5,5000,core,HOOI,11.244000000000142
2.9854926568496243,3,100,9965,5,5000,A1,Olga,6.3840000000000146
0.07690228754492863,3,100,9965,5,5000,A2,Olga,6.3840000000000146
2.9332028415227387,3,100,9965,5,5000,A3,Tracy,6.3840000000000146
7.778556590729681,3,100,9965,5,5000,core,Tracy_Olga,6.3840000000000146
3.1999260488365184,3,100,1000,5,6000,A1,NTD,28.114000000000033
2.00449567457307,3,100,1000,5,6000,A2,NTD,28.114000000000033
997.0000612983886,3,100,1000,5,6000,A3,NTD,28.114000000000033
10.387634764278413,3,100,1000,5,6000,core,NTD,28.114000000000033
4.425579447198072,3,100,1000,5,6000,A1,Ours,2.1600000000003092
0.014437046541243267,3,100,1000,5,6000,A2,Ours,2.1600000000003092
0.069159092292741,3,100,1000,5,6000,A3,Ours,2.1600000000003092
11.160333063840975,3,100,1000,5,6000,core,Ours,2.1600000000003092
4.425579447198072,3,100,1000,5,6000,A1,HOSVD,1.3330000000000837
0.014437046541243267,3,100,1000,5,6000,A2,HOSVD,1.3330000000000837
0.06916019004997635,3,100,1000,5,6000,A3,HOSVD,1.3330000000000837
11.16030005625906,3,100,1000,5,6000,core,HOSVD,1.3330000000000837
4.420879261839459,3,100,1000,5,6000,A1,HOOI,1.8659999999999854
0.013947012190196234,3,100,1000,5,6000,A2,HOOI,1.8659999999999854
0.06913213198277049,3,100,1000,5,6000,A3,HOOI,1.8659999999999854
11.160653694990572,3,100,1000,5,6000,core,HOOI,1.8659999999999854
2.771581076015118,3,100,1000,5,6000,A1,Olga,1.6590000000001055
0.011206623882962065,3,100,1000,5,6000,A2,Olga,1.6590000000001055
1.351986303082407,3,100,1000,5,6000,A3,Tracy,1.6590000000001055
7.892322637337827,3,100,1000,5,6000,core,Tracy_Olga,1.6590000000001055
2.9780163200833316,3,100,4993,5,6000,A1,NTD,163.23099999999977
0.13731943495766455,3,100,4993,5,6000,A2,NTD,163.23099999999977
4990.024086024959,3,100,4993,5,6000,A3,NTD,163.23099999999977
13.637154855379764,3,100,4993,5,6000,core,NTD,163.23099999999977
4.476595561966026,3,100,4993,5,6000,A1,Ours,5.699000000000069
0.004176931633094921,3,100,4993,5,6000,A2,Ours,5.699000000000069
2.4352953443858505,3,100,4993,5,6000,A3,Ours,5.699000000000069
11.349943847981333,3,100,4993,5,6000,core,Ours,5.699000000000069
4.476595561966026,3,100,4993,5,6000,A1,HOSVD,1.975999999999658
0.004176931633094921,3,100,4993,5,6000,A2,HOSVD,1.975999999999658
2.4300524910378574,3,100,4993,5,6000,A3,HOSVD,1.975999999999658
11.35010371560055,3,100,4993,5,6000,core,HOSVD,1.975999999999658
4.2800027523917,3,100,4993,5,6000,A1,HOOI,4.621999999999844
0.0038475603038930087,3,100,4993,5,6000,A2,HOOI,4.621999999999844
2.4323835697370515,3,100,4993,5,6000,A3,HOOI,4.621999999999844
11.352491474761063,3,100,4993,5,6000,core,HOOI,4.621999999999844
3.2171802270755987,3,100,4993,5,6000,A1,Olga,3.0289999999999964
0.018982044464207194,3,100,4993,5,6000,A2,Olga,3.0289999999999964
2.945705653437154,3,100,4993,5,6000,A3,Tracy,3.0289999999999964
11.389118730631433,3,100,4993,5,6000,core,Tracy_Olga,3.0289999999999964
2.360652385574158,3,100,9966,5,6000,A1,NTD,334.105
0.17389868904570774,3,100,9966,5,6000,A2,NTD,334.105
9963.051528640672,3,100,9966,5,6000,A3,NTD,334.105
11.14277325406326,3,100,9966,5,6000,core,NTD,334.105
2.948100880583084,3,100,9966,5,6000,A1,Ours,14.393000000000029
0.005589657291213983,3,100,9966,5,6000,A2,Ours,14.393000000000029
2.463775003873723,3,100,9966,5,6000,A3,Ours,14.393000000000029
11.366058666924628,3,100,9966,5,6000,core,Ours,14.393000000000029
2.948100880583084,3,100,9966,5,6000,A1,HOSVD,4.3279999999999745
0.005589657291213983,3,100,9966,5,6000,A2,HOSVD,4.3279999999999745
2.4431152616584253,3,100,9966,5,6000,A3,HOSVD,4.3279999999999745
11.364620696496315,3,100,9966,5,6000,core,HOSVD,4.3279999999999745
3.0953847817486584,3,100,9966,5,6000,A1,HOOI,11.094000000000051
0.005804958599289073,3,100,9966,5,6000,A2,HOOI,11.094000000000051
2.4389027582792857,3,100,9966,5,6000,A3,HOOI,11.094000000000051
11.397811237062248,3,100,9966,5,6000,core,HOOI,11.094000000000051
3.403350429931599,3,100,9966,5,6000,A1,Olga,7.072999999999865
0.02813401626227916,3,100,9966,5,6000,A2,Olga,7.072999999999865
2.930542214617491,3,100,9966,5,6000,A3,Tracy,7.072999999999865
11.346464244340053,3,100,9966,5,6000,core,Tracy_Olga,7.072999999999865
2.5991339957737996,3,100,1000,5,7000,A1,NTD,27.840999999999894
0.1300780393762437,3,100,1000,5,7000,A2,NTD,27.840999999999894
997.0000735827766,3,100,1000,5,7000,A3,NTD,27.840999999999894
8.80026246405939,3,100,1000,5,7000,core,NTD,27.840999999999894
2.6457770011729944,3,100,1000,5,7000,A1,Ours,0.6089999999999236
0.008335070304253941,3,100,1000,5,7000,A2,Ours,0.6089999999999236
0.0665438974509592,3,100,1000,5,7000,A3,Ours,0.6089999999999236
11.135520746942614,3,100,1000,5,7000,core,Ours,0.6089999999999236
2.6457770011729944,3,100,1000,5,7000,A1,HOSVD,0.7670000000002801
0.008335070304253941,3,100,1000,5,7000,A2,HOSVD,0.7670000000002801
0.06659749492169896,3,100,1000,5,7000,A3,HOSVD,0.7670000000002801
11.135477052496043,3,100,1000,5,7000,core,HOSVD,0.7670000000002801
2.6437601684918315,3,100,1000,5,7000,A1,HOOI,1.3109999999996944
0.007840562506520527,3,100,1000,5,7000,A2,HOOI,1.3109999999996944
0.06642914710722492,3,100,1000,5,7000,A3,HOOI,1.3109999999996944
11.135489443645818,3,100,1000,5,7000,core,HOOI,1.3109999999996944
2.171225714216833,3,100,1000,5,7000,A1,Olga,0.5039999999999054
0.010041848886236212,3,100,1000,5,7000,A2,Olga,0.5039999999999054
1.352767429295948,3,100,1000,5,7000,A3,Tracy,0.5039999999999054
11.138017667065528,3,100,1000,5,7000,core,Tracy_Olga,0.5039999999999054
2.5141725146564573,3,100,4994,5,7000,A1,NTD,151.00599999999986
4.170408387910672,3,100,4994,5,7000,A2,NTD,151.00599999999986
4991.029946715356,3,100,4994,5,7000,A3,NTD,151.00599999999986
10.50778456494803,3,100,4994,5,7000,core,NTD,151.00599999999986
2.838949882151895,3,100,4994,5,7000,A1,Ours,11.567000000000007
0.01494505299661097,3,100,4994,5,7000,A2,Ours,11.567000000000007
2.4234266020237047,3,100,4994,5,7000,A3,Ours,11.567000000000007
11.211588515207861,3,100,4994,5,7000,core,Ours,11.567000000000007
2.838949882151895,3,100,4994,5,7000,A1,HOSVD,11.588999999999942
0.01494505299661097,3,100,4994,5,7000,A2,HOSVD,11.588999999999942
2.4194212150328647,3,100,4994,5,7000,A3,HOSVD,11.588999999999942
11.210501249566025,3,100,4994,5,7000,core,HOSVD,11.588999999999942
2.837145379332163,3,100,4994,5,7000,A1,HOOI,15.507000000000062
0.01495099760809566,3,100,4994,5,7000,A2,HOOI,15.507000000000062
2.418800188742715,3,100,4994,5,7000,A3,HOOI,15.507000000000062
11.183615290812382,3,100,4994,5,7000,core,HOOI,15.507000000000062
2.2382983357526447,3,100,4994,5,7000,A1,Olga,13.422000000000025
0.01882641961963084,3,100,4994,5,7000,A2,Olga,13.422000000000025
2.954599275243661,3,100,4994,5,7000,A3,Tracy,13.422000000000025
11.130586413855243,3,100,4994,5,7000,core,Tracy_Olga,13.422000000000025
2.7517654437511085,3,100,9976,5,7000,A1,NTD,337.2699999999995
0.14924323075898932,3,100,9976,5,7000,A2,NTD,337.2699999999995
9973.050533952111,3,100,9976,5,7000,A3,NTD,337.2699999999995
10.581585544852542,3,100,9976,5,7000,core,NTD,337.2699999999995
3.2076957201687755,3,100,9976,5,7000,A1,Ours,17.036000000000058
0.0022117418015111935,3,100,9976,5,7000,A2,Ours,17.036000000000058
2.4675306363630036,3,100,9976,5,7000,A3,Ours,17.036000000000058
11.341359162040552,3,100,9976,5,7000,core,Ours,17.036000000000058
3.2076957201687755,3,100,9976,5,7000,A1,HOSVD,3.381000000000313
0.0022117418015111935,3,100,9976,5,7000,A2,HOSVD,3.381000000000313
2.452248872580125,3,100,9976,5,7000,A3,HOSVD,3.381000000000313
11.340581353311833,3,100,9976,5,7000,core,HOSVD,3.381000000000313
3.190419532072791,3,100,9976,5,7000,A1,HOOI,14.197000000000116
0.0021351739475597145,3,100,9976,5,7000,A2,HOOI,14.197000000000116
2.4535265983404115,3,100,9976,5,7000,A3,HOOI,14.197000000000116
11.346173102962517,3,100,9976,5,7000,core,HOOI,14.197000000000116
3.131879069019656,3,100,9976,5,7000,A1,Olga,6.712999999999738
0.05060142375643371,3,100,9976,5,7000,A2,Olga,6.712999999999738
2.9331474267593287,3,100,9976,5,7000,A3,Tracy,6.712999999999738
11.377244886718398,3,100,9976,5,7000,core,Tracy_Olga,6.712999999999738
11.083498397687913,3,100,1000,5,8000,A1,NTD,29.671000000000276
0.1371210601552471,3,100,1000,5,8000,A2,NTD,29.671000000000276
997.0000324932873,3,100,1000,5,8000,A3,NTD,29.671000000000276
7.917926297040917,3,100,1000,5,8000,core,NTD,29.671000000000276
2.140423523117254,3,100,1000,5,8000,A1,Ours,0.524000000000342
0.004221978214923754,3,100,1000,5,8000,A2,Ours,0.524000000000342
0.12445883467635906,3,100,1000,5,8000,A3,Ours,0.524000000000342
11.295534279073351,3,100,1000,5,8000,core,Ours,0.524000000000342
2.140423523117254,3,100,1000,5,8000,A1,HOSVD,0.4600000000000364
0.004221978214923754,3,100,1000,5,8000,A2,HOSVD,0.4600000000000364
0.12442168078908386,3,100,1000,5,8000,A3,HOSVD,0.4600000000000364
11.295491574075685,3,100,1000,5,8000,core,HOSVD,0.4600000000000364
2.1488273678504117,3,100,1000,5,8000,A1,HOOI,0.7549999999991996
0.0045808032937565794,3,100,1000,5,8000,A2,HOOI,0.7549999999991996
0.1252733815008027,3,100,1000,5,8000,A3,HOOI,0.7549999999991996
11.296591489547495,3,100,1000,5,8000,core,HOOI,0.7549999999991996
2.204668266360505,3,100,1000,5,8000,A1,Olga,0.7319999999999709
0.007022973180254186,3,100,1000,5,8000,A2,Olga,0.7319999999999709
1.370284150711831,3,100,1000,5,8000,A3,Tracy,0.7319999999999709
7.86912174285654,3,100,1000,5,8000,core,Tracy_Olga,0.7319999999999709
2.4870386773751263,3,100,4993,5,8000,A1,NTD,165.78800000000047
0.05753444230779796,3,100,4993,5,8000,A2,NTD,165.78800000000047
4990.0209318492325,3,100,4993,5,8000,A3,NTD,165.78800000000047
11.221113773471515,3,100,4993,5,8000,core,NTD,165.78800000000047
2.72053929698201,3,100,4993,5,8000,A1,Ours,5.53899999999976
0.003615483688802057,3,100,4993,5,8000,A2,Ours,5.53899999999976
2.4190715913661687,3,100,4993,5,8000,A3,Ours,5.53899999999976
11.20759697948802,3,100,4993,5,8000,core,Ours,5.53899999999976
2.72053929698201,3,100,4993,5,8000,A1,HOSVD,1.9020000000000437
0.003615483688802057,3,100,4993,5,8000,A2,HOSVD,1.9020000000000437
2.4159941801619267,3,100,4993,5,8000,A3,HOSVD,1.9020000000000437
11.206468416629892,3,100,4993,5,8000,core,HOSVD,1.9020000000000437
2.7399295051681856,3,100,4993,5,8000,A1,HOOI,4.856999999999971
0.0038487610038189964,3,100,4993,5,8000,A2,HOOI,4.856999999999971
2.4185367191704055,3,100,4993,5,8000,A3,HOOI,4.856999999999971
11.2425665437245,3,100,4993,5,8000,core,HOOI,4.856999999999971
2.986581364286516,3,100,4993,5,8000,A1,Olga,2.759999999999309
0.01437579822851341,3,100,4993,5,8000,A2,Olga,2.759999999999309
2.9216450350682264,3,100,4993,5,8000,A3,Tracy,2.759999999999309
11.507232899225986,3,100,4993,5,8000,core,Tracy_Olga,2.759999999999309
2.3977513713094134,3,100,9976,5,8000,A1,NTD,337.6060000000007
0.14924244402427567,3,100,9976,5,8000,A2,NTD,337.6060000000007
9973.037118421897,3,100,9976,5,8000,A3,NTD,337.6060000000007
9.17385970606733,3,100,9976,5,8000,core,NTD,337.6060000000007
2.7576660605921846,3,100,9976,5,8000,A1,Ours,16.78899999999976
0.007576096314670128,3,100,9976,5,8000,A2,Ours,16.78899999999976
2.467553670618089,3,100,9976,5,8000,A3,Ours,16.78899999999976
11.329594841777594,3,100,9976,5,8000,core,Ours,16.78899999999976
2.7576660605921846,3,100,9976,5,8000,A1,HOSVD,3.457999999999629
0.007576096314670128,3,100,9976,5,8000,A2,HOSVD,3.457999999999629
2.4559302550496236,3,100,9976,5,8000,A3,HOSVD,3.457999999999629
11.329111650980439,3,100,9976,5,8000,core,HOSVD,3.457999999999629
2.7567651915450666,3,100,9976,5,8000,A1,HOOI,14.030999999999949
0.007929376064307544,3,100,9976,5,8000,A2,HOOI,14.030999999999949
2.454519213804697,3,100,9976,5,8000,A3,HOOI,14.030999999999949
11.347020782117701,3,100,9976,5,8000,core,HOOI,14.030999999999949
2.2527990586201816,3,100,9976,5,8000,A1,Olga,6.660999999999149
0.029324690522847006,3,100,9976,5,8000,A2,Olga,6.660999999999149
2.930752077602287,3,100,9976,5,8000,A3,Tracy,6.660999999999149
11.313164607061703,3,100,9976,5,8000,core,Tracy_Olga,6.660999999999149
3.929889238544654,3,100,1000,5,9000,A1,NTD,28.603000000000065
0.19593472231589554,3,100,1000,5,9000,A2,NTD,28.603000000000065
997.0000488277705,3,100,1000,5,9000,A3,NTD,28.603000000000065
11.801815835613677,3,100,1000,5,9000,core,NTD,28.603000000000065
2.6305761313416403,3,100,1000,5,9000,A1,Ours,0.5740000000005239
0.015256863525040848,3,100,1000,5,9000,A2,Ours,0.5740000000005239
0.05823405838147059,3,100,1000,5,9000,A3,Ours,0.5740000000005239
11.198525724350638,3,100,1000,5,9000,core,Ours,0.5740000000005239
2.6305761313416403,3,100,1000,5,9000,A1,HOSVD,1.4919999999992797
0.015256863525040848,3,100,1000,5,9000,A2,HOSVD,1.4919999999992797
0.05821097616039558,3,100,1000,5,9000,A3,HOSVD,1.4919999999992797
11.198482753709717,3,100,1000,5,9000,core,HOSVD,1.4919999999992797
2.6286582329783466,3,100,1000,5,9000,A1,HOOI,0.7979999999997744
0.01555113104005944,3,100,1000,5,9000,A2,HOOI,0.7979999999997744
0.058267162314880334,3,100,1000,5,9000,A3,HOOI,0.7979999999997744
11.199060969595475,3,100,1000,5,9000,core,HOOI,0.7979999999997744
2.481671736909325,3,100,1000,5,9000,A1,Olga,0.6620000000002619
0.00981687144530437,3,100,1000,5,9000,A2,Olga,0.6620000000002619
1.350770656188824,3,100,1000,5,9000,A3,Tracy,0.6620000000002619
11.078249502495298,3,100,1000,5,9000,core,Tracy_Olga,0.6620000000002619
2.5137379491412792,3,100,4995,5,9000,A1,NTD,161.40399999999954
0.0343192170989952,3,100,4995,5,9000,A2,NTD,161.40399999999954
4992.026207693744,3,100,4995,5,9000,A3,NTD,161.40399999999954
13.85490355172193,3,100,4995,5,9000,core,NTD,161.40399999999954
3.436684672813716,3,100,4995,5,9000,A1,Ours,5.3989999999994325
0.007811536120400665,3,100,4995,5,9000,A2,Ours,5.3989999999994325
2.4272247865139245,3,100,4995,5,9000,A3,Ours,5.3989999999994325
11.128869806239624,3,100,4995,5,9000,core,Ours,5.3989999999994325
3.436684672813716,3,100,4995,5,9000,A1,HOSVD,2.0869999999995343
0.007811536120400665,3,100,4995,5,9000,A2,HOSVD,2.0869999999995343
2.424964611401436,3,100,4995,5,9000,A3,HOSVD,2.0869999999995343
11.127396169875995,3,100,4995,5,9000,core,HOSVD,2.0869999999995343
3.448537821469581,3,100,4995,5,9000,A1,HOOI,4.805000000000291
0.007334637872449808,3,100,4995,5,9000,A2,HOOI,4.805000000000291
2.4241074157105933,3,100,4995,5,9000,A3,HOOI,4.805000000000291
11.120712737029905,3,100,4995,5,9000,core,HOOI,4.805000000000291
2.5061259752934486,3,100,4995,5,9000,A1,Olga,3.1710000000002765
0.012893906435056756,3,100,4995,5,9000,A2,Olga,3.1710000000002765
2.949212347239205,3,100,4995,5,9000,A3,Tracy,3.1710000000002765
7.127037037777135,3,100,4995,5,9000,core,Tracy_Olga,3.1710000000002765
2.1937147904477876,3,100,9981,5,9000,A1,NTD,336.72999999999956
1.8751756400400674,3,100,9981,5,9000,A2,NTD,336.72999999999956
9978.025036553532,3,100,9981,5,9000,A3,NTD,336.72999999999956
8.028745176711338,3,100,9981,5,9000,core,NTD,336.72999999999956
4.01238010171133,3,100,9981,5,9000,A1,Ours,16.229999999999563
0.0027435756808356017,3,100,9981,5,9000,A2,Ours,16.229999999999563
2.450543229450609,3,100,9981,5,9000,A3,Ours,16.229999999999563
7.784028396891218,3,100,9981,5,9000,core,Ours,16.229999999999563
4.01238010171133,3,100,9981,5,9000,A1,HOSVD,4.798000000000684
0.0027435756808356017,3,100,9981,5,9000,A2,HOSVD,4.798000000000684
2.4414394603104674,3,100,9981,5,9000,A3,HOSVD,4.798000000000684
7.787866931221872,3,100,9981,5,9000,core,HOSVD,4.798000000000684
4.016662124774085,3,100,9981,5,9000,A1,HOOI,11.876000000000204
0.00276468291476307,3,100,9981,5,9000,A2,HOOI,11.876000000000204
2.4404275008648124,3,100,9981,5,9000,A3,HOOI,11.876000000000204
7.797069431343602,3,100,9981,5,9000,core,HOOI,11.876000000000204
2.6871558389178194,3,100,9981,5,9000,A1,Olga,6.800000000000182
0.022531632022647997,3,100,9981,5,9000,A2,Olga,6.800000000000182
2.9166050019673326,3,100,9981,5,9000,A3,Tracy,6.800000000000182
11.317334636512582,3,100,9981,5,9000,core,Tracy_Olga,6.800000000000182
2.604553507802428,3,100,1000,5,10000,A1,NTD,28.688000000000102
0.247943036709638,3,100,1000,5,10000,A2,NTD,28.688000000000102
997.0001072727283,3,100,1000,5,10000,A3,NTD,28.688000000000102
9.838254594450094,3,100,1000,5,10000,core,NTD,28.688000000000102
2.7381743581444096,3,100,1000,5,10000,A1,Ours,0.7770000000000437
0.00892070576183504,3,100,1000,5,10000,A2,Ours,0.7770000000000437
0.08274238384869886,3,100,1000,5,10000,A3,Ours,0.7770000000000437
11.276490903309377,3,100,1000,5,10000,core,Ours,0.7770000000000437
2.7381743581444096,3,100,1000,5,10000,A1,HOSVD,0.7969999999995707
0.00892070576183504,3,100,1000,5,10000,A2,HOSVD,0.7969999999995707
0.08272025301328334,3,100,1000,5,10000,A3,HOSVD,0.7969999999995707
11.276473167402136,3,100,1000,5,10000,core,HOSVD,0.7969999999995707
2.7454286354374737,3,100,1000,5,10000,A1,HOOI,0.8780000000006112
0.009243519075791837,3,100,1000,5,10000,A2,HOOI,0.8780000000006112
0.055632214998332305,3,100,1000,5,10000,A3,HOOI,0.8780000000006112
11.209462122766755,3,100,1000,5,10000,core,HOOI,0.8780000000006112
2.214080486397672,3,100,1000,5,10000,A1,Olga,0.49499999999989086
0.003605485814527574,3,100,1000,5,10000,A2,Olga,0.49499999999989086
1.3528646801584134,3,100,1000,5,10000,A3,Tracy,0.49499999999989086
11.13897136842,3,100,1000,5,10000,core,Tracy_Olga,0.49499999999989086
2.39543068093413,3,100,4997,5,10000,A1,NTD,160.96900000000005
0.02681799752564803,3,100,4997,5,10000,A2,NTD,160.96900000000005
4994.015026270605,3,100,4997,5,10000,A3,NTD,160.96900000000005
10.606780181755337,3,100,4997,5,10000,core,NTD,160.96900000000005
2.8887353982155943,3,100,4997,5,10000,A1,Ours,5.608999999999469
0.01179790341053472,3,100,4997,5,10000,A2,Ours,5.608999999999469
2.4423902788213887,3,100,4997,5,10000,A3,Ours,5.608999999999469
11.343777221131427,3,100,4997,5,10000,core,Ours,5.608999999999469
2.8887353982155943,3,100,4997,5,10000,A1,HOSVD,2.412000000000262
0.01179790341053472,3,100,4997,5,10000,A2,HOSVD,2.412000000000262
2.4405050125590724,3,100,4997,5,10000,A3,HOSVD,2.412000000000262
11.343626519498534,3,100,4997,5,10000,core,HOSVD,2.412000000000262
2.881514329142038,3,100,4997,5,10000,A1,HOOI,4.5700000000006185
0.011805847768361504,3,100,4997,5,10000,A2,HOOI,4.5700000000006185
2.441480443213546,3,100,4997,5,10000,A3,HOOI,4.5700000000006185
11.341316128843063,3,100,4997,5,10000,core,HOOI,4.5700000000006185
2.138795631060652,3,100,4997,5,10000,A1,Olga,2.5960000000004584
0.010470759313430658,3,100,4997,5,10000,A2,Olga,2.5960000000004584
2.9058031250319667,3,100,4997,5,10000,A3,Tracy,2.5960000000004584
11.324817941881228,3,100,4997,5,10000,core,Tracy_Olga,2.5960000000004584
2.3955051920693458,3,100,9984,5,10000,A1,NTD,325.7420000000002
0.12882502102041182,3,100,9984,5,10000,A2,NTD,325.7420000000002
9981.029250041596,3,100,9984,5,10000,A3,NTD,325.7420000000002
14.386965681252818,3,100,9984,5,10000,core,NTD,325.7420000000002
3.468500710003894,3,100,9984,5,10000,A1,Ours,11.751000000000204
0.010335740958193156,3,100,9984,5,10000,A2,Ours,11.751000000000204
2.464989417671431,3,100,9984,5,10000,A3,Ours,11.751000000000204
7.807473446602458,3,100,9984,5,10000,core,Ours,11.751000000000204
3.468500710003894,3,100,9984,5,10000,A1,HOSVD,2.5239999999994325
0.010335740958193156,3,100,9984,5,10000,A2,HOSVD,2.5239999999994325
2.4575164208092204,3,100,9984,5,10000,A3,HOSVD,2.5239999999994325
7.810489800942679,3,100,9984,5,10000,core,HOSVD,2.5239999999994325
3.472906170072156,3,100,9984,5,10000,A1,HOOI,8.8799999999992
0.01029656337221544,3,100,9984,5,10000,A2,HOOI,8.8799999999992
2.458543447525078,3,100,9984,5,10000,A3,HOOI,8.8799999999992
7.812012719964459,3,100,9984,5,10000,core,HOOI,8.8799999999992
2.5905635258088826,3,100,9984,5,10000,A1,Olga,5.48700000000008
0.03024575538760916,3,100,9984,5,10000,A2,Olga,5.48700000000008
2.930599876999949,3,100,9984,5,10000,A3,Tracy,5.48700000000008
11.31983050247124,3,100,9984,5,10000,core,Tracy_Olga,5.48700000000008
