error,K,Q1,R,Q2,M,mode,method,time
7.405065543163624,3,100,100,5,100,A1,NTD,9.254000000000001
4.1783558685000495,3,100,100,5,100,A2,NTD,9.254000000000001
97.0096687128425,3,100,100,5,100,A3,NTD,9.254000000000001
11.207692178779585,3,100,100,5,100,core,NTD,9.254000000000001
17.161756562377697,3,100,100,5,100,A1,Ours,1.4339999999999975
0.09674397962950282,3,100,100,5,100,A2,Ours,1.4339999999999975
0.19288649480564948,3,100,100,5,100,A3,Ours,1.4339999999999975
13.413100078205952,3,100,100,5,100,core,Ours,1.4339999999999975
17.161756562377697,3,100,100,5,100,A1,HOSVD,0.14999999999999858
0.09674397962950282,3,100,100,5,100,A2,HOSVD,0.14999999999999858
0.1950451144519138,3,100,100,5,100,A3,HOSVD,0.14999999999999858
13.410871762421468,3,100,100,5,100,core,HOSVD,0.14999999999999858
15.366036090815324,3,100,100,5,100,A1,HOOI,0.3009999999999984
0.07101009387447807,3,100,100,5,100,A2,HOOI,0.3009999999999984
0.1936844414516157,3,100,100,5,100,A3,HOOI,0.3009999999999984
13.13700973519907,3,100,100,5,100,core,HOOI,0.3009999999999984
21.579566037005023,3,100,100,5,100,A1,Olga,0.13700000000000045
0.061854673961951996,3,100,100,5,100,A2,Olga,0.13700000000000045
1.0006136029263613,3,100,100,5,100,A3,Tracy,0.13700000000000045
13.232957483709896,3,100,100,5,100,core,Tracy_Olga,0.13700000000000045
5.1981692916500135,3,100,495,5,100,A1,NTD,42.262
2.7487895490591097,3,100,495,5,100,A2,NTD,42.262
492.2057330913291,3,100,495,5,100,A3,NTD,42.262
9.890654062455315,3,100,495,5,100,core,NTD,42.262
15.33529746009249,3,100,495,5,100,A1,Ours,0.9700000000000131
0.11162774969632845,3,100,495,5,100,A2,Ours,0.9700000000000131
2.641365400749771,3,100,495,5,100,A3,Ours,0.9700000000000131
13.839417130287872,3,100,495,5,100,core,Ours,0.9700000000000131
15.33529746009249,3,100,495,5,100,A1,HOSVD,0.6089999999999947
0.11162774969632845,3,100,495,5,100,A2,HOSVD,0.6089999999999947
2.4658000084753287,3,100,495,5,100,A3,HOSVD,0.6089999999999947
13.529366475173335,3,100,495,5,100,core,HOSVD,0.6089999999999947
15.8348519412513,3,100,495,5,100,A1,HOOI,1.4770000000000039
0.09353295826910848,3,100,495,5,100,A2,HOOI,1.4770000000000039
2.4949772348687564,3,100,495,5,100,A3,HOOI,1.4770000000000039
13.702595155413187,3,100,495,5,100,core,HOOI,1.4770000000000039
18.54492266627173,3,100,495,5,100,A1,Olga,0.8140000000000072
0.27866889191228256,3,100,495,5,100,A2,Olga,0.8140000000000072
2.7861824683805065,3,100,495,5,100,A3,Tracy,0.8140000000000072
13.342511313006574,3,100,495,5,100,core,Tracy_Olga,0.8140000000000072
36.89048340000233,3,100,981,5,100,A1,NTD,81.109
4.906394888043268,3,100,981,5,100,A2,NTD,81.109
978.2513842127554,3,100,981,5,100,A3,NTD,81.109
8.132388310461426,3,100,981,5,100,core,NTD,81.109
23.29043218141994,3,100,981,5,100,A1,Ours,1.0919999999999845
0.18166237758147286,3,100,981,5,100,A2,Ours,1.0919999999999845
4.695121212742531,3,100,981,5,100,A3,Ours,1.0919999999999845
12.556074999053736,3,100,981,5,100,core,Ours,1.0919999999999845
23.29043218141994,3,100,981,5,100,A1,HOSVD,1.1409999999999911
0.18166237758147286,3,100,981,5,100,A2,HOSVD,1.1409999999999911
2.4750565478701163,3,100,981,5,100,A3,HOSVD,1.1409999999999911
11.810457704296477,3,100,981,5,100,core,HOSVD,1.1409999999999911
22.907854161989242,3,100,981,5,100,A1,HOOI,2.040999999999997
0.14606436408748905,3,100,981,5,100,A2,HOOI,2.040999999999997
2.4659619509551423,3,100,981,5,100,A3,HOOI,2.040999999999997
11.925224647768298,3,100,981,5,100,core,HOOI,2.040999999999997
20.998599201664767,3,100,981,5,100,A1,Olga,1.0209999999999866
0.2914959632979433,3,100,981,5,100,A2,Olga,1.0209999999999866
2.914227620351003,3,100,981,5,100,A3,Tracy,1.0209999999999866
12.199024351100801,3,100,981,5,100,core,Tracy_Olga,1.0209999999999866
72.5016284350593,3,100,2384,5,100,A1,NTD,178.118
4.906460515343529,3,100,2384,5,100,A2,NTD,178.118
2381.344804567623,3,100,2384,5,100,A3,NTD,178.118
10.618230127883903,3,100,2384,5,100,core,NTD,178.118
19.94193477654486,3,100,2384,5,100,A1,Ours,3.6720000000000255
0.16531359584983854,3,100,2384,5,100,A2,Ours,3.6720000000000255
5.349213010268985,3,100,2384,5,100,A3,Ours,3.6720000000000255
12.058146021620495,3,100,2384,5,100,core,Ours,3.6720000000000255
19.94193477654486,3,100,2384,5,100,A1,HOSVD,1.8240000000000123
0.16531359584983854,3,100,2384,5,100,A2,HOSVD,1.8240000000000123
2.593899195998073,3,100,2384,5,100,A3,HOSVD,1.8240000000000123
13.752604289245639,3,100,2384,5,100,core,HOSVD,1.8240000000000123
20.61139848226018,3,100,2384,5,100,A1,HOOI,5.843999999999994
0.16989875176194116,3,100,2384,5,100,A2,HOOI,5.843999999999994
2.63730910097704,3,100,2384,5,100,A3,HOOI,5.843999999999994
13.819898061533337,3,100,2384,5,100,core,HOOI,5.843999999999994
47.733519344433816,3,100,2384,5,100,A1,Olga,2.228999999999985
0.3730308806407471,3,100,2384,5,100,A2,Olga,2.228999999999985
2.939333061605359,3,100,2384,5,100,A3,Tracy,2.228999999999985
9.99163490133926,3,100,2384,5,100,core,Tracy_Olga,2.228999999999985
125.94314036347433,3,100,4576,5,100,A1,NTD,333.274
3.3231729269305896,3,100,4576,5,100,A2,NTD,333.274
4573.476834962696,3,100,4576,5,100,A3,NTD,333.274
10.455182949154603,3,100,4576,5,100,core,NTD,333.274
20.568115457537612,3,100,4576,5,100,A1,Ours,17.636999999999944
0.022467319751452518,3,100,4576,5,100,A2,Ours,17.636999999999944
5.139290394247345,3,100,4576,5,100,A3,Ours,17.636999999999944
13.723152064465777,3,100,4576,5,100,core,Ours,17.636999999999944
20.568115457537612,3,100,4576,5,100,A1,HOSVD,11.864000000000033
0.022467319751452518,3,100,4576,5,100,A2,HOSVD,11.864000000000033
2.6380756115992527,3,100,4576,5,100,A3,HOSVD,11.864000000000033
13.74789108125639,3,100,4576,5,100,core,HOSVD,11.864000000000033
20.738028443615615,3,100,4576,5,100,A1,HOOI,13.43100000000004
0.021041625552264197,3,100,4576,5,100,A2,HOOI,13.43100000000004
3.6183308483071945,3,100,4576,5,100,A3,HOOI,13.43100000000004
12.911982473078188,3,100,4576,5,100,core,HOOI,13.43100000000004
67.09163149670725,3,100,4576,5,100,A1,Olga,4.984000000000037
0.7513666196853778,3,100,4576,5,100,A2,Olga,4.984000000000037
3.03401907339569,3,100,4576,5,100,A3,Tracy,4.984000000000037
13.171972580943834,3,100,4576,5,100,core,Tracy_Olga,4.984000000000037
119.09814879013783,3,100,5348,5,100,A1,NTD,394.525
3.176441031040993,3,100,5348,5,100,A2,NTD,394.525
5345.502921583205,3,100,5348,5,100,A3,NTD,394.525
11.518905357215747,3,100,5348,5,100,core,NTD,394.525
17.53528916006524,3,100,5348,5,100,A1,Ours,17.504000000000133
0.10438213337428179,3,100,5348,5,100,A2,Ours,17.504000000000133
5.22757168575838,3,100,5348,5,100,A3,Ours,17.504000000000133
13.723147575681294,3,100,5348,5,100,core,Ours,17.504000000000133
17.53528916006524,3,100,5348,5,100,A1,HOSVD,10.670000000000073
0.10438213337428179,3,100,5348,5,100,A2,HOSVD,10.670000000000073
2.687049607964886,3,100,5348,5,100,A3,HOSVD,10.670000000000073
13.613296201935729,3,100,5348,5,100,core,HOSVD,10.670000000000073
17.198567517368645,3,100,5348,5,100,A1,HOOI,17.978000000000065
0.09199831098407131,3,100,5348,5,100,A2,HOOI,17.978000000000065
3.8089679592893178,3,100,5348,5,100,A3,HOOI,17.978000000000065
13.37774810705863,3,100,5348,5,100,core,HOOI,17.978000000000065
64.08517532108988,3,100,5348,5,100,A1,Olga,7.267000000000053
0.45878929952691777,3,100,5348,5,100,A2,Olga,7.267000000000053
4.786680428774375,3,100,5348,5,100,A3,Tracy,7.267000000000053
11.52875958931516,3,100,5348,5,100,core,Tracy_Olga,7.267000000000053
105.72823173117457,3,100,6104,5,100,A1,NTD,439.68399999999997
4.759703450471068,3,100,6104,5,100,A2,NTD,439.68399999999997
6101.570104023005,3,100,6104,5,100,A3,NTD,439.68399999999997
11.750212397698379,3,100,6104,5,100,core,NTD,439.68399999999997
19.418200933942355,3,100,6104,5,100,A1,Ours,16.182000000000016
0.08262811775317734,3,100,6104,5,100,A2,Ours,16.182000000000016
5.3310739599934145,3,100,6104,5,100,A3,Ours,16.182000000000016
8.2756918402291,3,100,6104,5,100,core,Ours,16.182000000000016
19.418200933942355,3,100,6104,5,100,A1,HOSVD,5.567000000000007
0.08262811775317734,3,100,6104,5,100,A2,HOSVD,5.567000000000007
4.026294071801777,3,100,6104,5,100,A3,HOSVD,5.567000000000007
12.745760798972094,3,100,6104,5,100,core,HOSVD,5.567000000000007
110.08161032142732,3,100,6873,5,100,A1,NTD,475.135
4.759688929075194,3,100,6873,5,100,A2,NTD,475.135
6870.5822586287795,3,100,6873,5,100,A3,NTD,475.135
10.32426876881944,3,100,6873,5,100,core,NTD,475.135
15.863478739010883,3,100,6873,5,100,A1,Ours,19.11700000000019
0.07090337741956293,3,100,6873,5,100,A2,Ours,19.11700000000019
5.4474253124821,3,100,6873,5,100,A3,Ours,19.11700000000019
11.439388763570701,3,100,6873,5,100,core,Ours,19.11700000000019
15.824319291128884,3,100,6873,5,100,A1,HOOI,23.429999999999836
0.07574732552988055,3,100,6873,5,100,A2,HOOI,23.429999999999836
3.6843643322608486,3,100,6873,5,100,A3,HOOI,23.429999999999836
9.670914523288339,3,100,6873,5,100,core,HOOI,23.429999999999836
71.0051719796426,3,100,6873,5,100,A1,Olga,8.257000000000062
1.2560804808110329,3,100,6873,5,100,A2,Olga,8.257000000000062
3.958977000789847,3,100,6873,5,100,A3,Tracy,8.257000000000062
11.377621796797962,3,100,6873,5,100,core,Tracy_Olga,8.257000000000062
115.15675806560746,3,100,7554,5,100,A1,NTD,511.55600000000004
4.75972859852465,3,100,7554,5,100,A2,NTD,511.55600000000004
7551.5474009863165,3,100,7554,5,100,A3,NTD,511.55600000000004
12.003388335960192,3,100,7554,5,100,core,NTD,511.55600000000004
17.153642865790804,3,100,7554,5,100,A1,Ours,20.813000000000102
0.10878060410947002,3,100,7554,5,100,A2,Ours,20.813000000000102
5.27991999165837,3,100,7554,5,100,A3,Ours,20.813000000000102
12.89679529149065,3,100,7554,5,100,core,Ours,20.813000000000102
17.153642865790804,3,100,7554,5,100,A1,HOSVD,5.780999999999949
0.10878060410947002,3,100,7554,5,100,A2,HOSVD,5.780999999999949
3.6408461133799457,3,100,7554,5,100,A3,HOSVD,5.780999999999949
9.861601129934035,3,100,7554,5,100,core,HOSVD,5.780999999999949
17.373188703032834,3,100,7554,5,100,A1,HOOI,25.81800000000021
0.12125303546635759,3,100,7554,5,100,A2,HOOI,25.81800000000021
3.8304993013356903,3,100,7554,5,100,A3,HOOI,25.81800000000021
12.83730527205302,3,100,7554,5,100,core,HOOI,25.81800000000021
73.5649938826664,3,100,7554,5,100,A1,Olga,9.592000000000098
1.338053321949034,3,100,7554,5,100,A2,Olga,9.592000000000098
4.231144273107666,3,100,7554,5,100,A3,Tracy,9.592000000000098
14.327011510401682,3,100,7554,5,100,core,Tracy_Olga,9.592000000000098
106.60372486036495,3,100,8245,5,100,A1,NTD,571.431
4.174296368609865,3,100,8245,5,100,A2,NTD,571.431
8242.572854002343,3,100,8245,5,100,A3,NTD,571.431
10.461039071680569,3,100,8245,5,100,core,NTD,571.431
20.746937702536194,3,100,8245,5,100,A1,Ours,25.161999999999807
0.0741220864691252,3,100,8245,5,100,A2,Ours,25.161999999999807
5.299414042751071,3,100,8245,5,100,A3,Ours,25.161999999999807
11.93229011765217,3,100,8245,5,100,core,Ours,25.161999999999807
20.746937702536194,3,100,8245,5,100,A1,HOSVD,6.330999999999676
0.0741220864691252,3,100,8245,5,100,A2,HOSVD,6.330999999999676
2.850789748026302,3,100,8245,5,100,A3,HOSVD,6.330999999999676
10.194501861121447,3,100,8245,5,100,core,HOSVD,6.330999999999676
20.906062891376944,3,100,8245,5,100,A1,HOOI,30.86299999999983
0.07144921935317314,3,100,8245,5,100,A2,HOOI,30.86299999999983
3.886111195890476,3,100,8245,5,100,A3,HOOI,30.86299999999983
12.937035305293263,3,100,8245,5,100,core,HOOI,30.86299999999983
68.29853023723003,3,100,8245,5,100,A1,Olga,10.792999999999665
0.9728763260170135,3,100,8245,5,100,A2,Olga,10.792999999999665
3.2027666379455026,3,100,8245,5,100,A3,Tracy,10.792999999999665
12.959034633349994,3,100,8245,5,100,core,Tracy_Olga,10.792999999999665
8.771697724595489,3,100,100,5,3000,A1,NTD,7.947000000000116
0.4313693890580902,3,100,100,5,3000,A2,NTD,7.947000000000116
97,3,100,100,5,3000,A3,NTD,7.947000000000116
10.115758394862082,3,100,100,5,3000,core,NTD,7.947000000000116
4.365406279206738,3,100,100,5,3000,A1,Ours,0.14900000000034197
0.021054484039419483,3,100,100,5,3000,A2,Ours,0.14900000000034197
0.03692951218046279,3,100,100,5,3000,A3,Ours,0.14900000000034197
13.403718276677738,3,100,100,5,3000,core,Ours,0.14900000000034197
4.365406279206738,3,100,100,5,3000,A1,HOSVD,0.13299999999981083
0.021054484039419483,3,100,100,5,3000,A2,HOSVD,0.13299999999981083
0.036929444208482536,3,100,100,5,3000,A3,HOSVD,0.13299999999981083
13.403715091930477,3,100,100,5,3000,core,HOSVD,0.13299999999981083
4.380293531837032,3,100,100,5,3000,A1,HOOI,0.20200000000022555
0.020201023408869128,3,100,100,5,3000,A2,HOOI,0.20200000000022555
0.03700342605183329,3,100,100,5,3000,A3,HOOI,0.20200000000022555
13.403961026093052,3,100,100,5,3000,core,HOOI,0.20200000000022555
2.7315023426135476,3,100,100,5,3000,A1,Olga,0.3000000000001819
0.01439335178082989,3,100,100,5,3000,A2,Olga,0.3000000000001819
0.9784429554729095,3,100,100,5,3000,A3,Tracy,0.3000000000001819
13.176124780055188,3,100,100,5,3000,core,Tracy_Olga,0.3000000000001819
4.457255930532635,3,100,500,5,3000,A1,NTD,33.24800000000005
0.4634682733880087,3,100,500,5,3000,A2,NTD,33.24800000000005
497.00016452229295,3,100,500,5,3000,A3,NTD,33.24800000000005
11.444212606152043,3,100,500,5,3000,core,NTD,33.24800000000005
2.9037549024823623,3,100,500,5,3000,A1,Ours,1.2910000000001673
0.008246244279284798,3,100,500,5,3000,A2,Ours,1.2910000000001673
0.07456940565202673,3,100,500,5,3000,A3,Ours,1.2910000000001673
13.402808527044753,3,100,500,5,3000,core,Ours,1.2910000000001673
2.9037549024823623,3,100,500,5,3000,A1,HOSVD,0.6730000000002292
0.008246244279284798,3,100,500,5,3000,A2,HOSVD,0.6730000000002292
0.0744865562056731,3,100,500,5,3000,A3,HOSVD,0.6730000000002292
13.402730347050893,3,100,500,5,3000,core,HOSVD,0.6730000000002292
2.9293369013920154,3,100,500,5,3000,A1,HOOI,0.831000000000131
0.007417288458091176,3,100,500,5,3000,A2,HOOI,0.831000000000131
0.07491112901596346,3,100,500,5,3000,A3,HOOI,0.831000000000131
13.404211828259621,3,100,500,5,3000,core,HOOI,0.831000000000131
2.9926435870055204,3,100,500,5,3000,A1,Olga,0.6730000000002292
0.008767299914047387,3,100,500,5,3000,A2,Olga,0.6730000000002292
1.2695639134097016,3,100,500,5,3000,A3,Tracy,0.6730000000002292
13.380335014280515,3,100,500,5,3000,core,Tracy_Olga,0.6730000000002292
4.551241681468514,3,100,1000,5,3000,A1,NTD,74.1840000000002
0.2838648013972,3,100,1000,5,3000,A2,NTD,74.1840000000002
997.0004440429392,3,100,1000,5,3000,A3,NTD,74.1840000000002
10.002410268918178,3,100,1000,5,3000,core,NTD,74.1840000000002
3.489105345424061,3,100,1000,5,3000,A1,Ours,6.091000000000349
0.023993864653804944,3,100,1000,5,3000,A2,Ours,6.091000000000349
0.4235783901556545,3,100,1000,5,3000,A3,Ours,6.091000000000349
13.522926362342087,3,100,1000,5,3000,core,Ours,6.091000000000349
3.489105345424061,3,100,1000,5,3000,A1,HOSVD,6.273999999999887
0.023993864653804944,3,100,1000,5,3000,A2,HOSVD,6.273999999999887
0.42332714703022073,3,100,1000,5,3000,A3,HOSVD,6.273999999999887
13.522263565093073,3,100,1000,5,3000,core,HOSVD,6.273999999999887
3.5046405000792906,3,100,1000,5,3000,A1,HOOI,7.807999999999993
0.025422501529048187,3,100,1000,5,3000,A2,HOOI,7.807999999999993
0.416359953652246,3,100,1000,5,3000,A3,HOOI,7.807999999999993
13.526537647867325,3,100,1000,5,3000,core,HOOI,7.807999999999993
3.321141246841428,3,100,1000,5,3000,A1,Olga,8.117999999999938
0.020076542518937087,3,100,1000,5,3000,A2,Olga,8.117999999999938
1.4161070960383595,3,100,1000,5,3000,A3,Tracy,8.117999999999938
12.271086116544382,3,100,1000,5,3000,core,Tracy_Olga,8.117999999999938
4.316558013443338,3,100,2499,5,3000,A1,NTD,184.7539999999999
0.2530701750329676,3,100,2499,5,3000,A2,NTD,184.7539999999999
2496.0359989014173,3,100,2499,5,3000,A3,NTD,184.7539999999999
13.485085100774244,3,100,2499,5,3000,core,NTD,184.7539999999999
2.8286727157050238,3,100,2499,5,3000,A1,Ours,4.514000000000124
0.02481693757912757,3,100,2499,5,3000,A2,Ours,4.514000000000124
2.4430811856993344,3,100,2499,5,3000,A3,Ours,4.514000000000124
13.159750148732762,3,100,2499,5,3000,core,Ours,4.514000000000124
2.8286727157050238,3,100,2499,5,3000,A1,HOSVD,2.0840000000002874
0.02481693757912757,3,100,2499,5,3000,A2,HOSVD,2.0840000000002874
2.437211939480498,3,100,2499,5,3000,A3,HOSVD,2.0840000000002874
13.155729887934896,3,100,2499,5,3000,core,HOSVD,2.0840000000002874
2.8259830094171243,3,100,2499,5,3000,A1,HOOI,6.005000000000109
0.025196589346642494,3,100,2499,5,3000,A2,HOOI,6.005000000000109
2.439665865553008,3,100,2499,5,3000,A3,HOOI,6.005000000000109
13.151592372988544,3,100,2499,5,3000,core,HOOI,6.005000000000109
3.7062701113708743,3,100,2499,5,3000,A1,Olga,3.18100000000004
0.023029607589950436,3,100,2499,5,3000,A2,Olga,3.18100000000004
2.9131250801161155,3,100,2499,5,3000,A3,Tracy,3.18100000000004
13.165208917127762,3,100,2499,5,3000,core,Tracy_Olga,3.18100000000004
3.6630879153377407,3,100,4987,5,3000,A1,NTD,368.62500000000045
2.9067329804727335,3,100,4987,5,3000,A2,NTD,368.62500000000045
4984.040263653441,3,100,4987,5,3000,A3,NTD,368.62500000000045
10.384727667305276,3,100,4987,5,3000,core,NTD,368.62500000000045
4.506154151433701,3,100,4987,5,3000,A1,Ours,10.295000000000073
0.03331663922673935,3,100,4987,5,3000,A2,Ours,10.295000000000073
2.4965822241572644,3,100,4987,5,3000,A3,Ours,10.295000000000073
13.3424922645609,3,100,4987,5,3000,core,Ours,10.295000000000073
4.506154151433701,3,100,4987,5,3000,A1,HOSVD,3.8400000000001455
0.03331663922673935,3,100,4987,5,3000,A2,HOSVD,3.8400000000001455
2.4747843156935203,3,100,4987,5,3000,A3,HOSVD,3.8400000000001455
13.3424922645609,3,100,4987,5,3000,core,HOSVD,3.8400000000001455
4.50156837272554,3,100,4987,5,3000,A1,HOOI,9.832999999999629
0.03162851413996358,3,100,4987,5,3000,A2,HOOI,9.832999999999629
2.4729229480885437,3,100,4987,5,3000,A3,HOOI,9.832999999999629
12.33625123888351,3,100,4987,5,3000,core,HOOI,9.832999999999629
3.1792438683756172,3,100,4987,5,3000,A1,Olga,5.668999999999869
0.05606584519158576,3,100,4987,5,3000,A2,Olga,5.668999999999869
2.8781134674517777,3,100,4987,5,3000,A3,Tracy,5.668999999999869
13.3424922645609,3,100,4987,5,3000,core,Tracy_Olga,5.668999999999869
2.80785252619037,3,100,5981,5,3000,A1,NTD,422.3139999999994
1.3321166579431334,3,100,5981,5,3000,A2,NTD,422.3139999999994
5978.038598206858,3,100,5981,5,3000,A3,NTD,422.3139999999994
11.290365334001164,3,100,5981,5,3000,core,NTD,422.3139999999994
6.528183579910602,3,100,5981,5,3000,A1,Ours,13.256000000000313
0.009962103004788319,3,100,5981,5,3000,A2,Ours,13.256000000000313
2.510917755767784,3,100,5981,5,3000,A3,Ours,13.256000000000313
13.676376118171214,3,100,5981,5,3000,core,Ours,13.256000000000313
6.528183579910602,3,100,5981,5,3000,A1,HOSVD,4.152000000000044
0.009962103004788319,3,100,5981,5,3000,A2,HOSVD,4.152000000000044
2.481032392714586,3,100,5981,5,3000,A3,HOSVD,4.152000000000044
13.668444553858166,3,100,5981,5,3000,core,HOSVD,4.152000000000044
6.474634324508736,3,100,5981,5,3000,A1,HOOI,11.101999999999862
0.010149710953422283,3,100,5981,5,3000,A2,HOOI,11.101999999999862
2.4822503399874876,3,100,5981,5,3000,A3,HOOI,11.101999999999862
13.704235201408993,3,100,5981,5,3000,core,HOOI,11.101999999999862
4.810044265230757,3,100,5981,5,3000,A1,Olga,7.222999999999956
0.05918064365170786,3,100,5981,5,3000,A2,Olga,7.222999999999956
2.861624019144414,3,100,5981,5,3000,A3,Tracy,7.222999999999956
13.604409027143113,3,100,5981,5,3000,core,Tracy_Olga,7.222999999999956
2.7482699813287157,3,100,6975,5,3000,A1,NTD,467.6210000000001
1.0809791967527265,3,100,6975,5,3000,A2,NTD,467.6210000000001
6972.059376899315,3,100,6975,5,3000,A3,NTD,467.6210000000001
10.040948469521306,3,100,6975,5,3000,core,NTD,467.6210000000001
3.191000143623815,3,100,6975,5,3000,A1,Ours,18.478000000000065
0.021457342079213716,3,100,6975,5,3000,A2,Ours,18.478000000000065
2.5344030589270052,3,100,6975,5,3000,A3,Ours,18.478000000000065
13.3424922645609,3,100,6975,5,3000,core,Ours,18.478000000000065
3.191000143623815,3,100,6975,5,3000,A1,HOSVD,5.238000000000284
0.021457342079213716,3,100,6975,5,3000,A2,HOSVD,5.238000000000284
2.4930149242698922,3,100,6975,5,3000,A3,HOSVD,5.238000000000284
13.3424922645609,3,100,6975,5,3000,core,HOSVD,5.238000000000284
3.1794316784099403,3,100,6975,5,3000,A1,HOOI,13.483000000000175
0.021229531375037067,3,100,6975,5,3000,A2,HOOI,13.483000000000175
2.4879748935344344,3,100,6975,5,3000,A3,HOOI,13.483000000000175
13.3424922645609,3,100,6975,5,3000,core,HOOI,13.483000000000175
3.2490919183746287,3,100,6975,5,3000,A1,Olga,8.720000000000255
0.08714648003430331,3,100,6975,5,3000,A2,Olga,8.720000000000255
2.8880264116222523,3,100,6975,5,3000,A3,Tracy,8.720000000000255
13.3424922645609,3,100,6975,5,3000,core,Tracy_Olga,8.720000000000255
2.6405297208960636,3,100,7970,5,3000,A1,NTD,542.4030000000002
4.759719117935161,3,100,7970,5,3000,A2,NTD,542.4030000000002
7967.056092859229,3,100,7970,5,3000,A3,NTD,542.4030000000002
11.001818119117354,3,100,7970,5,3000,core,NTD,542.4030000000002
3.573858588690599,3,100,7970,5,3000,A1,Ours,22.927999999999884
0.018498696039668614,3,100,7970,5,3000,A2,Ours,22.927999999999884
2.5581546776914714,3,100,7970,5,3000,A3,Ours,22.927999999999884
13.687427773641335,3,100,7970,5,3000,core,Ours,22.927999999999884
3.573858588690599,3,100,7970,5,3000,A1,HOSVD,5.726999999999862
0.018498696039668614,3,100,7970,5,3000,A2,HOSVD,5.726999999999862
2.502744648765811,3,100,7970,5,3000,A3,HOSVD,5.726999999999862
13.672043801035576,3,100,7970,5,3000,core,HOSVD,5.726999999999862
3.5553725677882757,3,100,7970,5,3000,A1,HOOI,20.929000000000087
0.018984890928957422,3,100,7970,5,3000,A2,HOOI,20.929000000000087
2.5055576538504463,3,100,7970,5,3000,A3,HOOI,20.929000000000087
13.965062114017156,3,100,7970,5,3000,core,HOOI,20.929000000000087
4.205067614251712,3,100,7970,5,3000,A1,Olga,10.261000000000422
0.06859258932981567,3,100,7970,5,3000,A2,Olga,10.261000000000422
2.902342172013755,3,100,7970,5,3000,A3,Tracy,10.261000000000422
13.642327471132813,3,100,7970,5,3000,core,Tracy_Olga,10.261000000000422
5.115483495801859,3,100,8944,5,3000,A1,NTD,680.049
2.9064239973255694,3,100,8944,5,3000,A2,NTD,680.049
8941.05223583418,3,100,8944,5,3000,A3,NTD,680.049
10.876520319124419,3,100,8944,5,3000,core,NTD,680.049
4.4511771437146415,3,100,8944,5,3000,A1,Ours,27.908000000000357
0.008187502653167917,3,100,8944,5,3000,A2,Ours,27.908000000000357
2.571353040484463,3,100,8944,5,3000,A3,Ours,27.908000000000357
13.684579003372367,3,100,8944,5,3000,core,Ours,27.908000000000357
4.4511771437146415,3,100,8944,5,3000,A1,HOSVD,6.149999999999636
0.008187502653167917,3,100,8944,5,3000,A2,HOSVD,6.149999999999636
2.502783123398796,3,100,8944,5,3000,A3,HOSVD,6.149999999999636
13.665680503025081,3,100,8944,5,3000,core,HOSVD,6.149999999999636
4.4474263098994795,3,100,8944,5,3000,A1,HOOI,25.555999999999585
0.008223512140129592,3,100,8944,5,3000,A2,HOOI,25.555999999999585
2.5001333816080864,3,100,8944,5,3000,A3,HOOI,25.555999999999585
13.965062114017156,3,100,8944,5,3000,core,HOOI,25.555999999999585
3.5449572477171545,3,100,8944,5,3000,A1,Olga,11.8149999999996
0.10923074221404448,3,100,8944,5,3000,A2,Olga,11.8149999999996
2.9018926188939744,3,100,8944,5,3000,A3,Tracy,11.8149999999996
13.3424922645609,3,100,8944,5,3000,core,Tracy_Olga,11.8149999999996
2.484342887946448,3,100,9940,5,3000,A1,NTD,775.0060000000003
1.323156190654122,3,100,9940,5,3000,A2,NTD,775.0060000000003
9937.063902102942,3,100,9940,5,3000,A3,NTD,775.0060000000003
13.984138612962738,3,100,9940,5,3000,core,NTD,775.0060000000003
3.6252663868251225,3,100,9940,5,3000,A1,Ours,32.57900000000063
0.012427949891448964,3,100,9940,5,3000,A2,Ours,32.57900000000063
2.5968031138562013,3,100,9940,5,3000,A3,Ours,32.57900000000063
13.3424922645609,3,100,9940,5,3000,core,Ours,32.57900000000063
3.6252663868251225,3,100,9940,5,3000,A1,HOSVD,6.78400000000056
0.012427949891448964,3,100,9940,5,3000,A2,HOSVD,6.78400000000056
2.512203398039374,3,100,9940,5,3000,A3,HOSVD,6.78400000000056
13.3424922645609,3,100,9940,5,3000,core,HOSVD,6.78400000000056
3.6236500451269813,3,100,9940,5,3000,A1,HOOI,31.155000000000655
0.01177742583775961,3,100,9940,5,3000,A2,HOOI,31.155000000000655
2.513951389953013,3,100,9940,5,3000,A3,HOOI,31.155000000000655
13.3424922645609,3,100,9940,5,3000,core,HOOI,31.155000000000655
4.484776498366465,3,100,9940,5,3000,A1,Olga,14.784999999999854
0.10163547911691974,3,100,9940,5,3000,A2,Olga,14.784999999999854
2.9026892320978885,3,100,9940,5,3000,A3,Tracy,14.784999999999854
13.3424922645609,3,100,9940,5,3000,core,Tracy_Olga,14.784999999999854
8.333510645016851,3,100,100,5,10000,A1,NTD,9.733999999999469
0.38709223997477565,3,100,100,5,10000,A2,NTD,9.733999999999469
97,3,100,100,5,10000,A3,NTD,9.733999999999469
11.977395677854355,3,100,100,5,10000,core,NTD,9.733999999999469
1.6842837849821952,3,100,100,5,10000,A1,Ours,0.15499999999974534
0.0028830368298727867,3,100,100,5,10000,A2,Ours,0.15499999999974534
0.019249320760607303,3,100,100,5,10000,A3,Ours,0.15499999999974534
13.17262037967989,3,100,100,5,10000,core,Ours,0.15499999999974534
1.6842837849821952,3,100,100,5,10000,A1,HOSVD,0.1389999999992142
0.0028830368298727867,3,100,100,5,10000,A2,HOSVD,0.1389999999992142
0.019249437080497516,3,100,100,5,10000,A3,HOSVD,0.1389999999992142
13.172620306713293,3,100,100,5,10000,core,HOSVD,0.1389999999992142
1.6797094096410914,3,100,100,5,10000,A1,HOOI,0.20100000000002183
0.002880908655590353,3,100,100,5,10000,A2,HOOI,0.20100000000002183
0.019243252461876376,3,100,100,5,10000,A3,HOOI,0.20100000000002183
13.17257065087772,3,100,100,5,10000,core,HOOI,0.20100000000002183
1.512098198143878,3,100,100,5,10000,A1,Olga,0.1389999999992142
0.0033074948427364768,3,100,100,5,10000,A2,Olga,0.1389999999992142
0.9782941172791166,3,100,100,5,10000,A3,Tracy,0.1389999999992142
13.38187819548613,3,100,100,5,10000,core,Tracy_Olga,0.1389999999992142
8.237202304249802,3,100,500,5,10000,A1,NTD,33.177999999999884
0.2915806474954212,3,100,500,5,10000,A2,NTD,33.177999999999884
497.00002467480317,3,100,500,5,10000,A3,NTD,33.177999999999884
11.105861486235893,3,100,500,5,10000,core,NTD,33.177999999999884
1.7613852881538914,3,100,500,5,10000,A1,Ours,0.568000000000211
0.005779681175380528,3,100,500,5,10000,A2,Ours,0.568000000000211
0.042772928706054966,3,100,500,5,10000,A3,Ours,0.568000000000211
13.195267166659823,3,100,500,5,10000,core,Ours,0.568000000000211
1.7613852881538914,3,100,500,5,10000,A1,HOSVD,0.5100000000002183
0.005779681175380528,3,100,500,5,10000,A2,HOSVD,0.5100000000002183
0.04277514200920261,3,100,500,5,10000,A3,HOSVD,0.5100000000002183
13.19526317700823,3,100,500,5,10000,core,HOSVD,0.5100000000002183
1.7685147193035122,3,100,500,5,10000,A1,HOOI,0.8240000000005239
0.0057036877796921865,3,100,500,5,10000,A2,HOOI,0.8240000000005239
0.04275848480225863,3,100,500,5,10000,A3,HOOI,0.8240000000005239
13.194954072158797,3,100,500,5,10000,core,HOOI,0.8240000000005239
1.5296949828764717,3,100,500,5,10000,A1,Olga,0.5480000000006839
0.004200022992485757,3,100,500,5,10000,A2,Olga,0.5480000000006839
1.2660756066983383,3,100,500,5,10000,A3,Tracy,0.5480000000006839
13.177313781247122,3,100,500,5,10000,core,Tracy_Olga,0.5480000000006839
3.0702804698201023,3,100,1000,5,10000,A1,NTD,70.96600000000035
0.4221777015442799,3,100,1000,5,10000,A2,NTD,70.96600000000035
997.000024351129,3,100,1000,5,10000,A3,NTD,70.96600000000035
10.10301575539667,3,100,1000,5,10000,core,NTD,70.96600000000035
2.462857141777859,3,100,1000,5,10000,A1,Ours,1.0599999999994907
0.009181278040518591,3,100,1000,5,10000,A2,Ours,1.0599999999994907
0.05998501326112756,3,100,1000,5,10000,A3,Ours,1.0599999999994907
13.194384341727112,3,100,1000,5,10000,core,Ours,1.0599999999994907
2.462857141777859,3,100,1000,5,10000,A1,HOSVD,0.8940000000002328
0.009181278040518591,3,100,1000,5,10000,A2,HOSVD,0.8940000000002328
0.059974526490194816,3,100,1000,5,10000,A3,HOSVD,0.8940000000002328
13.194371351020187,3,100,1000,5,10000,core,HOSVD,0.8940000000002328
2.4664166436158603,3,100,1000,5,10000,A1,HOOI,2.0330000000003565
0.009063175539011597,3,100,1000,5,10000,A2,HOOI,2.0330000000003565
0.060049222124528345,3,100,1000,5,10000,A3,HOOI,2.0330000000003565
13.19457296082344,3,100,1000,5,10000,core,HOOI,2.0330000000003565
1.8682579404744795,3,100,1000,5,10000,A1,Olga,1.0029999999997017
0.0018985175665204473,3,100,1000,5,10000,A2,Olga,1.0029999999997017
1.3364388213586995,3,100,1000,5,10000,A3,Tracy,1.0029999999997017
13.167397869545818,3,100,1000,5,10000,core,Tracy_Olga,1.0029999999997017
3.23126539701248,3,100,2500,5,10000,A1,NTD,195.2449999999999
0.2058451790114968,3,100,2500,5,10000,A2,NTD,195.2449999999999
2497.000120724357,3,100,2500,5,10000,A3,NTD,195.2449999999999
10.213017686976606,3,100,2500,5,10000,core,NTD,195.2449999999999
2.452511227596098,3,100,2500,5,10000,A1,Ours,3.9769999999998618
0.013464039677473873,3,100,2500,5,10000,A2,Ours,3.9769999999998618
0.6838157360892604,3,100,2500,5,10000,A3,Ours,3.9769999999998618
13.71844855432414,3,100,2500,5,10000,core,Ours,3.9769999999998618
2.452511227596098,3,100,2500,5,10000,A1,HOSVD,1.8589999999994689
0.013464039677473873,3,100,2500,5,10000,A2,HOSVD,1.8589999999994689
0.683645751693777,3,100,2500,5,10000,A3,HOSVD,1.8589999999994689
13.718209109958273,3,100,2500,5,10000,core,HOSVD,1.8589999999994689
2.4511616543607966,3,100,2500,5,10000,A1,HOOI,4.613000000000284
0.013312647710900495,3,100,2500,5,10000,A2,HOOI,4.613000000000284
0.6743030491903796,3,100,2500,5,10000,A3,HOOI,4.613000000000284
13.70757034740458,3,100,2500,5,10000,core,HOOI,4.613000000000284
1.9138153210066358,3,100,2500,5,10000,A1,Olga,2.3980000000001382
0.0054545867000471955,3,100,2500,5,10000,A2,Olga,2.3980000000001382
1.4584983773624498,3,100,2500,5,10000,A3,Tracy,2.3980000000001382
13.470419628643898,3,100,2500,5,10000,core,Tracy_Olga,2.3980000000001382
3.45163005412021,3,100,4997,5,10000,A1,NTD,357.3810000000003
0.17613082308065556,3,100,4997,5,10000,A2,NTD,357.3810000000003
4994.020560475281,3,100,4997,5,10000,A3,NTD,357.3810000000003
14.79280996026379,3,100,4997,5,10000,core,NTD,357.3810000000003
1.6291138899341162,3,100,4997,5,10000,A1,Ours,11.074999999999818
0.013093549249860417,3,100,4997,5,10000,A2,Ours,11.074999999999818
2.4440342823228893,3,100,4997,5,10000,A3,Ours,11.074999999999818
13.3424922645609,3,100,4997,5,10000,core,Ours,11.074999999999818
1.6291138899341162,3,100,4997,5,10000,A1,HOSVD,3.607999999999265
0.013093549249860417,3,100,4997,5,10000,A2,HOSVD,3.607999999999265
2.441716968300051,3,100,4997,5,10000,A3,HOSVD,3.607999999999265
13.3424922645609,3,100,4997,5,10000,core,HOSVD,3.607999999999265
1.636227789855518,3,100,4997,5,10000,A1,HOOI,10.231999999999971
0.012927699284701954,3,100,4997,5,10000,A2,HOOI,10.231999999999971
2.441007666150566,3,100,4997,5,10000,A3,HOOI,10.231999999999971
13.3424922645609,3,100,4997,5,10000,core,HOOI,10.231999999999971
1.9489393055197652,3,100,4997,5,10000,A1,Olga,5.61200000000008
0.014786456173459054,3,100,4997,5,10000,A2,Olga,5.61200000000008
2.924793862083894,3,100,4997,5,10000,A3,Tracy,5.61200000000008
13.3424922645609,3,100,4997,5,10000,core,Tracy_Olga,5.61200000000008
3.6989016408282476,3,100,5996,5,10000,A1,NTD,414.15700000000015
0.41329249896303233,3,100,5996,5,10000,A2,NTD,414.15700000000015
5993.027715333228,3,100,5996,5,10000,A3,NTD,414.15700000000015
13.687185349395563,3,100,5996,5,10000,core,NTD,414.15700000000015
2.3534305595441722,3,100,5996,5,10000,A1,Ours,13.871000000001004
0.009806110139745767,3,100,5996,5,10000,A2,Ours,13.871000000001004
2.4726239639062095,3,100,5996,5,10000,A3,Ours,13.871000000001004
13.965062114017156,3,100,5996,5,10000,core,Ours,13.871000000001004
2.3534305595441722,3,100,5996,5,10000,A1,HOSVD,4.1009999999987485
0.009806110139745767,3,100,5996,5,10000,A2,HOSVD,4.1009999999987485
2.4696341438672524,3,100,5996,5,10000,A3,HOSVD,4.1009999999987485
13.965062114017156,3,100,5996,5,10000,core,HOSVD,4.1009999999987485
2.358356373200078,3,100,5996,5,10000,A1,HOOI,11.364000000001397
0.009576104413208022,3,100,5996,5,10000,A2,HOOI,11.364000000001397
2.469936538944952,3,100,5996,5,10000,A3,HOOI,11.364000000001397
13.965062114017156,3,100,5996,5,10000,core,HOOI,11.364000000001397
1.645295379957938,3,100,5996,5,10000,A1,Olga,6.637000000000626
0.018971773693910756,3,100,5996,5,10000,A2,Olga,6.637000000000626
2.9075447650556434,3,100,5996,5,10000,A3,Tracy,6.637000000000626
13.668065960348741,3,100,5996,5,10000,core,Tracy_Olga,6.637000000000626
3.0269283636596294,3,100,6994,5,10000,A1,NTD,469.8639999999996
0.19844448004729737,3,100,6994,5,10000,A2,NTD,469.8639999999996
6991.019638235494,3,100,6994,5,10000,A3,NTD,469.8639999999996
15.005498631355119,3,100,6994,5,10000,core,NTD,469.8639999999996
1.437789145018452,3,100,6994,5,10000,A1,Ours,18.061999999999898
0.007398524953236696,3,100,6994,5,10000,A2,Ours,18.061999999999898
2.446400670009811,3,100,6994,5,10000,A3,Ours,18.061999999999898
13.3424922645609,3,100,6994,5,10000,core,Ours,18.061999999999898
1.437789145018452,3,100,6994,5,10000,A1,HOSVD,4.733999999998559
0.007398524953236696,3,100,6994,5,10000,A2,HOSVD,4.733999999998559
2.44242518630481,3,100,6994,5,10000,A3,HOSVD,4.733999999998559
13.3424922645609,3,100,6994,5,10000,core,HOSVD,4.733999999998559
1.4426626278799413,3,100,6994,5,10000,A1,HOOI,12.993000000000393
0.007453896552667122,3,100,6994,5,10000,A2,HOOI,12.993000000000393
2.442568760077891,3,100,6994,5,10000,A3,HOOI,12.993000000000393
13.3424922645609,3,100,6994,5,10000,core,HOOI,12.993000000000393
1.7075994118550801,3,100,6994,5,10000,A1,Olga,8.403999999998632
0.030496821235204096,3,100,6994,5,10000,A2,Olga,8.403999999998632
2.872368360010196,3,100,6994,5,10000,A3,Tracy,8.403999999998632
13.3424922645609,3,100,6994,5,10000,core,Tracy_Olga,8.403999999998632
2.9964201271448703,3,100,7989,5,10000,A1,NTD,535.0100000000002
3.508579775103815,3,100,7989,5,10000,A2,NTD,535.0100000000002
7986.028109810154,3,100,7989,5,10000,A3,NTD,535.0100000000002
13.272323422742895,3,100,7989,5,10000,core,NTD,535.0100000000002
3.051061066127717,3,100,7989,5,10000,A1,Ours,22.411000000000058
0.011299919536922111,3,100,7989,5,10000,A2,Ours,22.411000000000058
2.4980173275737845,3,100,7989,5,10000,A3,Ours,22.411000000000058
13.3424922645609,3,100,7989,5,10000,core,Ours,22.411000000000058
3.051061066127717,3,100,7989,5,10000,A1,HOSVD,5.495999999999185
0.011299919536922111,3,100,7989,5,10000,A2,HOSVD,5.495999999999185
2.4931339632516236,3,100,7989,5,10000,A3,HOSVD,5.495999999999185
13.3424922645609,3,100,7989,5,10000,core,HOSVD,5.495999999999185
3.0561082926549,3,100,7989,5,10000,A1,HOOI,19.689000000000306
0.011623970955239456,3,100,7989,5,10000,A2,HOOI,19.689000000000306
2.493372072364052,3,100,7989,5,10000,A3,HOOI,19.689000000000306
13.3424922645609,3,100,7989,5,10000,core,HOOI,19.689000000000306
2.2398282397951785,3,100,7989,5,10000,A1,Olga,10.177999999999884
0.0228272325570457,3,100,7989,5,10000,A2,Olga,10.177999999999884
2.8845024554122376,3,100,7989,5,10000,A3,Tracy,10.177999999999884
13.3424922645609,3,100,7989,5,10000,core,Tracy_Olga,10.177999999999884
11.06295364123323,3,100,8987,5,10000,A1,NTD,607.098
4.169600374405926,3,100,8987,5,10000,A2,NTD,607.098
8984.020167681847,3,100,8987,5,10000,A3,NTD,607.098
11.141633105533819,3,100,8987,5,10000,core,NTD,607.098
1.922838417196604,3,100,8987,5,10000,A1,Ours,28.24699999999939
0.009457073339445865,3,100,8987,5,10000,A2,Ours,28.24699999999939
2.4841775457722983,3,100,8987,5,10000,A3,Ours,28.24699999999939
13.3424922645609,3,100,8987,5,10000,core,Ours,28.24699999999939
1.922838417196604,3,100,8987,5,10000,A1,HOSVD,6.039999999999054
0.009457073339445865,3,100,8987,5,10000,A2,HOSVD,6.039999999999054
2.477802336479095,3,100,8987,5,10000,A3,HOSVD,6.039999999999054
13.3424922645609,3,100,8987,5,10000,core,HOSVD,6.039999999999054
1.9216043915045138,3,100,8987,5,10000,A1,HOOI,23.340000000000146
0.00960827424273932,3,100,8987,5,10000,A2,HOOI,23.340000000000146
2.4780360501016396,3,100,8987,5,10000,A3,HOOI,23.340000000000146
13.3424922645609,3,100,8987,5,10000,core,HOOI,23.340000000000146
2.1590813513589415,3,100,8987,5,10000,A1,Olga,12.18499999999949
0.03328462811835627,3,100,8987,5,10000,A2,Olga,12.18499999999949
2.893488641512262,3,100,8987,5,10000,A3,Tracy,12.18499999999949
13.3424922645609,3,100,8987,5,10000,core,Tracy_Olga,12.18499999999949
2.9508384017795555,3,100,9985,5,10000,A1,NTD,674.9470000000001
0.5214974022283325,3,100,9985,5,10000,A2,NTD,674.9470000000001
9982.022227429485,3,100,9985,5,10000,A3,NTD,674.9470000000001
13.601867473824392,3,100,9985,5,10000,core,NTD,674.9470000000001
2.266615788317362,3,100,9985,5,10000,A1,Ours,33.77800000000025
0.008943316004788133,3,100,9985,5,10000,A2,Ours,33.77800000000025
2.4921093001168004,3,100,9985,5,10000,A3,Ours,33.77800000000025
13.3424922645609,3,100,9985,5,10000,core,Ours,33.77800000000025
2.266615788317362,3,100,9985,5,10000,A1,HOSVD,6.583000000000538
0.008943316004788133,3,100,9985,5,10000,A2,HOSVD,6.583000000000538
2.4845717870790707,3,100,9985,5,10000,A3,HOSVD,6.583000000000538
13.3424922645609,3,100,9985,5,10000,core,HOSVD,6.583000000000538
2.2600797711583094,3,100,9985,5,10000,A1,HOOI,22.93000000000029
0.008532215807226316,3,100,9985,5,10000,A2,HOOI,22.93000000000029
2.4838065525381796,3,100,9985,5,10000,A3,HOOI,22.93000000000029
13.3424922645609,3,100,9985,5,10000,core,HOOI,22.93000000000029
1.9155474894271471,3,100,9985,5,10000,A1,Olga,13.34100000000035
0.039748432597694054,3,100,9985,5,10000,A2,Olga,13.34100000000035
2.88079000353036,3,100,9985,5,10000,A3,Tracy,13.34100000000035
13.3424922645609,3,100,9985,5,10000,core,Tracy_Olga,13.34100000000035
