error,K,Q1,R,Q2,M,mode,method,time
9.550302521827078,3,100,100,5,100,A1,NTD,4.396000000000001
0.012443617381880783,3,100,100,5,100,A2,NTD,4.396000000000001
97.00402563550995,3,100,100,5,100,A3,NTD,4.396000000000001
7.749574192477606,3,100,100,5,100,core,NTD,4.396000000000001
24.77759211437791,3,100,100,5,100,A1,Ours,2.9410000000000007
0.07520803135427659,3,100,100,5,100,A2,Ours,2.9410000000000007
0.19379766019184833,3,100,100,5,100,A3,Ours,2.9410000000000007
11.075025890917573,3,100,100,5,100,core,Ours,2.9410000000000007
24.77759211437791,3,100,100,5,100,A1,HOSVD,1.8439999999999994
0.07520803135427659,3,100,100,5,100,A2,HOSVD,1.8439999999999994
0.19474371892762357,3,100,100,5,100,A3,HOSVD,1.8439999999999994
11.074019792997612,3,100,100,5,100,core,HOSVD,1.8439999999999994
25.394827016594196,3,100,100,5,100,A1,HOOI,1.2620000000000005
0.06435367012916396,3,100,100,5,100,A2,HOOI,1.2620000000000005
0.18979856741110923,3,100,100,5,100,A3,HOOI,1.2620000000000005
11.090754436358798,3,100,100,5,100,core,HOOI,1.2620000000000005
22.371439051791118,3,100,100,5,100,A1,Olga,1.9160000000000004
0.06696040594171337,3,100,100,5,100,A2,Olga,1.9160000000000004
1.1268916799774462,3,100,100,5,100,A3,Tracy,1.9160000000000004
11.894700180265104,3,100,100,5,100,core,Tracy_Olga,1.9160000000000004
9.534432222341094,3,100,499,5,100,A1,NTD,20.326999999999998
1.200421214940579,3,100,499,5,100,A2,NTD,20.326999999999998
496.129435763887,3,100,499,5,100,A3,NTD,20.326999999999998
16.900960531149533,3,100,499,5,100,core,NTD,20.326999999999998
17.589616995830635,3,100,499,5,100,A1,Ours,0.482999999999997
0.11220856052857155,3,100,499,5,100,A2,Ours,0.482999999999997
2.5010774214871656,3,100,499,5,100,A3,Ours,0.482999999999997
11.890840766479574,3,100,499,5,100,core,Ours,0.482999999999997
17.589616995830635,3,100,499,5,100,A1,HOSVD,1.0779999999999959
0.11220856052857155,3,100,499,5,100,A2,HOSVD,1.0779999999999959
2.3264845853170812,3,100,499,5,100,A3,HOSVD,1.0779999999999959
11.793902886847363,3,100,499,5,100,core,HOSVD,1.0779999999999959
17.873000501554376,3,100,499,5,100,A1,HOOI,4.2280000000000015
0.06826100835463401,3,100,499,5,100,A2,HOOI,4.2280000000000015
2.353673367546543,3,100,499,5,100,A3,HOOI,4.2280000000000015
11.815681740114583,3,100,499,5,100,core,HOOI,4.2280000000000015
23.26005958931686,3,100,499,5,100,A1,Olga,4.896000000000001
0.04510967543159462,3,100,499,5,100,A2,Olga,4.896000000000001
2.854578794409839,3,100,499,5,100,A3,Tracy,4.896000000000001
10.137546514257227,3,100,499,5,100,core,Tracy_Olga,4.896000000000001
43.270140582471505,3,100,984,5,100,A1,NTD,38.845
2.0301610361947837,3,100,984,5,100,A2,NTD,38.845
981.2175987685789,3,100,984,5,100,A3,NTD,38.845
6.143743982510724,3,100,984,5,100,core,NTD,38.845
19.761719124154347,3,100,984,5,100,A1,Ours,8.015999999999991
0.12529951273528292,3,100,984,5,100,A2,Ours,8.015999999999991
4.912850393066424,3,100,984,5,100,A3,Ours,8.015999999999991
11.920179933972875,3,100,984,5,100,core,Ours,8.015999999999991
19.761719124154347,3,100,984,5,100,A1,HOSVD,11.995000000000005
0.12529951273528292,3,100,984,5,100,A2,HOSVD,11.995000000000005
2.4330599255617695,3,100,984,5,100,A3,HOSVD,11.995000000000005
10.175791150598577,3,100,984,5,100,core,HOSVD,11.995000000000005
18.88012392088754,3,100,984,5,100,A1,HOOI,9.98899999999999
0.13309093206769157,3,100,984,5,100,A2,HOOI,9.98899999999999
2.4573611823112644,3,100,984,5,100,A3,HOOI,9.98899999999999
10.168549709048559,3,100,984,5,100,core,HOOI,9.98899999999999
30.22493952045018,3,100,984,5,100,A1,Olga,10.265000000000015
0.11004449426603086,3,100,984,5,100,A2,Olga,10.265000000000015
2.9148291967523945,3,100,984,5,100,A3,Tracy,10.265000000000015
11.885300522113598,3,100,984,5,100,core,Tracy_Olga,10.265000000000015
65.76102297464602,3,100,2400,5,100,A1,NTD,88.464999999999975
4.00689762396654,3,100,2400,5,100,A2,NTD,88.464999999999975
2397.3178632514714,3,100,2400,5,100,A3,NTD,88.464999999999975
13.51527115174026,3,100,2400,5,100,core,NTD,88.464999999999975
23.851474314387733,3,100,2400,5,100,A1,Ours,2.2079999999999984
0.046950131279781857,3,100,2400,5,100,A2,Ours,2.2079999999999984
5.086522586203029,3,100,2400,5,100,A3,Ours,2.2079999999999984
11.662095937951646,3,100,2400,5,100,core,Ours,2.2079999999999984
23.851474314387733,3,100,2400,5,100,A1,HOSVD,0.8080000000000211
0.046950131279781857,3,100,2400,5,100,A2,HOSVD,0.8080000000000211
2.5765747264906715,3,100,2400,5,100,A3,HOSVD,0.8080000000000211
11.594253727125128,3,100,2400,5,100,core,HOSVD,0.8080000000000211
24.028381220152994,3,100,2400,5,100,A1,HOOI,7.11099999999999
0.05610568491775875,3,100,2400,5,100,A2,HOOI,7.11099999999999
3.690094914549345,3,100,2400,5,100,A3,HOOI,7.11099999999999
14.758008989437212,3,100,2400,5,100,core,HOOI,7.11099999999999
82.39960317673568,3,100,2400,5,100,A1,Olga,5.3160000000000025
0.31231264599174896,3,100,2400,5,100,A2,Olga,5.3160000000000025
3.0033064845046606,3,100,2400,5,100,A3,Tracy,5.3160000000000025
11.822710271428388,3,100,2400,5,100,core,Tracy_Olga,5.3160000000000025
109.13826942092456,3,100,4534,5,100,A1,NTD,159.996
4.021131745522295,3,100,4534,5,100,A2,NTD,159.996
4531.466281916594,3,100,4534,5,100,A3,NTD,159.996
12.524349867474703,3,100,4534,5,100,core,NTD,159.996
12.214281989630901,3,100,4534,5,100,A1,Ours,5.891999999999996
0.029848271165473172,3,100,4534,5,100,A2,Ours,5.891999999999996
5.234685724321243,3,100,4534,5,100,A3,Ours,5.891999999999996
10.377814757285467,3,100,4534,5,100,core,Ours,5.891999999999996
12.214281989630901,3,100,4534,5,100,A1,HOSVD,2.72199999999998
0.029848271165473172,3,100,4534,5,100,A2,HOSVD,2.72199999999998
2.6888481657689276,3,100,4534,5,100,A3,HOSVD,2.72199999999998
12.014554144995856,3,100,4534,5,100,core,HOSVD,2.72199999999998
11.987046385307785,3,100,4534,5,100,A1,HOOI,15.703000000000031
0.0312017875164898,3,100,4534,5,100,A2,HOOI,15.703000000000031
3.7650756021439293,3,100,4534,5,100,A3,HOOI,15.703000000000031
11.914906227240808,3,100,4534,5,100,core,HOOI,15.703000000000031
76.43123011903913,3,100,4534,5,100,A1,Olga,12.966000000000008
0.23968379982483187,3,100,4534,5,100,A2,Olga,12.966000000000008
3.159868710180646,3,100,4534,5,100,A3,Tracy,12.966000000000008
8.900382025805968,3,100,4534,5,100,core,Tracy_Olga,12.966000000000008
106.73327467674152,3,100,5318,5,100,A1,NTD,190.19
4.039191394493249,3,100,5318,5,100,A2,NTD,190.19
5315.494720498669,3,100,5318,5,100,A3,NTD,190.19
11.384203726283653,3,100,5318,5,100,core,NTD,190.19
19.800063984603604,3,100,5318,5,100,A1,Ours,5.627000000000066
0.03700341133429831,3,100,5318,5,100,A2,Ours,5.627000000000066
5.209395982183957,3,100,5318,5,100,A3,Ours,5.627000000000066
12.08833764192228,3,100,5318,5,100,core,Ours,5.627000000000066
19.800063984603604,3,100,5318,5,100,A1,HOSVD,2.0440000000000964
0.03700341133429831,3,100,5318,5,100,A2,HOSVD,2.0440000000000964
2.6774879813719386,3,100,5318,5,100,A3,HOSVD,2.0440000000000964
12.007934258222122,3,100,5318,5,100,core,HOSVD,2.0440000000000964
19.67981145482327,3,100,5318,5,100,A1,HOOI,6.853999999999928
0.04605196799083852,3,100,5318,5,100,A2,HOOI,6.853999999999928
4.846301511054069,3,100,5318,5,100,A3,HOOI,6.853999999999928
9.911886224070988,3,100,5318,5,100,core,HOOI,6.853999999999928
77.79865177014945,3,100,5318,5,100,A1,Olga,3.3460000000000036
0.5936893252359852,3,100,5318,5,100,A2,Olga,3.3460000000000036
3.897327133050392,3,100,5318,5,100,A3,Tracy,3.3460000000000036
10.058901630766828,3,100,5318,5,100,core,Tracy_Olga,3.3460000000000036
108.24115378865557,3,100,6086,5,100,A1,NTD,208.11400000000003
4.021147796033453,3,100,6086,5,100,A2,NTD,208.11400000000003
6083.732279298111,3,100,6086,5,100,A3,NTD,208.11400000000003
12.205201272325779,3,100,6086,5,100,core,NTD,208.11400000000003
17.6333601801601,3,100,6086,5,100,A1,Ours,6.030000000000086
0.04279803496307319,3,100,6086,5,100,A2,Ours,6.030000000000086
5.224040753442535,3,100,6086,5,100,A3,Ours,6.030000000000086
13.866634812728844,3,100,6086,5,100,core,Ours,6.030000000000086
17.6333601801601,3,100,6086,5,100,A1,HOSVD,1.8740000000000236
0.04279803496307319,3,100,6086,5,100,A2,HOSVD,1.8740000000000236
3.5918789252716508,3,100,6086,5,100,A3,HOSVD,1.8740000000000236
8.544927691081083,3,100,6086,5,100,core,HOSVD,1.8740000000000236
18.812149593642015,3,100,6086,5,100,A1,HOOI,7.423000000000002
0.07702149259503142,3,100,6086,5,100,A2,HOOI,7.423000000000002
3.9422355550267114,3,100,6086,5,100,A3,HOOI,7.423000000000002
11.762523725278596,3,100,6086,5,100,core,HOOI,7.423000000000002
87.23418746527415,3,100,6086,5,100,A1,Olga,2.9700000000000273
0.33373326645550283,3,100,6086,5,100,A2,Olga,2.9700000000000273
4.668948882560057,3,100,6086,5,100,A3,Tracy,2.9700000000000273
11.098088453355407,3,100,6086,5,100,core,Tracy_Olga,2.9700000000000273
127.88495909212894,3,100,6822,5,100,A1,NTD,214.41099999999994
4.006833618674521,3,100,6822,5,100,A2,NTD,214.41099999999994
6819.597140195213,3,100,6822,5,100,A3,NTD,214.41099999999994
12.444747124984213,3,100,6822,5,100,core,NTD,214.41099999999994
22.2980554401733,3,100,6822,5,100,A1,Ours,12.881000000000085
0.055695684984342034,3,100,6822,5,100,A2,Ours,12.881000000000085
5.345947546913883,3,100,6822,5,100,A3,Ours,12.881000000000085
10.088344779233935,3,100,6822,5,100,core,Ours,12.881000000000085
22.2980554401733,3,100,6822,5,100,A1,HOSVD,4.563000000000102
0.055695684984342034,3,100,6822,5,100,A2,HOSVD,4.563000000000102
3.9092329310115894,3,100,6822,5,100,A3,HOSVD,4.563000000000102
8.974021202335884,3,100,6822,5,100,core,HOSVD,4.563000000000102
21.89254949617703,3,100,6822,5,100,A1,HOOI,10.413999999999987
0.028394867410217912,3,100,6822,5,100,A2,HOOI,10.413999999999987
3.9946725411697477,3,100,6822,5,100,A3,HOOI,10.413999999999987
11.474772952569756,3,100,6822,5,100,core,HOOI,10.413999999999987
78.77116254907652,3,100,6822,5,100,A1,Olga,9.173999999999978
0.2373232422195491,3,100,6822,5,100,A2,Olga,9.173999999999978
4.110853494289507,3,100,6822,5,100,A3,Tracy,9.173999999999978
13.731519055945892,3,100,6822,5,100,core,Tracy_Olga,9.173999999999978
119.2553949412574,3,100,7511,5,100,A1,NTD,238.72000000000003
4.03016955070744,3,100,7511,5,100,A2,NTD,238.72000000000003
7508.542501694237,3,100,7511,5,100,A3,NTD,238.72000000000003
11.451740529235302,3,100,7511,5,100,core,NTD,238.72000000000003
17.62476161282001,3,100,7511,5,100,A1,Ours,9.4210000000000491
0.03608786030878676,3,100,7511,5,100,A2,Ours,9.4210000000000491
5.307338935198668,3,100,7511,5,100,A3,Ours,9.4210000000000491
13.042785675678328,3,100,7511,5,100,core,Ours,9.4210000000000491
18.238287435126427,3,100,7511,5,100,A1,HOOI,10.355000000000018
0.03920933359083044,3,100,7511,5,100,A2,HOOI,10.355000000000018
3.800852508067869,3,100,7511,5,100,A3,HOOI,10.355000000000018
11.744137920509393,3,100,7511,5,100,core,HOOI,10.355000000000018
76.97096934830444,3,100,7511,5,100,A1,Olga,4.251999999999953
0.031006119956417097,3,100,7511,5,100,A2,Olga,4.251999999999953
3.985649020885751,3,100,7511,5,100,A3,Tracy,4.251999999999953
15.82341280367233,3,100,7511,5,100,core,Tracy_Olga,4.251999999999953
117.15355517443393,3,100,8189,5,100,A1,NTD,249.48399999999992
2.0211718371643794,3,100,8189,5,100,A2,NTD,249.48399999999992
8186.555795533303,3,100,8189,5,100,A3,NTD,249.48399999999992
11.95996596297932,3,100,8189,5,100,core,NTD,249.48399999999992
14.597773682333385,3,100,8189,5,100,A1,Ours,12.20900000000006
0.054168811350780374,3,100,8189,5,100,A2,Ours,12.20900000000006
5.321719580834208,3,100,8189,5,100,A3,Ours,12.20900000000006
13.988994664035713,3,100,8189,5,100,core,Ours,12.20900000000006
14.597773682333385,3,100,8189,5,100,A1,HOSVD,2.9450000000001637
0.054168811350780374,3,100,8189,5,100,A2,HOSVD,2.9450000000001637
4.214132225308309,3,100,8189,5,100,A3,HOSVD,2.9450000000001637
11.954635717078029,3,100,8189,5,100,core,HOSVD,2.9450000000001637
17.479936797825957,3,100,8189,5,100,A1,HOOI,11.692999999999984
0.051760455667107484,3,100,8189,5,100,A2,HOOI,11.692999999999984
3.7591447890975282,3,100,8189,5,100,A3,HOOI,11.692999999999984
10.763228702638308,3,100,8189,5,100,core,HOOI,11.692999999999984
67.12530578443622,3,100,100,5,3000,A1,NTD,3.3819999999998345
0.2411230559243223,3,100,100,5,3000,A2,NTD,3.3819999999998345
97.00008975694554,3,100,100,5,3000,A3,NTD,3.3819999999998345
11.576247395504287,3,100,100,5,3000,core,NTD,3.3819999999998345
3.8360164373559917,3,100,100,5,3000,A1,Ours,4.001999999999953
0.005036810646315016,3,100,100,5,3000,A2,Ours,4.001999999999953
0.031624128075166444,3,100,100,5,3000,A3,Ours,4.001999999999953
11.949476476467588,3,100,100,5,3000,core,Ours,4.001999999999953
3.8360164373559917,3,100,100,5,3000,A1,HOSVD,2.066000000000031
0.005036810646315016,3,100,100,5,3000,A2,HOSVD,2.066000000000031
0.0316255685422925,3,100,100,5,3000,A3,HOSVD,2.066000000000031
11.949480502025297,3,100,100,5,3000,core,HOSVD,2.066000000000031
3.738220527054757,3,100,100,5,3000,A1,HOOI,2.0240000000001146
0.0050795461865108145,3,100,100,5,3000,A2,HOOI,2.0240000000001146
0.031777886486833926,3,100,100,5,3000,A3,HOOI,2.0240000000001146
11.943514155596759,3,100,100,5,3000,core,HOOI,2.0240000000001146
3.1788532747231573,3,100,100,5,3000,A1,Olga,1.97400000000016
0.007422013567636452,3,100,100,5,3000,A2,Olga,1.97400000000016
1.111521610818219,3,100,100,5,3000,A3,Tracy,1.97400000000016
11.904677989407826,3,100,100,5,3000,core,Tracy_Olga,1.97400000000016
4.877255219060206,3,100,500,5,3000,A1,NTD,14.258000000000038
0.05620009698440885,3,100,500,5,3000,A2,NTD,14.258000000000038
497.0000429846578,3,100,500,5,3000,A3,NTD,14.258000000000038
4.360429277586209,3,100,500,5,3000,core,NTD,14.258000000000038
2.8739845001110207,3,100,500,5,3000,A1,Ours,4.926000000000158
0.008845474789546611,3,100,500,5,3000,A2,Ours,4.926000000000158
0.07190593094092598,3,100,500,5,3000,A3,Ours,4.926000000000158
11.908668998960335,3,100,500,5,3000,core,Ours,4.926000000000158
2.8739845001110207,3,100,500,5,3000,A1,HOSVD,5.9780000000000655
0.008845474789546611,3,100,500,5,3000,A2,HOSVD,5.9780000000000655
0.07190418706955037,3,100,500,5,3000,A3,HOSVD,5.9780000000000655
11.908640497658507,3,100,500,5,3000,core,HOSVD,5.9780000000000655
2.8764738365394082,3,100,500,5,3000,A1,HOOI,5.350000000000136
0.009862996786006313,3,100,500,5,3000,A2,HOOI,5.350000000000136
0.07193238091307863,3,100,500,5,3000,A3,HOOI,5.350000000000136
11.90858887669059,3,100,500,5,3000,core,HOOI,5.350000000000136
2.3614234187728975,3,100,500,5,3000,A1,Olga,5.851000000000113
0.014510060449844035,3,100,500,5,3000,A2,Olga,5.851000000000113
1.238324919774867,3,100,500,5,3000,A3,Tracy,5.851000000000113
11.91513152106647,3,100,500,5,3000,core,Tracy_Olga,5.851000000000113
4.067728417233756,3,100,1000,5,3000,A1,NTD,32.735999999999876
0.16006682384084628,3,100,1000,5,3000,A2,NTD,32.735999999999876
997.0003245344982,3,100,1000,5,3000,A3,NTD,32.735999999999876
13.76157098674548,3,100,1000,5,3000,core,NTD,32.735999999999876
2.848500249495209,3,100,1000,5,3000,A1,Ours,6.24799999999982
0.00821705952487891,3,100,1000,5,3000,A2,Ours,6.24799999999982
0.25810273483241436,3,100,1000,5,3000,A3,Ours,6.24799999999982
11.782687283642282,3,100,1000,5,3000,core,Ours,6.24799999999982
2.848500249495209,3,100,1000,5,3000,A1,HOSVD,5.725999999999885
0.00821705952487891,3,100,1000,5,3000,A2,HOSVD,5.725999999999885
0.2577580434592481,3,100,1000,5,3000,A3,HOSVD,5.725999999999885
11.782294513728527,3,100,1000,5,3000,core,HOSVD,5.725999999999885
2.8346784320521436,3,100,1000,5,3000,A1,HOOI,6.1340000000000146
0.008515124027092699,3,100,1000,5,3000,A2,HOOI,6.1340000000000146
0.22445388006895534,3,100,1000,5,3000,A3,HOOI,6.1340000000000146
11.780160097688842,3,100,1000,5,3000,core,HOOI,6.1340000000000146
2.723707526935697,3,100,1000,5,3000,A1,Olga,6.557999999999993
0.010497235248574158,3,100,1000,5,3000,A2,Olga,6.557999999999993
1.364245060223867,3,100,1000,5,3000,A3,Tracy,6.557999999999993
11.928001064796677,3,100,1000,5,3000,core,Tracy_Olga,6.557999999999993
89.02738829219635,3,100,2500,5,3000,A1,NTD,79.74000000000001
0.3158501500855529,3,100,2500,5,3000,A2,NTD,79.74000000000001
2497.0006783280473,3,100,2500,5,3000,A3,NTD,79.74000000000001
15.591497096514228,3,100,2500,5,3000,core,NTD,79.74000000000001
4.568672620535414,3,100,2500,5,3000,A1,Ours,1.8240000000000691
0.005598325581496211,3,100,2500,5,3000,A2,Ours,1.8240000000000691
0.5467142331810653,3,100,2500,5,3000,A3,Ours,1.8240000000000691
12.007934258222122,3,100,2500,5,3000,core,Ours,1.8240000000000691
4.568672620535414,3,100,2500,5,3000,A1,HOSVD,1.36200000000008
0.005598325581496211,3,100,2500,5,3000,A2,HOSVD,1.36200000000008
0.5437256234634107,3,100,2500,5,3000,A3,HOSVD,1.36200000000008
12.007934258222122,3,100,2500,5,3000,core,HOSVD,1.36200000000008
4.574144525633184,3,100,2500,5,3000,A1,HOOI,3.453999999999951
0.005622220595267246,3,100,2500,5,3000,A2,HOOI,3.453999999999951
0.5434008927637178,3,100,2500,5,3000,A3,HOOI,3.453999999999951
12.007934258222122,3,100,2500,5,3000,core,HOOI,3.453999999999951
3.1402630405020306,3,100,2500,5,3000,A1,Olga,2.229000000000042
0.007756236295440054,3,100,2500,5,3000,A2,Olga,2.229000000000042
1.5395236561143724,3,100,2500,5,3000,A3,Tracy,2.229000000000042
12.007934258222122,3,100,2500,5,3000,core,Tracy_Olga,2.229000000000042
3.644725329244464,3,100,4988,5,3000,A1,NTD,173.01099999999997
0.8724369759175525,3,100,4988,5,3000,A2,NTD,173.01099999999997
4985.040841723459,3,100,4988,5,3000,A3,NTD,173.01099999999997
15.450739386643924,3,100,4988,5,3000,core,NTD,173.01099999999997
4.22522276783791,3,100,4988,5,3000,A1,Ours,5.177000000000135
0.018767302248583157,3,100,4988,5,3000,A2,Ours,5.177000000000135
2.4675366652631134,3,100,4988,5,3000,A3,Ours,5.177000000000135
12.007934258222122,3,100,4988,5,3000,core,Ours,5.177000000000135
4.22522276783791,3,100,4988,5,3000,A1,HOSVD,1.8710000000000946
0.018767302248583157,3,100,4988,5,3000,A2,HOSVD,1.8710000000000946
2.44709849543993,3,100,4988,5,3000,A3,HOSVD,1.8710000000000946
12.007934258222122,3,100,4988,5,3000,core,HOSVD,1.8710000000000946
4.222867329590512,3,100,4988,5,3000,A1,HOOI,4.244999999999891
0.019410504869304346,3,100,4988,5,3000,A2,HOOI,4.244999999999891
2.4477385293566876,3,100,4988,5,3000,A3,HOOI,4.244999999999891
11.99802741314435,3,100,4988,5,3000,core,HOOI,4.244999999999891
3.994113150782934,3,100,4988,5,3000,A1,Olga,2.5130000000003747
0.01419233684082616,3,100,4988,5,3000,A2,Olga,2.5130000000003747
2.97735555535571,3,100,4988,5,3000,A3,Tracy,2.5130000000003747
12.007934258222122,3,100,4988,5,3000,core,Tracy_Olga,2.5130000000003747
3.360080467137061,3,100,5979,5,3000,A1,NTD,199.2230000000004
0.9763194181391227,3,100,5979,5,3000,A2,NTD,199.2230000000004
5976.048273736448,3,100,5979,5,3000,A3,NTD,199.2230000000004
12.028899284936646,3,100,5979,5,3000,core,NTD,199.2230000000004
2.8477733192206145,3,100,5979,5,3000,A1,Ours,7.101999999999862
0.026001917999390854,3,100,5979,5,3000,A2,Ours,7.101999999999862
2.4623618816231634,3,100,5979,5,3000,A3,Ours,7.101999999999862
12.007934258222122,3,100,5979,5,3000,core,Ours,7.101999999999862
2.8477733192206145,3,100,5979,5,3000,A1,HOSVD,2.0239999999998872
0.026001917999390854,3,100,5979,5,3000,A2,HOSVD,2.0239999999998872
2.433114649162401,3,100,5979,5,3000,A3,HOSVD,2.0239999999998872
12.007934258222122,3,100,5979,5,3000,core,HOSVD,2.0239999999998872
2.8693166436749364,3,100,5979,5,3000,A1,HOOI,5.2409999999999854
0.025405242060650837,3,100,5979,5,3000,A2,HOOI,5.2409999999999854
2.4334202805658225,3,100,5979,5,3000,A3,HOOI,5.2409999999999854
12.007934258222122,3,100,5979,5,3000,core,HOOI,5.2409999999999854
3.6988577321885803,3,100,5979,5,3000,A1,Olga,3.3159999999998035
0.02405271643827037,3,100,5979,5,3000,A2,Olga,3.3159999999998035
2.988949519163752,3,100,5979,5,3000,A3,Tracy,3.3159999999998035
12.007934258222122,3,100,5979,5,3000,core,Tracy_Olga,3.3159999999998035
4.602397079824546,3,100,6971,5,3000,A1,NTD,215.09000000000015
2.9921054902765927,3,100,6971,5,3000,A2,NTD,215.09000000000015
6968.057003532045,3,100,6971,5,3000,A3,NTD,215.09000000000015
9.286742085603619,3,100,6971,5,3000,core,NTD,215.09000000000015
3.9425567936673946,3,100,6971,5,3000,A1,Ours,7.911999999999807
0.005191362999995519,3,100,6971,5,3000,A2,Ours,7.911999999999807
2.4684680276844255,3,100,6971,5,3000,A3,Ours,7.911999999999807
12.007934258222122,3,100,6971,5,3000,core,Ours,7.911999999999807
3.9425567936673946,3,100,6971,5,3000,A1,HOSVD,2.269000000000233
0.005191362999995519,3,100,6971,5,3000,A2,HOSVD,2.269000000000233
2.428197330838445,3,100,6971,5,3000,A3,HOSVD,2.269000000000233
12.007934258222122,3,100,6971,5,3000,core,HOSVD,2.269000000000233
3.9611228418400652,3,100,6971,5,3000,A1,HOOI,6.435999999999694
0.0061732488835513355,3,100,6971,5,3000,A2,HOOI,6.435999999999694
2.4326847695637803,3,100,6971,5,3000,A3,HOOI,6.435999999999694
12.007934258222122,3,100,6971,5,3000,core,HOOI,6.435999999999694
4.337822213481518,3,100,6971,5,3000,A1,Olga,3.7519999999999527
0.008097650315365282,3,100,6971,5,3000,A2,Olga,3.7519999999999527
2.983811035117559,3,100,6971,5,3000,A3,Tracy,3.7519999999999527
12.007934258222122,3,100,6971,5,3000,core,Tracy_Olga,3.7519999999999527
7.17401054649503,3,100,7965,5,3000,A1,NTD,244.46399999999994
3.981019111758886,3,100,7965,5,3000,A2,NTD,244.46399999999994
7962.0660751878795,3,100,7965,5,3000,A3,NTD,244.46399999999994
11.719940326853711,3,100,7965,5,3000,core,NTD,244.46399999999994
5.298257398928875,3,100,7965,5,3000,A1,Ours,9.661000000000058
0.02903342690137632,3,100,7965,5,3000,A2,Ours,9.661000000000058
2.508468794827463,3,100,7965,5,3000,A3,Ours,9.661000000000058
11.986733776859257,3,100,7965,5,3000,core,Ours,9.661000000000058
5.298257398928875,3,100,7965,5,3000,A1,HOSVD,2.7100000000000364
0.02903342690137632,3,100,7965,5,3000,A2,HOSVD,2.7100000000000364
2.45509180717494,3,100,7965,5,3000,A3,HOSVD,2.7100000000000364
11.986728548002912,3,100,7965,5,3000,core,HOSVD,2.7100000000000364
5.380628899482718,3,100,7965,5,3000,A1,HOOI,8.655999999999949
0.02662067192001783,3,100,7965,5,3000,A2,HOOI,8.655999999999949
2.4551893589770093,3,100,7965,5,3000,A3,HOOI,8.655999999999949
12.004914170370247,3,100,7965,5,3000,core,HOOI,8.655999999999949
4.781794444635657,3,100,7965,5,3000,A1,Olga,5.257999999999811
0.031016487437401978,3,100,7965,5,3000,A2,Olga,5.257999999999811
2.997697672193131,3,100,7965,5,3000,A3,Tracy,5.257999999999811
12.007934258222122,3,100,7965,5,3000,core,Tracy_Olga,5.257999999999811
3.9196065989240974,3,100,8955,5,3000,A1,NTD,273.0119999999997
0.9988100291816094,3,100,8955,5,3000,A2,NTD,273.0119999999997
8952.06415355338,3,100,8955,5,3000,A3,NTD,273.0119999999997
13.753742275519315,3,100,8955,5,3000,core,NTD,273.0119999999997
3.421955508956786,3,100,8955,5,3000,A1,Ours,11.896000000000186
0.007009759277177974,3,100,8955,5,3000,A2,Ours,11.896000000000186
2.523743959748172,3,100,8955,5,3000,A3,Ours,11.896000000000186
12.007934258222122,3,100,8955,5,3000,core,Ours,11.896000000000186
3.421955508956786,3,100,8955,5,3000,A1,HOSVD,3.0470000000000255
0.007009759277177974,3,100,8955,5,3000,A2,HOSVD,3.0470000000000255
2.456438068650668,3,100,8955,5,3000,A3,HOSVD,3.0470000000000255
12.007660915556942,3,100,8955,5,3000,core,HOSVD,3.0470000000000255
3.419168417901284,3,100,8955,5,3000,A1,HOOI,9.992999999999938
0.007321778363373586,3,100,8955,5,3000,A2,HOOI,9.992999999999938
2.457101464007989,3,100,8955,5,3000,A3,HOOI,9.992999999999938
12.007934258222122,3,100,8955,5,3000,core,HOOI,9.992999999999938
4.298983242275051,3,100,8955,5,3000,A1,Olga,5.43100000000004
0.010074084930959858,3,100,8955,5,3000,A2,Olga,5.43100000000004
3.021322930012261,3,100,8955,5,3000,A3,Tracy,5.43100000000004
11.999556609995071,3,100,8955,5,3000,core,Tracy_Olga,5.43100000000004
3.325747317669606,3,100,9935,5,3000,A1,NTD,304.7049999999999
0.038811539894787625,3,100,9935,5,3000,A2,NTD,304.7049999999999
9932.05229073195,3,100,9935,5,3000,A3,NTD,304.7049999999999
10.091939859030731,3,100,9935,5,3000,core,NTD,304.7049999999999
3.587510928574142,3,100,9935,5,3000,A1,Ours,15.092000000000098
0.0033157067818025752,3,100,9935,5,3000,A2,Ours,15.092000000000098
2.5420079124672426,3,100,9935,5,3000,A3,Ours,15.092000000000098
12.007934258222122,3,100,9935,5,3000,core,Ours,15.092000000000098
3.587510928574142,3,100,9935,5,3000,A1,HOSVD,3.6419999999998254
0.0033157067818025752,3,100,9935,5,3000,A2,HOSVD,3.6419999999998254
2.459749071372163,3,100,9935,5,3000,A3,HOSVD,3.6419999999998254
12.007934258222122,3,100,9935,5,3000,core,HOSVD,3.6419999999998254
3.5525328742756916,3,100,9935,5,3000,A1,HOOI,11.173999999999978
0.0028555691338103153,3,100,9935,5,3000,A2,HOOI,11.173999999999978
2.460015019132433,3,100,9935,5,3000,A3,HOOI,11.173999999999978
12.007934258222122,3,100,9935,5,3000,core,HOOI,11.173999999999978
4.54550341246286,3,100,9935,5,3000,A1,Olga,7.839999999999691
0.038373410455970425,3,100,9935,5,3000,A2,Olga,7.839999999999691
3.0052820264157196,3,100,9935,5,3000,A3,Tracy,7.839999999999691
12.007934258222122,3,100,9935,5,3000,core,Tracy_Olga,7.839999999999691
11.717621193675928,3,100,100,5,10000,A1,NTD,3.518999999999778
0.05833110144053597,3,100,100,5,10000,A2,NTD,3.518999999999778
97.00000151629109,3,100,100,5,10000,A3,NTD,3.518999999999778
13.72196363546212,3,100,100,5,10000,core,NTD,3.518999999999778
2.049300778095363,3,100,100,5,10000,A1,Ours,0.07999999999992724
0.007148349312849864,3,100,100,5,10000,A2,Ours,0.07999999999992724
0.01707207830759117,3,100,100,5,10000,A3,Ours,0.07999999999992724
11.900346845142879,3,100,100,5,10000,core,Ours,0.07999999999992724
2.049300778095363,3,100,100,5,10000,A1,HOSVD,0.068000000000211
0.007148349312849864,3,100,100,5,10000,A2,HOSVD,0.068000000000211
0.0170722512085713,3,100,100,5,10000,A3,HOSVD,0.068000000000211
11.900347123466442,3,100,100,5,10000,core,HOSVD,0.068000000000211
2.06590384665262,3,100,100,5,10000,A1,HOOI,0.09700000000020736
0.0066735236903294965,3,100,100,5,10000,A2,HOOI,0.09700000000020736
0.01700478713610246,3,100,100,5,10000,A3,HOOI,0.09700000000020736
11.900703536199648,3,100,100,5,10000,core,HOOI,0.09700000000020736
1.8669217939194809,3,100,100,5,10000,A1,Olga,0.07099999999991269
0.0030567483187625756,3,100,100,5,10000,A2,Olga,0.07099999999991269
1.1075705101386475,3,100,100,5,10000,A3,Tracy,0.07099999999991269
11.892235068760973,3,100,100,5,10000,core,Tracy_Olga,0.07099999999991269
26.77981317626316,3,100,500,5,10000,A1,NTD,14.435999999999694
0.26541688514384926,3,100,500,5,10000,A2,NTD,14.435999999999694
497.0001499014869,3,100,500,5,10000,A3,NTD,14.435999999999694
8.746765520229921,3,100,500,5,10000,core,NTD,14.435999999999694
2.3891173387320346,3,100,500,5,10000,A1,Ours,0.3009999999999309
0.0023297596136957932,3,100,500,5,10000,A2,Ours,0.3009999999999309
0.04146777074072625,3,100,500,5,10000,A3,Ours,0.3009999999999309
11.91396535342728,3,100,500,5,10000,core,Ours,0.3009999999999309
2.3891173387320346,3,100,500,5,10000,A1,HOSVD,0.23999999999978172
0.0023297596136957932,3,100,500,5,10000,A2,HOSVD,0.23999999999978172
0.04146590001517092,3,100,500,5,10000,A3,HOSVD,0.23999999999978172
11.91396407698581,3,100,500,5,10000,core,HOSVD,0.23999999999978172
2.3941787597316755,3,100,500,5,10000,A1,HOOI,0.3769999999999527
0.002173141512220353,3,100,500,5,10000,A2,HOOI,0.3769999999999527
0.04156052225632871,3,100,500,5,10000,A3,HOOI,0.3769999999999527
11.91387257532596,3,100,500,5,10000,core,HOOI,0.3769999999999527
1.6074882228679543,3,100,500,5,10000,A1,Olga,0.26199999999971624
0.0014020786888374423,3,100,500,5,10000,A2,Olga,0.26199999999971624
1.235564906308654,3,100,500,5,10000,A3,Tracy,0.26199999999971624
11.914929566110564,3,100,500,5,10000,core,Tracy_Olga,0.26199999999971624
4.987159921910169,3,100,1000,5,10000,A1,NTD,31.320999999999913
0.034120292447680445,3,100,1000,5,10000,A2,NTD,31.320999999999913
997.0000453634198,3,100,1000,5,10000,A3,NTD,31.320999999999913
11.783022607090347,3,100,1000,5,10000,core,NTD,31.320999999999913
2.7885354543034784,3,100,1000,5,10000,A1,Ours,0.5829999999996289
0.005856917685721455,3,100,1000,5,10000,A2,Ours,0.5829999999996289
0.053513848671184194,3,100,1000,5,10000,A3,Ours,0.5829999999996289
11.955928326724967,3,100,1000,5,10000,core,Ours,0.5829999999996289
2.7885354543034784,3,100,1000,5,10000,A1,HOSVD,0.387000000000171
0.005856917685721455,3,100,1000,5,10000,A2,HOSVD,0.387000000000171
0.05353018837948336,3,100,1000,5,10000,A3,HOSVD,0.387000000000171
11.95591185571113,3,100,1000,5,10000,core,HOSVD,0.387000000000171
2.775773161011378,3,100,1000,5,10000,A1,HOOI,0.7229999999999563
0.005518950859824489,3,100,1000,5,10000,A2,HOOI,0.7229999999999563
0.05346719310991724,3,100,1000,5,10000,A3,HOOI,0.7229999999999563
11.955534263050417,3,100,1000,5,10000,core,HOOI,0.7229999999999563
2.3277318821802555,3,100,1000,5,10000,A1,Olga,0.4299999999998363
0.007129493242465417,3,100,1000,5,10000,A2,Olga,0.4299999999998363
1.3469963001242717,3,100,1000,5,10000,A3,Tracy,0.4299999999998363
11.945809681799252,3,100,1000,5,10000,core,Tracy_Olga,0.4299999999998363
4.8327946978044185,3,100,2500,5,10000,A1,NTD,82.94500000000016
0.23411808720027072,3,100,2500,5,10000,A2,NTD,82.94500000000016
2497.0000871106145,3,100,2500,5,10000,A3,NTD,82.94500000000016
14.077902302768358,3,100,2500,5,10000,core,NTD,82.94500000000016
2.3508196410467526,3,100,2500,5,10000,A1,Ours,12.89599999999973
0.006638513760778395,3,100,2500,5,10000,A2,Ours,12.89599999999973
0.7613202421556977,3,100,2500,5,10000,A3,Ours,12.89599999999973
11.753727802686571,3,100,2500,5,10000,core,Ours,12.89599999999973
2.3508196410467526,3,100,2500,5,10000,A1,HOSVD,12.605999999999767
0.006638513760778395,3,100,2500,5,10000,A2,HOSVD,12.605999999999767
0.7611082793053521,3,100,2500,5,10000,A3,HOSVD,12.605999999999767
11.75361341321021,3,100,2500,5,10000,core,HOSVD,12.605999999999767
2.3583170915213736,3,100,2500,5,10000,A1,HOOI,10.636999999999716
0.006888585960679906,3,100,2500,5,10000,A2,HOOI,10.636999999999716
0.6352643597887335,3,100,2500,5,10000,A3,HOOI,10.636999999999716
11.903353741384143,3,100,2500,5,10000,core,HOOI,10.636999999999716
1.8463585670301468,3,100,2500,5,10000,A1,Olga,10.297000000000025
0.004942918231051602,3,100,2500,5,10000,A2,Olga,10.297000000000025
1.432824437384078,3,100,2500,5,10000,A3,Tracy,10.297000000000025
11.90527191250954,3,100,2500,5,10000,core,Tracy_Olga,10.297000000000025
4.2053364005710465,3,100,4997,5,10000,A1,NTD,165.3409999999999
0.8271482791971393,3,100,4997,5,10000,A2,NTD,165.3409999999999
4994.009873376564,3,100,4997,5,10000,A3,NTD,165.3409999999999
17.795895926634376,3,100,4997,5,10000,core,NTD,165.3409999999999
1.1767526326722915,3,100,4997,5,10000,A1,Ours,6.713999999999942
0.002233079865604265,3,100,4997,5,10000,A2,Ours,6.713999999999942
2.421449322880818,3,100,4997,5,10000,A3,Ours,6.713999999999942
12.007934258222122,3,100,4997,5,10000,core,Ours,6.713999999999942
1.1767526326722915,3,100,4997,5,10000,A1,HOSVD,2.04300000000012
0.002233079865604265,3,100,4997,5,10000,A2,HOSVD,2.04300000000012
2.4195341126417946,3,100,4997,5,10000,A3,HOSVD,2.04300000000012
12.007934258222122,3,100,4997,5,10000,core,HOSVD,2.04300000000012
1.169999753659125,3,100,4997,5,10000,A1,HOOI,4.266000000000076
0.0023254108597729607,3,100,4997,5,10000,A2,HOOI,4.266000000000076
2.42060214344071,3,100,4997,5,10000,A3,HOOI,4.266000000000076
12.007934258222122,3,100,4997,5,10000,core,HOOI,4.266000000000076
2.154755609522558,3,100,4997,5,10000,A1,Olga,2.7489999999997963
0.003168351239982618,3,100,4997,5,10000,A2,Olga,2.7489999999997963
2.974450257569461,3,100,4997,5,10000,A3,Tracy,2.7489999999997963
12.007934258222122,3,100,4997,5,10000,core,Tracy_Olga,2.7489999999997963
4.427609844229913,3,100,5999,5,10000,A1,NTD,198.30200000000013
0.004248342825652916,3,100,5999,5,10000,A2,NTD,198.30200000000013
5996.012695344122,3,100,5999,5,10000,A3,NTD,198.30200000000013
15.607661995430151,3,100,5999,5,10000,core,NTD,198.30200000000013
1.3418480532202626,3,100,5999,5,10000,A1,Ours,6.364000000000033
0.005258756643486092,3,100,5999,5,10000,A2,Ours,6.364000000000033
2.4234199489296344,3,100,5999,5,10000,A3,Ours,6.364000000000033
12.007934258222122,3,100,5999,5,10000,core,Ours,6.364000000000033
1.3418480532202626,3,100,5999,5,10000,A1,HOSVD,2.4470000000001164
0.005258756643486092,3,100,5999,5,10000,A2,HOSVD,2.4470000000001164
2.4207056180610933,3,100,5999,5,10000,A3,HOSVD,2.4470000000001164
12.007934258222122,3,100,5999,5,10000,core,HOSVD,2.4470000000001164
1.3449411941680431,3,100,5999,5,10000,A1,HOOI,5.373000000000047
0.0051987946359090195,3,100,5999,5,10000,A2,HOOI,5.373000000000047
2.4208745504453826,3,100,5999,5,10000,A3,HOOI,5.373000000000047
12.007934258222122,3,100,5999,5,10000,core,HOOI,5.373000000000047
1.7570236153052952,3,100,5999,5,10000,A1,Olga,2.98299999999972
0.009076574315082436,3,100,5999,5,10000,A2,Olga,2.98299999999972
2.9799521112187963,3,100,5999,5,10000,A3,Tracy,2.98299999999972
12.007934258222122,3,100,5999,5,10000,core,Tracy_Olga,2.98299999999972
3.9715130496008633,3,100,6994,5,10000,A1,NTD,214.90499999999975
3.5887490464066856,3,100,6994,5,10000,A2,NTD,214.90499999999975
6991.026326360154,3,100,6994,5,10000,A3,NTD,214.90499999999975
10.919499569744474,3,100,6994,5,10000,core,NTD,214.90499999999975
1.2999503190292172,3,100,6994,5,10000,A1,Ours,8.212000000000444
0.009131096719416967,3,100,6994,5,10000,A2,Ours,8.212000000000444
2.424136047701027,3,100,6994,5,10000,A3,Ours,8.212000000000444
12.007934258222122,3,100,6994,5,10000,core,Ours,8.212000000000444
1.2999503190292172,3,100,6994,5,10000,A1,HOSVD,2.269000000000233
0.009131096719416967,3,100,6994,5,10000,A2,HOSVD,2.269000000000233
2.420408573657449,3,100,6994,5,10000,A3,HOSVD,2.269000000000233
12.007934258222122,3,100,6994,5,10000,core,HOSVD,2.269000000000233
1.2944131844087965,3,100,6994,5,10000,A1,HOOI,6.253999999999905
0.009169212000380877,3,100,6994,5,10000,A2,HOOI,6.253999999999905
2.4205712053529655,3,100,6994,5,10000,A3,HOOI,6.253999999999905
12.007934258222122,3,100,6994,5,10000,core,HOOI,6.253999999999905
1.7630883832440094,3,100,6994,5,10000,A1,Olga,4.106999999999971
0.003986269985747409,3,100,6994,5,10000,A2,Olga,4.106999999999971
2.9834019564746264,3,100,6994,5,10000,A3,Tracy,4.106999999999971
12.007934258222122,3,100,6994,5,10000,core,Tracy_Olga,4.106999999999971
5.512752562504506,3,100,7993,5,10000,A1,NTD,242.79399999999987
0.01082806307412598,3,100,7993,5,10000,A2,NTD,242.79399999999987
7990.036861360152,3,100,7993,5,10000,A3,NTD,242.79399999999987
15.658148645782498,3,100,7993,5,10000,core,NTD,242.79399999999987
1.8352489217920263,3,100,7993,5,10000,A1,Ours,10.173999999999978
0.003908493372689511,3,100,7993,5,10000,A2,Ours,10.173999999999978
2.442190321231177,3,100,7993,5,10000,A3,Ours,10.173999999999978
12.007934258222122,3,100,7993,5,10000,core,Ours,10.173999999999978
1.8352489217920263,3,100,7993,5,10000,A1,HOSVD,2.9099999999998545
0.003908493372689511,3,100,7993,5,10000,A2,HOSVD,2.9099999999998545
2.4375177979937144,3,100,7993,5,10000,A3,HOSVD,2.9099999999998545
12.007934258222122,3,100,7993,5,10000,core,HOSVD,2.9099999999998545
1.842734824973466,3,100,7993,5,10000,A1,HOOI,9.243000000000393
0.0037705595509488774,3,100,7993,5,10000,A2,HOOI,9.243000000000393
2.4376603528334306,3,100,7993,5,10000,A3,HOOI,9.243000000000393
12.007934258222122,3,100,7993,5,10000,core,HOOI,9.243000000000393
2.3241160136880143,3,100,7993,5,10000,A1,Olga,4.635000000000218
0.007247752062611962,3,100,7993,5,10000,A2,Olga,4.635000000000218
2.9794090363362673,3,100,7993,5,10000,A3,Tracy,4.635000000000218
12.007934258222122,3,100,7993,5,10000,core,Tracy_Olga,4.635000000000218
3.9558832782068283,3,100,8987,5,10000,A1,NTD,288.2550000000001
0.8615294179313447,3,100,8987,5,10000,A2,NTD,288.2550000000001
8984.024511434838,3,100,8987,5,10000,A3,NTD,288.2550000000001
17.70311251770712,3,100,8987,5,10000,core,NTD,288.2550000000001
1.7666474119845716,3,100,8987,5,10000,A1,Ours,11.810999999999694
0.007956018625029843,3,100,8987,5,10000,A2,Ours,11.810999999999694
2.4610903022172836,3,100,8987,5,10000,A3,Ours,11.810999999999694
12.007934258222122,3,100,8987,5,10000,core,Ours,11.810999999999694
1.7666474119845716,3,100,8987,5,10000,A1,HOSVD,3.878000000000611
0.007956018625029843,3,100,8987,5,10000,A2,HOSVD,3.878000000000611
2.455173241974364,3,100,8987,5,10000,A3,HOSVD,3.878000000000611
12.007934258222122,3,100,8987,5,10000,core,HOSVD,3.878000000000611
1.7652589954829923,3,100,8987,5,10000,A1,HOOI,10.113000000000284
0.008159318802744389,3,100,8987,5,10000,A2,HOOI,10.113000000000284
2.45527067728892,3,100,8987,5,10000,A3,HOOI,10.113000000000284
12.007934258222122,3,100,8987,5,10000,core,HOOI,10.113000000000284
2.0284127010853172,3,100,8987,5,10000,A1,Olga,5.514999999999418
0.0035871623154147057,3,100,8987,5,10000,A2,Olga,5.514999999999418
2.9954723595107224,3,100,8987,5,10000,A3,Tracy,5.514999999999418
12.007934258222122,3,100,8987,5,10000,core,Tracy_Olga,5.514999999999418
3.9657198658752515,3,100,9986,5,10000,A1,NTD,320.8580000000002
0.6829141300560968,3,100,9986,5,10000,A2,NTD,320.8580000000002
9983.032235500477,3,100,9986,5,10000,A3,NTD,320.8580000000002
11.920915110523516,3,100,9986,5,10000,core,NTD,320.8580000000002
2.93835912373272,3,100,9986,5,10000,A1,Ours,13.418999999999869
0.004771816114872421,3,100,9986,5,10000,A2,Ours,13.418999999999869
2.4531494215600707,3,100,9986,5,10000,A3,Ours,13.418999999999869
12.007934258222122,3,100,9986,5,10000,core,Ours,13.418999999999869
2.93835912373272,3,100,9986,5,10000,A1,HOSVD,3.7729999999992287
0.004771816114872421,3,100,9986,5,10000,A2,HOSVD,3.7729999999992287
2.445767169887846,3,100,9986,5,10000,A3,HOSVD,3.7729999999992287
12.007934258222122,3,100,9986,5,10000,core,HOSVD,3.7729999999992287
2.9510864482348538,3,100,9986,5,10000,A1,HOOI,10.551000000000386
0.004854996654038262,3,100,9986,5,10000,A2,HOOI,10.551000000000386
2.445584873984862,3,100,9986,5,10000,A3,HOOI,10.551000000000386
12.007934258222122,3,100,9986,5,10000,core,HOOI,10.551000000000386
1.9773308183430314,3,100,9986,5,10000,A1,Olga,6.3289999999997235
0.005774172847317593,3,100,9986,5,10000,A2,Olga,6.3289999999997235
2.9919316774273086,3,100,9986,5,10000,A3,Tracy,6.3289999999997235
12.007934258222122,3,100,9986,5,10000,core,Tracy_Olga,6.3289999999997235
