error,K,Q1,R,Q2,M,mode,method,time
7.0356129582886835,3,100,984,5,100,A1,NTD,36.897
3.91093417247037,3,100,984,5,100,A2,NTD,36.897
981.3494520151501,3,100,984,5,100,A3,NTD,36.897
11.0782075779949,3,100,984,5,100,core,NTD,36.897
18.499430182541094,3,100,984,5,100,A1,Ours,5.372
0.054767550256100125,3,100,984,5,100,A2,Ours,5.372
3.3003275195990955,3,100,984,5,100,A3,Ours,5.372
10.903620638810986,3,100,984,5,100,core,Ours,5.372
18.499430182541094,3,100,984,5,100,A1,HOSVD,4.936
0.054767550256100125,3,100,984,5,100,A2,HOSVD,4.936
2.514514858769855,3,100,984,5,100,A3,HOSVD,4.936
13.114684648729918,3,100,984,5,100,core,HOSVD,4.936
15.833431939090211,3,100,984,5,100,A1,HOOI,5.725000000000001
0.1062658160940534,3,100,984,5,100,A2,HOOI,5.725000000000001
2.570569935020654,3,100,984,5,100,A3,HOOI,5.725000000000001
13.965961257432804,3,100,984,5,100,core,HOOI,5.725000000000001
23.15450240400427,3,100,984,5,100,A1,Olga,3.5930000000000035
0.33063888437103955,3,100,984,5,100,A2,Olga,3.5930000000000035
2.896233729174085,3,100,984,5,100,A3,Tracy,3.5930000000000035
8.325205271456307,3,100,984,5,100,core,Tracy_Olga,3.5930000000000035
122.40791416618315,3,100,4502,5,100,A1,NTD,158.21200000000002
3.9172427374861662,3,100,4502,5,100,A2,NTD,158.21200000000002
4499.885005343183,3,100,4502,5,100,A3,NTD,158.21200000000002
11.779189836487268,3,100,4502,5,100,core,NTD,158.21200000000002
10.727213885725199,3,100,4502,5,100,A1,Ours,5.425999999999988
0.0975769658022385,3,100,4502,5,100,A2,Ours,5.425999999999988
5.262963636475689,3,100,4502,5,100,A3,Ours,5.425999999999988
13.959215498725463,3,100,4502,5,100,core,Ours,5.425999999999988
10.727213885725199,3,100,4502,5,100,A1,HOSVD,3.5209999999999866
0.0975769658022385,3,100,4502,5,100,A2,HOSVD,3.5209999999999866
4.788229088754173,3,100,4502,5,100,A3,HOSVD,3.5209999999999866
14.05595045969299,3,100,4502,5,100,core,HOSVD,3.5209999999999866
10.784173245271889,3,100,4502,5,100,A1,HOOI,14.736999999999995
0.04517349291193544,3,100,4502,5,100,A2,HOOI,14.736999999999995
3.6073701081536367,3,100,4502,5,100,A3,HOOI,14.736999999999995
8.814289508165785,3,100,4502,5,100,core,HOOI,14.736999999999995
59.73051730962536,3,100,4502,5,100,A1,Olga,18.625999999999976
1.3533861677803833,3,100,4502,5,100,A2,Olga,18.625999999999976
3.094202517775464,3,100,4502,5,100,A3,Tracy,18.625999999999976
11.31885831441645,3,100,4502,5,100,core,Tracy_Olga,18.625999999999976
81.69525224277469,3,100,8139,5,100,A1,NTD,290.41099999999994
2.0840335740859652,3,100,8139,5,100,A2,NTD,290.41099999999994
8137.017555278477,3,100,8139,5,100,A3,NTD,290.41099999999994
12.016604253540523,3,100,8139,5,100,core,NTD,290.41099999999994
14.652439691105599,3,100,8139,5,100,A1,Ours,22.057999999999993
0.18462612816432114,3,100,8139,5,100,A2,Ours,22.057999999999993
5.171401641057756,3,100,8139,5,100,A3,Ours,22.057999999999993
15.76810083489515,3,100,8139,5,100,core,Ours,22.057999999999993
71.17471750466207,3,100,8139,5,100,A1,Olga,7.983999999999924
0.8074762364331635,3,100,8139,5,100,A2,Olga,7.983999999999924
3.258870161700024,3,100,8139,5,100,A3,Tracy,7.983999999999924
11.429387670866511,3,100,8139,5,100,core,Tracy_Olga,7.983999999999924
2.6114158463221693,3,100,999,5,500,A1,NTD,28.20799999999997
1.0013316002669685,3,100,999,5,500,A2,NTD,28.20799999999997
996.089959221434,3,100,999,5,500,A3,NTD,28.20799999999997
15.660927564525217,3,100,999,5,500,core,NTD,28.20799999999997
5.313519340723411,3,100,999,5,500,A1,Ours,0.5190000000000055
0.01189647025375227,3,100,999,5,500,A2,Ours,0.5190000000000055
2.6304246156273234,3,100,999,5,500,A3,Ours,0.5190000000000055
10.265986504570357,3,100,999,5,500,core,Ours,0.5190000000000055
5.313519340723411,3,100,999,5,500,A1,HOSVD,0.39400000000000546
0.01189647025375227,3,100,999,5,500,A2,HOSVD,0.39400000000000546
2.6183451739868286,3,100,999,5,500,A3,HOSVD,0.39400000000000546
10.279626618046123,3,100,999,5,500,core,HOSVD,0.39400000000000546
5.409971943405375,3,100,999,5,500,A1,HOOI,0.7970000000000255
0.009415658297671747,3,100,999,5,500,A2,HOOI,0.7970000000000255
2.616977654625885,3,100,999,5,500,A3,HOOI,0.7970000000000255
10.3016912163671,3,100,999,5,500,core,HOOI,0.7970000000000255
6.946361090139739,3,100,999,5,500,A1,Olga,0.43200000000001637
0.05431372084513461,3,100,999,5,500,A2,Olga,0.43200000000001637
2.8834376147131677,3,100,999,5,500,A3,Tracy,0.43200000000001637
10.172560400043219,3,100,999,5,500,core,Tracy_Olga,0.43200000000001637
10.226331222763475,3,100,4897,5,500,A1,NTD,164.683
2.086957094531666,3,100,4897,5,500,A2,NTD,164.683
4894.225875783151,3,100,4897,5,500,A3,NTD,164.683
11.492401882477061,3,100,4897,5,500,core,NTD,164.683
7.360847403704154,3,100,4897,5,500,A1,Ours,11.423000000000002
0.043761288438053714,3,100,4897,5,500,A2,Ours,11.423000000000002
5.010905767714049,3,100,4897,5,500,A3,Ours,11.423000000000002
15.96704456081798,3,100,4897,5,500,core,Ours,11.423000000000002
7.360847403704154,3,100,4897,5,500,A1,HOSVD,6.722999999999956
0.043761288438053714,3,100,4897,5,500,A2,HOSVD,6.722999999999956
2.5450591614279805,3,100,4897,5,500,A3,HOSVD,6.722999999999956
10.22021989620965,3,100,4897,5,500,core,HOSVD,6.722999999999956
7.253387779854193,3,100,4897,5,500,A1,HOOI,13.895999999999958
0.03771795252488291,3,100,4897,5,500,A2,HOOI,13.895999999999958
2.550399301852312,3,100,4897,5,500,A3,HOOI,13.895999999999958
9.309375234674722,3,100,4897,5,500,core,HOOI,13.895999999999958
9.927944175427422,3,100,4897,5,500,A1,Olga,9.974000000000046
0.31682625915607077,3,100,4897,5,500,A2,Olga,9.974000000000046
2.927207615737994,3,100,4897,5,500,A3,Tracy,9.974000000000046
11.045122616917103,3,100,4897,5,500,core,Tracy_Olga,9.974000000000046
31.048594076507758,3,100,9573,5,500,A1,NTD,332.89599999999996
3.9172549437040085,3,100,9573,5,500,A2,NTD,332.89599999999996
9570.351933013655,3,100,9573,5,500,A3,NTD,332.89599999999996
11.077393973807364,3,100,9573,5,500,core,NTD,332.89599999999996
7.414999646755154,3,100,9573,5,500,A1,Ours,19.514000000000124
0.03595415583088827,3,100,9573,5,500,A2,Ours,19.514000000000124
5.4001176737181575,3,100,9573,5,500,A3,Ours,19.514000000000124
12.183050904259995,3,100,9573,5,500,core,Ours,19.514000000000124
7.414999646755154,3,100,9573,5,500,A1,HOSVD,9.284999999999854
0.03595415583088827,3,100,9573,5,500,A2,HOSVD,9.284999999999854
2.581577342968441,3,100,9573,5,500,A3,HOSVD,9.284999999999854
10.277479703066629,3,100,9573,5,500,core,HOSVD,9.284999999999854
7.305506743439968,3,100,9573,5,500,A1,HOOI,19.360999999999876
0.027253121537205268,3,100,9573,5,500,A2,HOOI,19.360999999999876
2.5960121515948273,3,100,9573,5,500,A3,HOOI,19.360999999999876
10.314494251945662,3,100,9573,5,500,core,HOOI,19.360999999999876
15.94947276025747,3,100,9573,5,500,A1,Olga,11.278999999999996
0.5204516870343214,3,100,9573,5,500,A2,Olga,11.278999999999996
2.9780783033865283,3,100,9573,5,500,A3,Tracy,11.278999999999996
16.251579991472614,3,100,9573,5,500,core,Tracy_Olga,11.278999999999996
2.330432640930146,3,100,999,5,1000,A1,NTD,27.914999999999964
1.307201731492407,3,100,999,5,1000,A2,NTD,27.914999999999964
996.5154569670996,3,100,999,5,1000,A3,NTD,27.914999999999964
12.256274385824195,3,100,999,5,1000,core,NTD,27.914999999999964
4.212968300325799,3,100,999,5,1000,A1,Ours,2.4049999999999727
0.020802807436082118,3,100,999,5,1000,A2,Ours,2.4049999999999727
2.4569969593721455,3,100,999,5,1000,A3,Ours,2.4049999999999727
9.257059621952479,3,100,999,5,1000,core,Ours,2.4049999999999727
4.212968300325799,3,100,999,5,1000,A1,HOSVD,2.964999999999918
0.020802807436082118,3,100,999,5,1000,A2,HOSVD,2.964999999999918
2.447619841244613,3,100,999,5,1000,A3,HOSVD,2.964999999999918
9.25644851964464,3,100,999,5,1000,core,HOSVD,2.964999999999918
4.169871848073234,3,100,999,5,1000,A1,HOOI,4.185999999999922
0.026219545322560052,3,100,999,5,1000,A2,HOOI,4.185999999999922
2.46027421441379,3,100,999,5,1000,A3,HOOI,4.185999999999922
9.250499634783305,3,100,999,5,1000,core,HOOI,4.185999999999922
4.626317609513797,3,100,999,5,1000,A1,Olga,4.0620000000001255
0.050882789190942766,3,100,999,5,1000,A2,Olga,4.0620000000001255
2.9259059239132896,3,100,999,5,1000,A3,Tracy,4.0620000000001255
9.262810053296999,3,100,999,5,1000,core,Tracy_Olga,4.0620000000001255
5.195573764082722,3,100,4952,5,1000,A1,NTD,155.89099999999985
3.917255607410169,3,100,4952,5,1000,A2,NTD,155.89099999999985
4949.144687884492,3,100,4952,5,1000,A3,NTD,155.89099999999985
14.580659560679516,3,100,4952,5,1000,core,NTD,155.89099999999985
4.6194081355489836,3,100,4952,5,1000,A1,Ours,5.588999999999942
0.02187257294244369,3,100,4952,5,1000,A2,Ours,5.588999999999942
3.0154090138049794,3,100,4952,5,1000,A3,Ours,5.588999999999942
12.913589171492312,3,100,4952,5,1000,core,Ours,5.588999999999942
4.6194081355489836,3,100,4952,5,1000,A1,HOSVD,1.8489999999999327
0.02187257294244369,3,100,4952,5,1000,A2,HOSVD,1.8489999999999327
2.5117057498426267,3,100,4952,5,1000,A3,HOSVD,1.8489999999999327
10.299133928707226,3,100,4952,5,1000,core,HOSVD,1.8489999999999327
4.607085616907686,3,100,4952,5,1000,A1,HOOI,4.120000000000118
0.02038268030847522,3,100,4952,5,1000,A2,HOOI,4.120000000000118
2.519803868923596,3,100,4952,5,1000,A3,HOOI,4.120000000000118
10.304887880222743,3,100,4952,5,1000,core,HOOI,4.120000000000118
5.416855781340695,3,100,4952,5,1000,A1,Olga,2.6800000000000637
0.0522828199661329,3,100,4952,5,1000,A2,Olga,2.6800000000000637
2.901566338325479,3,100,4952,5,1000,A3,Tracy,2.6800000000000637
10.266531466048358,3,100,4952,5,1000,core,Tracy_Olga,2.6800000000000637
10.414802537959286,3,100,9808,5,1000,A1,NTD,334.2729999999999
1.9172477974752533,3,100,9808,5,1000,A2,NTD,334.2729999999999
9805.619421153377,3,100,9808,5,1000,A3,NTD,334.2729999999999
9.365636165967972,3,100,9808,5,1000,core,NTD,334.2729999999999
4.732225402044364,3,100,9808,5,1000,A1,Ours,25.947000000000116
0.03614222105367926,3,100,9808,5,1000,A2,Ours,25.947000000000116
5.308846416811993,3,100,9808,5,1000,A3,Ours,25.947000000000116
14.040251787794146,3,100,9808,5,1000,core,Ours,25.947000000000116
4.732225402044364,3,100,9808,5,1000,A1,HOSVD,13.066000000000031
0.03614222105367926,3,100,9808,5,1000,A2,HOSVD,13.066000000000031
2.5443478538080644,3,100,9808,5,1000,A3,HOSVD,13.066000000000031
10.236158567889712,3,100,9808,5,1000,core,HOSVD,13.066000000000031
4.8050999140193245,3,100,9808,5,1000,A1,HOOI,24.21699999999987
0.03283141011330636,3,100,9808,5,1000,A2,HOOI,24.21699999999987
2.5484622106636072,3,100,9808,5,1000,A3,HOOI,24.21699999999987
9.331349682389233,3,100,9808,5,1000,core,HOOI,24.21699999999987
6.383939256621961,3,100,9808,5,1000,A1,Olga,17.891999999999825
0.14081992686556072,3,100,9808,5,1000,A2,Olga,17.891999999999825
2.947710284949599,3,100,9808,5,1000,A3,Tracy,17.891999999999825
11.045122616917103,3,100,9808,5,1000,core,Tracy_Olga,17.891999999999825
1.8026369770021902,3,100,1000,5,2500,A1,NTD,28.50200000000018
0.3388423142911894,3,100,1000,5,2500,A2,NTD,28.50200000000018
997.4253878514285,3,100,1000,5,2500,A3,NTD,28.50200000000018
9.44985579383284,3,100,1000,5,2500,core,NTD,28.50200000000018
2.6873138568337347,3,100,1000,5,2500,A1,Ours,3.9589999999998327
0.02888541394071439,3,100,1000,5,2500,A2,Ours,3.9589999999998327
0.1491691532969055,3,100,1000,5,2500,A3,Ours,3.9589999999998327
10.308905897199972,3,100,1000,5,2500,core,Ours,3.9589999999998327
2.6873138568337347,3,100,1000,5,2500,A1,HOSVD,7.251999999999953
0.02888541394071439,3,100,1000,5,2500,A2,HOSVD,7.251999999999953
0.14857729410337261,3,100,1000,5,2500,A3,HOSVD,7.251999999999953
10.308787514367651,3,100,1000,5,2500,core,HOSVD,7.251999999999953
2.702384991864979,3,100,1000,5,2500,A1,HOOI,6.735000000000127
0.030424342651415637,3,100,1000,5,2500,A2,HOOI,6.735000000000127
0.1608714707009236,3,100,1000,5,2500,A3,HOOI,6.735000000000127
10.313422053706853,3,100,1000,5,2500,core,HOOI,6.735000000000127
3.077278743673311,3,100,1000,5,2500,A1,Olga,6.295999999999822
0.022142839030841955,3,100,1000,5,2500,A2,Olga,6.295999999999822
1.3789259922913981,3,100,1000,5,2500,A3,Tracy,6.295999999999822
10.296610480339277,3,100,1000,5,2500,core,Tracy_Olga,6.295999999999822
1.516588896423618,3,100,4981,5,2500,A1,NTD,158.37599999999998
4.084054401775759,3,100,4981,5,2500,A2,NTD,158.37599999999998
4978.069970764369,3,100,4981,5,2500,A3,NTD,158.37599999999998
11.021986205107906,3,100,4981,5,2500,core,NTD,158.37599999999998
3.3473108358752,3,100,4981,5,2500,A1,Ours,5.2979999999997744
0.016788412582502476,3,100,4981,5,2500,A2,Ours,5.2979999999997744
2.5241497013943266,3,100,4981,5,2500,A3,Ours,5.2979999999997744
10.37948686807104,3,100,4981,5,2500,core,Ours,5.2979999999997744
3.3473108358752,3,100,4981,5,2500,A1,HOSVD,1.9760000000001128
0.016788412582502476,3,100,4981,5,2500,A2,HOSVD,1.9760000000001128
2.4892070106074824,3,100,4981,5,2500,A3,HOSVD,1.9760000000001128
10.382929903068856,3,100,4981,5,2500,core,HOSVD,1.9760000000001128
3.341950064608193,3,100,4981,5,2500,A1,HOOI,4.847999999999956
0.011652887283948492,3,100,4981,5,2500,A2,HOOI,4.847999999999956
2.4906456534005765,3,100,4981,5,2500,A3,HOOI,4.847999999999956
10.39091283707266,3,100,4981,5,2500,core,HOOI,4.847999999999956
3.127416239691324,3,100,4981,5,2500,A1,Olga,2.632999999999811
0.049935338193197086,3,100,4981,5,2500,A2,Olga,2.632999999999811
2.903629316957177,3,100,4981,5,2500,A3,Tracy,2.632999999999811
9.300155340402465,3,100,4981,5,2500,core,Tracy_Olga,2.632999999999811
1.9089074206514896,3,100,9921,5,2500,A1,NTD,335.60300000000007
2.0869481855917464,3,100,9921,5,2500,A2,NTD,335.60300000000007
9918.13974171001,3,100,9921,5,2500,A3,NTD,335.60300000000007
12.695137186748628,3,100,9921,5,2500,core,NTD,335.60300000000007
2.7015943302028895,3,100,9921,5,2500,A1,Ours,15.989000000000033
0.01807593423659737,3,100,9921,5,2500,A2,Ours,15.989000000000033
3.0063904696055577,3,100,9921,5,2500,A3,Ours,15.989000000000033
9.047125810901418,3,100,9921,5,2500,core,Ours,15.989000000000033
2.7015943302028895,3,100,9921,5,2500,A1,HOSVD,3.3659999999999854
0.01807593423659737,3,100,9921,5,2500,A2,HOSVD,3.3659999999999854
2.5085896745420464,3,100,9921,5,2500,A3,HOSVD,3.3659999999999854
10.290331184193484,3,100,9921,5,2500,core,HOSVD,3.3659999999999854
2.7199233208815814,3,100,9921,5,2500,A1,HOOI,11.492999999999938
0.015383646324729817,3,100,9921,5,2500,A2,HOOI,11.492999999999938
2.5097733737715475,3,100,9921,5,2500,A3,HOOI,11.492999999999938
9.280616945263146,3,100,9921,5,2500,core,HOOI,11.492999999999938
3.325413884509368,3,100,9921,5,2500,A1,Olga,6.394000000000233
0.043352945300645346,3,100,9921,5,2500,A2,Olga,6.394000000000233
2.9126717644795588,3,100,9921,5,2500,A3,Tracy,6.394000000000233
10.270654647315249,3,100,9921,5,2500,core,Tracy_Olga,6.394000000000233
3.2026274008864313,3,100,1000,5,5000,A1,NTD,28.51299999999992
0.19538820231642923,3,100,1000,5,5000,A2,NTD,28.51299999999992
997.0000939698854,3,100,1000,5,5000,A3,NTD,28.51299999999992
13.934023440282663,3,100,1000,5,5000,core,NTD,28.51299999999992
2.067986646187056,3,100,1000,5,5000,A1,Ours,0.7229999999999563
0.02560739299415649,3,100,1000,5,5000,A2,Ours,0.7229999999999563
0.09270737441810997,3,100,1000,5,5000,A3,Ours,0.7229999999999563
10.301605184008096,3,100,1000,5,5000,core,Ours,0.7229999999999563
2.067986646187056,3,100,1000,5,5000,A1,HOSVD,1.6030000000000655
0.02560739299415649,3,100,1000,5,5000,A2,HOSVD,1.6030000000000655
0.09261541687651853,3,100,1000,5,5000,A3,HOSVD,1.6030000000000655
10.301544637541975,3,100,1000,5,5000,core,HOSVD,1.6030000000000655
2.082935049441896,3,100,1000,5,5000,A1,HOOI,1.4520000000002256
0.025032197398858917,3,100,1000,5,5000,A2,HOOI,1.4520000000002256
0.09259322901671177,3,100,1000,5,5000,A3,HOOI,1.4520000000002256
10.300859563301598,3,100,1000,5,5000,core,HOOI,1.4520000000002256
2.4556704564151453,3,100,1000,5,5000,A1,Olga,1.5540000000000873
0.022976639163791564,3,100,1000,5,5000,A2,Olga,1.5540000000000873
1.3755559959426893,3,100,1000,5,5000,A3,Tracy,1.5540000000000873
10.296792562974964,3,100,1000,5,5000,core,Tracy_Olga,1.5540000000000873
1.3326089236055507,3,100,4993,5,5000,A1,NTD,162.9649999999997
0.8045798193020128,3,100,4993,5,5000,A2,NTD,162.9649999999997
4990.2529736504475,3,100,4993,5,5000,A3,NTD,162.9649999999997
12.283012188010629,3,100,4993,5,5000,core,NTD,162.9649999999997
2.9187704479302665,3,100,4993,5,5000,A1,Ours,5.391999999999825
0.004656739458057665,3,100,4993,5,5000,A2,Ours,5.391999999999825
2.4656789469789375,3,100,4993,5,5000,A3,Ours,5.391999999999825
10.281277818725359,3,100,4993,5,5000,core,Ours,5.391999999999825
2.9187704479302665,3,100,4993,5,5000,A1,HOSVD,1.7800000000002
0.004656739458057665,3,100,4993,5,5000,A2,HOSVD,1.7800000000002
2.4583301686140895,3,100,4993,5,5000,A3,HOSVD,1.7800000000002
10.282909019351349,3,100,4993,5,5000,core,HOSVD,1.7800000000002
2.9027076370094176,3,100,4993,5,5000,A1,HOOI,4.498999999999796
0.004779819849971573,3,100,4993,5,5000,A2,HOOI,4.498999999999796
2.4614780513209356,3,100,4993,5,5000,A3,HOOI,4.498999999999796
10.280551801328203,3,100,4993,5,5000,core,HOOI,4.498999999999796
2.015021359891874,3,100,4993,5,5000,A1,Olga,2.5039999999999054
0.024070598597140138,3,100,4993,5,5000,A2,Olga,2.5039999999999054
2.861097418764965,3,100,4993,5,5000,A3,Tracy,2.5039999999999054
9.30202164851697,3,100,4993,5,5000,core,Tracy_Olga,2.5039999999999054
1.616595715709409,3,100,9959,5,5000,A1,NTD,326.29699999999957
2.3497991092771886,3,100,9959,5,5000,A2,NTD,326.29699999999957
9956.111691317057,3,100,9959,5,5000,A3,NTD,326.29699999999957
12.466515889122789,3,100,9959,5,5000,core,NTD,326.29699999999957
2.7750958944322734,3,100,9959,5,5000,A1,Ours,17.519999999999982
0.007063252704284541,3,100,9959,5,5000,A2,Ours,17.519999999999982
2.5231094069908533,3,100,9959,5,5000,A3,Ours,17.519999999999982
10.27988363874894,3,100,9959,5,5000,core,Ours,17.519999999999982
2.7750958944322734,3,100,9959,5,5000,A1,HOSVD,6.014999999999873
0.007063252704284541,3,100,9959,5,5000,A2,HOSVD,6.014999999999873
2.4935036534950505,3,100,9959,5,5000,A3,HOSVD,6.014999999999873
10.287203344984134,3,100,9959,5,5000,core,HOSVD,6.014999999999873
2.7651193621319394,3,100,9959,5,5000,A1,HOOI,14.023000000000138
0.0075521428082000975,3,100,9959,5,5000,A2,HOOI,14.023000000000138
2.4944013705075556,3,100,9959,5,5000,A3,HOOI,14.023000000000138
10.29281109730893,3,100,9959,5,5000,core,HOOI,14.023000000000138
2.221478991173263,3,100,9959,5,5000,A1,Olga,8.041999999999916
0.03063465726123616,3,100,9959,5,5000,A2,Olga,8.041999999999916
2.8927735446491583,3,100,9959,5,5000,A3,Tracy,8.041999999999916
10.305772059762397,3,100,9959,5,5000,core,Tracy_Olga,8.041999999999916
2.565577588566252,3,100,1000,5,6000,A1,NTD,28.88500000000022
0.30132906724775055,3,100,1000,5,6000,A2,NTD,28.88500000000022
997.0000494199375,3,100,1000,5,6000,A3,NTD,28.88500000000022
11.802390563039944,3,100,1000,5,6000,core,NTD,28.88500000000022
2.5905873205249685,3,100,1000,5,6000,A1,Ours,0.49299999999993815
0.011919278151240553,3,100,1000,5,6000,A2,Ours,0.49299999999993815
0.11615379940664537,3,100,1000,5,6000,A3,Ours,0.49299999999993815
10.30241538238689,3,100,1000,5,6000,core,Ours,0.49299999999993815
2.5905873205249685,3,100,1000,5,6000,A1,HOSVD,0.4670000000000982
0.011919278151240553,3,100,1000,5,6000,A2,HOSVD,0.4670000000000982
0.11611534153307582,3,100,1000,5,6000,A3,HOSVD,0.4670000000000982
10.30239622776657,3,100,1000,5,6000,core,HOSVD,0.4670000000000982
2.5991123415838926,3,100,1000,5,6000,A1,HOOI,2.11200000000008
0.011306771010592893,3,100,1000,5,6000,A2,HOOI,2.11200000000008
0.11882776930193968,3,100,1000,5,6000,A3,HOOI,2.11200000000008
10.302573006680994,3,100,1000,5,6000,core,HOOI,2.11200000000008
1.6132284576584084,3,100,1000,5,6000,A1,Olga,1.2800000000002
0.005639375830481587,3,100,1000,5,6000,A2,Olga,1.2800000000002
1.3763523483485491,3,100,1000,5,6000,A3,Tracy,1.2800000000002
10.2971675278355,3,100,1000,5,6000,core,Tracy_Olga,1.2800000000002
1.282845429945142,3,100,4995,5,6000,A1,NTD,162.77299999999968
1.234469826980339,3,100,4995,5,6000,A2,NTD,162.77299999999968
4992.4418580463125,3,100,4995,5,6000,A3,NTD,162.77299999999968
7.610966880847739,3,100,4995,5,6000,core,NTD,162.77299999999968
2.2876214903339247,3,100,4995,5,6000,A1,Ours,5.208999999999833
0.010502027917013504,3,100,4995,5,6000,A2,Ours,5.208999999999833
2.506766026112047,3,100,4995,5,6000,A3,Ours,5.208999999999833
9.760317950865442,3,100,4995,5,6000,core,Ours,5.208999999999833
2.2876214903339247,3,100,4995,5,6000,A1,HOSVD,1.6170000000001892
0.010502027917013504,3,100,4995,5,6000,A2,HOSVD,1.6170000000001892
2.504399909241481,3,100,4995,5,6000,A3,HOSVD,1.6170000000001892
9.766705609711778,3,100,4995,5,6000,core,HOSVD,1.6170000000001892
2.29336303321187,3,100,4995,5,6000,A1,HOOI,4.433999999999742
0.011338117833748522,3,100,4995,5,6000,A2,HOOI,4.433999999999742
2.5047575061429854,3,100,4995,5,6000,A3,HOOI,4.433999999999742
9.773109715916782,3,100,4995,5,6000,core,HOOI,4.433999999999742
1.9614961778405238,3,100,4995,5,6000,A1,Olga,2.8600000000001273
0.024237734798265406,3,100,4995,5,6000,A2,Olga,2.8600000000001273
2.9237367772481773,3,100,4995,5,6000,A3,Tracy,2.8600000000001273
9.280977166004375,3,100,4995,5,6000,core,Tracy_Olga,2.8600000000001273
1.7323057499216927,3,100,9972,5,6000,A1,NTD,334.4180000000001
1.1890080941607157,3,100,9972,5,6000,A2,NTD,334.4180000000001
9969.080793671776,3,100,9972,5,6000,A3,NTD,334.4180000000001
11.444636611471411,3,100,9972,5,6000,core,NTD,334.4180000000001
2.904771811175815,3,100,9972,5,6000,A1,Ours,14.545000000000073
0.008232363115613418,3,100,9972,5,6000,A2,Ours,14.545000000000073
2.5343537709950072,3,100,9972,5,6000,A3,Ours,14.545000000000073
10.25964281810902,3,100,9972,5,6000,core,Ours,14.545000000000073
2.904771811175815,3,100,9972,5,6000,A1,HOSVD,3.2950000000000728
0.008232363115613418,3,100,9972,5,6000,A2,HOSVD,3.2950000000000728
2.5137125149650834,3,100,9972,5,6000,A3,HOSVD,3.2950000000000728
10.265384505932298,3,100,9972,5,6000,core,HOSVD,3.2950000000000728
2.8978455978884563,3,100,9972,5,6000,A1,HOOI,11.512000000000171
0.010104215593650552,3,100,9972,5,6000,A2,HOOI,11.512000000000171
3.927277618169194,3,100,9972,5,6000,A3,HOOI,11.512000000000171
8.745264827192514,3,100,9972,5,6000,core,HOOI,11.512000000000171
2.3136816719128994,3,100,9972,5,6000,A1,Olga,6.187000000000353
0.03426167076276453,3,100,9972,5,6000,A2,Olga,6.187000000000353
2.9164760104661194,3,100,9972,5,6000,A3,Tracy,6.187000000000353
10.25195955169612,3,100,9972,5,6000,core,Tracy_Olga,6.187000000000353
1.5937880680135845,3,100,1000,5,7000,A1,NTD,27.921000000000276
0.30330945632364886,3,100,1000,5,7000,A2,NTD,27.921000000000276
997.0000349265658,3,100,1000,5,7000,A3,NTD,27.921000000000276
12.871653884160024,3,100,1000,5,7000,core,NTD,27.921000000000276
1.8232411467030454,3,100,1000,5,7000,A1,Ours,2.0260000000002947
0.008112054453576165,3,100,1000,5,7000,A2,Ours,2.0260000000002947
0.07876431731630107,3,100,1000,5,7000,A3,Ours,2.0260000000002947
10.298383557480056,3,100,1000,5,7000,core,Ours,2.0260000000002947
1.8232411467030454,3,100,1000,5,7000,A1,HOSVD,2.201000000000022
0.008112054453576165,3,100,1000,5,7000,A2,HOSVD,2.201000000000022
0.07875802309923685,3,100,1000,5,7000,A3,HOSVD,2.201000000000022
10.298365978528476,3,100,1000,5,7000,core,HOSVD,2.201000000000022
1.819912919985532,3,100,1000,5,7000,A1,HOOI,2.831000000000131
0.00822065969958734,3,100,1000,5,7000,A2,HOOI,2.831000000000131
0.07872740143034197,3,100,1000,5,7000,A3,HOOI,2.831000000000131
10.298647083724251,3,100,1000,5,7000,core,HOOI,2.831000000000131
1.6483957337400752,3,100,1000,5,7000,A1,Olga,3.1359999999999673
0.008219138709726008,3,100,1000,5,7000,A2,Olga,3.1359999999999673
1.3730452886309477,3,100,1000,5,7000,A3,Tracy,3.1359999999999673
10.292609078864135,3,100,1000,5,7000,core,Tracy_Olga,3.1359999999999673
1.388639078970879,3,100,4994,5,7000,A1,NTD,153.1600000000003
0.11404386736450993,3,100,4994,5,7000,A2,NTD,153.1600000000003
4991.441909118097,3,100,4994,5,7000,A3,NTD,153.1600000000003
11.896228218918356,3,100,4994,5,7000,core,NTD,153.1600000000003
1.4316227303823876,3,100,4994,5,7000,A1,Ours,12.585000000000036
0.025002273770091146,3,100,4994,5,7000,A2,Ours,12.585000000000036
2.4933725194883767,3,100,4994,5,7000,A3,Ours,12.585000000000036
10.310981442135558,3,100,4994,5,7000,core,Ours,12.585000000000036
1.4316227303823876,3,100,4994,5,7000,A1,HOSVD,9.451000000000022
0.025002273770091146,3,100,4994,5,7000,A2,HOSVD,9.451000000000022
2.489604298789822,3,100,4994,5,7000,A3,HOSVD,9.451000000000022
10.31158027045917,3,100,4994,5,7000,core,HOSVD,9.451000000000022
1.4285659284627485,3,100,4994,5,7000,A1,HOOI,10.290999999999713
0.023177870449907045,3,100,4994,5,7000,A2,HOOI,10.290999999999713
2.4907372038803497,3,100,4994,5,7000,A3,HOOI,10.290999999999713
10.309446494867341,3,100,4994,5,7000,core,HOOI,10.290999999999713
2.2548786549707756,3,100,4994,5,7000,A1,Olga,8.864000000000033
0.021261913623064895,3,100,4994,5,7000,A2,Olga,8.864000000000033
2.884952030631322,3,100,4994,5,7000,A3,Tracy,8.864000000000033
10.29257120948656,3,100,4994,5,7000,core,Tracy_Olga,8.864000000000033
9.666847472013941,3,100,9973,5,7000,A1,NTD,339.75999999999976
2.0932490313029106,3,100,9973,5,7000,A2,NTD,339.75999999999976
9970.465154639467,3,100,9973,5,7000,A3,NTD,339.75999999999976
14.139262088383436,3,100,9973,5,7000,core,NTD,339.75999999999976
2.377398761337352,3,100,9973,5,7000,A1,Ours,15.585000000000036
0.013975182555122284,3,100,9973,5,7000,A2,Ours,15.585000000000036
2.506457317580025,3,100,9973,5,7000,A3,Ours,15.585000000000036
10.279743499281016,3,100,9973,5,7000,core,Ours,15.585000000000036
2.377398761337352,3,100,9973,5,7000,A1,HOSVD,3.73700000000008
0.013975182555122284,3,100,9973,5,7000,A2,HOSVD,3.73700000000008
2.491290264119667,3,100,9973,5,7000,A3,HOSVD,3.73700000000008
10.283475374396932,3,100,9973,5,7000,core,HOSVD,3.73700000000008
2.3778931056932113,3,100,9973,5,7000,A1,HOOI,10.78399999999965
0.014245418032886694,3,100,9973,5,7000,A2,HOOI,10.78399999999965
2.492217506007864,3,100,9973,5,7000,A3,HOOI,10.78399999999965
10.284424003322908,3,100,9973,5,7000,core,HOOI,10.78399999999965
2.0521169810874365,3,100,9973,5,7000,A1,Olga,7.1270000000004075
0.027976156399926306,3,100,9973,5,7000,A2,Olga,7.1270000000004075
2.8945048381957865,3,100,9973,5,7000,A3,Tracy,7.1270000000004075
10.276501316787543,3,100,9973,5,7000,core,Tracy_Olga,7.1270000000004075
1.851764635061875,3,100,1000,5,8000,A1,NTD,28.652000000000044
0.30451979179220867,3,100,1000,5,8000,A2,NTD,28.652000000000044
997.0001031143742,3,100,1000,5,8000,A3,NTD,28.652000000000044
14.620568889126496,3,100,1000,5,8000,core,NTD,28.652000000000044
2.023394338354876,3,100,1000,5,8000,A1,Ours,0.48699999999917054
0.012601341044393059,3,100,1000,5,8000,A2,Ours,0.48699999999917054
0.08186374100553016,3,100,1000,5,8000,A3,Ours,0.48699999999917054
10.309573897566668,3,100,1000,5,8000,core,Ours,0.48699999999917054
2.023394338354876,3,100,1000,5,8000,A1,HOSVD,0.4040000000004511
0.012601341044393059,3,100,1000,5,8000,A2,HOSVD,0.4040000000004511
0.08183870322751348,3,100,1000,5,8000,A3,HOSVD,0.4040000000004511
10.30948201449737,3,100,1000,5,8000,core,HOSVD,0.4040000000004511
2.027225575474425,3,100,1000,5,8000,A1,HOOI,0.7070000000003347
0.013443609211136453,3,100,1000,5,8000,A2,HOOI,0.7070000000003347
0.08270198416677291,3,100,1000,5,8000,A3,HOOI,0.7070000000003347
10.311439773068852,3,100,1000,5,8000,core,HOOI,0.7070000000003347
1.6654835518542208,3,100,1000,5,8000,A1,Olga,0.5709999999999127
0.005196966011609352,3,100,1000,5,8000,A2,Olga,0.5709999999999127
1.368680133969806,3,100,1000,5,8000,A3,Tracy,0.5709999999999127
10.302903447865978,3,100,1000,5,8000,core,Tracy_Olga,0.5709999999999127
1.339790423102666,3,100,4998,5,8000,A1,NTD,162.09100000000035
0.8378962464404,3,100,4998,5,8000,A2,NTD,162.09100000000035
4995.03962007696,3,100,4998,5,8000,A3,NTD,162.09100000000035
10.955861164474335,3,100,4998,5,8000,core,NTD,162.09100000000035
1.8991940038597959,3,100,4998,5,8000,A1,Ours,5.220000000000255
0.006650517738243645,3,100,4998,5,8000,A2,Ours,5.220000000000255
2.497866067392045,3,100,4998,5,8000,A3,Ours,5.220000000000255
9.749151365119605,3,100,4998,5,8000,core,Ours,5.220000000000255
1.8991940038597959,3,100,4998,5,8000,A1,HOSVD,1.84900000000016
0.006650517738243645,3,100,4998,5,8000,A2,HOSVD,1.84900000000016
2.4966589254103724,3,100,4998,5,8000,A3,HOSVD,1.84900000000016
9.752962818192561,3,100,4998,5,8000,core,HOSVD,1.84900000000016
1.9017273534921741,3,100,4998,5,8000,A1,HOOI,4.543000000000575
0.006199816519294031,3,100,4998,5,8000,A2,HOOI,4.543000000000575
2.515905095469269,3,100,4998,5,8000,A3,HOOI,4.543000000000575
9.835564302310202,3,100,4998,5,8000,core,HOOI,4.543000000000575
1.364516646431005,3,100,4998,5,8000,A1,Olga,2.693000000000211
0.025026277148739038,3,100,4998,5,8000,A2,Olga,2.693000000000211
2.921710387907774,3,100,4998,5,8000,A3,Tracy,2.693000000000211
9.30718264575513,3,100,4998,5,8000,core,Tracy_Olga,2.693000000000211
1.3970004173463872,3,100,9982,5,8000,A1,NTD,338.21500000000015
0.9347793141066185,3,100,9982,5,8000,A2,NTD,338.21500000000015
9979.049091154819,3,100,9982,5,8000,A3,NTD,338.21500000000015
11.715019523459848,3,100,9982,5,8000,core,NTD,338.21500000000015
1.2759835801195856,3,100,9982,5,8000,A1,Ours,14.420000000000073
0.004483104648179559,3,100,9982,5,8000,A2,Ours,14.420000000000073
2.496531956934873,3,100,9982,5,8000,A3,Ours,14.420000000000073
10.311162663042207,3,100,9982,5,8000,core,Ours,14.420000000000073
1.2759835801195856,3,100,9982,5,8000,A1,HOSVD,3.550000000000182
0.004483104648179559,3,100,9982,5,8000,A2,HOSVD,3.550000000000182
2.4845785187979046,3,100,9982,5,8000,A3,HOSVD,3.550000000000182
10.31335551236612,3,100,9982,5,8000,core,HOSVD,3.550000000000182
1.2723094880790446,3,100,9982,5,8000,A1,HOOI,10.970999999999549
0.0042542384377319995,3,100,9982,5,8000,A2,HOOI,10.970999999999549
2.488173238294532,3,100,9982,5,8000,A3,HOOI,10.970999999999549
10.308289906234966,3,100,9982,5,8000,core,HOOI,10.970999999999549
1.6149056159727126,3,100,9982,5,8000,A1,Olga,6.619000000000597
0.015540944998169872,3,100,9982,5,8000,A2,Olga,6.619000000000597
2.896110187034488,3,100,9982,5,8000,A3,Tracy,6.619000000000597
10.27339434343787,3,100,9982,5,8000,core,Tracy_Olga,6.619000000000597
1.5521649552112304,3,100,1000,5,9000,A1,NTD,28.701000000000022
0.11541886380435477,3,100,1000,5,9000,A2,NTD,28.701000000000022
997.00005537916,3,100,1000,5,9000,A3,NTD,28.701000000000022
12.864701797297627,3,100,1000,5,9000,core,NTD,28.701000000000022
2.0216276594728906,3,100,1000,5,9000,A1,Ours,0.5399999999999636
0.015401654265382446,3,100,1000,5,9000,A2,Ours,0.5399999999999636
0.10149577816009699,3,100,1000,5,9000,A3,Ours,0.5399999999999636
10.256141414940746,3,100,1000,5,9000,core,Ours,0.5399999999999636
2.0216276594728906,3,100,1000,5,9000,A1,HOSVD,0.8459999999995489
0.015401654265382446,3,100,1000,5,9000,A2,HOSVD,0.8459999999995489
0.10146597777392469,3,100,1000,5,9000,A3,HOSVD,0.8459999999995489
10.25614086281846,3,100,1000,5,9000,core,HOSVD,0.8459999999995489
2.0166422452165804,3,100,1000,5,9000,A1,HOOI,0.7649999999994179
0.014952291186859517,3,100,1000,5,9000,A2,HOOI,0.7649999999994179
0.10313297176720536,3,100,1000,5,9000,A3,HOOI,0.7649999999994179
10.255060015140707,3,100,1000,5,9000,core,HOOI,0.7649999999994179
1.7027912805448238,3,100,1000,5,9000,A1,Olga,0.44400000000041473
0.009257747688719216,3,100,1000,5,9000,A2,Olga,0.44400000000041473
1.3770782591757675,3,100,1000,5,9000,A3,Tracy,0.44400000000041473
10.24583001029892,3,100,1000,5,9000,core,Tracy_Olga,0.44400000000041473
1.6023848314829046,3,100,4997,5,9000,A1,NTD,153.45600000000013
0.8330099960792189,3,100,4997,5,9000,A2,NTD,153.45600000000013
4994.03134519675,3,100,4997,5,9000,A3,NTD,153.45600000000013
7.497819879030701,3,100,4997,5,9000,core,NTD,153.45600000000013
1.9652134214237362,3,100,4997,5,9000,A1,Ours,4.7590000000000146
0.02669642796035878,3,100,4997,5,9000,A2,Ours,4.7590000000000146
2.4856790696826283,3,100,4997,5,9000,A3,Ours,4.7590000000000146
9.72095466298732,3,100,4997,5,9000,core,Ours,4.7590000000000146
1.9652134214237362,3,100,4997,5,9000,A1,HOSVD,1.7770000000000437
0.02669642796035878,3,100,4997,5,9000,A2,HOSVD,1.7770000000000437
2.4830200258116846,3,100,4997,5,9000,A3,HOSVD,1.7770000000000437
9.724069137249751,3,100,4997,5,9000,core,HOSVD,1.7770000000000437
1.9627602100718302,3,100,4997,5,9000,A1,HOOI,4.516999999999825
0.026473770526356473,3,100,4997,5,9000,A2,HOOI,4.516999999999825
2.489689443607143,3,100,4997,5,9000,A3,HOOI,4.516999999999825
9.743395844047718,3,100,4997,5,9000,core,HOOI,4.516999999999825
1.3546506165550352,3,100,4997,5,9000,A1,Olga,2.686000000000604
0.010462969009429366,3,100,4997,5,9000,A2,Olga,2.686000000000604
3.0220673714489212,3,100,4997,5,9000,A3,Tracy,2.686000000000604
9.765800220932212,3,100,4997,5,9000,core,Tracy_Olga,2.686000000000604
1.4194765559836726,3,100,9977,5,9000,A1,NTD,338.9459999999999
0.820023683569729,3,100,9977,5,9000,A2,NTD,338.9459999999999
9974.039465210171,3,100,9977,5,9000,A3,NTD,338.9459999999999
7.2209228309072335,3,100,9977,5,9000,core,NTD,338.9459999999999
1.172748135570661,3,100,9977,5,9000,A1,Ours,14.601000000000568
0.005934581479245047,3,100,9977,5,9000,A2,Ours,14.601000000000568
2.506497633528242,3,100,9977,5,9000,A3,Ours,14.601000000000568
10.300434392620913,3,100,9977,5,9000,core,Ours,14.601000000000568
1.172748135570661,3,100,9977,5,9000,A1,HOSVD,3.464999999999236
0.005934581479245047,3,100,9977,5,9000,A2,HOSVD,3.464999999999236
2.497342771697406,3,100,9977,5,9000,A3,HOSVD,3.464999999999236
10.302181543431391,3,100,9977,5,9000,core,HOSVD,3.464999999999236
1.1718668299965536,3,100,9977,5,9000,A1,HOOI,11.858999999999469
0.0063498006611068,3,100,9977,5,9000,A2,HOOI,11.858999999999469
2.4963186793747245,3,100,9977,5,9000,A3,HOOI,11.858999999999469
10.3024644603239,3,100,9977,5,9000,core,HOOI,11.858999999999469
1.6582264730387295,3,100,9977,5,9000,A1,Olga,6.871999999999389
0.014989462304291268,3,100,9977,5,9000,A2,Olga,6.871999999999389
2.9030899301655557,3,100,9977,5,9000,A3,Tracy,6.871999999999389
10.300354055713473,3,100,9977,5,9000,core,Tracy_Olga,6.871999999999389
1.7783233990145004,3,100,1000,5,10000,A1,NTD,28.519000000000233
0.5825410427797382,3,100,1000,5,10000,A2,NTD,28.519000000000233
997.0000221862274,3,100,1000,5,10000,A3,NTD,28.519000000000233
6.2724129891745966,3,100,1000,5,10000,core,NTD,28.519000000000233
1.727559790554841,3,100,1000,5,10000,A1,Ours,0.556999999999789
0.006085122854998079,3,100,1000,5,10000,A2,Ours,0.556999999999789
0.11442249458003109,3,100,1000,5,10000,A3,Ours,0.556999999999789
10.264119652346336,3,100,1000,5,10000,core,Ours,0.556999999999789
1.727559790554841,3,100,1000,5,10000,A1,HOSVD,0.3999999999996362
0.006085122854998079,3,100,1000,5,10000,A2,HOSVD,0.3999999999996362
0.11439371246433913,3,100,1000,5,10000,A3,HOSVD,0.3999999999996362
10.264126474246051,3,100,1000,5,10000,core,HOSVD,0.3999999999996362
1.7278538926235218,3,100,1000,5,10000,A1,HOOI,0.967000000000553
0.00592433526730974,3,100,1000,5,10000,A2,HOOI,0.967000000000553
0.11361471873374619,3,100,1000,5,10000,A3,HOOI,0.967000000000553
10.264923023126585,3,100,1000,5,10000,core,HOOI,0.967000000000553
1.190278518433733,3,100,1000,5,10000,A1,Olga,0.600999999999658
0.004461001535590396,3,100,1000,5,10000,A2,Olga,0.600999999999658
1.3811850665582568,3,100,1000,5,10000,A3,Tracy,0.600999999999658
10.232078248846179,3,100,1000,5,10000,core,Tracy_Olga,0.600999999999658
1.4303134107590811,3,100,4999,5,10000,A1,NTD,159.85300000000007
0.6027531100252249,3,100,4999,5,10000,A2,NTD,159.85300000000007
4996.4116628248175,3,100,4999,5,10000,A3,NTD,159.85300000000007
12.713916471928414,3,100,4999,5,10000,core,NTD,159.85300000000007
1.8920379596757748,3,100,4999,5,10000,A1,Ours,5.218000000000757
0.009365182263816014,3,100,4999,5,10000,A2,Ours,5.218000000000757
2.4539445613644975,3,100,4999,5,10000,A3,Ours,5.218000000000757
9.35706506503396,3,100,4999,5,10000,core,Ours,5.218000000000757
1.8920379596757748,3,100,4999,5,10000,A1,HOSVD,1.8029999999998836
0.009365182263816014,3,100,4999,5,10000,A2,HOSVD,1.8029999999998836
2.451862412133768,3,100,4999,5,10000,A3,HOSVD,1.8029999999998836
9.360538183166382,3,100,4999,5,10000,core,HOSVD,1.8029999999998836
1.959248465866557,3,100,4999,5,10000,A1,HOOI,4.570999999999913
0.008727028756041838,3,100,4999,5,10000,A2,HOOI,4.570999999999913
2.451629083489558,3,100,4999,5,10000,A3,HOOI,4.570999999999913
9.352623759019213,3,100,4999,5,10000,core,HOOI,4.570999999999913
1.463525306466488,3,100,4999,5,10000,A1,Olga,2.7669999999998254
0.010627838143413204,3,100,4999,5,10000,A2,Olga,2.7669999999998254
2.9421601493056406,3,100,4999,5,10000,A3,Tracy,2.7669999999998254
9.361541814973252,3,100,4999,5,10000,core,Tracy_Olga,2.7669999999998254
1.4272158082703617,3,100,9982,5,10000,A1,NTD,333.3229999999994
0.5999410594704453,3,100,9982,5,10000,A2,NTD,333.3229999999994
9979.042650966916,3,100,9982,5,10000,A3,NTD,333.3229999999994
12.521536411807652,3,100,9982,5,10000,core,NTD,333.3229999999994
1.4702639328032232,3,100,9982,5,10000,A1,Ours,11.953999999999724
0.011013475582140672,3,100,9982,5,10000,A2,Ours,11.953999999999724
2.484399393456026,3,100,9982,5,10000,A3,Ours,11.953999999999724
10.31681433123125,3,100,9982,5,10000,core,Ours,11.953999999999724
1.4702639328032232,3,100,9982,5,10000,A1,HOSVD,2.7750000000005457
0.011013475582140672,3,100,9982,5,10000,A2,HOSVD,2.7750000000005457
2.476516623406911,3,100,9982,5,10000,A3,HOSVD,2.7750000000005457
10.318292754456795,3,100,9982,5,10000,core,HOSVD,2.7750000000005457
1.4766519067798634,3,100,9982,5,10000,A1,HOOI,9.322000000000116
0.010180020898996537,3,100,9982,5,10000,A2,HOOI,9.322000000000116
2.478015815956124,3,100,9982,5,10000,A3,HOOI,9.322000000000116
10.317112481718112,3,100,9982,5,10000,core,HOOI,9.322000000000116
1.4478405474138594,3,100,9982,5,10000,A1,Olga,5.542000000000371
0.02146441571449436,3,100,9982,5,10000,A2,Olga,5.542000000000371
2.8942669883830874,3,100,9982,5,10000,A3,Tracy,5.542000000000371
10.290348848603688,3,100,9982,5,10000,core,Tracy_Olga,5.542000000000371
