error,K,Q1,R,Q2,M,mode,method,time
8.300580822760631,3,100,100,5,100,A1,NTD,4.23
1.8238353423945992,3,100,100,5,100,A2,NTD,4.23
97.00133917011588,3,100,100,5,100,A3,NTD,4.23
11.781204260464666,3,100,100,5,100,core,NTD,4.23
20.686581975116642,3,100,100,5,100,A1,Ours,2.545
0.191658838253881,3,100,100,5,100,A2,Ours,2.545
0.28157680254556117,3,100,100,5,100,A3,Ours,2.545
11.43098659358507,3,100,100,5,100,core,Ours,2.545
20.686581975116642,3,100,100,5,100,A1,HOSVD,2.5059999999999985
0.191658838253881,3,100,100,5,100,A2,HOSVD,2.5059999999999985
0.2916792704388007,3,100,100,5,100,A3,HOSVD,2.5059999999999985
11.442407886197548,3,100,100,5,100,core,HOSVD,2.5059999999999985
19.948098217649008,3,100,100,5,100,A1,HOOI,3.067
0.13384059900987336,3,100,100,5,100,A2,HOOI,3.067
0.2522764442734166,3,100,100,5,100,A3,HOOI,3.067
10.01672176375853,3,100,100,5,100,core,HOOI,3.067
20.89972173311355,3,100,100,5,100,A1,Olga,1.2590000000000003
0.12766405685804835,3,100,100,5,100,A2,Olga,1.2590000000000003
1.0502220758001082,3,100,100,5,100,A3,Tracy,1.2590000000000003
9.454173886722382,3,100,100,5,100,core,Tracy_Olga,1.2590000000000003
7.043994928871553,3,100,497,5,100,A1,NTD,21.376000000000005
2.147609411492117,3,100,497,5,100,A2,NTD,21.376000000000005
494.1838410080756,3,100,497,5,100,A3,NTD,21.376000000000005
10.346024296190464,3,100,497,5,100,core,NTD,21.376000000000005
24.314957018746156,3,100,497,5,100,A1,Ours,4.518999999999998
0.07308597719762391,3,100,497,5,100,A2,Ours,4.518999999999998
2.899838743917796,3,100,497,5,100,A3,Ours,4.518999999999998
8.182070023655719,3,100,497,5,100,core,Ours,4.518999999999998
24.314957018746156,3,100,497,5,100,A1,HOSVD,5.058
0.07308597719762391,3,100,497,5,100,A2,HOSVD,5.058
2.5431320213149635,3,100,497,5,100,A3,HOSVD,5.058
9.656137584010574,3,100,497,5,100,core,HOSVD,5.058
24.562238748953902,3,100,497,5,100,A1,HOOI,3.602000000000004
0.05355375392568283,3,100,497,5,100,A2,HOOI,3.602000000000004
2.606877011778286,3,100,497,5,100,A3,HOOI,3.602000000000004
10.069581391699243,3,100,497,5,100,core,HOOI,3.602000000000004
22.988319979299312,3,100,497,5,100,A1,Olga,2.2319999999999993
0.5462404321796025,3,100,497,5,100,A2,Olga,2.2319999999999993
2.8088745444202026,3,100,497,5,100,A3,Tracy,2.2319999999999993
9.521006897419428,3,100,497,5,100,core,Tracy_Olga,2.2319999999999993
11.36857811106753,3,100,978,5,100,A1,NTD,38.619
3.853588766042895,3,100,978,5,100,A2,NTD,38.619
975.2648997758388,3,100,978,5,100,A3,NTD,38.619
11.382132533176458,3,100,978,5,100,core,NTD,38.619
19.42356611947352,3,100,978,5,100,A1,Ours,8.580999999999989
0.11122849352305282,3,100,978,5,100,A2,Ours,8.580999999999989
4.231329629745263,3,100,978,5,100,A3,Ours,8.580999999999989
12.565628108292875,3,100,978,5,100,core,Ours,8.580999999999989
19.42356611947352,3,100,978,5,100,A1,HOSVD,8.326999999999998
0.11122849352305282,3,100,978,5,100,A2,HOSVD,8.326999999999998
2.520164541956059,3,100,978,5,100,A3,HOSVD,8.326999999999998
12.334933634971582,3,100,978,5,100,core,HOSVD,8.326999999999998
27.039971016715395,3,100,978,5,100,A1,Olga,10.117999999999995
1.205348246516167,3,100,978,5,100,A2,Olga,10.117999999999995
2.813062079785805,3,100,978,5,100,A3,Tracy,10.117999999999995
11.847045544489557,3,100,978,5,100,core,Tracy_Olga,10.117999999999995
77.1526677977417,3,100,2357,5,100,A1,NTD,87.42499999999998
2.1476135919612402,3,100,2357,5,100,A2,NTD,87.42499999999998
2354.423458792916,3,100,2357,5,100,A3,NTD,87.42499999999998
10.908319469590252,3,100,2357,5,100,core,NTD,87.42499999999998
16.601181768323727,3,100,2357,5,100,A1,Ours,5.1720000000000255
0.19304450338760204,3,100,2357,5,100,A2,Ours,5.1720000000000255
5.021145047896415,3,100,2357,5,100,A3,Ours,5.1720000000000255
14.002377423566077,3,100,2357,5,100,core,Ours,5.1720000000000255
16.601181768323727,3,100,2357,5,100,A1,HOSVD,6.0379999999999825
0.19304450338760204,3,100,2357,5,100,A2,HOSVD,6.0379999999999825
2.684936572590627,3,100,2357,5,100,A3,HOSVD,6.0379999999999825
10.014620120439307,3,100,2357,5,100,core,HOSVD,6.0379999999999825
16.55292050317126,3,100,2357,5,100,A1,HOOI,6.299999999999983
0.16087863338996358,3,100,2357,5,100,A2,HOOI,6.299999999999983
2.720001082391358,3,100,2357,5,100,A3,HOOI,6.299999999999983
8.342519514778655,3,100,2357,5,100,core,HOOI,6.299999999999983
43.28230307582191,3,100,2357,5,100,A1,Olga,3.554000000000002
1.9641147474324145,3,100,2357,5,100,A2,Olga,3.554000000000002
2.9498096360425454,3,100,2357,5,100,A3,Tracy,3.554000000000002
10.04942018215777,3,100,2357,5,100,core,Tracy_Olga,3.554000000000002
126.61331597051554,3,100,4519,5,100,A1,NTD,166.98600000000002
1.9994155635283395,3,100,4519,5,100,A2,NTD,166.98600000000002
4516.526577802223,3,100,4519,5,100,A3,NTD,166.98600000000002
10.118584769725679,3,100,4519,5,100,core,NTD,166.98600000000002
23.671687801389776,3,100,4519,5,100,A1,Ours,14.284999999999968
0.21533155503332363,3,100,4519,5,100,A2,Ours,14.284999999999968
5.027327045913281,3,100,4519,5,100,A3,Ours,14.284999999999968
8.80612474621896,3,100,4519,5,100,core,Ours,14.284999999999968
23.671687801389776,3,100,4519,5,100,A1,HOSVD,14.90300000000002
0.21533155503332363,3,100,4519,5,100,A2,HOSVD,14.90300000000002
2.768210529138193,3,100,4519,5,100,A3,HOSVD,14.90300000000002
10.164780440512805,3,100,4519,5,100,core,HOSVD,14.90300000000002
85.16573143151949,3,100,4519,5,100,A1,Olga,10.870999999999981
0.4301564406080924,3,100,4519,5,100,A2,Olga,10.870999999999981
4.547512203467035,3,100,4519,5,100,A3,Tracy,10.870999999999981
11.480062441381031,3,100,4519,5,100,core,Tracy_Olga,10.870999999999981
128.1906650231308,3,100,5330,5,100,A1,NTD,193.022
2.147459846038307,3,100,5330,5,100,A2,NTD,193.022
5327.538452979904,3,100,5330,5,100,A3,NTD,193.022
9.427653318611396,3,100,5330,5,100,core,NTD,193.022
22.36411523764322,3,100,5330,5,100,A1,Ours,13.197000000000003
0.10664503711400813,3,100,5330,5,100,A2,Ours,13.197000000000003
4.953780255290457,3,100,5330,5,100,A3,Ours,13.197000000000003
11.59714392794972,3,100,5330,5,100,core,Ours,13.197000000000003
22.36411523764322,3,100,5330,5,100,A1,HOSVD,9.019999999999982
0.10664503711400813,3,100,5330,5,100,A2,HOSVD,9.019999999999982
2.7624606335802104,3,100,5330,5,100,A3,HOSVD,9.019999999999982
10.095211745571277,3,100,5330,5,100,core,HOSVD,9.019999999999982
22.398429343095735,3,100,5330,5,100,A1,HOOI,11.849000000000046
0.09190363711109643,3,100,5330,5,100,A2,HOOI,11.849000000000046
3.85533442277691,3,100,5330,5,100,A3,HOOI,11.849000000000046
9.130661934688439,3,100,5330,5,100,core,HOOI,11.849000000000046
53.010677360602884,3,100,5330,5,100,A1,Olga,12.222999999999956
0.4318106813115106,3,100,5330,5,100,A2,Olga,12.222999999999956
3.0131222460126104,3,100,5330,5,100,A3,Tracy,12.222999999999956
9.99867783010173,3,100,5330,5,100,core,Tracy_Olga,12.222999999999956
121.1752250885125,3,100,6088,5,100,A1,NTD,195.442
5.853465934897097,3,100,6088,5,100,A2,NTD,195.442
6085.602782713293,3,100,6088,5,100,A3,NTD,195.442
10.277182225320654,3,100,6088,5,100,core,NTD,195.442
19.641253324910394,3,100,6088,5,100,A1,Ours,6.524000000000001
0.06685274140411249,3,100,6088,5,100,A2,Ours,6.524000000000001
5.124103826894654,3,100,6088,5,100,A3,Ours,6.524000000000001
14.031694304947429,3,100,6088,5,100,core,Ours,6.524000000000001
74.34879012885142,3,100,6088,5,100,A1,Olga,3.65300000000002
1.2604896819501274,3,100,6088,5,100,A2,Olga,3.65300000000002
4.377063703017399,3,100,6088,5,100,A3,Tracy,3.65300000000002
12.138705812802314,3,100,6088,5,100,core,Tracy_Olga,3.65300000000002
115.4540702563104,3,100,6839,5,100,A1,NTD,222.0189999999999
3.9991220092337874,3,100,6839,5,100,A2,NTD,222.0189999999999
6836.657070112517,3,100,6839,5,100,A3,NTD,222.0189999999999
9.13670029711781,3,100,6839,5,100,core,NTD,222.0189999999999
15.785771655444531,3,100,6839,5,100,A1,Ours,15.968999999999824
0.10122950521096585,3,100,6839,5,100,A2,Ours,15.968999999999824
5.279605465599931,3,100,6839,5,100,A3,Ours,15.968999999999824
13.991577355227108,3,100,6839,5,100,core,Ours,15.968999999999824
109.67160816786891,3,100,7493,5,100,A1,NTD,241.2539999999999
4.147465635704754,3,100,7493,5,100,A2,NTD,241.2539999999999
7490.619122430609,3,100,7493,5,100,A3,NTD,241.2539999999999
10.867237280113981,3,100,7493,5,100,core,NTD,241.2539999999999
19.749623867888058,3,100,7493,5,100,A1,Ours,10.160000000000082
0.1895552984865335,3,100,7493,5,100,A2,Ours,10.160000000000082
5.254824247129932,3,100,7493,5,100,A3,Ours,10.160000000000082
14.566328387510348,3,100,7493,5,100,core,Ours,10.160000000000082
19.749623867888058,3,100,7493,5,100,A1,HOSVD,2.637000000000171
0.1895552984865335,3,100,7493,5,100,A2,HOSVD,2.637000000000171
3.780944749782401,3,100,7493,5,100,A3,HOSVD,2.637000000000171
11.553809070080217,3,100,7493,5,100,core,HOSVD,2.637000000000171
19.720064084233933,3,100,7493,5,100,A1,HOOI,12.923999999999978
0.14495836258404932,3,100,7493,5,100,A2,HOOI,12.923999999999978
3.8763422714818727,3,100,7493,5,100,A3,HOOI,12.923999999999978
11.101251129255962,3,100,7493,5,100,core,HOOI,12.923999999999978
124.24332268028996,3,100,8151,5,100,A1,NTD,250.82899999999995
2.1476344539023047,3,100,8151,5,100,A2,NTD,250.82899999999995
8148.603160229369,3,100,8151,5,100,A3,NTD,250.82899999999995
10.884564743641219,3,100,8151,5,100,core,NTD,250.82899999999995
18.248398412805894,3,100,8151,5,100,A1,Ours,21.20699999999988
0.13724578536966467,3,100,8151,5,100,A2,Ours,21.20699999999988
5.325375519671115,3,100,8151,5,100,A3,Ours,21.20699999999988
13.991577815773255,3,100,8151,5,100,core,Ours,21.20699999999988
18.248398412805894,3,100,8151,5,100,A1,HOSVD,18.777000000000044
0.13724578536966467,3,100,8151,5,100,A2,HOSVD,18.777000000000044
3.8060617819267395,3,100,8151,5,100,A3,HOSVD,18.777000000000044
10.814134201817605,3,100,8151,5,100,core,HOSVD,18.777000000000044
15.616211090609662,3,100,8151,5,100,A1,HOOI,25.506000000000085
0.07389476206542438,3,100,8151,5,100,A2,HOOI,25.506000000000085
3.9794815981027276,3,100,8151,5,100,A3,HOOI,25.506000000000085
13.729411347898827,3,100,8151,5,100,core,HOOI,25.506000000000085
94.49844792001004,3,100,8151,5,100,A1,Olga,23.153999999999996
0.9576365823376294,3,100,8151,5,100,A2,Olga,23.153999999999996
4.532059225658406,3,100,8151,5,100,A3,Tracy,23.153999999999996
9.192905321529798,3,100,8151,5,100,core,Tracy_Olga,23.153999999999996
3.8608587612483927,3,100,100,5,3000,A1,NTD,3.2619999999999436
1.762236391516975,3,100,100,5,3000,A2,NTD,3.2619999999999436
97,3,100,100,5,3000,A3,NTD,3.2619999999999436
12.353897042610924,3,100,100,5,3000,core,NTD,3.2619999999999436
3.00966062275167,3,100,100,5,3000,A1,Ours,5.408000000000129
0.02310184959551297,3,100,100,5,3000,A2,Ours,5.408000000000129
0.05214920277159731,3,100,100,5,3000,A3,Ours,5.408000000000129
7.279317838490571,3,100,100,5,3000,core,Ours,5.408000000000129
3.00966062275167,3,100,100,5,3000,A1,HOSVD,6.726999999999862
0.02310184959551297,3,100,100,5,3000,A2,HOSVD,6.726999999999862
0.0521508366580342,3,100,100,5,3000,A3,HOSVD,6.726999999999862
7.2793077011903895,3,100,100,5,3000,core,HOSVD,6.726999999999862
3.030973825401141,3,100,100,5,3000,A1,HOOI,4.4809999999999945
0.023396326364908362,3,100,100,5,3000,A2,HOOI,4.4809999999999945
0.0520001544265854,3,100,100,5,3000,A3,HOOI,4.4809999999999945
7.279538090884192,3,100,100,5,3000,core,HOOI,4.4809999999999945
3.5800835429809927,3,100,100,5,3000,A1,Olga,5.2309999999999945
0.020348073116184726,3,100,100,5,3000,A2,Olga,5.2309999999999945
0.9982585534131202,3,100,100,5,3000,A3,Tracy,5.2309999999999945
8.535039792986137,3,100,100,5,3000,core,Tracy_Olga,5.2309999999999945
15.451054469120555,3,100,500,5,3000,A1,NTD,13.423000000000002
1.2393935217441292,3,100,500,5,3000,A2,NTD,13.423000000000002
497.000152501493,3,100,500,5,3000,A3,NTD,13.423000000000002
10.973289724339654,3,100,500,5,3000,core,NTD,13.423000000000002
4.10309140475068,3,100,500,5,3000,A1,Ours,4.186999999999898
0.009587637672215094,3,100,500,5,3000,A2,Ours,4.186999999999898
0.12072920836546891,3,100,500,5,3000,A3,Ours,4.186999999999898
7.307527360076325,3,100,500,5,3000,core,Ours,4.186999999999898
4.10309140475068,3,100,500,5,3000,A1,HOSVD,4.179000000000087
0.009587637672215094,3,100,500,5,3000,A2,HOSVD,4.179000000000087
0.12049702912554484,3,100,500,5,3000,A3,HOSVD,4.179000000000087
7.307368695774513,3,100,500,5,3000,core,HOSVD,4.179000000000087
4.1251356904527725,3,100,500,5,3000,A1,HOOI,2.3120000000001255
0.009128468212757278,3,100,500,5,3000,A2,HOOI,2.3120000000001255
0.11556868373612393,3,100,500,5,3000,A3,HOOI,2.3120000000001255
7.320036221151722,3,100,500,5,3000,core,HOOI,2.3120000000001255
3.4396852515785428,3,100,500,5,3000,A1,Olga,1.344000000000051
0.01377958269834154,3,100,500,5,3000,A2,Olga,1.344000000000051
1.3075857754134288,3,100,500,5,3000,A3,Tracy,1.344000000000051
8.672131098820772,3,100,500,5,3000,core,Tracy_Olga,1.344000000000051
3.912884499086047,3,100,1000,5,3000,A1,NTD,35.14799999999991
1.2525084453665862,3,100,1000,5,3000,A2,NTD,35.14799999999991
997.0005716791441,3,100,1000,5,3000,A3,NTD,35.14799999999991
13.677074509447902,3,100,1000,5,3000,core,NTD,35.14799999999991
3.8535707310351457,3,100,1000,5,3000,A1,Ours,0.6099999999999
0.019731502268685464,3,100,1000,5,3000,A2,Ours,0.6099999999999
0.4481115792808127,3,100,1000,5,3000,A3,Ours,0.6099999999999
8.52881238137601,3,100,1000,5,3000,core,Ours,0.6099999999999
3.8535707310351457,3,100,1000,5,3000,A1,HOSVD,0.38799999999991996
0.019731502268685464,3,100,1000,5,3000,A2,HOSVD,0.38799999999991996
0.44704644575123914,3,100,1000,5,3000,A3,HOSVD,0.38799999999991996
8.52735780223244,3,100,1000,5,3000,core,HOSVD,0.38799999999991996
3.3617146436757896,3,100,1000,5,3000,A1,HOOI,0.7400000000000091
0.017878318102496533,3,100,1000,5,3000,A2,HOOI,0.7400000000000091
0.41934365418767144,3,100,1000,5,3000,A3,HOOI,0.7400000000000091
8.510345648982149,3,100,1000,5,3000,core,HOOI,0.7400000000000091
4.157094060072245,3,100,1000,5,3000,A1,Olga,0.44299999999998363
0.02305700513873437,3,100,1000,5,3000,A2,Olga,0.44299999999998363
1.4116724692467333,3,100,1000,5,3000,A3,Tracy,0.44299999999998363
8.512871365136405,3,100,1000,5,3000,core,Tracy_Olga,0.44299999999998363
2.692278391938673,3,100,2495,5,3000,A1,NTD,85.10699999999997
1.0745706103940926,3,100,2495,5,3000,A2,NTD,85.10699999999997
2492.045388987035,3,100,2495,5,3000,A3,NTD,85.10699999999997
10.74674984515255,3,100,2495,5,3000,core,NTD,85.10699999999997
3.788873513435535,3,100,2495,5,3000,A1,Ours,3.275000000000091
0.025345892035526882,3,100,2495,5,3000,A2,Ours,3.275000000000091
2.6089001979384134,3,100,2495,5,3000,A3,Ours,3.275000000000091
8.963001066172446,3,100,2495,5,3000,core,Ours,3.275000000000091
3.788873513435535,3,100,2495,5,3000,A1,HOSVD,3.0109999999999673
0.025345892035526882,3,100,2495,5,3000,A2,HOSVD,3.0109999999999673
2.6014871935645147,3,100,2495,5,3000,A3,HOSVD,3.0109999999999673
8.942351241709643,3,100,2495,5,3000,core,HOSVD,3.0109999999999673
3.7941901846452715,3,100,2495,5,3000,A1,HOOI,2.68100000000004
0.02660884813194493,3,100,2495,5,3000,A2,HOOI,2.68100000000004
2.6068889153734442,3,100,2495,5,3000,A3,HOOI,2.68100000000004
9.062244306824205,3,100,2495,5,3000,core,HOOI,2.68100000000004
3.869769094143141,3,100,2495,5,3000,A1,Olga,1.3559999999999945
0.02928237390350752,3,100,2495,5,3000,A2,Olga,1.3559999999999945
2.9905448447770797,3,100,2495,5,3000,A3,Tracy,1.3559999999999945
10.025725185707667,3,100,2495,5,3000,core,Tracy_Olga,1.3559999999999945
3.128845207597382,3,100,4988,5,3000,A1,NTD,163.30500000000006
0.4206253846308891,3,100,4988,5,3000,A2,NTD,163.30500000000006
4985.059546804435,3,100,4988,5,3000,A3,NTD,163.30500000000006
10.591222699605819,3,100,4988,5,3000,core,NTD,163.30500000000006
4.113723292011119,3,100,4988,5,3000,A1,Ours,5.51700000000028
0.02679955768626438,3,100,4988,5,3000,A2,Ours,5.51700000000028
2.6029380562026536,3,100,4988,5,3000,A3,Ours,5.51700000000028
9.99303644170267,3,100,4988,5,3000,core,Ours,5.51700000000028
4.113723292011119,3,100,4988,5,3000,A1,HOSVD,1.7159999999998945
0.02679955768626438,3,100,4988,5,3000,A2,HOSVD,1.7159999999998945
2.5766453977091137,3,100,4988,5,3000,A3,HOSVD,1.7159999999998945
8.009403296728514,3,100,4988,5,3000,core,HOSVD,1.7159999999998945
4.106830019809176,3,100,4988,5,3000,A1,HOOI,4.157999999999902
0.020261394190833414,3,100,4988,5,3000,A2,HOOI,4.157999999999902
2.575784054385322,3,100,4988,5,3000,A3,HOOI,4.157999999999902
8.02391136524612,3,100,4988,5,3000,core,HOOI,4.157999999999902
2.75226182869726,3,100,4988,5,3000,A1,Olga,2.6669999999999163
0.06281384246446857,3,100,4988,5,3000,A2,Olga,2.6669999999999163
2.8777014234777636,3,100,4988,5,3000,A3,Tracy,2.6669999999999163
9.82041005000362,3,100,4988,5,3000,core,Tracy_Olga,2.6669999999999163
8.809709002720023,3,100,5974,5,3000,A1,NTD,202.05000000000018
2.1473323672335396,3,100,5974,5,3000,A2,NTD,202.05000000000018
5971.073312314756,3,100,5974,5,3000,A3,NTD,202.05000000000018
9.454302889592569,3,100,5974,5,3000,core,NTD,202.05000000000018
4.007320316066628,3,100,5974,5,3000,A1,Ours,7.184999999999945
0.01434041933503708,3,100,5974,5,3000,A2,Ours,7.184999999999945
2.6111890766808497,3,100,5974,5,3000,A3,Ours,7.184999999999945
10.128183781359317,3,100,5974,5,3000,core,Ours,7.184999999999945
4.007320316066628,3,100,5974,5,3000,A1,HOSVD,2.744999999999891
0.01434041933503708,3,100,5974,5,3000,A2,HOSVD,2.744999999999891
2.5801008989886842,3,100,5974,5,3000,A3,HOSVD,2.744999999999891
9.952422546863927,3,100,5974,5,3000,core,HOSVD,2.744999999999891
3.9896344228317697,3,100,5974,5,3000,A1,HOOI,7.532999999999902
0.013826428815423491,3,100,5974,5,3000,A2,HOOI,7.532999999999902
2.5778408734458673,3,100,5974,5,3000,A3,HOOI,7.532999999999902
10.068016819667633,3,100,5974,5,3000,core,HOOI,7.532999999999902
3.8870801453552004,3,100,5974,5,3000,A1,Olga,4.487999999999829
0.08483842161498949,3,100,5974,5,3000,A2,Olga,4.487999999999829
2.8064643399106397,3,100,5974,5,3000,A3,Tracy,4.487999999999829
9.894729598259639,3,100,5974,5,3000,core,Tracy_Olga,4.487999999999829
1.9646683690981326,3,100,6969,5,3000,A1,NTD,227.32499999999982
3.855991572292694,3,100,6969,5,3000,A2,NTD,227.32499999999982
6966.075116874138,3,100,6969,5,3000,A3,NTD,227.32499999999982
9.68576061464914,3,100,6969,5,3000,core,NTD,227.32499999999982
4.008519459665627,3,100,6969,5,3000,A1,Ours,9.179000000000087
0.02687514999168368,3,100,6969,5,3000,A2,Ours,9.179000000000087
2.6469686279098017,3,100,6969,5,3000,A3,Ours,9.179000000000087
8.332913880335717,3,100,6969,5,3000,core,Ours,9.179000000000087
4.008519459665627,3,100,6969,5,3000,A1,HOSVD,2.23700000000008
0.02687514999168368,3,100,6969,5,3000,A2,HOSVD,2.23700000000008
2.6043712291430725,3,100,6969,5,3000,A3,HOSVD,2.23700000000008
8.187212411406707,3,100,6969,5,3000,core,HOSVD,2.23700000000008
4.025898490243234,3,100,6969,5,3000,A1,HOOI,6.774000000000342
0.03418583821829905,3,100,6969,5,3000,A2,HOOI,6.774000000000342
3.4761928487809413,3,100,6969,5,3000,A3,HOOI,6.774000000000342
8.386099804731542,3,100,6969,5,3000,core,HOOI,6.774000000000342
3.0829924718049484,3,100,6969,5,3000,A1,Olga,4.3270000000002256
0.06075121353406112,3,100,6969,5,3000,A2,Olga,4.3270000000002256
2.83713218205648,3,100,6969,5,3000,A3,Tracy,4.3270000000002256
9.895928395172987,3,100,6969,5,3000,core,Tracy_Olga,4.3270000000002256
3.4616110040919184,3,100,7955,5,3000,A1,NTD,255.625
3.3043374821349896,3,100,7955,5,3000,A2,NTD,255.625
7952.098937375296,3,100,7955,5,3000,A3,NTD,255.625
9.683906443920558,3,100,7955,5,3000,core,NTD,255.625
4.598243374081909,3,100,7955,5,3000,A1,Ours,16.759000000000015
0.020257142644346405,3,100,7955,5,3000,A2,Ours,16.759000000000015
2.651036329046697,3,100,7955,5,3000,A3,Ours,16.759000000000015
10.317976716532112,3,100,7955,5,3000,core,Ours,16.759000000000015
4.598243374081909,3,100,7955,5,3000,A1,HOSVD,4.375
0.020257142644346405,3,100,7955,5,3000,A2,HOSVD,4.375
2.59594232431725,3,100,7955,5,3000,A3,HOSVD,4.375
8.181423161647373,3,100,7955,5,3000,core,HOSVD,4.375
4.629609577422843,3,100,7955,5,3000,A1,HOOI,19.549999999999727
0.016799671568866636,3,100,7955,5,3000,A2,HOOI,19.549999999999727
2.6011337798845515,3,100,7955,5,3000,A3,HOOI,19.549999999999727
8.178520824266716,3,100,7955,5,3000,core,HOOI,19.549999999999727
3.7023858849279483,3,100,7955,5,3000,A1,Olga,9.383000000000266
0.035672693387075384,3,100,7955,5,3000,A2,Olga,9.383000000000266
2.8274149994638558,3,100,7955,5,3000,A3,Tracy,9.383000000000266
10.063715372778278,3,100,7955,5,3000,core,Tracy_Olga,9.383000000000266
2.173094667334277,3,100,8939,5,3000,A1,NTD,285.6769999999997
2.147331498183485,3,100,8939,5,3000,A2,NTD,285.6769999999997
8936.102139526025,3,100,8939,5,3000,A3,NTD,285.6769999999997
10.492670263867156,3,100,8939,5,3000,core,NTD,285.6769999999997
3.4328570554683626,3,100,8939,5,3000,A1,Ours,13.370000000000346
0.0035232594669195216,3,100,8939,5,3000,A2,Ours,13.370000000000346
2.6486738003599037,3,100,8939,5,3000,A3,Ours,13.370000000000346
10.433708111379994,3,100,8939,5,3000,core,Ours,13.370000000000346
3.4328570554683626,3,100,8939,5,3000,A1,HOSVD,3.41800000000012
0.0035232594669195216,3,100,8939,5,3000,A2,HOSVD,3.41800000000012
2.579402798365805,3,100,8939,5,3000,A3,HOSVD,3.41800000000012
8.23782387435753,3,100,8939,5,3000,core,HOSVD,3.41800000000012
3.43048848285849,3,100,8939,5,3000,A1,HOOI,13.230999999999767
0.0046316297438001456,3,100,8939,5,3000,A2,HOOI,13.230999999999767
2.586999443170943,3,100,8939,5,3000,A3,HOOI,13.230999999999767
8.297347244372286,3,100,8939,5,3000,core,HOOI,13.230999999999767
3.5359883224159225,3,100,8939,5,3000,A1,Olga,5.881999999999607
0.06354758927120988,3,100,8939,5,3000,A2,Olga,5.881999999999607
2.819467301233357,3,100,8939,5,3000,A3,Tracy,5.881999999999607
9.980639935399795,3,100,8939,5,3000,core,Tracy_Olga,5.881999999999607
2.6486637020699404,3,100,9925,5,3000,A1,NTD,315.85000000000036
3.8532991698239054,3,100,9925,5,3000,A2,NTD,315.85000000000036
9922.115884202787,3,100,9925,5,3000,A3,NTD,315.85000000000036
12.38251367459742,3,100,9925,5,3000,core,NTD,315.85000000000036
4.217879890755965,3,100,9925,5,3000,A1,Ours,37.0029999999997
0.0458595918963799,3,100,9925,5,3000,A2,Ours,37.0029999999997
2.837484710455802,3,100,9925,5,3000,A3,Ours,37.0029999999997
10.169318189614994,3,100,9925,5,3000,core,Ours,37.0029999999997
4.217879890755965,3,100,9925,5,3000,A1,HOSVD,19.00899999999956
0.0458595918963799,3,100,9925,5,3000,A2,HOSVD,19.00899999999956
2.5918743572856955,3,100,9925,5,3000,A3,HOSVD,19.00899999999956
8.195658801350957,3,100,9925,5,3000,core,HOSVD,19.00899999999956
4.246356708629674,3,100,9925,5,3000,A1,HOOI,37.14800000000014
0.04821500020043183,3,100,9925,5,3000,A2,HOOI,37.14800000000014
2.5951828209900993,3,100,9925,5,3000,A3,HOOI,37.14800000000014
8.283132832329825,3,100,9925,5,3000,core,HOOI,37.14800000000014
4.30697802265029,3,100,9925,5,3000,A1,Olga,21.514999999999873
0.06898311439767607,3,100,9925,5,3000,A2,Olga,21.514999999999873
2.829904051039277,3,100,9925,5,3000,A3,Tracy,21.514999999999873
9.753178236718878,3,100,9925,5,3000,core,Tracy_Olga,21.514999999999873
3.4372600824141335,3,100,100,5,10000,A1,NTD,3.593000000000302
1.9402333591215621,3,100,100,5,10000,A2,NTD,3.593000000000302
97,3,100,100,5,10000,A3,NTD,3.593000000000302
10.57100763101131,3,100,100,5,10000,core,NTD,3.593000000000302
2.00009900640476,3,100,100,5,10000,A1,Ours,3.9140000000002146
0.013970688648975925,3,100,100,5,10000,A2,Ours,3.9140000000002146
0.024282491348386673,3,100,100,5,10000,A3,Ours,3.9140000000002146
7.267072349139525,3,100,100,5,10000,core,Ours,3.9140000000002146
2.00009900640476,3,100,100,5,10000,A1,HOSVD,3.8609999999998763
0.013970688648975925,3,100,100,5,10000,A2,HOSVD,3.8609999999998763
0.02428220814344528,3,100,100,5,10000,A3,HOSVD,3.8609999999998763
7.267071282039019,3,100,100,5,10000,core,HOSVD,3.8609999999998763
1.9981187260787268,3,100,100,5,10000,A1,HOOI,2.563000000000102
0.015009047283003753,3,100,100,5,10000,A2,HOOI,2.563000000000102
0.024394146777237353,3,100,100,5,10000,A3,HOOI,2.563000000000102
7.266947463253429,3,100,100,5,10000,core,HOOI,2.563000000000102
2.0065377927616197,3,100,100,5,10000,A1,Olga,4.329999999999927
0.013801160811482867,3,100,100,5,10000,A2,Olga,4.329999999999927
0.9960571592537792,3,100,100,5,10000,A3,Tracy,4.329999999999927
7.337994507210582,3,100,100,5,10000,core,Tracy_Olga,4.329999999999927
3.3424714845356904,3,100,500,5,10000,A1,NTD,14.693000000000211
0.6620044299641595,3,100,500,5,10000,A2,NTD,14.693000000000211
497.0000331792809,3,100,500,5,10000,A3,NTD,14.693000000000211
11.250185356286577,3,100,500,5,10000,core,NTD,14.693000000000211
2.3545470304596328,3,100,500,5,10000,A1,Ours,4.304000000000087
0.004145012714191714,3,100,500,5,10000,A2,Ours,4.304000000000087
0.05558834974912831,3,100,500,5,10000,A3,Ours,4.304000000000087
7.2807511891638965,3,100,500,5,10000,core,Ours,4.304000000000087
2.3545470304596328,3,100,500,5,10000,A1,HOSVD,3.8730000000000473
0.004145012714191714,3,100,500,5,10000,A2,HOSVD,3.8730000000000473
0.055588133246115966,3,100,500,5,10000,A3,HOSVD,3.8730000000000473
7.280747085839094,3,100,500,5,10000,core,HOSVD,3.8730000000000473
2.362624371569966,3,100,500,5,10000,A1,HOOI,3.1390000000001237
0.0033341316063797313,3,100,500,5,10000,A2,HOOI,3.1390000000001237
0.055499769081421485,3,100,500,5,10000,A3,HOOI,3.1390000000001237
7.281854925446478,3,100,500,5,10000,core,HOOI,3.1390000000001237
1.6650015598649668,3,100,500,5,10000,A1,Olga,1.2890000000002146
0.015707896003751366,3,100,500,5,10000,A2,Olga,1.2890000000002146
1.2958161252183404,3,100,500,5,10000,A3,Tracy,1.2890000000002146
8.594084329948698,3,100,500,5,10000,core,Tracy_Olga,1.2890000000002146
3.710336843511676,3,100,1000,5,10000,A1,NTD,32.80000000000018
1.572247415757232,3,100,1000,5,10000,A2,NTD,32.80000000000018
997.0002095876903,3,100,1000,5,10000,A3,NTD,32.80000000000018
10.745968477742103,3,100,1000,5,10000,core,NTD,32.80000000000018
1.9288031967922115,3,100,1000,5,10000,A1,Ours,0.9570000000003347
0.009255194169755161,3,100,1000,5,10000,A2,Ours,0.9570000000003347
0.07475056808455376,3,100,1000,5,10000,A3,Ours,0.9570000000003347
7.277043347576074,3,100,1000,5,10000,core,Ours,0.9570000000003347
1.9288031967922115,3,100,1000,5,10000,A1,HOSVD,0.7609999999999673
0.009255194169755161,3,100,1000,5,10000,A2,HOSVD,0.7609999999999673
0.07477387981567822,3,100,1000,5,10000,A3,HOSVD,0.7609999999999673
7.277041216457862,3,100,1000,5,10000,core,HOSVD,0.7609999999999673
1.9197828190347388,3,100,1000,5,10000,A1,HOOI,1.524000000000342
0.008921183775237316,3,100,1000,5,10000,A2,HOOI,1.524000000000342
0.0746904005753594,3,100,1000,5,10000,A3,HOOI,1.524000000000342
7.2772694466855175,3,100,1000,5,10000,core,HOOI,1.524000000000342
1.7504907326182075,3,100,1000,5,10000,A1,Olga,1.4239999999999782
0.018435442700085652,3,100,1000,5,10000,A2,Olga,1.4239999999999782
1.3354622720859624,3,100,1000,5,10000,A3,Tracy,1.4239999999999782
8.536220936868366,3,100,1000,5,10000,core,Tracy_Olga,1.4239999999999782
4.272311893919438,3,100,2498,5,10000,A1,NTD,93.16499999999996
1.31826829942917,3,100,2498,5,10000,A2,NTD,93.16499999999996
2495.005922180014,3,100,2498,5,10000,A3,NTD,93.16499999999996
12.261576064497449,3,100,2498,5,10000,core,NTD,93.16499999999996
2.0797251074747307,3,100,2498,5,10000,A1,Ours,2.007000000000062
0.01394042699999097,3,100,2498,5,10000,A2,Ours,2.007000000000062
2.4497288341711156,3,100,2498,5,10000,A3,Ours,2.007000000000062
8.353313184633057,3,100,2498,5,10000,core,Ours,2.007000000000062
2.0797251074747307,3,100,2498,5,10000,A1,HOSVD,0.7780000000002474
0.01394042699999097,3,100,2498,5,10000,A2,HOSVD,0.7780000000002474
2.448764705470949,3,100,2498,5,10000,A3,HOSVD,0.7780000000002474
8.352275712740893,3,100,2498,5,10000,core,HOSVD,0.7780000000002474
2.0907929459044823,3,100,2498,5,10000,A1,HOOI,3.0949999999998
0.014068830090991429,3,100,2498,5,10000,A2,HOOI,3.0949999999998
2.4499382659113786,3,100,2498,5,10000,A3,HOOI,3.0949999999998
8.375247578448256,3,100,2498,5,10000,core,HOOI,3.0949999999998
1.4145205009163129,3,100,2498,5,10000,A1,Olga,1.4739999999997053
0.01344787936778149,3,100,2498,5,10000,A2,Olga,1.4739999999997053
2.970829435970987,3,100,2498,5,10000,A3,Tracy,1.4739999999997053
8.449245218731601,3,100,2498,5,10000,core,Tracy_Olga,1.4739999999997053
4.189704401950018,3,100,4995,5,10000,A1,NTD,173.34299999999985
0.7398810737438624,3,100,4995,5,10000,A2,NTD,173.34299999999985
4992.021968548615,3,100,4995,5,10000,A3,NTD,173.34299999999985
10.173368624870797,3,100,4995,5,10000,core,NTD,173.34299999999985
2.1783679487624554,3,100,4995,5,10000,A1,Ours,5.868999999999687
0.011121768805870283,3,100,4995,5,10000,A2,Ours,5.868999999999687
3.3950752139210345,3,100,4995,5,10000,A3,Ours,5.868999999999687
8.756916327512174,3,100,4995,5,10000,core,Ours,5.868999999999687
2.1783679487624554,3,100,4995,5,10000,A1,HOSVD,3.3519999999998618
0.011121768805870283,3,100,4995,5,10000,A2,HOSVD,3.3519999999998618
3.394807905878247,3,100,4995,5,10000,A3,HOSVD,3.3519999999998618
8.756941066095232,3,100,4995,5,10000,core,HOSVD,3.3519999999998618
2.1789032305213527,3,100,4995,5,10000,A1,HOOI,6.356999999999971
0.011968009165070317,3,100,4995,5,10000,A2,HOOI,6.356999999999971
3.393052172722766,3,100,4995,5,10000,A3,HOOI,6.356999999999971
8.757308263150769,3,100,4995,5,10000,core,HOOI,6.356999999999971
1.8137673575937414,3,100,4995,5,10000,A1,Olga,2.5479999999997744
0.01043284451672925,3,100,4995,5,10000,A2,Olga,2.5479999999997744
3.014397853475061,3,100,4995,5,10000,A3,Tracy,2.5479999999997744
8.206966495983114,3,100,4995,5,10000,core,Tracy_Olga,2.5479999999997744
3.146301710684763,3,100,5994,5,10000,A1,NTD,203.08200000000033
0.8450189594257708,3,100,5994,5,10000,A2,NTD,203.08200000000033
5991.027868614246,3,100,5994,5,10000,A3,NTD,203.08200000000033
8.988234462960254,3,100,5994,5,10000,core,NTD,203.08200000000033
2.041981634442299,3,100,5994,5,10000,A1,Ours,7.846999999999753
0.029829959663924013,3,100,5994,5,10000,A2,Ours,7.846999999999753
2.5627737076179216,3,100,5994,5,10000,A3,Ours,7.846999999999753
10.633798615954788,3,100,5994,5,10000,core,Ours,7.846999999999753
2.041981634442299,3,100,5994,5,10000,A1,HOSVD,2.75
0.029829959663924013,3,100,5994,5,10000,A2,HOSVD,2.75
2.5592963659540464,3,100,5994,5,10000,A3,HOSVD,2.75
10.62097432481415,3,100,5994,5,10000,core,HOSVD,2.75
2.043762502127569,3,100,5994,5,10000,A1,HOOI,5.5770000000002256
0.027885927411186177,3,100,5994,5,10000,A2,HOOI,5.5770000000002256
2.5616975685640964,3,100,5994,5,10000,A3,HOOI,5.5770000000002256
10.677799045082665,3,100,5994,5,10000,core,HOOI,5.5770000000002256
1.717854219218963,3,100,5994,5,10000,A1,Olga,3.5150000000003274
0.01539505820405216,3,100,5994,5,10000,A2,Olga,3.5150000000003274
2.967284536259251,3,100,5994,5,10000,A3,Tracy,3.5150000000003274
10.646198003624866,3,100,5994,5,10000,core,Tracy_Olga,3.5150000000003274
3.0369326034171267,3,100,6991,5,10000,A1,NTD,226.04200000000037
2.4046239911210643,3,100,6991,5,10000,A2,NTD,226.04200000000037
6988.026002732366,3,100,6991,5,10000,A3,NTD,226.04200000000037
10.45695120104836,3,100,6991,5,10000,core,NTD,226.04200000000037
2.855106539594124,3,100,6991,5,10000,A1,Ours,9.097000000000662
0.040903603645002194,3,100,6991,5,10000,A2,Ours,9.097000000000662
2.575084803185657,3,100,6991,5,10000,A3,Ours,9.097000000000662
9.46665083305457,3,100,6991,5,10000,core,Ours,9.097000000000662
2.855106539594124,3,100,6991,5,10000,A1,HOSVD,3.212999999999738
0.040903603645002194,3,100,6991,5,10000,A2,HOSVD,3.212999999999738
2.5708339792836497,3,100,6991,5,10000,A3,HOSVD,3.212999999999738
9.450394948825439,3,100,6991,5,10000,core,HOSVD,3.212999999999738
2.84767168181564,3,100,6991,5,10000,A1,HOOI,6.847999999999956
0.039403139133257076,3,100,6991,5,10000,A2,HOOI,6.847999999999956
2.5699976558186606,3,100,6991,5,10000,A3,HOOI,6.847999999999956
9.479786781871411,3,100,6991,5,10000,core,HOOI,6.847999999999956
1.6205946391187798,3,100,6991,5,10000,A1,Olga,3.981999999999971
0.03394953906090946,3,100,6991,5,10000,A2,Olga,3.981999999999971
2.84458677571528,3,100,6991,5,10000,A3,Tracy,3.981999999999971
9.477509998767983,3,100,6991,5,10000,core,Tracy_Olga,3.981999999999971
2.9416347754904804,3,100,7986,5,10000,A1,NTD,253.4400000000005
1.253665174981726,3,100,7986,5,10000,A2,NTD,253.4400000000005
7983.031665617854,3,100,7986,5,10000,A3,NTD,253.4400000000005
10.666365816870426,3,100,7986,5,10000,core,NTD,253.4400000000005
2.6034216122878946,3,100,7986,5,10000,A1,Ours,11.661000000000058
0.015910779109696176,3,100,7986,5,10000,A2,Ours,11.661000000000058
2.5673257978162116,3,100,7986,5,10000,A3,Ours,11.661000000000058
9.72214124763777,3,100,7986,5,10000,core,Ours,11.661000000000058
2.6034216122878946,3,100,7986,5,10000,A1,HOSVD,2.8729999999995925
0.015910779109696176,3,100,7986,5,10000,A2,HOSVD,2.8729999999995925
2.5620036723087787,3,100,7986,5,10000,A3,HOSVD,2.8729999999995925
9.697510116390886,3,100,7986,5,10000,core,HOSVD,2.8729999999995925
2.5944429926204684,3,100,7986,5,10000,A1,HOOI,9.28899999999976
0.01570207149172589,3,100,7986,5,10000,A2,HOOI,9.28899999999976
2.5644548423002917,3,100,7986,5,10000,A3,HOOI,9.28899999999976
9.710175911249628,3,100,7986,5,10000,core,HOOI,9.28899999999976
2.0352593770554295,3,100,7986,5,10000,A1,Olga,4.490000000000691
0.031200683939479133,3,100,7986,5,10000,A2,Olga,4.490000000000691
2.809623083685712,3,100,7986,5,10000,A3,Tracy,4.490000000000691
9.663598314284688,3,100,7986,5,10000,core,Tracy_Olga,4.490000000000691
4.469825636792657,3,100,8986,5,10000,A1,NTD,280.3710000000001
1.0878460383821205,3,100,8986,5,10000,A2,NTD,280.3710000000001
8983.03471031371,3,100,8986,5,10000,A3,NTD,280.3710000000001
12.77285444402823,3,100,8986,5,10000,core,NTD,280.3710000000001
2.386449132239893,3,100,8986,5,10000,A1,Ours,14.082999999999629
0.00815503045845493,3,100,8986,5,10000,A2,Ours,14.082999999999629
2.579335395155129,3,100,8986,5,10000,A3,Ours,14.082999999999629
8.087194947883846,3,100,8986,5,10000,core,Ours,14.082999999999629
2.386449132239893,3,100,8986,5,10000,A1,HOSVD,3.542000000000371
0.00815503045845493,3,100,8986,5,10000,A2,HOSVD,3.542000000000371
2.57286062357709,3,100,8986,5,10000,A3,HOSVD,3.542000000000371
8.069120263995138,3,100,8986,5,10000,core,HOSVD,3.542000000000371
2.38710960938605,3,100,8986,5,10000,A1,HOOI,12.295000000000073
0.008083425481414785,3,100,8986,5,10000,A2,HOOI,12.295000000000073
2.5720102851093722,3,100,8986,5,10000,A3,HOOI,12.295000000000073
8.063259674490109,3,100,8986,5,10000,core,HOOI,12.295000000000073
1.81690547528765,3,100,8986,5,10000,A1,Olga,7.565000000000509
0.021096128329689497,3,100,8986,5,10000,A2,Olga,7.565000000000509
2.8116354452517296,3,100,8986,5,10000,A3,Tracy,7.565000000000509
9.758986372668842,3,100,8986,5,10000,core,Tracy_Olga,7.565000000000509
5.710023752484132,3,100,9980,5,10000,A1,NTD,340.8829999999998
3.7383294421099644,3,100,9980,5,10000,A2,NTD,340.8829999999998
9977.04527457811,3,100,9980,5,10000,A3,NTD,340.8829999999998
10.698613513190557,3,100,9980,5,10000,core,NTD,340.8829999999998
1.5726419063802615,3,100,9980,5,10000,A1,Ours,12.72400000000016
0.009772638045156708,3,100,9980,5,10000,A2,Ours,12.72400000000016
2.586989297584874,3,100,9980,5,10000,A3,Ours,12.72400000000016
8.168532580991986,3,100,9980,5,10000,core,Ours,12.72400000000016
1.5726419063802615,3,100,9980,5,10000,A1,HOSVD,3.0670000000000073
0.009772638045156708,3,100,9980,5,10000,A2,HOSVD,3.0670000000000073
2.5791686146617034,3,100,9980,5,10000,A3,HOSVD,3.0670000000000073
8.144844530715911,3,100,9980,5,10000,core,HOSVD,3.0670000000000073
1.5719649885208458,3,100,9980,5,10000,A1,HOOI,9.813999999999396
0.009378348937989427,3,100,9980,5,10000,A2,HOOI,9.813999999999396
2.581410206669351,3,100,9980,5,10000,A3,HOOI,9.813999999999396
8.132172257167964,3,100,9980,5,10000,core,HOOI,9.813999999999396
1.9365417219992802,3,100,9980,5,10000,A1,Olga,5.876000000000204
0.012120195498630729,3,100,9980,5,10000,A2,Olga,5.876000000000204
2.810347408291851,3,100,9980,5,10000,A3,Tracy,5.876000000000204
9.888578426807246,3,100,9980,5,10000,core,Tracy_Olga,5.876000000000204
