error,K,Q1,R,Q2,M,mode,method,time
7.384834809265216,3,100,100,5,100,A1,NTD,4.432
3.8775245386423323,3,100,100,5,100,A2,NTD,4.432
97.0042210748776,3,100,100,5,100,A3,NTD,4.432
10.701029122584949,3,100,100,5,100,core,NTD,4.432
19.430214090008146,3,100,100,5,100,A1,Ours,2.498000000000001
0.11201401005403325,3,100,100,5,100,A2,Ours,2.498000000000001
0.23386428557474873,3,100,100,5,100,A3,Ours,2.498000000000001
11.595095164488585,3,100,100,5,100,core,Ours,2.498000000000001
19.430214090008146,3,100,100,5,100,A1,HOSVD,2.110000000000001
0.11201401005403325,3,100,100,5,100,A2,HOSVD,2.110000000000001
0.23833682131859504,3,100,100,5,100,A3,HOSVD,2.110000000000001
11.586770355475755,3,100,100,5,100,core,HOSVD,2.110000000000001
19.78596129795696,3,100,100,5,100,A1,HOOI,1.6449999999999996
0.11799782671616585,3,100,100,5,100,A2,HOOI,1.6449999999999996
0.2198738162937127,3,100,100,5,100,A3,HOOI,1.6449999999999996
11.596622558879028,3,100,100,5,100,core,HOOI,1.6449999999999996
19.74412230413859,3,100,100,5,100,A1,Olga,1.376999999999999
1.8077976783504193,3,100,100,5,100,A2,Olga,1.376999999999999
1.0546854367928027,3,100,100,5,100,A3,Tracy,1.376999999999999
13.255666664633294,3,100,100,5,100,core,Tracy_Olga,1.376999999999999
6.152082100729128,3,100,494,5,100,A1,NTD,21.709999999999997
3.0680933348071404,3,100,494,5,100,A2,NTD,21.709999999999997
491.2491957698217,3,100,494,5,100,A3,NTD,21.709999999999997
12.259841565667532,3,100,494,5,100,core,NTD,21.709999999999997
18.388551782336886,3,100,494,5,100,A1,Ours,1.4500000000000028
0.08989380978439461,3,100,494,5,100,A2,Ours,1.4500000000000028
2.6981641437314132,3,100,494,5,100,A3,Ours,1.4500000000000028
13.386740555349471,3,100,494,5,100,core,Ours,1.4500000000000028
18.388551782336886,3,100,494,5,100,A1,HOSVD,4.256999999999998
0.08989380978439461,3,100,494,5,100,A2,HOSVD,4.256999999999998
2.480699761674745,3,100,494,5,100,A3,HOSVD,4.256999999999998
13.097216357305918,3,100,494,5,100,core,HOSVD,4.256999999999998
17.750752491152657,3,100,494,5,100,A1,HOOI,3.806999999999995
0.0418960894149614,3,100,494,5,100,A2,HOOI,3.806999999999995
2.5261320585421907,3,100,494,5,100,A3,HOOI,3.806999999999995
13.090450281006696,3,100,494,5,100,core,HOOI,3.806999999999995
15.162513515181995,3,100,494,5,100,A1,Olga,3.5859999999999985
3.8440749056820667,3,100,494,5,100,A2,Olga,3.5859999999999985
2.8694354952120094,3,100,494,5,100,A3,Tracy,3.5859999999999985
11.493470864555073,3,100,494,5,100,core,Tracy_Olga,3.5859999999999985
14.92597245728375,3,100,983,5,100,A1,NTD,38.307
3.2445085971041348,3,100,983,5,100,A2,NTD,38.307
980.3092190923604,3,100,983,5,100,A3,NTD,38.307
11.621693106973161,3,100,983,5,100,core,NTD,38.307
12.774246815239527,3,100,983,5,100,A1,Ours,9.454999999999998
0.7828665261343202,3,100,983,5,100,A2,Ours,9.454999999999998
4.688019046021806,3,100,983,5,100,A3,Ours,9.454999999999998
12.133476309990664,3,100,983,5,100,core,Ours,9.454999999999998
12.774246815239527,3,100,983,5,100,A1,HOSVD,9.259
0.7828665261343202,3,100,983,5,100,A2,HOSVD,9.259
2.5665152352757024,3,100,983,5,100,A3,HOSVD,9.259
14.10671694674271,3,100,983,5,100,core,HOSVD,9.259
13.483459724497788,3,100,983,5,100,A1,HOOI,10.870999999999995
0.19057868123981891,3,100,983,5,100,A2,HOOI,10.870999999999995
2.5865292673066795,3,100,983,5,100,A3,HOOI,10.870999999999995
10.316624266827393,3,100,983,5,100,core,HOOI,10.870999999999995
23.303347286105435,3,100,983,5,100,A1,Olga,7.907999999999987
0.9999037450290357,3,100,983,5,100,A2,Olga,7.907999999999987
2.831621424608969,3,100,983,5,100,A3,Tracy,7.907999999999987
14.105766652245961,3,100,983,5,100,core,Tracy_Olga,7.907999999999987
101.343422752444,3,100,2387,5,100,A1,NTD,90.59
4.931985759516758,3,100,2387,5,100,A2,NTD,90.59
2384.3205594317733,3,100,2387,5,100,A3,NTD,90.59
8.986329231852672,3,100,2387,5,100,core,NTD,90.59
17.463543620093176,3,100,2387,5,100,A1,Ours,2.280000000000001
0.6005747231254022,3,100,2387,5,100,A2,Ours,2.280000000000001
5.173136159637656,3,100,2387,5,100,A3,Ours,2.280000000000001
11.764493792504867,3,100,2387,5,100,core,Ours,2.280000000000001
17.463543620093176,3,100,2387,5,100,A1,HOSVD,4.4550000000000125
0.6005747231254022,3,100,2387,5,100,A2,HOSVD,4.4550000000000125
2.6109671030748385,3,100,2387,5,100,A3,HOSVD,4.4550000000000125
14.122989698791304,3,100,2387,5,100,core,HOSVD,4.4550000000000125
17.192560973794667,3,100,2387,5,100,A1,HOOI,7.054000000000002
0.11443391037622101,3,100,2387,5,100,A2,HOOI,7.054000000000002
2.6354597304288188,3,100,2387,5,100,A3,HOOI,7.054000000000002
10.312305746491932,3,100,2387,5,100,core,HOOI,7.054000000000002
31.343827951060913,3,100,2387,5,100,A1,Olga,4.094999999999999
0.7461307555624156,3,100,2387,5,100,A2,Olga,4.094999999999999
2.895679168636579,3,100,2387,5,100,A3,Tracy,4.094999999999999
10.301730495156738,3,100,2387,5,100,core,Tracy_Olga,4.094999999999999
108.2120976840157,3,100,4540,5,100,A1,NTD,161.017
4.93195192527692,3,100,4540,5,100,A2,NTD,161.017
4537.5051509461755,3,100,4540,5,100,A3,NTD,161.017
8.614191042518428,3,100,4540,5,100,core,NTD,161.017
20.266421292896197,3,100,4540,5,100,A1,Ours,6.512999999999977
0.6851738318750514,3,100,4540,5,100,A2,Ours,6.512999999999977
5.304738763275502,3,100,4540,5,100,A3,Ours,6.512999999999977
8.85962980025502,3,100,4540,5,100,core,Ours,6.512999999999977
20.266421292896197,3,100,4540,5,100,A1,HOSVD,8.74799999999999
0.6851738318750514,3,100,4540,5,100,A2,HOSVD,8.74799999999999
2.7189110574193545,3,100,4540,5,100,A3,HOSVD,8.74799999999999
11.639845409995383,3,100,4540,5,100,core,HOSVD,8.74799999999999
20.362829440070694,3,100,4540,5,100,A1,HOOI,18.726
0.28562505676112193,3,100,4540,5,100,A2,HOOI,18.726
3.9111372861730067,3,100,4540,5,100,A3,HOOI,18.726
10.865817658984579,3,100,4540,5,100,core,HOOI,18.726
60.21748704901308,3,100,4540,5,100,A1,Olga,13.520000000000039
3.568773307972083,3,100,4540,5,100,A2,Olga,13.520000000000039
3.001400869576508,3,100,4540,5,100,A3,Tracy,13.520000000000039
12.135703609779831,3,100,4540,5,100,core,Tracy_Olga,13.520000000000039
121.35111138360733,3,100,5320,5,100,A1,NTD,197.11599999999999
3.2446552491653082,3,100,5320,5,100,A2,NTD,197.11599999999999
5317.487854449138,3,100,5320,5,100,A3,NTD,197.11599999999999
9.78906802170234,3,100,5320,5,100,core,NTD,197.11599999999999
20.705848101080726,3,100,5320,5,100,A1,Ours,5.79099999999994
0.49121605855674244,3,100,5320,5,100,A2,Ours,5.79099999999994
5.1715353916056035,3,100,5320,5,100,A3,Ours,5.79099999999994
8.429282423386155,3,100,5320,5,100,core,Ours,5.79099999999994
20.705848101080726,3,100,5320,5,100,A1,HOSVD,1.8950000000000955
0.49121605855674244,3,100,5320,5,100,A2,HOSVD,1.8950000000000955
3.9308646334870625,3,100,5320,5,100,A3,HOSVD,1.8950000000000955
10.758969196488655,3,100,5320,5,100,core,HOSVD,1.8950000000000955
20.133993900532083,3,100,5320,5,100,A1,HOOI,8.826999999999998
0.07559477110648687,3,100,5320,5,100,A2,HOOI,8.826999999999998
4.00248453653899,3,100,5320,5,100,A3,HOOI,8.826999999999998
11.899818998484983,3,100,5320,5,100,core,HOOI,8.826999999999998
83.35390364425503,3,100,5320,5,100,A1,Olga,6.051000000000045
4.458970736341141,3,100,5320,5,100,A2,Olga,6.051000000000045
4.021986361545678,3,100,5320,5,100,A3,Tracy,6.051000000000045
9.617253442758077,3,100,5320,5,100,core,Tracy_Olga,6.051000000000045
123.9886075633654,3,100,6096,5,100,A1,NTD,213.47500000000002
4.755368838210404,3,100,6096,5,100,A2,NTD,213.47500000000002
6093.530384135039,3,100,6096,5,100,A3,NTD,213.47500000000002
9.194928881396908,3,100,6096,5,100,core,NTD,213.47500000000002
13.760358889782088,3,100,6096,5,100,A1,Ours,6.697000000000003
1.4555864548770125,3,100,6096,5,100,A2,Ours,6.697000000000003
5.215595100784209,3,100,6096,5,100,A3,Ours,6.697000000000003
11.999983380297543,3,100,6096,5,100,core,Ours,6.697000000000003
13.342695405162612,3,100,6096,5,100,A1,HOOI,8.849999999999909
0.2686088993896339,3,100,6096,5,100,A2,HOOI,8.849999999999909
3.9246908684828505,3,100,6096,5,100,A3,HOOI,8.849999999999909
8.438948475330418,3,100,6096,5,100,core,HOOI,8.849999999999909
83.99671669130232,3,100,6096,5,100,A1,Olga,3.5389999999999873
3.891478650290326,3,100,6096,5,100,A2,Olga,3.5389999999999873
3.082709981558729,3,100,6096,5,100,A3,Tracy,3.5389999999999873
11.804655128312664,3,100,6096,5,100,core,Tracy_Olga,3.5389999999999873
112.06273157279902,3,100,6828,5,100,A1,NTD,214.92700000000002
4.931977300323596,3,100,6828,5,100,A2,NTD,214.92700000000002
6825.52374659342,3,100,6828,5,100,A3,NTD,214.92700000000002
9.30836102054817,3,100,6828,5,100,core,NTD,214.92700000000002
21.717409808486202,3,100,6828,5,100,A1,Ours,12.469000000000051
0.6653556243765893,3,100,6828,5,100,A2,Ours,12.469000000000051
5.210719731374393,3,100,6828,5,100,A3,Ours,12.469000000000051
14.228654564025739,3,100,6828,5,100,core,Ours,12.469000000000051
21.717409808486202,3,100,6828,5,100,A1,HOSVD,3.283999999999878
0.6653556243765893,3,100,6828,5,100,A2,HOSVD,3.283999999999878
3.411137591964738,3,100,6828,5,100,A3,HOSVD,3.283999999999878
8.887198648886894,3,100,6828,5,100,core,HOSVD,3.283999999999878
24.09157329490443,3,100,6828,5,100,A1,HOOI,15.234000000000151
0.6054725713873762,3,100,6828,5,100,A2,HOOI,15.234000000000151
3.5934716889774054,3,100,6828,5,100,A3,HOOI,15.234000000000151
8.297018934062406,3,100,6828,5,100,core,HOOI,15.234000000000151
82.10904704709455,3,100,6828,5,100,A1,Olga,11.20900000000006
2.292287050483348,3,100,6828,5,100,A2,Olga,11.20900000000006
4.08247663203052,3,100,6828,5,100,A3,Tracy,11.20900000000006
11.469177265655999,3,100,6828,5,100,core,Tracy_Olga,11.20900000000006
125.66744280853167,3,100,7580,5,100,A1,NTD,237.67100000000005
2.0883143177604193,3,100,7580,5,100,A2,NTD,237.67100000000005
7577.590502628861,3,100,7580,5,100,A3,NTD,237.67100000000005
10.857437604372237,3,100,7580,5,100,core,NTD,237.67100000000005
14.96468722792416,3,100,7580,5,100,A1,Ours,8.750999999999976
0.3588524406036612,3,100,7580,5,100,A2,Ours,8.750999999999976
5.317184686147457,3,100,7580,5,100,A3,Ours,8.750999999999976
10.002242204251075,3,100,7580,5,100,core,Ours,8.750999999999976
15.05487413675471,3,100,7580,5,100,A1,HOOI,10.103000000000065
0.33476833693651586,3,100,7580,5,100,A2,HOOI,10.103000000000065
4.123344661457404,3,100,7580,5,100,A3,HOOI,10.103000000000065
10.315318043556495,3,100,7580,5,100,core,HOOI,10.103000000000065
83.47918778207185,3,100,7580,5,100,A1,Olga,4.392000000000053
4.389797851271921,3,100,7580,5,100,A2,Olga,4.392000000000053
3.9793900606679027,3,100,7580,5,100,A3,Tracy,4.392000000000053
9.599036812143899,3,100,7580,5,100,core,Tracy_Olga,4.392000000000053
120.13824738994178,3,100,8203,5,100,A1,NTD,262.47400000000016
1.2446443312201243,3,100,8203,5,100,A2,NTD,262.47400000000016
8200.60394452905,3,100,8203,5,100,A3,NTD,262.47400000000016
8.919391192287792,3,100,8203,5,100,core,NTD,262.47400000000016
18.282144002385746,3,100,8203,5,100,A1,Ours,20.222999999999956
0.7164189494851751,3,100,8203,5,100,A2,Ours,20.222999999999956
5.335828074918066,3,100,8203,5,100,A3,Ours,20.222999999999956
9.723347365728259,3,100,8203,5,100,core,Ours,20.222999999999956
18.282144002385746,3,100,8203,5,100,A1,HOSVD,13.560999999999922
0.7164189494851751,3,100,8203,5,100,A2,HOSVD,13.560999999999922
3.9809646934309217,3,100,8203,5,100,A3,HOSVD,13.560999999999922
13.377212485955978,3,100,8203,5,100,core,HOSVD,13.560999999999922
95.08355753411112,3,100,8203,5,100,A1,Olga,17.521999999999935
1.893283264828331,3,100,8203,5,100,A2,Olga,17.521999999999935
4.275590682119292,3,100,8203,5,100,A3,Tracy,17.521999999999935
13.433372316341538,3,100,8203,5,100,core,Tracy_Olga,17.521999999999935
3.5727447631245046,3,100,100,5,3000,A1,NTD,3.530999999999949
3.001743448221175,3,100,100,5,3000,A2,NTD,3.530999999999949
97.00034618686912,3,100,100,5,3000,A3,NTD,3.530999999999949
10.946401407913465,3,100,100,5,3000,core,NTD,3.530999999999949
4.816722969301634,3,100,100,5,3000,A1,Ours,5.7800000000002
0.029941584439439433,3,100,100,5,3000,A2,Ours,5.7800000000002
0.03920547811190554,3,100,100,5,3000,A3,Ours,5.7800000000002
10.259593275634842,3,100,100,5,3000,core,Ours,5.7800000000002
4.816722969301634,3,100,100,5,3000,A1,HOSVD,6.343999999999824
0.029941584439439433,3,100,100,5,3000,A2,HOSVD,6.343999999999824
0.03920649354591692,3,100,100,5,3000,A3,HOSVD,6.343999999999824
10.259583152813327,3,100,100,5,3000,core,HOSVD,6.343999999999824
4.808346633400099,3,100,100,5,3000,A1,HOOI,4.7650000000001
0.02455918761924794,3,100,100,5,3000,A2,HOOI,4.7650000000001
0.03898919492740958,3,100,100,5,3000,A3,HOOI,4.7650000000001
10.261132368453845,3,100,100,5,3000,core,HOOI,4.7650000000001
4.89480407120155,3,100,100,5,3000,A1,Olga,6.020000000000209
0.01185972924204011,3,100,100,5,3000,A2,Olga,6.020000000000209
1.0130185135171175,3,100,100,5,3000,A3,Tracy,6.020000000000209
10.223997147566955,3,100,100,5,3000,core,Tracy_Olga,6.020000000000209
2.4021437573374347,3,100,500,5,3000,A1,NTD,13.305999999999813
0.5468657820681297,3,100,500,5,3000,A2,NTD,13.305999999999813
497.0002420240016,3,100,500,5,3000,A3,NTD,13.305999999999813
10.965504224742332,3,100,500,5,3000,core,NTD,13.305999999999813
2.846771566284861,3,100,500,5,3000,A1,Ours,7.249000000000024
0.0279237051577155,3,100,500,5,3000,A2,Ours,7.249000000000024
0.08178979598530559,3,100,500,5,3000,A3,Ours,7.249000000000024
10.247782562652239,3,100,500,5,3000,core,Ours,7.249000000000024
2.846771566284861,3,100,500,5,3000,A1,HOSVD,5.203999999999951
0.0279237051577155,3,100,500,5,3000,A2,HOSVD,5.203999999999951
0.0818488908323449,3,100,500,5,3000,A3,HOSVD,5.203999999999951
10.247703324886361,3,100,500,5,3000,core,HOSVD,5.203999999999951
2.8354026418881575,3,100,500,5,3000,A1,HOOI,5.370999999999867
0.02620657059442783,3,100,500,5,3000,A2,HOOI,5.370999999999867
0.0816363339646248,3,100,500,5,3000,A3,HOOI,5.370999999999867
10.248936015647994,3,100,500,5,3000,core,HOOI,5.370999999999867
3.1735555722373294,3,100,500,5,3000,A1,Olga,4.252999999999929
0.007784953332791036,3,100,500,5,3000,A2,Olga,4.252999999999929
1.2438604299804557,3,100,500,5,3000,A3,Tracy,4.252999999999929
10.116053642164314,3,100,500,5,3000,core,Tracy_Olga,4.252999999999929
2.741656021997166,3,100,1000,5,3000,A1,NTD,34.41899999999987
0.797673861059935,3,100,1000,5,3000,A2,NTD,34.41899999999987
997.000551469465,3,100,1000,5,3000,A3,NTD,34.41899999999987
13.206651245465926,3,100,1000,5,3000,core,NTD,34.41899999999987
3.371575400012539,3,100,1000,5,3000,A1,Ours,1.3860000000001946
0.02213272187635099,3,100,1000,5,3000,A2,Ours,1.3860000000001946
0.35533068355181263,3,100,1000,5,3000,A3,Ours,1.3860000000001946
12.134521313873234,3,100,1000,5,3000,core,Ours,1.3860000000001946
3.371575400012539,3,100,1000,5,3000,A1,HOSVD,0.7119999999999891
0.02213272187635099,3,100,1000,5,3000,A2,HOSVD,0.7119999999999891
0.24740246110139452,3,100,1000,5,3000,A3,HOSVD,0.7119999999999891
12.382535830162555,3,100,1000,5,3000,core,HOSVD,0.7119999999999891
3.3799550908527913,3,100,1000,5,3000,A1,HOOI,1.727999999999838
0.01181595296098053,3,100,1000,5,3000,A2,HOOI,1.727999999999838
0.24408992616587702,3,100,1000,5,3000,A3,HOOI,1.727999999999838
12.385954406246801,3,100,1000,5,3000,core,HOOI,1.727999999999838
3.1445604310775583,3,100,1000,5,3000,A1,Olga,1.69399999999996
0.047963025680470964,3,100,1000,5,3000,A2,Olga,1.69399999999996
1.3863283189422015,3,100,1000,5,3000,A3,Tracy,1.69399999999996
12.405755414978145,3,100,1000,5,3000,core,Tracy_Olga,1.69399999999996
2.255892523291578,3,100,2499,5,3000,A1,NTD,84.03700000000003
1.355246114398245,3,100,2499,5,3000,A2,NTD,84.03700000000003
2496.0405066098233,3,100,2499,5,3000,A3,NTD,84.03700000000003
8.793680224274018,3,100,2499,5,3000,core,NTD,84.03700000000003
3.0988832117871,3,100,2499,5,3000,A1,Ours,2.144999999999982
0.015316095084561075,3,100,2499,5,3000,A2,Ours,2.144999999999982
2.5389219458160643,3,100,2499,5,3000,A3,Ours,2.144999999999982
11.789160509116133,3,100,2499,5,3000,core,Ours,2.144999999999982
3.0988832117871,3,100,2499,5,3000,A1,HOSVD,1.0519999999999072
0.015316095084561075,3,100,2499,5,3000,A2,HOSVD,1.0519999999999072
2.532945363018842,3,100,2499,5,3000,A3,HOSVD,1.0519999999999072
11.787761486191052,3,100,2499,5,3000,core,HOSVD,1.0519999999999072
3.0904156501901134,3,100,2499,5,3000,A1,HOOI,2.5109999999999673
0.012639097874646524,3,100,2499,5,3000,A2,HOOI,2.5109999999999673
2.5372656176045196,3,100,2499,5,3000,A3,HOOI,2.5109999999999673
11.652733344199362,3,100,2499,5,3000,core,HOOI,2.5109999999999673
2.9650782066487444,3,100,2499,5,3000,A1,Olga,1.4220000000000255
0.05233566096200973,3,100,2499,5,3000,A2,Olga,1.4220000000000255
2.8914185328173994,3,100,2499,5,3000,A3,Tracy,1.4220000000000255
12.545177850801178,3,100,2499,5,3000,core,Tracy_Olga,1.4220000000000255
10.905342840105709,3,100,4987,5,3000,A1,NTD,180.3409999999999
4.3137920489062545,3,100,4987,5,3000,A2,NTD,180.3409999999999
4984.0710226106485,3,100,4987,5,3000,A3,NTD,180.3409999999999
12.222909744042814,3,100,4987,5,3000,core,NTD,180.3409999999999
3.063679282220896,3,100,4987,5,3000,A1,Ours,5.280999999999949
0.05951974084859649,3,100,4987,5,3000,A2,Ours,5.280999999999949
2.5769774321247203,3,100,4987,5,3000,A3,Ours,5.280999999999949
10.300495269328744,3,100,4987,5,3000,core,Ours,5.280999999999949
3.063679282220896,3,100,4987,5,3000,A1,HOSVD,1.9349999999999454
0.05951974084859649,3,100,4987,5,3000,A2,HOSVD,1.9349999999999454
2.555982938565698,3,100,4987,5,3000,A3,HOSVD,1.9349999999999454
10.304065175985986,3,100,4987,5,3000,core,HOSVD,1.9349999999999454
3.0333922870206442,3,100,4987,5,3000,A1,HOOI,4.557000000000244
0.06238083097387973,3,100,4987,5,3000,A2,HOOI,4.557000000000244
2.5575045773204548,3,100,4987,5,3000,A3,HOOI,4.557000000000244
10.308662259098206,3,100,4987,5,3000,core,HOOI,4.557000000000244
2.874335266800124,3,100,4987,5,3000,A1,Olga,2.6520000000000437
0.40983781678189707,3,100,4987,5,3000,A2,Olga,2.6520000000000437
2.8306369992432105,3,100,4987,5,3000,A3,Tracy,2.6520000000000437
14.052546083639708,3,100,4987,5,3000,core,Tracy_Olga,2.6520000000000437
29.562652411496003,3,100,5978,5,3000,A1,NTD,198.32999999999993
0.9299761381937864,3,100,5978,5,3000,A2,NTD,198.32999999999993
5975.078138424413,3,100,5978,5,3000,A3,NTD,198.32999999999993
10.370363753745826,3,100,5978,5,3000,core,NTD,198.32999999999993
3.1888361552259594,3,100,5978,5,3000,A1,Ours,6.50400000000036
0.004470291138869845,3,100,5978,5,3000,A2,Ours,6.50400000000036
2.5461409625051465,3,100,5978,5,3000,A3,Ours,6.50400000000036
8.080997361298744,3,100,5978,5,3000,core,Ours,6.50400000000036
3.1888361552259594,3,100,5978,5,3000,A1,HOSVD,1.9510000000000218
0.004470291138869845,3,100,5978,5,3000,A2,HOSVD,1.9510000000000218
2.5129150181230515,3,100,5978,5,3000,A3,HOSVD,1.9510000000000218
8.071876907271422,3,100,5978,5,3000,core,HOSVD,1.9510000000000218
3.1781870147725972,3,100,5978,5,3000,A1,HOOI,7.286999999999807
0.004363445464974937,3,100,5978,5,3000,A2,HOOI,7.286999999999807
2.5171062027978435,3,100,5978,5,3000,A3,HOOI,7.286999999999807
8.050961972320737,3,100,5978,5,3000,core,HOOI,7.286999999999807
3.751743410530871,3,100,5978,5,3000,A1,Olga,3.313000000000102
0.17407501614264184,3,100,5978,5,3000,A2,Olga,3.313000000000102
2.8495758799372948,3,100,5978,5,3000,A3,Tracy,3.313000000000102
8.073577126289079,3,100,5978,5,3000,core,Tracy_Olga,3.313000000000102
1.809355719256323,3,100,6970,5,3000,A1,NTD,222.05000000000018
2.4120803758091016,3,100,6970,5,3000,A2,NTD,222.05000000000018
6967.089028241112,3,100,6970,5,3000,A3,NTD,222.05000000000018
9.153309821848119,3,100,6970,5,3000,core,NTD,222.05000000000018
4.912639784374798,3,100,6970,5,3000,A1,Ours,8.442000000000007
0.05415181216212533,3,100,6970,5,3000,A2,Ours,8.442000000000007
2.5693603692937135,3,100,6970,5,3000,A3,Ours,8.442000000000007
11.872750114180649,3,100,6970,5,3000,core,Ours,8.442000000000007
4.912639784374798,3,100,6970,5,3000,A1,HOSVD,2.457999999999629
0.05415181216212533,3,100,6970,5,3000,A2,HOSVD,2.457999999999629
2.5259844076388522,3,100,6970,5,3000,A3,HOSVD,2.457999999999629
11.897437145337145,3,100,6970,5,3000,core,HOSVD,2.457999999999629
4.911864414221236,3,100,6970,5,3000,A1,HOOI,6.531000000000404
0.06318536614433438,3,100,6970,5,3000,A2,HOOI,6.531000000000404
2.5264364718512775,3,100,6970,5,3000,A3,HOOI,6.531000000000404
11.901933093830339,3,100,6970,5,3000,core,HOOI,6.531000000000404
4.852173494567552,3,100,6970,5,3000,A1,Olga,3.9670000000000982
0.12024658484368214,3,100,6970,5,3000,A2,Olga,3.9670000000000982
2.836973676425977,3,100,6970,5,3000,A3,Tracy,3.9670000000000982
14.033867757685638,3,100,6970,5,3000,core,Tracy_Olga,3.9670000000000982
1.8931193849470955,3,100,7971,5,3000,A1,NTD,248.83199999999988
2.0909575581901083,3,100,7971,5,3000,A2,NTD,248.83199999999988
7968.0938609606455,3,100,7971,5,3000,A3,NTD,248.83199999999988
11.616894635705236,3,100,7971,5,3000,core,NTD,248.83199999999988
3.3544385831376746,3,100,7971,5,3000,A1,Ours,10.157000000000153
0.007860235474155446,3,100,7971,5,3000,A2,Ours,10.157000000000153
2.582214292975219,3,100,7971,5,3000,A3,Ours,10.157000000000153
7.949071101472294,3,100,7971,5,3000,core,Ours,10.157000000000153
3.3544385831376746,3,100,7971,5,3000,A1,HOSVD,2.869000000000142
0.007860235474155446,3,100,7971,5,3000,A2,HOSVD,2.869000000000142
2.5284299008513003,3,100,7971,5,3000,A3,HOSVD,2.869000000000142
7.940405999901211,3,100,7971,5,3000,core,HOSVD,2.869000000000142
3.3578074991588323,3,100,7971,5,3000,A1,HOOI,9.635999999999967
0.009762953384298173,3,100,7971,5,3000,A2,HOOI,9.635999999999967
2.5290733339990674,3,100,7971,5,3000,A3,HOOI,9.635999999999967
7.940844060163196,3,100,7971,5,3000,core,HOOI,9.635999999999967
2.6559351652261345,3,100,7971,5,3000,A1,Olga,6.018000000000029
0.1933087561643262,3,100,7971,5,3000,A2,Olga,6.018000000000029
2.822259664375294,3,100,7971,5,3000,A3,Tracy,6.018000000000029
12.66530145733473,3,100,7971,5,3000,core,Tracy_Olga,6.018000000000029
2.1443243006257853,3,100,8948,5,3000,A1,NTD,279.6959999999999
3.9564853048790862,3,100,8948,5,3000,A2,NTD,279.6959999999999
8945.096138144521,3,100,8948,5,3000,A3,NTD,279.6959999999999
12.763720705878594,3,100,8948,5,3000,core,NTD,279.6959999999999
3.3768164815495116,3,100,8948,5,3000,A1,Ours,11.338999999999942
0.020352184316189195,3,100,8948,5,3000,A2,Ours,11.338999999999942
2.6124063369304866,3,100,8948,5,3000,A3,Ours,11.338999999999942
7.932194463775809,3,100,8948,5,3000,core,Ours,11.338999999999942
3.3768164815495116,3,100,8948,5,3000,A1,HOSVD,3.0859999999997854
0.020352184316189195,3,100,8948,5,3000,A2,HOSVD,3.0859999999997854
2.5442101712966863,3,100,8948,5,3000,A3,HOSVD,3.0859999999997854
7.921446156174707,3,100,8948,5,3000,core,HOSVD,3.0859999999997854
3.3922056527295674,3,100,8948,5,3000,A1,HOOI,8.485000000000127
0.027453645200134876,3,100,8948,5,3000,A2,HOOI,8.485000000000127
2.5457659005418423,3,100,8948,5,3000,A3,HOOI,8.485000000000127
7.933756267253554,3,100,8948,5,3000,core,HOOI,8.485000000000127
3.0958057806235906,3,100,8948,5,3000,A1,Olga,5.505000000000109
0.29244506720731767,3,100,8948,5,3000,A2,Olga,5.505000000000109
2.840213856384652,3,100,8948,5,3000,A3,Tracy,5.505000000000109
10.200476948316831,3,100,8948,5,3000,core,Tracy_Olga,5.505000000000109
2.4695695497421872,3,100,9945,5,3000,A1,NTD,312.88200000000006
2.088304240833835,3,100,9945,5,3000,A2,NTD,312.88200000000006
9942.106210399788,3,100,9945,5,3000,A3,NTD,312.88200000000006
11.36085257516239,3,100,9945,5,3000,core,NTD,312.88200000000006
3.236630208422909,3,100,9945,5,3000,A1,Ours,17.554999999999836
0.05363544366394412,3,100,9945,5,3000,A2,Ours,17.554999999999836
2.6224317592595163,3,100,9945,5,3000,A3,Ours,17.554999999999836
10.291785078481707,3,100,9945,5,3000,core,Ours,17.554999999999836
3.236630208422909,3,100,9945,5,3000,A1,HOSVD,11.472000000000207
0.05363544366394412,3,100,9945,5,3000,A2,HOSVD,11.472000000000207
2.5376670239959385,3,100,9945,5,3000,A3,HOSVD,11.472000000000207
10.279367127758748,3,100,9945,5,3000,core,HOSVD,11.472000000000207
3.242952261835033,3,100,9945,5,3000,A1,HOOI,24.08600000000024
0.0535236522397816,3,100,9945,5,3000,A2,HOOI,24.08600000000024
2.5408371789444817,3,100,9945,5,3000,A3,HOOI,24.08600000000024
10.235296714923733,3,100,9945,5,3000,core,HOOI,24.08600000000024
3.3889391934143003,3,100,9945,5,3000,A1,Olga,25.93600000000015
1.1539835048904938,3,100,9945,5,3000,A2,Olga,25.93600000000015
2.831835635176369,3,100,9945,5,3000,A3,Tracy,25.93600000000015
9.86823922895706,3,100,9945,5,3000,core,Tracy_Olga,25.93600000000015
3.6629223743914894,3,100,100,5,10000,A1,NTD,3.35799999999972
1.1281575448881926,3,100,100,5,10000,A2,NTD,3.35799999999972
97.00008587346804,3,100,100,5,10000,A3,NTD,3.35799999999972
11.971658249940202,3,100,100,5,10000,core,NTD,3.35799999999972
1.8421783690212405,3,100,100,5,10000,A1,Ours,6.074999999999818
0.012529251554650558,3,100,100,5,10000,A2,Ours,6.074999999999818
0.01994180889595691,3,100,100,5,10000,A3,Ours,6.074999999999818
7.2357648844452,3,100,100,5,10000,core,Ours,6.074999999999818
1.8421783690212405,3,100,100,5,10000,A1,HOSVD,5.903999999999996
0.012529251554650558,3,100,100,5,10000,A2,HOSVD,5.903999999999996
0.019941839211446856,3,100,100,5,10000,A3,HOSVD,5.903999999999996
7.235764346597529,3,100,100,5,10000,core,HOSVD,5.903999999999996
1.8416872667317943,3,100,100,5,10000,A1,HOOI,6.614999999999782
0.009168111218909406,3,100,100,5,10000,A2,HOOI,6.614999999999782
0.019930317706809413,3,100,100,5,10000,A3,HOOI,6.614999999999782
7.236582387013277,3,100,100,5,10000,core,HOOI,6.614999999999782
2.1648877121987233,3,100,100,5,10000,A1,Olga,6.923999999999978
0.01268661047571752,3,100,100,5,10000,A2,Olga,6.923999999999978
1.0123424220943082,3,100,100,5,10000,A3,Tracy,6.923999999999978
7.24163474694157,3,100,100,5,10000,core,Tracy_Olga,6.923999999999978
5.6985549337340995,3,100,500,5,10000,A1,NTD,14.076000000000022
3.460872253541463,3,100,500,5,10000,A2,NTD,14.076000000000022
497.0000240420296,3,100,500,5,10000,A3,NTD,14.076000000000022
10.384094670041602,3,100,500,5,10000,core,NTD,14.076000000000022
1.694242169002243,3,100,500,5,10000,A1,Ours,6.695000000000164
0.012977781502702826,3,100,500,5,10000,A2,Ours,6.695000000000164
0.04750633432208594,3,100,500,5,10000,A3,Ours,6.695000000000164
7.236682752247722,3,100,500,5,10000,core,Ours,6.695000000000164
1.694242169002243,3,100,500,5,10000,A1,HOSVD,5.894999999999982
0.012977781502702826,3,100,500,5,10000,A2,HOSVD,5.894999999999982
0.04750713685449862,3,100,500,5,10000,A3,HOSVD,5.894999999999982
7.236676561657684,3,100,500,5,10000,core,HOSVD,5.894999999999982
1.6884335178478302,3,100,500,5,10000,A1,HOOI,6.416999999999916
0.015638665207841122,3,100,500,5,10000,A2,HOOI,6.416999999999916
0.04759863107429555,3,100,500,5,10000,A3,HOOI,6.416999999999916
7.237429759926782,3,100,500,5,10000,core,HOOI,6.416999999999916
1.4012162096624732,3,100,500,5,10000,A1,Olga,6.368999999999687
0.009678773188179527,3,100,500,5,10000,A2,Olga,6.368999999999687
1.2395136260679531,3,100,500,5,10000,A3,Tracy,6.368999999999687
7.223816809639642,3,100,500,5,10000,core,Tracy_Olga,6.368999999999687
2.126882957837699,3,100,1000,5,10000,A1,NTD,30.197000000000116
1.1489329626287061,3,100,1000,5,10000,A2,NTD,30.197000000000116
997.0000959358161,3,100,1000,5,10000,A3,NTD,30.197000000000116
11.215400770355531,3,100,1000,5,10000,core,NTD,30.197000000000116
1.9951143585287983,3,100,1000,5,10000,A1,Ours,4.261999999999716
0.012822538074650423,3,100,1000,5,10000,A2,Ours,4.261999999999716
0.08550048957037867,3,100,1000,5,10000,A3,Ours,4.261999999999716
9.691424027839451,3,100,1000,5,10000,core,Ours,4.261999999999716
1.9951143585287983,3,100,1000,5,10000,A1,HOSVD,5.110000000000127
0.012822538074650423,3,100,1000,5,10000,A2,HOSVD,5.110000000000127
0.0854436615919107,3,100,1000,5,10000,A3,HOSVD,5.110000000000127
9.691346131133729,3,100,1000,5,10000,core,HOSVD,5.110000000000127
1.992873651110495,3,100,1000,5,10000,A1,HOOI,4.936000000000149
0.011264761772683334,3,100,1000,5,10000,A2,HOOI,4.936000000000149
0.08475859205975389,3,100,1000,5,10000,A3,HOOI,4.936000000000149
9.691712842511055,3,100,1000,5,10000,core,HOOI,4.936000000000149
1.8120859579250834,3,100,1000,5,10000,A1,Olga,4.851999999999862
0.024621873610642574,3,100,1000,5,10000,A2,Olga,4.851999999999862
1.3340610822237569,3,100,1000,5,10000,A3,Tracy,4.851999999999862
12.494204453728255,3,100,1000,5,10000,core,Tracy_Olga,4.851999999999862
5.933042382850827,3,100,2499,5,10000,A1,NTD,90.875
1.6631935390421142,3,100,2499,5,10000,A2,NTD,90.875
2496.015473706676,3,100,2499,5,10000,A3,NTD,90.875
9.623009485941765,3,100,2499,5,10000,core,NTD,90.875
2.200968748099641,3,100,2499,5,10000,A1,Ours,2.193000000000211
0.020405448071534722,3,100,2499,5,10000,A2,Ours,2.193000000000211
2.526982340886475,3,100,2499,5,10000,A3,Ours,2.193000000000211
12.790413377407043,3,100,2499,5,10000,core,Ours,2.193000000000211
2.200968748099641,3,100,2499,5,10000,A1,HOSVD,0.8659999999999854
0.020405448071534722,3,100,2499,5,10000,A2,HOSVD,0.8659999999999854
2.526658467320734,3,100,2499,5,10000,A3,HOSVD,0.8659999999999854
12.790407724697626,3,100,2499,5,10000,core,HOSVD,0.8659999999999854
2.1997167268030786,3,100,2499,5,10000,A1,HOOI,2.431999999999789
0.02031805488685745,3,100,2499,5,10000,A2,HOOI,2.431999999999789
2.5225655529489606,3,100,2499,5,10000,A3,HOOI,2.431999999999789
12.788975670672581,3,100,2499,5,10000,core,HOOI,2.431999999999789
1.8576430191998392,3,100,2499,5,10000,A1,Olga,1.18100000000004
0.07884482251125349,3,100,2499,5,10000,A2,Olga,1.18100000000004
3.0432244631447904,3,100,2499,5,10000,A3,Tracy,1.18100000000004
12.793237961343912,3,100,2499,5,10000,core,Tracy_Olga,1.18100000000004
2.4457518079278846,3,100,4996,5,10000,A1,NTD,171.06100000000015
3.7867217601859724,3,100,4996,5,10000,A2,NTD,171.06100000000015
4993.024392768273,3,100,4996,5,10000,A3,NTD,171.06100000000015
11.905264813724518,3,100,4996,5,10000,core,NTD,171.06100000000015
2.603980176657199,3,100,4996,5,10000,A1,Ours,5.126999999999953
0.008485677466853666,3,100,4996,5,10000,A2,Ours,5.126999999999953
2.486596742225836,3,100,4996,5,10000,A3,Ours,5.126999999999953
10.095831938743697,3,100,4996,5,10000,core,Ours,5.126999999999953
2.603980176657199,3,100,4996,5,10000,A1,HOSVD,1.8359999999997854
0.008485677466853666,3,100,4996,5,10000,A2,HOSVD,1.8359999999997854
2.4842570114278852,3,100,4996,5,10000,A3,HOSVD,1.8359999999997854
10.096512998628446,3,100,4996,5,10000,core,HOSVD,1.8359999999997854
2.602579093638066,3,100,4996,5,10000,A1,HOOI,4.04300000000012
0.012285416924025128,3,100,4996,5,10000,A2,HOOI,4.04300000000012
2.4865360824866056,3,100,4996,5,10000,A3,HOOI,4.04300000000012
10.097565030288104,3,100,4996,5,10000,core,HOOI,4.04300000000012
1.760185550050837,3,100,4996,5,10000,A1,Olga,3.0459999999998217
0.041552213095636774,3,100,4996,5,10000,A2,Olga,3.0459999999998217
2.8603216669159415,3,100,4996,5,10000,A3,Tracy,3.0459999999998217
7.752834066639578,3,100,4996,5,10000,core,Tracy_Olga,3.0459999999998217
2.0891531104727257,3,100,5996,5,10000,A1,NTD,199.01400000000012
1.8277274771162717,3,100,5996,5,10000,A2,NTD,199.01400000000012
5993.024427890689,3,100,5996,5,10000,A3,NTD,199.01400000000012
12.554817016367993,3,100,5996,5,10000,core,NTD,199.01400000000012
1.674331517673801,3,100,5996,5,10000,A1,Ours,6.24199999999928
0.023189691013927996,3,100,5996,5,10000,A2,Ours,6.24199999999928
2.5107399211726795,3,100,5996,5,10000,A3,Ours,6.24199999999928
12.508591312909058,3,100,5996,5,10000,core,Ours,6.24199999999928
1.674331517673801,3,100,5996,5,10000,A1,HOSVD,2.0789999999997235
0.023189691013927996,3,100,5996,5,10000,A2,HOSVD,2.0789999999997235
2.5075390707157004,3,100,5996,5,10000,A3,HOSVD,2.0789999999997235
12.505542205190526,3,100,5996,5,10000,core,HOSVD,2.0789999999997235
1.6746613103029047,3,100,5996,5,10000,A1,HOOI,4.782000000000153
0.023518841410859043,3,100,5996,5,10000,A2,HOOI,4.782000000000153
2.5080261009230975,3,100,5996,5,10000,A3,HOOI,4.782000000000153
12.500292539837387,3,100,5996,5,10000,core,HOOI,4.782000000000153
1.9566780657671645,3,100,5996,5,10000,A1,Olga,2.9400000000005093
0.093710966296839393,3,100,5996,5,10000,A2,Olga,2.9400000000005093
2.851616306644967,3,100,5996,5,10000,A3,Tracy,2.9400000000005093
13.105139019726195,3,100,5996,5,10000,core,Tracy_Olga,2.9400000000005093
2.4137677105266744,3,100,6994,5,10000,A1,NTD,214.8130000000001
0.582119267555391,3,100,6994,5,10000,A2,NTD,214.8130000000001
6991.034333623152,3,100,6994,5,10000,A3,NTD,214.8130000000001
10.057309940061456,3,100,6994,5,10000,core,NTD,214.8130000000001
1.900050249979539,3,100,6994,5,10000,A1,Ours,7.092999999999847
0.01833631309513379,3,100,6994,5,10000,A2,Ours,7.092999999999847
2.5392724217707086,3,100,6994,5,10000,A3,Ours,7.092999999999847
10.206146716101022,3,100,6994,5,10000,core,Ours,7.092999999999847
1.900050249979539,3,100,6994,5,10000,A1,HOSVD,3.0029999999997017
0.01833631309513379,3,100,6994,5,10000,A2,HOSVD,3.0029999999997017
2.535556200125774,3,100,6994,5,10000,A3,HOSVD,3.0029999999997017
10.205324508009726,3,100,6994,5,10000,core,HOSVD,3.0029999999997017
1.8981506219926936,3,100,6994,5,10000,A1,HOOI,5.80199999999968
0.017496721707149422,3,100,6994,5,10000,A2,HOOI,5.80199999999968
2.5359177489350393,3,100,6994,5,10000,A3,HOOI,5.80199999999968
14.157605085766203,3,100,6994,5,10000,core,HOOI,5.80199999999968
1.4857598469619078,3,100,6994,5,10000,A1,Olga,3.7719999999999345
0.05797807750339702,3,100,6994,5,10000,A2,Olga,3.7719999999999345
2.8202600193684617,3,100,6994,5,10000,A3,Tracy,3.7719999999999345
7.9228622189233855,3,100,6994,5,10000,core,Tracy_Olga,3.7719999999999345
1.833916757737759,3,100,7988,5,10000,A1,NTD,250.65899999999965
1.185375303178829,3,100,7988,5,10000,A2,NTD,250.65899999999965
7985.031312252931,3,100,7988,5,10000,A3,NTD,250.65899999999965
11.669649180151108,3,100,7988,5,10000,core,NTD,250.65899999999965
1.2436223177846513,3,100,7988,5,10000,A1,Ours,9.74499999999989
0.038127699611791924,3,100,7988,5,10000,A2,Ours,9.74499999999989
2.551316571377516,3,100,7988,5,10000,A3,Ours,9.74499999999989
9.88764036459912,3,100,7988,5,10000,core,Ours,9.74499999999989
1.2436223177846513,3,100,7988,5,10000,A1,HOSVD,2.3339999999998327
0.038127699611791924,3,100,7988,5,10000,A2,HOSVD,2.3339999999998327
2.5452814554588095,3,100,7988,5,10000,A3,HOSVD,2.3339999999998327
9.89014633467446,3,100,7988,5,10000,core,HOSVD,2.3339999999998327
1.2403989821048784,3,100,7988,5,10000,A1,HOOI,6.993999999999687
0.04076695391639091,3,100,7988,5,10000,A2,HOOI,6.993999999999687
2.5429036978304898,3,100,7988,5,10000,A3,HOOI,6.993999999999687
9.906591525687688,3,100,7988,5,10000,core,HOOI,6.993999999999687
1.8470222907186178,3,100,7988,5,10000,A1,Olga,5.1010000000005675
0.1060884600170484,3,100,7988,5,10000,A2,Olga,5.1010000000005675
2.9073397120750117,3,100,7988,5,10000,A3,Tracy,5.1010000000005675
10.056846737925952,3,100,7988,5,10000,core,Tracy_Olga,5.1010000000005675
2.924652032239212,3,100,8984,5,10000,A1,NTD,280.7600000000002
3.096043996799163,3,100,8984,5,10000,A2,NTD,280.7600000000002
8981.040830229304,3,100,8984,5,10000,A3,NTD,280.7600000000002
10.027124963767115,3,100,8984,5,10000,core,NTD,280.7600000000002
2.3829385959958778,3,100,8984,5,10000,A1,Ours,11.68499999999949
0.021338354794523114,3,100,8984,5,10000,A2,Ours,11.68499999999949
2.5446494719324924,3,100,8984,5,10000,A3,Ours,11.68499999999949
13.111879828652981,3,100,8984,5,10000,core,Ours,11.68499999999949
2.3829385959958778,3,100,8984,5,10000,A1,HOSVD,2.9459999999999127
0.021338354794523114,3,100,8984,5,10000,A2,HOSVD,2.9459999999999127
2.5382126604509234,3,100,8984,5,10000,A3,HOSVD,2.9459999999999127
13.1095525003646,3,100,8984,5,10000,core,HOSVD,2.9459999999999127
2.381963234581432,3,100,8984,5,10000,A1,HOOI,8.902999999999338
0.022756282074115574,3,100,8984,5,10000,A2,HOOI,8.902999999999338
2.537980526624516,3,100,8984,5,10000,A3,HOOI,8.902999999999338
13.113740899650784,3,100,8984,5,10000,core,HOOI,8.902999999999338
1.7139171637636224,3,100,8984,5,10000,A1,Olga,5.283999999999651
0.06882649129039174,3,100,8984,5,10000,A2,Olga,5.283999999999651
2.842152066954934,3,100,8984,5,10000,A3,Tracy,5.283999999999651
13.095590147986494,3,100,8984,5,10000,core,Tracy_Olga,5.283999999999651
1.8651356636555447,3,100,9982,5,10000,A1,NTD,302.22899999999936
3.518939030161032,3,100,9982,5,10000,A2,NTD,302.22899999999936
9979.053191182418,3,100,9982,5,10000,A3,NTD,302.22899999999936
7.521361279670647,3,100,9982,5,10000,core,NTD,302.22899999999936
1.331026246311466,3,100,9982,5,10000,A1,Ours,12.414999999999964
0.009451354174569666,3,100,9982,5,10000,A2,Ours,12.414999999999964
2.522680402938364,3,100,9982,5,10000,A3,Ours,12.414999999999964
12.704027568026564,3,100,9982,5,10000,core,Ours,12.414999999999964
1.331026246311466,3,100,9982,5,10000,A1,HOSVD,2.7929999999996653
0.009451354174569666,3,100,9982,5,10000,A2,HOSVD,2.7929999999996653
2.514620243389937,3,100,9982,5,10000,A3,HOSVD,2.7929999999996653
12.701047575266285,3,100,9982,5,10000,core,HOSVD,2.7929999999996653
1.3344003303480516,3,100,9982,5,10000,A1,HOOI,10.446000000000822
0.004533282309995221,3,100,9982,5,10000,A2,HOOI,10.446000000000822
2.5149885551668367,3,100,9982,5,10000,A3,HOOI,10.446000000000822
12.695708938211885,3,100,9982,5,10000,core,HOOI,10.446000000000822
2.2722668978423863,3,100,9982,5,10000,A1,Olga,6.403999999999542
0.13322288819101388,3,100,9982,5,10000,A2,Olga,6.403999999999542
2.832068035232663,3,100,9982,5,10000,A3,Tracy,6.403999999999542
14.095327777323194,3,100,9982,5,10000,core,Tracy_Olga,6.403999999999542
