error,K,Q1,R,Q2,M,mode,method,time
10.149074505717213,3,100,987,5,100,A1,NTD,46.28
4.085359160269252,3,100,987,5,100,A2,NTD,46.28
984.2847406568346,3,100,987,5,100,A3,NTD,46.28
10.579376160560768,3,100,987,5,100,core,NTD,46.28
17.043891207523345,3,100,987,5,100,A1,Ours,6.474000000000004
0.05639518407783388,3,100,987,5,100,A2,Ours,6.474000000000004
4.103892501171569,3,100,987,5,100,A3,Ours,6.474000000000004
10.88785818311575,3,100,987,5,100,core,Ours,6.474000000000004
17.043891207523345,3,100,987,5,100,A1,HOSVD,4.918000000000006
0.05639518407783388,3,100,987,5,100,A2,HOSVD,4.918000000000006
2.5043864266931974,3,100,987,5,100,A3,HOSVD,4.918000000000006
15.789270977043454,3,100,987,5,100,core,HOSVD,4.918000000000006
16.808023193144162,3,100,987,5,100,A1,HOOI,4.258999999999986
0.03014564116366748,3,100,987,5,100,A2,HOOI,4.258999999999986
2.5242291349841754,3,100,987,5,100,A3,HOOI,4.258999999999986
12.296842319857376,3,100,987,5,100,core,HOOI,4.258999999999986
21.46334391387825,3,100,987,5,100,A1,Olga,1.7270000000000039
0.5567875966584043,3,100,987,5,100,A2,Olga,1.7270000000000039
2.840769290711049,3,100,987,5,100,A3,Tracy,1.7270000000000039
14.566789850549519,3,100,987,5,100,core,Tracy_Olga,1.7270000000000039
115.90075133020686,3,100,4497,5,100,A1,NTD,167.313
2.0185029716525738,3,100,4497,5,100,A2,NTD,167.313
4494.449037299176,3,100,4497,5,100,A3,NTD,167.313
9.99961572519707,3,100,4497,5,100,core,NTD,167.313
17.785558603702196,3,100,4497,5,100,A1,Ours,18.762
0.18260376444662874,3,100,4497,5,100,A2,Ours,18.762
5.154083432527998,3,100,4497,5,100,A3,Ours,18.762
10.99352290928659,3,100,4497,5,100,core,Ours,18.762
17.785558603702196,3,100,4497,5,100,A1,HOSVD,17.519000000000005
0.18260376444662874,3,100,4497,5,100,A2,HOSVD,17.519000000000005
2.655804322337808,3,100,4497,5,100,A3,HOSVD,17.519000000000005
12.75619468996415,3,100,4497,5,100,core,HOSVD,17.519000000000005
17.669329676604,3,100,4497,5,100,A1,HOOI,16.365999999999985
0.17265682833778317,3,100,4497,5,100,A2,HOOI,16.365999999999985
2.674522196640564,3,100,4497,5,100,A3,HOOI,16.365999999999985
12.75619468996415,3,100,4497,5,100,core,HOOI,16.365999999999985
38.35988136835171,3,100,4497,5,100,A1,Olga,3.94500000000005
3.134513712598143,3,100,4497,5,100,A2,Olga,3.94500000000005
3.841955396169086,3,100,4497,5,100,A3,Tracy,3.94500000000005
10.05647244773296,3,100,4497,5,100,core,Tracy_Olga,3.94500000000005
111.56121404592466,3,100,8183,5,100,A1,NTD,298.76499999999993
4.085551807812957,3,100,8183,5,100,A2,NTD,298.76499999999993
8180.594713994147,3,100,8183,5,100,A3,NTD,298.76499999999993
10.084279154708348,3,100,8183,5,100,core,NTD,298.76499999999993
17.023308672301436,3,100,8183,5,100,A1,Ours,29.369000000000028
0.028507498072325884,3,100,8183,5,100,A2,Ours,29.369000000000028
5.407496728344589,3,100,8183,5,100,A3,Ours,29.369000000000028
9.911355683529157,3,100,8183,5,100,core,Ours,29.369000000000028
17.023308672301436,3,100,8183,5,100,A1,HOSVD,9.261999999999944
0.028507498072325884,3,100,8183,5,100,A2,HOSVD,9.261999999999944
4.091748744562606,3,100,8183,5,100,A3,HOSVD,9.261999999999944
10.97199776259506,3,100,8183,5,100,core,HOSVD,9.261999999999944
16.951695445816835,3,100,8183,5,100,A1,HOOI,17.015999999999963
0.040938654546366145,3,100,8183,5,100,A2,HOOI,17.015999999999963
4.011982486953472,3,100,8183,5,100,A3,HOOI,17.015999999999963
10.727116263377496,3,100,8183,5,100,core,HOOI,17.015999999999963
93.43778572434512,3,100,8183,5,100,A1,Olga,7.159999999999968
1.9181554164859387,3,100,8183,5,100,A2,Olga,7.159999999999968
4.224600563922196,3,100,8183,5,100,A3,Tracy,7.159999999999968
10.749591231203066,3,100,8183,5,100,core,Tracy_Olga,7.159999999999968
4.488207696778521,3,100,998,5,500,A1,NTD,30.08400000000006
0.985146537278709,3,100,998,5,500,A2,NTD,30.08400000000006
995.0757804144812,3,100,998,5,500,A3,NTD,30.08400000000006
12.164120850497147,3,100,998,5,500,core,NTD,30.08400000000006
5.322187668295664,3,100,998,5,500,A1,Ours,0.6340000000000146
0.029615003905133202,3,100,998,5,500,A2,Ours,0.6340000000000146
2.624597821513219,3,100,998,5,500,A3,Ours,0.6340000000000146
12.537080338857878,3,100,998,5,500,core,Ours,0.6340000000000146
5.322187668295664,3,100,998,5,500,A1,HOSVD,0.4759999999999991
0.029615003905133202,3,100,998,5,500,A2,HOSVD,0.4759999999999991
2.6030999915209225,3,100,998,5,500,A3,HOSVD,0.4759999999999991
12.5413080155793,3,100,998,5,500,core,HOSVD,0.4759999999999991
5.120824124209721,3,100,998,5,500,A1,HOOI,1.2189999999999372
0.02640070987957761,3,100,998,5,500,A2,HOOI,1.2189999999999372
2.6098924741996004,3,100,998,5,500,A3,HOOI,1.2189999999999372
12.56210225005579,3,100,998,5,500,core,HOOI,1.2189999999999372
7.166368770794795,3,100,998,5,500,A1,Olga,0.52900000000011
0.0383482060335711,3,100,998,5,500,A2,Olga,0.52900000000011
2.959886411835367,3,100,998,5,500,A3,Tracy,0.52900000000011
12.3783791948097,3,100,998,5,500,core,Tracy_Olga,0.52900000000011
10.65786033895608,3,100,4921,5,500,A1,NTD,172.89700000000005
3.987354476966908,3,100,4921,5,500,A2,NTD,172.89700000000005
4918.172943361106,3,100,4921,5,500,A3,NTD,172.89700000000005
12.878997107738147,3,100,4921,5,500,core,NTD,172.89700000000005
6.564740890238173,3,100,4921,5,500,A1,Ours,13.16599999999994
0.10544248630368455,3,100,4921,5,500,A2,Ours,13.16599999999994
3.261389170369471,3,100,4921,5,500,A3,Ours,13.16599999999994
10.251731548166719,3,100,4921,5,500,core,Ours,13.16599999999994
6.564740890238173,3,100,4921,5,500,A1,HOSVD,1.8540000000000418
0.10544248630368455,3,100,4921,5,500,A2,HOSVD,1.8540000000000418
2.5552348476758846,3,100,4921,5,500,A3,HOSVD,1.8540000000000418
12.443367482028737,3,100,4921,5,500,core,HOSVD,1.8540000000000418
6.526214119175612,3,100,4921,5,500,A1,HOOI,6.1469999999999345
0.10003745868910728,3,100,4921,5,500,A2,HOOI,6.1469999999999345
2.5606069318818476,3,100,4921,5,500,A3,HOOI,6.1469999999999345
12.469707842821096,3,100,4921,5,500,core,HOOI,6.1469999999999345
8.078699146412267,3,100,4921,5,500,A1,Olga,3.4249999999999545
0.31825286972441597,3,100,4921,5,500,A2,Olga,3.4249999999999545
2.937215854491978,3,100,4921,5,500,A3,Tracy,3.4249999999999545
16.918151151964874,3,100,4921,5,500,core,Tracy_Olga,3.4249999999999545
37.422407801242265,3,100,9617,5,500,A1,NTD,381.33500000000004
3.9941951422511717,3,100,9617,5,500,A2,NTD,381.33500000000004
9614.3016695429,3,100,9617,5,500,A3,NTD,381.33500000000004
10.055530412427782,3,100,9617,5,500,core,NTD,381.33500000000004
8.334437116087857,3,100,9617,5,500,A1,Ours,20.953000000000202
0.03947473566531269,3,100,9617,5,500,A2,Ours,20.953000000000202
5.274511129956185,3,100,9617,5,500,A3,Ours,20.953000000000202
9.996486578661916,3,100,9617,5,500,core,Ours,20.953000000000202
8.334437116087857,3,100,9617,5,500,A1,HOSVD,9.629999999999882
0.03947473566531269,3,100,9617,5,500,A2,HOSVD,9.629999999999882
2.969093705960925,3,100,9617,5,500,A3,HOSVD,9.629999999999882
10.739046566397722,3,100,9617,5,500,core,HOSVD,9.629999999999882
8.305129811225381,3,100,9617,5,500,A1,HOOI,22.998000000000047
0.03677619035283331,3,100,9617,5,500,A2,HOOI,22.998000000000047
3.8625772626320694,3,100,9617,5,500,A3,HOOI,22.998000000000047
7.096883319738258,3,100,9617,5,500,core,HOOI,22.998000000000047
10.601631710929913,3,100,9617,5,500,A1,Olga,13.23700000000008
0.36495963852800206,3,100,9617,5,500,A2,Olga,13.23700000000008
3.0354320253601728,3,100,9617,5,500,A3,Tracy,13.23700000000008
4.804563002963726,3,100,9617,5,500,core,Tracy_Olga,13.23700000000008
2.5648168782937213,3,100,1000,5,1000,A1,NTD,30.41300000000001
0.04278146973875866,3,100,1000,5,1000,A2,NTD,30.41300000000001
997.0006160512391,3,100,1000,5,1000,A3,NTD,30.41300000000001
10.348152739861401,3,100,1000,5,1000,core,NTD,30.41300000000001
4.525374573971587,3,100,1000,5,1000,A1,Ours,0.49499999999989086
0.020073833165584257,3,100,1000,5,1000,A2,Ours,0.49499999999989086
0.6123296542427109,3,100,1000,5,1000,A3,Ours,0.49499999999989086
12.356877894628516,3,100,1000,5,1000,core,Ours,0.49499999999989086
4.525374573971587,3,100,1000,5,1000,A1,HOSVD,0.6240000000000236
0.020073833165584257,3,100,1000,5,1000,A2,HOSVD,0.6240000000000236
0.6091764670424548,3,100,1000,5,1000,A3,HOSVD,0.6240000000000236
12.355810092973197,3,100,1000,5,1000,core,HOSVD,0.6240000000000236
4.562967349052318,3,100,1000,5,1000,A1,HOOI,0.7139999999999418
0.020016723084899376,3,100,1000,5,1000,A2,HOOI,0.7139999999999418
0.5980145999221395,3,100,1000,5,1000,A3,HOOI,0.7139999999999418
12.361033239113853,3,100,1000,5,1000,core,HOOI,0.7139999999999418
4.287870533561283,3,100,1000,5,1000,A1,Olga,0.44099999999980355
0.034294124479233155,3,100,1000,5,1000,A2,Olga,0.44099999999980355
1.5523987943843867,3,100,1000,5,1000,A3,Tracy,0.44099999999980355
15.23785308322634,3,100,1000,5,1000,core,Tracy_Olga,0.44099999999980355
2.5314713576689294,3,100,4952,5,1000,A1,NTD,161.00600000000009
3.953826620159809,3,100,4952,5,1000,A2,NTD,161.00600000000009
4949.120793730461,3,100,4952,5,1000,A3,NTD,161.00600000000009
8.012512063325381,3,100,4952,5,1000,core,NTD,161.00600000000009
6.18813382241491,3,100,4952,5,1000,A1,Ours,5.120000000000118
0.0203117161634616,3,100,4952,5,1000,A2,Ours,5.120000000000118
2.827108256859982,3,100,4952,5,1000,A3,Ours,5.120000000000118
12.046285905224247,3,100,4952,5,1000,core,Ours,5.120000000000118
6.18813382241491,3,100,4952,5,1000,A1,HOSVD,2.0219999999999345
0.0203117161634616,3,100,4952,5,1000,A2,HOSVD,2.0219999999999345
2.5120467377771303,3,100,4952,5,1000,A3,HOSVD,2.0219999999999345
15.789270977043454,3,100,4952,5,1000,core,HOSVD,2.0219999999999345
6.145602241242555,3,100,4952,5,1000,A1,HOOI,4.729000000000042
0.020763842226967887,3,100,4952,5,1000,A2,HOOI,4.729000000000042
2.515649145929938,3,100,4952,5,1000,A3,HOOI,4.729000000000042
15.789270977043454,3,100,4952,5,1000,core,HOOI,4.729000000000042
5.658226790447302,3,100,4952,5,1000,A1,Olga,2.747000000000071
0.19740440583210161,3,100,4952,5,1000,A2,Olga,2.747000000000071
2.9199519596279053,3,100,4952,5,1000,A3,Tracy,2.747000000000071
10.992624708195232,3,100,4952,5,1000,core,Tracy_Olga,2.747000000000071
6.028825234893018,3,100,9795,5,1000,A1,NTD,344.355
4.085544298447361,3,100,9795,5,1000,A2,NTD,344.355
9792.182448414733,3,100,9795,5,1000,A3,NTD,344.355
10.93747132120093,3,100,9795,5,1000,core,NTD,344.355
3.768629722849101,3,100,9795,5,1000,A1,Ours,33.192999999999984
0.013825109259974103,3,100,9795,5,1000,A2,Ours,33.192999999999984
3.233182692312769,3,100,9795,5,1000,A3,Ours,33.192999999999984
12.224846225038936,3,100,9795,5,1000,core,Ours,33.192999999999984
3.768629722849101,3,100,9795,5,1000,A1,HOSVD,23.29600000000005
0.013825109259974103,3,100,9795,5,1000,A2,HOSVD,23.29600000000005
2.5469291010131805,3,100,9795,5,1000,A3,HOSVD,23.29600000000005
12.39093630120551,3,100,9795,5,1000,core,HOSVD,23.29600000000005
5.339446906400892,3,100,9795,5,1000,A1,HOOI,27.774000000000115
0.019628856437676465,3,100,9795,5,1000,A2,HOOI,27.774000000000115
2.549046401026007,3,100,9795,5,1000,A3,HOOI,27.774000000000115
12.326292234845235,3,100,9795,5,1000,core,HOOI,27.774000000000115
6.414515753003399,3,100,9795,5,1000,A1,Olga,20.24499999999989
0.28591476796838766,3,100,9795,5,1000,A2,Olga,20.24499999999989
3.873144079882422,3,100,9795,5,1000,A3,Tracy,20.24499999999989
10.261567807394096,3,100,9795,5,1000,core,Tracy_Olga,20.24499999999989
2.26703098788986,3,100,1000,5,2500,A1,NTD,30.164999999999964
0.040225714195060505,3,100,1000,5,2500,A2,NTD,30.164999999999964
997.0003790920929,3,100,1000,5,2500,A3,NTD,30.164999999999964
13.309998104527418,3,100,1000,5,2500,core,NTD,30.164999999999964
2.9568384500274583,3,100,1000,5,2500,A1,Ours,1.3250000000000455
0.010374239598488256,3,100,1000,5,2500,A2,Ours,1.3250000000000455
0.37706030696056575,3,100,1000,5,2500,A3,Ours,1.3250000000000455
12.642932903355202,3,100,1000,5,2500,core,Ours,1.3250000000000455
2.9568384500274583,3,100,1000,5,2500,A1,HOSVD,0.8819999999998345
0.010374239598488256,3,100,1000,5,2500,A2,HOSVD,0.8819999999998345
0.37643709229620503,3,100,1000,5,2500,A3,HOSVD,0.8819999999998345
12.642277196022366,3,100,1000,5,2500,core,HOSVD,0.8819999999998345
2.984213846474395,3,100,1000,5,2500,A1,HOOI,1.3220000000001164
0.011288401973828369,3,100,1000,5,2500,A2,HOOI,1.3220000000001164
0.38582497858132153,3,100,1000,5,2500,A3,HOOI,1.3220000000001164
12.636924413482172,3,100,1000,5,2500,core,HOOI,1.3220000000001164
3.1684519720803217,3,100,1000,5,2500,A1,Olga,0.5309999999999491
0.009207974701011735,3,100,1000,5,2500,A2,Olga,0.5309999999999491
1.3662745228553288,3,100,1000,5,2500,A3,Tracy,0.5309999999999491
12.459593721577646,3,100,1000,5,2500,core,Tracy_Olga,0.5309999999999491
2.0265655296209366,3,100,4983,5,2500,A1,NTD,159.11599999999999
3.952250472359035,3,100,4983,5,2500,A2,NTD,159.11599999999999
4980.074062919287,3,100,4983,5,2500,A3,NTD,159.11599999999999
14.882364913871065,3,100,4983,5,2500,core,NTD,159.11599999999999
2.471684606277052,3,100,4983,5,2500,A1,Ours,5.831000000000131
0.008001235239009625,3,100,4983,5,2500,A2,Ours,5.831000000000131
2.5047441718975674,3,100,4983,5,2500,A3,Ours,5.831000000000131
12.509103361028329,3,100,4983,5,2500,core,Ours,5.831000000000131
2.471684606277052,3,100,4983,5,2500,A1,HOSVD,1.8460000000000036
0.008001235239009625,3,100,4983,5,2500,A2,HOSVD,1.8460000000000036
2.4734883429772845,3,100,4983,5,2500,A3,HOSVD,1.8460000000000036
12.536997902063959,3,100,4983,5,2500,core,HOSVD,1.8460000000000036
2.4719317678699615,3,100,4983,5,2500,A1,HOOI,5.25
0.00798449032401615,3,100,4983,5,2500,A2,HOOI,5.25
2.4745803646987263,3,100,4983,5,2500,A3,HOOI,5.25
12.561812504320855,3,100,4983,5,2500,core,HOOI,5.25
3.2152759210280153,3,100,4983,5,2500,A1,Olga,2.499000000000251
0.02330527960046481,3,100,4983,5,2500,A2,Olga,2.499000000000251
2.8950405572555096,3,100,4983,5,2500,A3,Tracy,2.499000000000251
11.249932463439922,3,100,4983,5,2500,core,Tracy_Olga,2.499000000000251
2.3257567170846123,3,100,9934,5,2500,A1,NTD,332.7979999999998
0.08554497051528903,3,100,9934,5,2500,A2,NTD,332.7979999999998
9931.102570145173,3,100,9934,5,2500,A3,NTD,332.7979999999998
11.78970204666547,3,100,9934,5,2500,core,NTD,332.7979999999998
2.8141473707550113,3,100,9934,5,2500,A1,Ours,20.02599999999984
0.006779741968920057,3,100,9934,5,2500,A2,Ours,20.02599999999984
2.6461787153217973,3,100,9934,5,2500,A3,Ours,20.02599999999984
12.222870845613896,3,100,9934,5,2500,core,Ours,20.02599999999984
2.8141473707550113,3,100,9934,5,2500,A1,HOSVD,5.841000000000349
0.006779741968920057,3,100,9934,5,2500,A2,HOSVD,5.841000000000349
2.522218139431658,3,100,9934,5,2500,A3,HOSVD,5.841000000000349
12.398936830535776,3,100,9934,5,2500,core,HOSVD,5.841000000000349
2.840802036841208,3,100,9934,5,2500,A1,HOOI,15.753000000000156
0.007518526445093019,3,100,9934,5,2500,A2,HOOI,15.753000000000156
2.524348707627578,3,100,9934,5,2500,A3,HOOI,15.753000000000156
12.392024365979603,3,100,9934,5,2500,core,HOOI,15.753000000000156
2.489756883316349,3,100,9934,5,2500,A1,Olga,7.177000000000135
0.08337194860227026,3,100,9934,5,2500,A2,Olga,7.177000000000135
2.9354790999425546,3,100,9934,5,2500,A3,Tracy,7.177000000000135
12.418247476019186,3,100,9934,5,2500,core,Tracy_Olga,7.177000000000135
4.910174382242642,3,100,1000,5,5000,A1,NTD,29.807999999999993
0.064046748638288,3,100,1000,5,5000,A2,NTD,29.807999999999993
997.0000927385871,3,100,1000,5,5000,A3,NTD,29.807999999999993
10.119999698489167,3,100,1000,5,5000,core,NTD,29.807999999999993
2.1746392631128924,3,100,1000,5,5000,A1,Ours,0.4780000000000655
0.005710865610046253,3,100,1000,5,5000,A2,Ours,0.4780000000000655
0.20825053329413926,3,100,1000,5,5000,A3,Ours,0.4780000000000655
12.622922301917425,3,100,1000,5,5000,core,Ours,0.4780000000000655
2.1746392631128924,3,100,1000,5,5000,A1,HOSVD,0.39800000000013824
0.005710865610046253,3,100,1000,5,5000,A2,HOSVD,0.39800000000013824
0.20816054711516488,3,100,1000,5,5000,A3,HOSVD,0.39800000000013824
12.62275813673786,3,100,1000,5,5000,core,HOSVD,0.39800000000013824
2.178106966358689,3,100,1000,5,5000,A1,HOOI,0.7029999999999745
0.006009408461384258,3,100,1000,5,5000,A2,HOOI,0.7029999999999745
0.2081968073376375,3,100,1000,5,5000,A3,HOOI,0.7029999999999745
12.623070483456495,3,100,1000,5,5000,core,HOOI,0.7029999999999745
2.3388123215148404,3,100,1000,5,5000,A1,Olga,0.5540000000000873
0.00430256823484889,3,100,1000,5,5000,A2,Olga,0.5540000000000873
1.3955804739819404,3,100,1000,5,5000,A3,Tracy,0.5540000000000873
12.593978041320426,3,100,1000,5,5000,core,Tracy_Olga,0.5540000000000873
2.727581264516271,3,100,4994,5,5000,A1,NTD,159.60600000000022
0.08525673107552105,3,100,4994,5,5000,A2,NTD,159.60600000000022
4991.037363545537,3,100,4994,5,5000,A3,NTD,159.60600000000022
9.056494989848217,3,100,4994,5,5000,core,NTD,159.60600000000022
2.294114134552986,3,100,4994,5,5000,A1,Ours,5.786000000000058
0.012096105117699266,3,100,4994,5,5000,A2,Ours,5.786000000000058
2.4839365424030118,3,100,4994,5,5000,A3,Ours,5.786000000000058
12.474689494269024,3,100,4994,5,5000,core,Ours,5.786000000000058
2.294114134552986,3,100,4994,5,5000,A1,HOSVD,1.981000000000222
0.012096105117699266,3,100,4994,5,5000,A2,HOSVD,1.981000000000222
2.47642632024837,3,100,4994,5,5000,A3,HOSVD,1.981000000000222
12.48164832355201,3,100,4994,5,5000,core,HOSVD,1.981000000000222
2.2878743661723093,3,100,4994,5,5000,A1,HOOI,4.963000000000193
0.01185855440566167,3,100,4994,5,5000,A2,HOOI,4.963000000000193
2.47933414313304,3,100,4994,5,5000,A3,HOOI,4.963000000000193
12.461547000429396,3,100,4994,5,5000,core,HOOI,4.963000000000193
2.0661627197461248,3,100,4994,5,5000,A1,Olga,2.882999999999811
0.005499137019544946,3,100,4994,5,5000,A2,Olga,2.882999999999811
2.8663699599255708,3,100,4994,5,5000,A3,Tracy,2.882999999999811
11.216274101649931,3,100,4994,5,5000,core,Tracy_Olga,2.882999999999811
1.9141817113298965,3,100,9969,5,5000,A1,NTD,346.6310000000003
2.9962992727086926,3,100,9969,5,5000,A2,NTD,346.6310000000003
9966.039286027142,3,100,9969,5,5000,A3,NTD,346.6310000000003
5.863774651490869,3,100,9969,5,5000,core,NTD,346.6310000000003
3.214884097318784,3,100,9969,5,5000,A1,Ours,19.152000000000044
0.005694280033446344,3,100,9969,5,5000,A2,Ours,19.152000000000044
2.5315187502188103,3,100,9969,5,5000,A3,Ours,19.152000000000044
12.370530141752912,3,100,9969,5,5000,core,Ours,19.152000000000044
3.214884097318784,3,100,9969,5,5000,A1,HOSVD,3.6590000000001055
0.005694280033446344,3,100,9969,5,5000,A2,HOSVD,3.6590000000001055
2.5018708254987585,3,100,9969,5,5000,A3,HOSVD,3.6590000000001055
12.402065786740687,3,100,9969,5,5000,core,HOSVD,3.6590000000001055
3.2158759142595392,3,100,9969,5,5000,A1,HOOI,16.35699999999997
0.005484973900435639,3,100,9969,5,5000,A2,HOOI,16.35699999999997
2.498390678332062,3,100,9969,5,5000,A3,HOOI,16.35699999999997
12.417346004387607,3,100,9969,5,5000,core,HOOI,16.35699999999997
2.0631015474134804,3,100,9969,5,5000,A1,Olga,7.208999999999833
0.022347314116310035,3,100,9969,5,5000,A2,Olga,7.208999999999833
2.8949551865212015,3,100,9969,5,5000,A3,Tracy,7.208999999999833
16.828546928911262,3,100,9969,5,5000,core,Tracy_Olga,7.208999999999833
2.182352171557134,3,100,1000,5,6000,A1,NTD,30.526000000000295
0.14296894483957684,3,100,1000,5,6000,A2,NTD,30.526000000000295
997.0000421214282,3,100,1000,5,6000,A3,NTD,30.526000000000295
14.309666995695583,3,100,1000,5,6000,core,NTD,30.526000000000295
2.900448811073046,3,100,1000,5,6000,A1,Ours,0.511000000000422
0.013304502795372604,3,100,1000,5,6000,A2,Ours,0.511000000000422
0.897649093900286,3,100,1000,5,6000,A3,Ours,0.511000000000422
12.176719836936456,3,100,1000,5,6000,core,Ours,0.511000000000422
2.900448811073046,3,100,1000,5,6000,A1,HOSVD,0.40200000000004366
0.013304502795372604,3,100,1000,5,6000,A2,HOSVD,0.40200000000004366
0.8975360551962251,3,100,1000,5,6000,A3,HOSVD,0.40200000000004366
12.176757185391864,3,100,1000,5,6000,core,HOSVD,0.40200000000004366
2.9082051147100043,3,100,1000,5,6000,A1,HOOI,0.862999999999829
0.013064752421871889,3,100,1000,5,6000,A2,HOOI,0.862999999999829
0.8830604488296306,3,100,1000,5,6000,A3,HOOI,0.862999999999829
12.184947521057541,3,100,1000,5,6000,core,HOOI,0.862999999999829
2.108926943034224,3,100,1000,5,6000,A1,Olga,0.5729999999998654
0.014318373965088057,3,100,1000,5,6000,A2,Olga,0.5729999999998654
1.76751074758123,3,100,1000,5,6000,A3,Tracy,0.5729999999998654
12.179297185594438,3,100,1000,5,6000,core,Tracy_Olga,0.5729999999998654
2.4451650821212274,3,100,4996,5,6000,A1,NTD,169.6500000000001
0.07054705569492625,3,100,4996,5,6000,A2,NTD,169.6500000000001
4993.033882493498,3,100,4996,5,6000,A3,NTD,169.6500000000001
12.980601177941121,3,100,4996,5,6000,core,NTD,169.6500000000001
1.7128962356725344,3,100,4996,5,6000,A1,Ours,5.736000000000331
0.008912720996669768,3,100,4996,5,6000,A2,Ours,5.736000000000331
2.479814683970613,3,100,4996,5,6000,A3,Ours,5.736000000000331
12.46317110351938,3,100,4996,5,6000,core,Ours,5.736000000000331
1.7128962356725344,3,100,4996,5,6000,A1,HOSVD,1.8380000000001928
0.008912720996669768,3,100,4996,5,6000,A2,HOSVD,1.8380000000001928
2.474262092607745,3,100,4996,5,6000,A3,HOSVD,1.8380000000001928
12.460465915383786,3,100,4996,5,6000,core,HOSVD,1.8380000000001928
1.721467980487074,3,100,4996,5,6000,A1,HOOI,5.427000000000135
0.0082752030517094,3,100,4996,5,6000,A2,HOOI,5.427000000000135
2.476606938988646,3,100,4996,5,6000,A3,HOOI,5.427000000000135
12.437803859998047,3,100,4996,5,6000,core,HOOI,5.427000000000135
1.9773778206903088,3,100,4996,5,6000,A1,Olga,2.530999999999949
0.011253751362368197,3,100,4996,5,6000,A2,Olga,2.530999999999949
2.8880596695846417,3,100,4996,5,6000,A3,Tracy,2.530999999999949
12.387217277669361,3,100,4996,5,6000,core,Tracy_Olga,2.530999999999949
2.7065197925638778,3,100,9973,5,6000,A1,NTD,351.98199999999997
0.0855471925970819,3,100,9973,5,6000,A2,NTD,351.98199999999997
9970.04431655158,3,100,9973,5,6000,A3,NTD,351.98199999999997
11.2039292733872,3,100,9973,5,6000,core,NTD,351.98199999999997
1.9608784902244225,3,100,9973,5,6000,A1,HOSVD,20.570000000000164
0.008117234161398286,3,100,9973,5,6000,A2,HOSVD,20.570000000000164
2.4784707719433934,3,100,9973,5,6000,A3,HOSVD,20.570000000000164
12.37385118434639,3,100,9973,5,6000,core,HOSVD,20.570000000000164
1.9552147131423834,3,100,9973,5,6000,A1,HOOI,32.85100000000011
0.008322691550088641,3,100,9973,5,6000,A2,HOOI,32.85100000000011
2.4806804792734614,3,100,9973,5,6000,A3,HOOI,32.85100000000011
12.367654360239692,3,100,9973,5,6000,core,HOOI,32.85100000000011
2.6314314693332426,3,100,9973,5,6000,A1,Olga,24.94100000000026
0.017884991201825816,3,100,9973,5,6000,A2,Olga,24.94100000000026
2.8872680483107094,3,100,9973,5,6000,A3,Tracy,24.94100000000026
16.88526772741427,3,100,9973,5,6000,core,Tracy_Olga,24.94100000000026
2.351346196769392,3,100,1000,5,7000,A1,NTD,32.39499999999998
0.17026437543901798,3,100,1000,5,7000,A2,NTD,32.39499999999998
997.0001077941649,3,100,1000,5,7000,A3,NTD,32.39499999999998
9.020352259730979,3,100,1000,5,7000,core,NTD,32.39499999999998
1.557435173323558,3,100,1000,5,7000,A1,Ours,4.123000000000047
0.004547419280769599,3,100,1000,5,7000,A2,Ours,4.123000000000047
0.2958603228486297,3,100,1000,5,7000,A3,Ours,4.123000000000047
12.605609084851528,3,100,1000,5,7000,core,Ours,4.123000000000047
1.557435173323558,3,100,1000,5,7000,A1,HOSVD,3.44399999999996
0.004547419280769599,3,100,1000,5,7000,A2,HOSVD,3.44399999999996
0.29578582250060964,3,100,1000,5,7000,A3,HOSVD,3.44399999999996
12.60549679360998,3,100,1000,5,7000,core,HOSVD,3.44399999999996
1.5530376318510306,3,100,1000,5,7000,A1,HOOI,4.061000000000149
0.00479316693050762,3,100,1000,5,7000,A2,HOOI,4.061000000000149
0.2941703868861233,3,100,1000,5,7000,A3,HOOI,4.061000000000149
12.603840306735309,3,100,1000,5,7000,core,HOOI,4.061000000000149
1.5421761124660862,3,100,1000,5,7000,A1,Olga,5.264999999999873
0.007257056602050162,3,100,1000,5,7000,A2,Olga,5.264999999999873
1.3606107638567995,3,100,1000,5,7000,A3,Tracy,5.264999999999873
12.471687267058472,3,100,1000,5,7000,core,Tracy_Olga,5.264999999999873
2.774511112533341,3,100,4993,5,7000,A1,NTD,189.49199999999973
1.2762990678944586,3,100,4993,5,7000,A2,NTD,189.49199999999973
4990.03111384294,3,100,4993,5,7000,A3,NTD,189.49199999999973
11.04463024119939,3,100,4993,5,7000,core,NTD,189.49199999999973
1.917991551204742,3,100,4993,5,7000,A1,Ours,7.0590000000001965
0.005392103760882592,3,100,4993,5,7000,A2,Ours,7.0590000000001965
2.494561354524114,3,100,4993,5,7000,A3,Ours,7.0590000000001965
12.535958344938235,3,100,4993,5,7000,core,Ours,7.0590000000001965
1.917991551204742,3,100,4993,5,7000,A1,HOSVD,1.931999999999789
0.005392103760882592,3,100,4993,5,7000,A2,HOSVD,1.931999999999789
2.490436163226802,3,100,4993,5,7000,A3,HOSVD,1.931999999999789
12.539088021389233,3,100,4993,5,7000,core,HOSVD,1.931999999999789
1.9187503853054144,3,100,4993,5,7000,A1,HOOI,6.844000000000051
0.005757510224671305,3,100,4993,5,7000,A2,HOOI,6.844000000000051
2.492111916703997,3,100,4993,5,7000,A3,HOOI,6.844000000000051
12.537912815186674,3,100,4993,5,7000,core,HOOI,6.844000000000051
1.4176685483811264,3,100,4993,5,7000,A1,Olga,3.826000000000022
0.006027565448741449,3,100,4993,5,7000,A2,Olga,3.826000000000022
2.9051272044238634,3,100,4993,5,7000,A3,Tracy,3.826000000000022
11.25136262735905,3,100,4993,5,7000,core,Tracy_Olga,3.826000000000022
3.051667905353682,3,100,9974,5,7000,A1,NTD,447.84100000000035
0.4759972721784637,3,100,9974,5,7000,A2,NTD,447.84100000000035
9971.050481384595,3,100,9974,5,7000,A3,NTD,447.84100000000035
10.621218673062822,3,100,9974,5,7000,core,NTD,447.84100000000035
2.3029388911433797,3,100,9974,5,7000,A1,Ours,17.98700000000008
0.004484612962640576,3,100,9974,5,7000,A2,Ours,17.98700000000008
2.5152073718039554,3,100,9974,5,7000,A3,Ours,17.98700000000008
12.377654387975014,3,100,9974,5,7000,core,Ours,17.98700000000008
2.3029388911433797,3,100,9974,5,7000,A1,HOSVD,3.4160000000001673
0.004484612962640576,3,100,9974,5,7000,A2,HOSVD,3.4160000000001673
2.4999491764163637,3,100,9974,5,7000,A3,HOSVD,3.4160000000001673
12.39338242907907,3,100,9974,5,7000,core,HOSVD,3.4160000000001673
2.2987329534651217,3,100,9974,5,7000,A1,HOOI,16.462000000000444
0.0044342765318146505,3,100,9974,5,7000,A2,HOOI,16.462000000000444
2.49962340200915,3,100,9974,5,7000,A3,HOOI,16.462000000000444
12.411650411086539,3,100,9974,5,7000,core,HOOI,16.462000000000444
2.0369721649320836,3,100,9974,5,7000,A1,Olga,6.856000000000677
0.013965747107270806,3,100,9974,5,7000,A2,Olga,6.856000000000677
2.895634199179321,3,100,9974,5,7000,A3,Tracy,6.856000000000677
11.10308908318208,3,100,9974,5,7000,core,Tracy_Olga,6.856000000000677
2.3641280595629612,3,100,1000,5,8000,A1,NTD,30.603000000000065
0.19584115185525147,3,100,1000,5,8000,A2,NTD,30.603000000000065
997.0000630813068,3,100,1000,5,8000,A3,NTD,30.603000000000065
5.9627306005444485,3,100,1000,5,8000,core,NTD,30.603000000000065
1.9201362109997147,3,100,1000,5,8000,A1,Ours,1.0659999999998035
0.006079262802034755,3,100,1000,5,8000,A2,Ours,1.0659999999998035
0.4837304044579176,3,100,1000,5,8000,A3,Ours,1.0659999999998035
12.403685201184631,3,100,1000,5,8000,core,Ours,1.0659999999998035
1.9201362109997147,3,100,1000,5,8000,A1,HOSVD,0.5800000000008367
0.006079262802034755,3,100,1000,5,8000,A2,HOSVD,0.5800000000008367
0.48365319605252577,3,100,1000,5,8000,A3,HOSVD,0.5800000000008367
12.403673986841511,3,100,1000,5,8000,core,HOSVD,0.5800000000008367
1.9148201502007989,3,100,1000,5,8000,A1,HOOI,0.7719999999999345
0.006009688970807172,3,100,1000,5,8000,A2,HOOI,0.7719999999999345
0.37643948875809097,3,100,1000,5,8000,A3,HOOI,0.7719999999999345
12.651097301157117,3,100,1000,5,8000,core,HOOI,0.7719999999999345
1.9463250434357515,3,100,1000,5,8000,A1,Olga,0.5039999999999054
0.004211123532392301,3,100,1000,5,8000,A2,Olga,0.5039999999999054
1.5032139551959465,3,100,1000,5,8000,A3,Tracy,0.5039999999999054
12.599387825343777,3,100,1000,5,8000,core,Tracy_Olga,0.5039999999999054
2.462709312699603,3,100,4996,5,8000,A1,NTD,164.47199999999975
0.05136199797683529,3,100,4996,5,8000,A2,NTD,164.47199999999975
4993.029677284021,3,100,4996,5,8000,A3,NTD,164.47199999999975
13.331227738223744,3,100,4996,5,8000,core,NTD,164.47199999999975
2.2909834280821095,3,100,4996,5,8000,A1,Ours,7.313000000000102
0.00342877978120967,3,100,4996,5,8000,A2,Ours,7.313000000000102
2.588138996285224,3,100,4996,5,8000,A3,Ours,7.313000000000102
12.506105510648844,3,100,4996,5,8000,core,Ours,7.313000000000102
2.2909834280821095,3,100,4996,5,8000,A1,HOSVD,1.8099999999994907
0.00342877978120967,3,100,4996,5,8000,A2,HOSVD,1.8099999999994907
2.586403978107375,3,100,4996,5,8000,A3,HOSVD,1.8099999999994907
12.508485211173937,3,100,4996,5,8000,core,HOSVD,1.8099999999994907
2.3054735363699517,3,100,4996,5,8000,A1,HOOI,5.581000000000131
0.0029576945168748978,3,100,4996,5,8000,A2,HOOI,5.581000000000131
2.5703405100185495,3,100,4996,5,8000,A3,HOOI,5.581000000000131
12.512247785125576,3,100,4996,5,8000,core,HOOI,5.581000000000131
1.597557555043006,3,100,4996,5,8000,A1,Olga,2.9600000000000364
0.004370253997704714,3,100,4996,5,8000,A2,Olga,2.9600000000000364
3.0697054528909233,3,100,4996,5,8000,A3,Tracy,2.9600000000000364
12.482275511942523,3,100,4996,5,8000,core,Tracy_Olga,2.9600000000000364
2.048180012550534,3,100,9977,5,8000,A1,NTD,351.41200000000026
0.08559570617108758,3,100,9977,5,8000,A2,NTD,351.41200000000026
9974.045727463801,3,100,9977,5,8000,A3,NTD,351.41200000000026
8.597991991946731,3,100,9977,5,8000,core,NTD,351.41200000000026
1.600899480886607,3,100,9977,5,8000,A1,Ours,18.34900000000016
0.0069764231206651695,3,100,9977,5,8000,A2,Ours,18.34900000000016
2.5020153172374826,3,100,9977,5,8000,A3,Ours,18.34900000000016
15.789270977043454,3,100,9977,5,8000,core,Ours,18.34900000000016
1.600899480886607,3,100,9977,5,8000,A1,HOSVD,3.6340000000000146
0.0069764231206651695,3,100,9977,5,8000,A2,HOSVD,3.6340000000000146
2.490228345917213,3,100,9977,5,8000,A3,HOSVD,3.6340000000000146
15.789270977043454,3,100,9977,5,8000,core,HOSVD,3.6340000000000146
1.6110358770218913,3,100,9977,5,8000,A1,HOOI,16.06999999999971
0.007032968005349018,3,100,9977,5,8000,A2,HOOI,16.06999999999971
2.488272514837892,3,100,9977,5,8000,A3,HOOI,16.06999999999971
15.789270977043454,3,100,9977,5,8000,core,HOOI,16.06999999999971
1.7635106223632708,3,100,9977,5,8000,A1,Olga,7.361000000000786
0.015591253717650237,3,100,9977,5,8000,A2,Olga,7.361000000000786
2.9039065631090866,3,100,9977,5,8000,A3,Tracy,7.361000000000786
16.8293943486271,3,100,9977,5,8000,core,Tracy_Olga,7.361000000000786
2.9052598027203635,3,100,1000,5,9000,A1,NTD,28.97900000000027
0.1599237264504846,3,100,1000,5,9000,A2,NTD,28.97900000000027
997.0000080381504,3,100,1000,5,9000,A3,NTD,28.97900000000027
8.562048792805564,3,100,1000,5,9000,core,NTD,28.97900000000027
1.7637840001002603,3,100,1000,5,9000,A1,Ours,0.6840000000001965
0.003622763132982518,3,100,1000,5,9000,A2,Ours,0.6840000000001965
0.06305245330917011,3,100,1000,5,9000,A3,Ours,0.6840000000001965
12.471344955721806,3,100,1000,5,9000,core,Ours,0.6840000000001965
1.7637840001002603,3,100,1000,5,9000,A1,HOSVD,0.7020000000002256
0.003622763132982518,3,100,1000,5,9000,A2,HOSVD,0.7020000000002256
0.06303948530679336,3,100,1000,5,9000,A3,HOSVD,0.7020000000002256
12.471325667280215,3,100,1000,5,9000,core,HOSVD,0.7020000000002256
1.7624113973634732,3,100,1000,5,9000,A1,HOOI,0.9110000000000582
0.0042786658025891836,3,100,1000,5,9000,A2,HOOI,0.9110000000000582
0.06311429781931445,3,100,1000,5,9000,A3,HOOI,0.9110000000000582
12.471620069407797,3,100,1000,5,9000,core,HOOI,0.9110000000000582
1.591732194818942,3,100,1000,5,9000,A1,Olga,0.49799999999959255
0.0031617661276951035,3,100,1000,5,9000,A2,Olga,0.49799999999959255
1.3593109357275612,3,100,1000,5,9000,A3,Tracy,0.49799999999959255
12.477318466997703,3,100,1000,5,9000,core,Tracy_Olga,0.49799999999959255
2.121666562810528,3,100,4998,5,9000,A1,NTD,155.73899999999958
0.25519691188791704,3,100,4998,5,9000,A2,NTD,155.73899999999958
4995.03172786557,3,100,4998,5,9000,A3,NTD,155.73899999999958
5.550176452702166,3,100,4998,5,9000,core,NTD,155.73899999999958
1.8370072732221137,3,100,4998,5,9000,A1,Ours,5.400000000000546
0.008460048390271214,3,100,4998,5,9000,A2,Ours,5.400000000000546
2.482291485822223,3,100,4998,5,9000,A3,Ours,5.400000000000546
12.378398619232797,3,100,4998,5,9000,core,Ours,5.400000000000546
1.8370072732221137,3,100,4998,5,9000,A1,HOSVD,1.7339999999994689
0.008460048390271214,3,100,4998,5,9000,A2,HOSVD,1.7339999999994689
2.4796049291916016,3,100,4998,5,9000,A3,HOSVD,1.7339999999994689
12.378800468547672,3,100,4998,5,9000,core,HOSVD,1.7339999999994689
1.854141738865755,3,100,4998,5,9000,A1,HOOI,5.643000000000029
0.008389521947850321,3,100,4998,5,9000,A2,HOOI,5.643000000000029
2.4779418574834287,3,100,4998,5,9000,A3,HOOI,5.643000000000029
12.400613063545938,3,100,4998,5,9000,core,HOOI,5.643000000000029
1.378898690008115,3,100,4998,5,9000,A1,Olga,2.600999999999658
0.007145097046584797,3,100,4998,5,9000,A2,Olga,2.600999999999658
2.932241008479249,3,100,4998,5,9000,A3,Tracy,2.600999999999658
11.468022312590055,3,100,4998,5,9000,core,Tracy_Olga,2.600999999999658
2.8706854297468114,3,100,9980,5,9000,A1,NTD,335.1219999999994
0.4014274859629444,3,100,9980,5,9000,A2,NTD,335.1219999999994
9977.04172748306,3,100,9980,5,9000,A3,NTD,335.1219999999994
8.861589961547304,3,100,9980,5,9000,core,NTD,335.1219999999994
1.3500392788736908,3,100,9980,5,9000,A1,Ours,17.10400000000027
0.012400714752030454,3,100,9980,5,9000,A2,Ours,17.10400000000027
2.5080517480325786,3,100,9980,5,9000,A3,Ours,17.10400000000027
12.394579403345956,3,100,9980,5,9000,core,Ours,17.10400000000027
1.3500392788736908,3,100,9980,5,9000,A1,HOSVD,3.298000000000684
0.012400714752030454,3,100,9980,5,9000,A2,HOSVD,3.298000000000684
2.4988083751785113,3,100,9980,5,9000,A3,HOSVD,3.298000000000684
12.403775930451749,3,100,9980,5,9000,core,HOSVD,3.298000000000684
1.3583595073811225,3,100,9980,5,9000,A1,HOOI,14.784999999999854
0.012522936667614703,3,100,9980,5,9000,A2,HOOI,14.784999999999854
2.4995646115515315,3,100,9980,5,9000,A3,HOOI,14.784999999999854
12.402088920711183,3,100,9980,5,9000,core,HOOI,14.784999999999854
1.6705014898809172,3,100,9980,5,9000,A1,Olga,6.972999999999956
0.01404987069081524,3,100,9980,5,9000,A2,Olga,6.972999999999956
2.8981216673674677,3,100,9980,5,9000,A3,Tracy,6.972999999999956
11.140459308811183,3,100,9980,5,9000,core,Tracy_Olga,6.972999999999956
2.4494032745676217,3,100,1000,5,10000,A1,NTD,29.393999999999323
0.2023266793906047,3,100,1000,5,10000,A2,NTD,29.393999999999323
997.0000292277429,3,100,1000,5,10000,A3,NTD,29.393999999999323
13.46498770688798,3,100,1000,5,10000,core,NTD,29.393999999999323
1.5431176864131075,3,100,1000,5,10000,A1,Ours,0.5259999999998399
0.00908846635345968,3,100,1000,5,10000,A2,Ours,0.5259999999998399
0.06303922522484745,3,100,1000,5,10000,A3,Ours,0.5259999999998399
12.478588779399526,3,100,1000,5,10000,core,Ours,0.5259999999998399
1.5431176864131075,3,100,1000,5,10000,A1,HOSVD,0.363999999999578
0.00908846635345968,3,100,1000,5,10000,A2,HOSVD,0.363999999999578
0.06306187180978566,3,100,1000,5,10000,A3,HOSVD,0.363999999999578
12.478577945403414,3,100,1000,5,10000,core,HOSVD,0.363999999999578
1.5497541291518655,3,100,1000,5,10000,A1,HOOI,0.7210000000004584
0.009613835224924776,3,100,1000,5,10000,A2,HOOI,0.7210000000004584
0.06293972792433387,3,100,1000,5,10000,A3,HOOI,0.7210000000004584
12.478837155761466,3,100,1000,5,10000,core,HOOI,0.7210000000004584
1.5560367730301168,3,100,1000,5,10000,A1,Olga,0.5270000000000437
0.010065486442867885,3,100,1000,5,10000,A2,Olga,0.5270000000000437
1.3604195607256775,3,100,1000,5,10000,A3,Tracy,0.5270000000000437
12.453320727858063,3,100,1000,5,10000,core,Tracy_Olga,0.5270000000000437
2.828463688601276,3,100,4999,5,10000,A1,NTD,161.09599999999955
0.04742842529905397,3,100,4999,5,10000,A2,NTD,161.09599999999955
4996.030098300986,3,100,4999,5,10000,A3,NTD,161.09599999999955
13.658044143769729,3,100,4999,5,10000,core,NTD,161.09599999999955
1.5059028060920994,3,100,4999,5,10000,A1,Ours,6.230000000000473
0.0036449860484469958,3,100,4999,5,10000,A2,Ours,6.230000000000473
2.4775367506362693,3,100,4999,5,10000,A3,Ours,6.230000000000473
12.484170216856738,3,100,4999,5,10000,core,Ours,6.230000000000473
1.5059028060920994,3,100,4999,5,10000,A1,HOSVD,1.7030000000004293
0.0036449860484469958,3,100,4999,5,10000,A2,HOSVD,1.7030000000004293
2.475568081198877,3,100,4999,5,10000,A3,HOSVD,1.7030000000004293
12.485751728330621,3,100,4999,5,10000,core,HOSVD,1.7030000000004293
1.4984414901617265,3,100,4999,5,10000,A1,HOOI,5.664000000000669
0.0036558037875703392,3,100,4999,5,10000,A2,HOOI,5.664000000000669
2.473777331857035,3,100,4999,5,10000,A3,HOOI,5.664000000000669
12.50565272294035,3,100,4999,5,10000,core,HOOI,5.664000000000669
1.4475538845114766,3,100,4999,5,10000,A1,Olga,2.576999999999316
0.0038578631608349027,3,100,4999,5,10000,A2,Olga,2.576999999999316
2.8804963017084257,3,100,4999,5,10000,A3,Tracy,2.576999999999316
12.455986568608976,3,100,4999,5,10000,core,Tracy_Olga,2.576999999999316
2.407461371361063,3,100,9985,5,10000,A1,NTD,335.08899999999994
0.7198714253292696,3,100,9985,5,10000,A2,NTD,335.08899999999994
9982.04021059155,3,100,9985,5,10000,A3,NTD,335.08899999999994
6.5059824850835986,3,100,9985,5,10000,core,NTD,335.08899999999994
1.465210492353805,3,100,9985,5,10000,A1,Ours,15.610000000000582
0.010578288671019084,3,100,9985,5,10000,A2,Ours,15.610000000000582
2.4919318780144497,3,100,9985,5,10000,A3,Ours,15.610000000000582
12.393506338421961,3,100,9985,5,10000,core,Ours,15.610000000000582
1.465210492353805,3,100,9985,5,10000,A1,HOSVD,3.256999999999607
0.010578288671019084,3,100,9985,5,10000,A2,HOSVD,3.256999999999607
2.484427998861053,3,100,9985,5,10000,A3,HOSVD,3.256999999999607
12.400887172676505,3,100,9985,5,10000,core,HOSVD,3.256999999999607
1.4576166037838352,3,100,9985,5,10000,A1,HOOI,13.97400000000016
0.010921586716761272,3,100,9985,5,10000,A2,HOOI,13.97400000000016
2.485711741374189,3,100,9985,5,10000,A3,HOOI,13.97400000000016
12.39230869877309,3,100,9985,5,10000,core,HOOI,13.97400000000016
1.2219687554752543,3,100,9985,5,10000,A1,Olga,6.293999999999869
0.008967227470737988,3,100,9985,5,10000,A2,Olga,6.293999999999869
2.8945149902143537,3,100,9985,5,10000,A3,Tracy,6.293999999999869
11.14033504387976,3,100,9985,5,10000,core,Tracy_Olga,6.293999999999869
