error,K,Q1,R,Q2,M,mode,method,time
15.092453050609999,3,100,985,5,100,A1,NTD,36.496
3.986385464970307,3,100,985,5,100,A2,NTD,36.496
982.1884018397138,3,100,985,5,100,A3,NTD,36.496
10.478938118908609,3,100,985,5,100,core,NTD,36.496
26.91570930894746,3,100,985,5,100,A1,Ours,1.543999999999997
0.12139860317254329,3,100,985,5,100,A2,Ours,1.543999999999997
3.2299181521864537,3,100,985,5,100,A3,Ours,1.543999999999997
10.851167854406246,3,100,985,5,100,core,Ours,1.543999999999997
26.91570930894746,3,100,985,5,100,A1,HOSVD,4.769999999999996
0.12139860317254329,3,100,985,5,100,A2,HOSVD,4.769999999999996
2.5849277045846506,3,100,985,5,100,A3,HOSVD,4.769999999999996
12.262732085167032,3,100,985,5,100,core,HOSVD,4.769999999999996
26.601685508767485,3,100,985,5,100,A1,HOOI,7.484999999999999
0.08581874623524181,3,100,985,5,100,A2,HOOI,7.484999999999999
2.630077132220125,3,100,985,5,100,A3,HOOI,7.484999999999999
12.171923808585543,3,100,985,5,100,core,HOOI,7.484999999999999
24.045650474774305,3,100,985,5,100,A1,Olga,6.744
3.866453994515114,3,100,985,5,100,A2,Olga,6.744
2.855984307797806,3,100,985,5,100,A3,Tracy,6.744
10.415797748898521,3,100,985,5,100,core,Tracy_Olga,6.744
73.7688891077641,3,100,4526,5,100,A1,NTD,153.231
4.013730279655213,3,100,4526,5,100,A2,NTD,153.231
4523.548672615817,3,100,4526,5,100,A3,NTD,153.231
11.459851333391105,3,100,4526,5,100,core,NTD,153.231
24.115487739131883,3,100,4526,5,100,A1,Ours,4.435000000000002
0.7105921533612648,3,100,4526,5,100,A2,Ours,4.435000000000002
5.363618475127605,3,100,4526,5,100,A3,Ours,4.435000000000002
9.981861040398288,3,100,4526,5,100,core,Ours,4.435000000000002
24.115487739131883,3,100,4526,5,100,A1,HOSVD,1.4800000000000182
0.7105921533612648,3,100,4526,5,100,A2,HOSVD,1.4800000000000182
2.7348181890353844,3,100,4526,5,100,A3,HOSVD,1.4800000000000182
12.342901356396075,3,100,4526,5,100,core,HOSVD,1.4800000000000182
23.85131412765618,3,100,4526,5,100,A1,HOOI,10.277999999999992
0.1937629740972473,3,100,4526,5,100,A2,HOOI,10.277999999999992
3.720478263199828,3,100,4526,5,100,A3,HOOI,10.277999999999992
9.841990692608158,3,100,4526,5,100,core,HOOI,10.277999999999992
53.386909732022225,3,100,4526,5,100,A1,Olga,9.169000000000011
4.53542725142162,3,100,4526,5,100,A2,Olga,9.169000000000011
4.093060506094847,3,100,4526,5,100,A3,Tracy,9.169000000000011
9.875035347099454,3,100,4526,5,100,core,Tracy_Olga,9.169000000000011
121.33522474424039,3,100,8172,5,100,A1,NTD,263.18
3.986314837346204,3,100,8172,5,100,A2,NTD,263.18
8169.541528409684,3,100,8172,5,100,A3,NTD,263.18
10.683879161001965,3,100,8172,5,100,core,NTD,263.18
23.821054607749776,3,100,8172,5,100,A1,Ours,9.785000000000025
0.7417262266629081,3,100,8172,5,100,A2,Ours,9.785000000000025
5.3308174891595455,3,100,8172,5,100,A3,Ours,9.785000000000025
8.338751172583835,3,100,8172,5,100,core,Ours,9.785000000000025
23.821054607749776,3,100,8172,5,100,A1,HOSVD,2.603999999999928
0.7417262266629081,3,100,8172,5,100,A2,HOSVD,2.603999999999928
3.9580445615531517,3,100,8172,5,100,A3,HOSVD,2.603999999999928
12.044607954899929,3,100,8172,5,100,core,HOSVD,2.603999999999928
23.49871987306866,3,100,8172,5,100,A1,HOOI,13.322000000000003
0.2114917203863474,3,100,8172,5,100,A2,HOOI,13.322000000000003
3.974002872191486,3,100,8172,5,100,A3,HOOI,13.322000000000003
9.619714300205894,3,100,8172,5,100,core,HOOI,13.322000000000003
73.64116330788656,3,100,8172,5,100,A1,Olga,4.655000000000086
3.9419126521104935,3,100,8172,5,100,A2,Olga,4.655000000000086
4.350691440209565,3,100,8172,5,100,A3,Tracy,4.655000000000086
10.594879142538108,3,100,8172,5,100,core,Tracy_Olga,4.655000000000086
3.0030126508406974,3,100,996,5,500,A1,NTD,27.737999999999943
0.08843134447955622,3,100,996,5,500,A2,NTD,27.737999999999943
993.0629225072793,3,100,996,5,500,A3,NTD,27.737999999999943
11.788159458606511,3,100,996,5,500,core,NTD,27.737999999999943
12.830549036095908,3,100,996,5,500,A1,Ours,5.05499999999995
0.07096346397992848,3,100,996,5,500,A2,Ours,5.05499999999995
2.657220831626922,3,100,996,5,500,A3,Ours,5.05499999999995
9.621343716329394,3,100,996,5,500,core,Ours,5.05499999999995
12.830549036095908,3,100,996,5,500,A1,HOSVD,5.437000000000012
0.07096346397992848,3,100,996,5,500,A2,HOSVD,5.437000000000012
2.6067010798558874,3,100,996,5,500,A3,HOSVD,5.437000000000012
9.832590831999545,3,100,996,5,500,core,HOSVD,5.437000000000012
13.03894435045373,3,100,996,5,500,A1,HOOI,9.850000000000023
0.06473742720153199,3,100,996,5,500,A2,HOOI,9.850000000000023
2.6168306237535215,3,100,996,5,500,A3,HOOI,9.850000000000023
9.793681702518278,3,100,996,5,500,core,HOOI,9.850000000000023
8.888301126655564,3,100,996,5,500,A1,Olga,8.076000000000022
0.9804204275447113,3,100,996,5,500,A2,Olga,8.076000000000022
2.966572858316427,3,100,996,5,500,A3,Tracy,8.076000000000022
15.691432698250972,3,100,996,5,500,core,Tracy_Olga,8.076000000000022
22.617453499184812,3,100,4901,5,500,A1,NTD,169.60899999999992
3.9863104934228235,3,100,4901,5,500,A2,NTD,169.60899999999992
4898.172046095784,3,100,4901,5,500,A3,NTD,169.60899999999992
10.903611724701609,3,100,4901,5,500,core,NTD,169.60899999999992
10.515873667814159,3,100,4901,5,500,A1,Ours,5.315999999999917
0.16691861874973227,3,100,4901,5,500,A2,Ours,5.315999999999917
3.2959617460186,3,100,4901,5,500,A3,Ours,5.315999999999917
11.039680498038178,3,100,4901,5,500,core,Ours,5.315999999999917
10.515873667814159,3,100,4901,5,500,A1,HOSVD,1.8659999999999854
0.16691861874973227,3,100,4901,5,500,A2,HOSVD,1.8659999999999854
2.6128832088623746,3,100,4901,5,500,A3,HOSVD,1.8659999999999854
11.830140683988052,3,100,4901,5,500,core,HOSVD,1.8659999999999854
10.729563568053042,3,100,4901,5,500,A1,HOOI,5.342000000000098
0.15237295040801418,3,100,4901,5,500,A2,HOOI,5.342000000000098
2.6255106367378733,3,100,4901,5,500,A3,HOOI,5.342000000000098
11.830140445400273,3,100,4901,5,500,core,HOOI,5.342000000000098
15.00608353156937,3,100,4901,5,500,A1,Olga,2.3330000000000837
3.8190639110611393,3,100,4901,5,500,A2,Olga,2.3330000000000837
2.894985197455684,3,100,4901,5,500,A3,Tracy,2.3330000000000837
10.472214248728696,3,100,4901,5,500,core,Tracy_Olga,2.3330000000000837
45.856704854848594,3,100,9573,5,500,A1,NTD,303.678
3.999942635881134,3,100,9573,5,500,A2,NTD,303.678
9570.29884820123,3,100,9573,5,500,A3,NTD,303.678
14.188076898223082,3,100,9573,5,500,core,NTD,303.678
14.744639582198264,3,100,9573,5,500,A1,Ours,12.77800000000002
0.11727651968509066,3,100,9573,5,500,A2,Ours,12.77800000000002
5.396477924567773,3,100,9573,5,500,A3,Ours,12.77800000000002
11.343770710087153,3,100,9573,5,500,core,Ours,12.77800000000002
14.744639582198264,3,100,9573,5,500,A1,HOSVD,3.730000000000018
0.11727651968509066,3,100,9573,5,500,A2,HOSVD,3.730000000000018
2.6848467886691054,3,100,9573,5,500,A3,HOSVD,3.730000000000018
10.458186501150832,3,100,9573,5,500,core,HOSVD,3.730000000000018
14.67985690389877,3,100,9573,5,500,A1,HOOI,15.011999999999944
0.1382340661351148,3,100,9573,5,500,A2,HOOI,15.011999999999944
3.2999257684014394,3,100,9573,5,500,A3,HOOI,15.011999999999944
9.900239860530098,3,100,9573,5,500,core,HOOI,15.011999999999944
20.150787757178506,3,100,9573,5,500,A1,Olga,5.954999999999927
3.8507801072149674,3,100,9573,5,500,A2,Olga,5.954999999999927
2.9978598018130547,3,100,9573,5,500,A3,Tracy,5.954999999999927
10.410637309250305,3,100,9573,5,500,core,Tracy_Olga,5.954999999999927
13.96905999609289,3,100,1000,5,1000,A1,NTD,27.827999999999975
3.5031627223152952,3,100,1000,5,1000,A2,NTD,27.827999999999975
997.0070559240362,3,100,1000,5,1000,A3,NTD,27.827999999999975
13.416308695182725,3,100,1000,5,1000,core,NTD,27.827999999999975
6.5687493147723846,3,100,1000,5,1000,A1,Ours,0.48499999999989996
0.014561187224584781,3,100,1000,5,1000,A2,Ours,0.48499999999989996
0.8750256194280239,3,100,1000,5,1000,A3,Ours,0.48499999999989996
12.2249369327084,3,100,1000,5,1000,core,Ours,0.48499999999989996
6.5687493147723846,3,100,1000,5,1000,A1,HOSVD,0.3789999999999054
0.014561187224584781,3,100,1000,5,1000,A2,HOSVD,0.3789999999999054
0.8628836157590175,3,100,1000,5,1000,A3,HOSVD,0.3789999999999054
12.251735217230717,3,100,1000,5,1000,core,HOSVD,0.3789999999999054
6.578320623516905,3,100,1000,5,1000,A1,HOOI,0.7849999999998545
0.010004240573102795,3,100,1000,5,1000,A2,HOOI,0.7849999999998545
0.8585016148290394,3,100,1000,5,1000,A3,HOOI,0.7849999999998545
9.791682934607836,3,100,1000,5,1000,core,HOOI,0.7849999999998545
8.365828591752917,3,100,1000,5,1000,A1,Olga,0.4800000000000182
0.1227373725067424,3,100,1000,5,1000,A2,Olga,0.4800000000000182
1.7217277003339437,3,100,1000,5,1000,A3,Tracy,0.4800000000000182
11.6469923641253,3,100,1000,5,1000,core,Tracy_Olga,0.4800000000000182
4.857835138927315,3,100,4958,5,1000,A1,NTD,149.50299999999993
3.2574545631561986,3,100,4958,5,1000,A2,NTD,149.50299999999993
4955.11863620394,3,100,4958,5,1000,A3,NTD,149.50299999999993
12.100109949484235,3,100,4958,5,1000,core,NTD,149.50299999999993
8.333932175480232,3,100,4958,5,1000,A1,Ours,9.920000000000073
0.07504617147854994,3,100,4958,5,1000,A2,Ours,9.920000000000073
2.8844190733325545,3,100,4958,5,1000,A3,Ours,9.920000000000073
12.324125585684394,3,100,4958,5,1000,core,Ours,9.920000000000073
8.333932175480232,3,100,4958,5,1000,A1,HOSVD,7.319999999999936
0.07504617147854994,3,100,4958,5,1000,A2,HOSVD,7.319999999999936
2.5895235876658087,3,100,4958,5,1000,A3,HOSVD,7.319999999999936
10.517132081335697,3,100,4958,5,1000,core,HOSVD,7.319999999999936
9.395685230454891,3,100,4958,5,1000,A1,HOOI,7.623000000000047
0.09042675771010733,3,100,4958,5,1000,A2,HOOI,7.623000000000047
2.598582255673943,3,100,4958,5,1000,A3,HOOI,7.623000000000047
10.258570857070955,3,100,4958,5,1000,core,HOOI,7.623000000000047
8.616309739452095,3,100,4958,5,1000,A1,Olga,6.157999999999902
3.389400809068249,3,100,4958,5,1000,A2,Olga,6.157999999999902
2.892262068702294,3,100,4958,5,1000,A3,Tracy,6.157999999999902
10.611892418595046,3,100,4958,5,1000,core,Tracy_Olga,6.157999999999902
63.32294963913919,3,100,9798,5,1000,A1,NTD,326.673
4.000394636106611,3,100,9798,5,1000,A2,NTD,326.673
9795.149100065051,3,100,9798,5,1000,A3,NTD,326.673
11.48392832591554,3,100,9798,5,1000,core,NTD,326.673
9.004766905845923,3,100,9798,5,1000,A1,Ours,13.684999999999945
0.11919801397290122,3,100,9798,5,1000,A2,Ours,13.684999999999945
3.9722445279967067,3,100,9798,5,1000,A3,Ours,13.684999999999945
11.283454543132853,3,100,9798,5,1000,core,Ours,13.684999999999945
9.004766905845923,3,100,9798,5,1000,A1,HOSVD,3.41800000000012
0.11919801397290122,3,100,9798,5,1000,A2,HOSVD,3.41800000000012
2.634948495997004,3,100,9798,5,1000,A3,HOSVD,3.41800000000012
10.51051636520837,3,100,9798,5,1000,core,HOSVD,3.41800000000012
8.794942737653052,3,100,9798,5,1000,A1,HOOI,13.108999999999924
0.0959748145959483,3,100,9798,5,1000,A2,HOOI,13.108999999999924
2.6477052915110346,3,100,9798,5,1000,A3,HOOI,13.108999999999924
10.498223167219473,3,100,9798,5,1000,core,HOOI,13.108999999999924
10.391077567301743,3,100,9798,5,1000,A1,Olga,6.592000000000098
4.041970407887001,3,100,9798,5,1000,A2,Olga,6.592000000000098
2.939643969153141,3,100,9798,5,1000,A3,Tracy,6.592000000000098
10.474357040435113,3,100,9798,5,1000,core,Tracy_Olga,6.592000000000098
9.882930473053111,3,100,1000,5,2500,A1,NTD,30.25999999999999
0.886698440782041,3,100,1000,5,2500,A2,NTD,30.25999999999999
997.0004321263489,3,100,1000,5,2500,A3,NTD,30.25999999999999
11.51676846864448,3,100,1000,5,2500,core,NTD,30.25999999999999
6.802740170811669,3,100,1000,5,2500,A1,Ours,0.6839999999999691
0.0459246141696556,3,100,1000,5,2500,A2,Ours,0.6839999999999691
0.7969400594922716,3,100,1000,5,2500,A3,Ours,0.6839999999999691
9.93714144036545,3,100,1000,5,2500,core,Ours,0.6839999999999691
6.802740170811669,3,100,1000,5,2500,A1,HOSVD,0.40599999999994907
0.0459246141696556,3,100,1000,5,2500,A2,HOSVD,0.40599999999994907
0.7959132242937091,3,100,1000,5,2500,A3,HOSVD,0.40599999999994907
9.944099981738418,3,100,1000,5,2500,core,HOSVD,0.40599999999994907
6.742864923680953,3,100,1000,5,2500,A1,HOOI,0.7169999999998709
0.0458998679259232,3,100,1000,5,2500,A2,HOOI,0.7169999999998709
0.2134512369741899,3,100,1000,5,2500,A3,HOOI,0.7169999999998709
11.458768044702554,3,100,1000,5,2500,core,HOOI,0.7169999999998709
3.5689515532732417,3,100,1000,5,2500,A1,Olga,0.6949999999999363
0.01786402466089806,3,100,1000,5,2500,A2,Olga,0.6949999999999363
1.607697299029317,3,100,1000,5,2500,A3,Tracy,0.6949999999999363
11.115005525144097,3,100,1000,5,2500,core,Tracy_Olga,0.6949999999999363
6.660369535367113,3,100,4982,5,2500,A1,NTD,160.37400000000002
2.0137268094520993,3,100,4982,5,2500,A2,NTD,160.37400000000002
4979.043218560264,3,100,4982,5,2500,A3,NTD,160.37400000000002
12.48650107053891,3,100,4982,5,2500,core,NTD,160.37400000000002
5.172829574788756,3,100,4982,5,2500,A1,Ours,14.632000000000062
0.0659552945474811,3,100,4982,5,2500,A2,Ours,14.632000000000062
2.6236996513885344,3,100,4982,5,2500,A3,Ours,14.632000000000062
10.46288438670477,3,100,4982,5,2500,core,Ours,14.632000000000062
5.172829574788756,3,100,4982,5,2500,A1,HOSVD,14.167999999999893
0.0659552945474811,3,100,4982,5,2500,A2,HOSVD,14.167999999999893
2.589071582214266,3,100,4982,5,2500,A3,HOSVD,14.167999999999893
10.502623646152477,3,100,4982,5,2500,core,HOSVD,14.167999999999893
5.184105937414358,3,100,4982,5,2500,A1,HOOI,14.547000000000025
0.0634878653458416,3,100,4982,5,2500,A2,HOOI,14.547000000000025
2.5987610230245313,3,100,4982,5,2500,A3,HOOI,14.547000000000025
10.567839566514216,3,100,4982,5,2500,core,HOOI,14.547000000000025
4.087024774922763,3,100,4982,5,2500,A1,Olga,13.083000000000084
0.10469467004940287,3,100,4982,5,2500,A2,Olga,13.083000000000084
2.8844267348724872,3,100,4982,5,2500,A3,Tracy,13.083000000000084
16.830889306079076,3,100,4982,5,2500,core,Tracy_Olga,13.083000000000084
9.388628674185767,3,100,9923,5,2500,A1,NTD,341.58500000000004
4.000400195536719,3,100,9923,5,2500,A2,NTD,341.58500000000004
9920.081306980173,3,100,9923,5,2500,A3,NTD,341.58500000000004
10.521995271399987,3,100,9923,5,2500,core,NTD,341.58500000000004
5.992320259973171,3,100,9923,5,2500,A1,Ours,14.528999999999996
0.04149133439463049,3,100,9923,5,2500,A2,Ours,14.528999999999996
2.874129530806799,3,100,9923,5,2500,A3,Ours,14.528999999999996
12.268634307994272,3,100,9923,5,2500,core,Ours,14.528999999999996
5.992320259973171,3,100,9923,5,2500,A1,HOSVD,3.144999999999982
0.04149133439463049,3,100,9923,5,2500,A2,HOSVD,3.144999999999982
2.5989197050063293,3,100,9923,5,2500,A3,HOSVD,3.144999999999982
10.586279451700639,3,100,9923,5,2500,core,HOSVD,3.144999999999982
6.01235033664595,3,100,9923,5,2500,A1,HOOI,10.821999999999662
0.042968694177716336,3,100,9923,5,2500,A2,HOOI,10.821999999999662
2.600590411795678,3,100,9923,5,2500,A3,HOOI,10.821999999999662
10.596968594989592,3,100,9923,5,2500,core,HOOI,10.821999999999662
5.870759590757294,3,100,9923,5,2500,A1,Olga,6.161000000000058
3.763586012504588,3,100,9923,5,2500,A2,Olga,6.161000000000058
2.9161080247799287,3,100,9923,5,2500,A3,Tracy,6.161000000000058
16.045011365629193,3,100,9923,5,2500,core,Tracy_Olga,6.161000000000058
44.59199347847625,3,100,1000,5,5000,A1,NTD,27.916999999999916
1.5423476300849166,3,100,1000,5,5000,A2,NTD,27.916999999999916
997.0002280487955,3,100,1000,5,5000,A3,NTD,27.916999999999916
16.47439168406607,3,100,1000,5,5000,core,NTD,27.916999999999916
3.888213290780463,3,100,1000,5,5000,A1,Ours,0.5980000000004111
0.008617728480698573,3,100,1000,5,5000,A2,Ours,0.5980000000004111
0.9208244917132634,3,100,1000,5,5000,A3,Ours,0.5980000000004111
10.787571825081868,3,100,1000,5,5000,core,Ours,0.5980000000004111
3.888213290780463,3,100,1000,5,5000,A1,HOSVD,0.43800000000010186
0.008617728480698573,3,100,1000,5,5000,A2,HOSVD,0.43800000000010186
0.9206188906229316,3,100,1000,5,5000,A3,HOSVD,0.43800000000010186
10.78805848382525,3,100,1000,5,5000,core,HOSVD,0.43800000000010186
3.8885563318154204,3,100,1000,5,5000,A1,HOOI,0.7779999999997926
0.00862505501992731,3,100,1000,5,5000,A2,HOOI,0.7779999999997926
0.9204701909303018,3,100,1000,5,5000,A3,HOOI,0.7779999999997926
10.79288507635354,3,100,1000,5,5000,core,HOOI,0.7779999999997926
2.6982701396907007,3,100,1000,5,5000,A1,Olga,0.5940000000000509
0.03754908439254274,3,100,1000,5,5000,A2,Olga,0.5940000000000509
1.6702712064137553,3,100,1000,5,5000,A3,Tracy,0.5940000000000509
10.772354611504987,3,100,1000,5,5000,core,Tracy_Olga,0.5940000000000509
2.746105096975988,3,100,4991,5,5000,A1,NTD,156.9680000000003
2.4202152905428282,3,100,4991,5,5000,A2,NTD,156.9680000000003
4988.028930246246,3,100,4991,5,5000,A3,NTD,156.9680000000003
8.489283855878556,3,100,4991,5,5000,core,NTD,156.9680000000003
4.578491728257517,3,100,4991,5,5000,A1,Ours,5.074000000000069
0.021715730570491473,3,100,4991,5,5000,A2,Ours,5.074000000000069
2.749893478551058,3,100,4991,5,5000,A3,Ours,5.074000000000069
16.145043831890156,3,100,4991,5,5000,core,Ours,5.074000000000069
4.578491728257517,3,100,4991,5,5000,A1,HOSVD,2.06899999999996
0.021715730570491473,3,100,4991,5,5000,A2,HOSVD,2.06899999999996
2.738971815955662,3,100,4991,5,5000,A3,HOSVD,2.06899999999996
16.144489861195645,3,100,4991,5,5000,core,HOSVD,2.06899999999996
4.587412807415091,3,100,4991,5,5000,A1,HOOI,5.947000000000116
0.025206670435975714,3,100,4991,5,5000,A2,HOOI,5.947000000000116
2.7455477381063167,3,100,4991,5,5000,A3,HOOI,5.947000000000116
16.158018957179227,3,100,4991,5,5000,core,HOOI,5.947000000000116
3.018891466865159,3,100,4991,5,5000,A1,Olga,3.6010000000001128
0.04270232175702318,3,100,4991,5,5000,A2,Olga,3.6010000000001128
2.8929145435669192,3,100,4991,5,5000,A3,Tracy,3.6010000000001128
11.8831748067064,3,100,4991,5,5000,core,Tracy_Olga,3.6010000000001128
4.089377670972329,3,100,9967,5,5000,A1,NTD,332.49500000000035
2.0003963434447605,3,100,9967,5,5000,A2,NTD,332.49500000000035
9964.060059776482,3,100,9967,5,5000,A3,NTD,332.49500000000035
12.913634147220128,3,100,9967,5,5000,core,NTD,332.49500000000035
4.042555660694293,3,100,9967,5,5000,A1,Ours,13.595000000000255
0.06266668956844301,3,100,9967,5,5000,A2,Ours,13.595000000000255
2.610874402241138,3,100,9967,5,5000,A3,Ours,13.595000000000255
16.88399986215176,3,100,9967,5,5000,core,Ours,13.595000000000255
4.042555660694293,3,100,9967,5,5000,A1,HOSVD,3.16800000000012
0.06266668956844301,3,100,9967,5,5000,A2,HOSVD,3.16800000000012
2.576021761218941,3,100,9967,5,5000,A3,HOSVD,3.16800000000012
16.85920276349782,3,100,9967,5,5000,core,HOSVD,3.16800000000012
4.0350078705568855,3,100,9967,5,5000,A1,HOOI,10.36600000000044
0.06306488591736559,3,100,9967,5,5000,A2,HOOI,10.36600000000044
2.5734813106624665,3,100,9967,5,5000,A3,HOOI,10.36600000000044
16.861063875744637,3,100,9967,5,5000,core,HOOI,10.36600000000044
3.833149351196436,3,100,9967,5,5000,A1,Olga,6.0090000000000146
0.36221932155009195,3,100,9967,5,5000,A2,Olga,6.0090000000000146
2.8849766725059176,3,100,9967,5,5000,A3,Tracy,6.0090000000000146
16.83946445420506,3,100,9967,5,5000,core,Tracy_Olga,6.0090000000000146
4.372152403252142,3,100,1000,5,6000,A1,NTD,27.489000000000033
2.5326456462731564,3,100,1000,5,6000,A2,NTD,27.489000000000033
997.0003333986315,3,100,1000,5,6000,A3,NTD,27.489000000000033
11.019283252149062,3,100,1000,5,6000,core,NTD,27.489000000000033
4.2047910984994346,3,100,1000,5,6000,A1,Ours,0.793999999999869
0.04500524314476273,3,100,1000,5,6000,A2,Ours,0.793999999999869
0.656055468370565,3,100,1000,5,6000,A3,Ours,0.793999999999869
11.44711368318487,3,100,1000,5,6000,core,Ours,0.793999999999869
4.2047910984994346,3,100,1000,5,6000,A1,HOSVD,0.6050000000000182
0.04500524314476273,3,100,1000,5,6000,A2,HOSVD,0.6050000000000182
0.6558269653920012,3,100,1000,5,6000,A3,HOSVD,0.6050000000000182
11.447601122105896,3,100,1000,5,6000,core,HOSVD,0.6050000000000182
4.226445890578543,3,100,1000,5,6000,A1,HOOI,0.9610000000002401
0.044318867604886014,3,100,1000,5,6000,A2,HOOI,0.9610000000002401
0.6594597308678795,3,100,1000,5,6000,A3,HOOI,0.9610000000002401
11.439592466493817,3,100,1000,5,6000,core,HOOI,0.9610000000002401
2.0126614713595368,3,100,1000,5,6000,A1,Olga,0.4699999999997999
0.058222740945718415,3,100,1000,5,6000,A2,Olga,0.4699999999997999
1.5226265967064998,3,100,1000,5,6000,A3,Tracy,0.4699999999997999
11.522864686499808,3,100,1000,5,6000,core,Tracy_Olga,0.4699999999997999
12.072709859539279,3,100,4993,5,6000,A1,NTD,157.183
2.5699377402704355,3,100,4993,5,6000,A2,NTD,157.183
4990.029814018036,3,100,4993,5,6000,A3,NTD,157.183
10.803342143900334,3,100,4993,5,6000,core,NTD,157.183
3.3697755964125427,3,100,4993,5,6000,A1,Ours,11.739000000000033
0.06726952021067592,3,100,4993,5,6000,A2,Ours,11.739000000000033
2.6236891108591274,3,100,4993,5,6000,A3,Ours,11.739000000000033
16.651126880998383,3,100,4993,5,6000,core,Ours,11.739000000000033
3.3697755964125427,3,100,4993,5,6000,A1,HOSVD,6.429999999999836
0.06726952021067592,3,100,4993,5,6000,A2,HOSVD,6.429999999999836
2.6173906370708773,3,100,4993,5,6000,A3,HOSVD,6.429999999999836
16.648806790586832,3,100,4993,5,6000,core,HOSVD,6.429999999999836
3.382177601386359,3,100,4993,5,6000,A1,HOOI,5.1150000000002365
0.07033916117286616,3,100,4993,5,6000,A2,HOOI,5.1150000000002365
2.6138541474480577,3,100,4993,5,6000,A3,HOOI,5.1150000000002365
16.673815535148197,3,100,4993,5,6000,core,HOOI,5.1150000000002365
2.968296396534684,3,100,4993,5,6000,A1,Olga,4.331000000000131
0.045061453559590965,3,100,4993,5,6000,A2,Olga,4.331000000000131
2.864107972687894,3,100,4993,5,6000,A3,Tracy,4.331000000000131
13.981833428317618,3,100,4993,5,6000,core,Tracy_Olga,4.331000000000131
3.0036607015127195,3,100,9975,5,6000,A1,NTD,328.73900000000003
2.4767485957321935,3,100,9975,5,6000,A2,NTD,328.73900000000003
9972.048386833076,3,100,9975,5,6000,A3,NTD,328.73900000000003
8.622107920323835,3,100,9975,5,6000,core,NTD,328.73900000000003
2.760243317469561,3,100,9975,5,6000,A1,Ours,13.626000000000204
0.006982382901303468,3,100,9975,5,6000,A2,Ours,13.626000000000204
2.597986716243622,3,100,9975,5,6000,A3,Ours,13.626000000000204
9.096377462567125,3,100,9975,5,6000,core,Ours,13.626000000000204
2.760243317469561,3,100,9975,5,6000,A1,HOSVD,3.8780000000001564
0.006982382901303468,3,100,9975,5,6000,A2,HOSVD,3.8780000000001564
2.5736554141513306,3,100,9975,5,6000,A3,HOSVD,3.8780000000001564
9.170180433185731,3,100,9975,5,6000,core,HOSVD,3.8780000000001564
2.750215110342981,3,100,9975,5,6000,A1,HOOI,10.853999999999814
0.006613767718153661,3,100,9975,5,6000,A2,HOOI,10.853999999999814
2.578678885277573,3,100,9975,5,6000,A3,HOOI,10.853999999999814
9.158166977580876,3,100,9975,5,6000,core,HOOI,10.853999999999814
2.474919970986141,3,100,9975,5,6000,A1,Olga,6.221000000000004
0.11639598261346502,3,100,9975,5,6000,A2,Olga,6.221000000000004
2.889291368993651,3,100,9975,5,6000,A3,Tracy,6.221000000000004
11.83027142978986,3,100,9975,5,6000,core,Tracy_Olga,6.221000000000004
3.0489144855151893,3,100,1000,5,7000,A1,NTD,27.37900000000036
2.022910526258161,3,100,1000,5,7000,A2,NTD,27.37900000000036
997.0000637864916,3,100,1000,5,7000,A3,NTD,27.37900000000036
10.686885642452035,3,100,1000,5,7000,core,NTD,27.37900000000036
3.526221057648658,3,100,1000,5,7000,A1,Ours,0.4829999999997199
0.009009093300671433,3,100,1000,5,7000,A2,Ours,0.4829999999997199
0.3506738052569241,3,100,1000,5,7000,A3,Ours,0.4829999999997199
11.142723620009942,3,100,1000,5,7000,core,Ours,0.4829999999997199
3.526221057648658,3,100,1000,5,7000,A1,HOSVD,0.48500000000012733
0.009009093300671433,3,100,1000,5,7000,A2,HOSVD,0.48500000000012733
0.35043714538680715,3,100,1000,5,7000,A3,HOSVD,0.48500000000012733
11.142498890921818,3,100,1000,5,7000,core,HOSVD,0.48500000000012733
3.514316543780771,3,100,1000,5,7000,A1,HOOI,1.543999999999869
0.010473125908254314,3,100,1000,5,7000,A2,HOOI,1.543999999999869
0.3428718542555389,3,100,1000,5,7000,A3,HOOI,1.543999999999869
11.15745697059684,3,100,1000,5,7000,core,HOOI,1.543999999999869
3.9293606098308898,3,100,1000,5,7000,A1,Olga,0.5829999999996289
0.033665276626771365,3,100,1000,5,7000,A2,Olga,0.5829999999996289
1.4088482572197665,3,100,1000,5,7000,A3,Tracy,0.5829999999996289
16.939581772629243,3,100,1000,5,7000,core,Tracy_Olga,0.5829999999996289
3.5898012671081725,3,100,4995,5,7000,A1,NTD,155.57699999999977
1.0359084063634805,3,100,4995,5,7000,A2,NTD,155.57699999999977
4992.022162608067,3,100,4995,5,7000,A3,NTD,155.57699999999977
10.23510877510978,3,100,4995,5,7000,core,NTD,155.57699999999977
2.5919957863621277,3,100,4995,5,7000,A1,Ours,4.748000000000047
0.055142104615323456,3,100,4995,5,7000,A2,Ours,4.748000000000047
2.5812788461824563,3,100,4995,5,7000,A3,Ours,4.748000000000047
11.83027142978986,3,100,4995,5,7000,core,Ours,4.748000000000047
2.5919957863621277,3,100,4995,5,7000,A1,HOSVD,1.7399999999997817
0.055142104615323456,3,100,4995,5,7000,A2,HOSVD,1.7399999999997817
2.576683078208163,3,100,4995,5,7000,A3,HOSVD,1.7399999999997817
11.83027142978986,3,100,4995,5,7000,core,HOSVD,1.7399999999997817
2.5667440541525144,3,100,4995,5,7000,A1,HOOI,4.475000000000364
0.05708702594504638,3,100,4995,5,7000,A2,HOOI,4.475000000000364
2.5754812470106163,3,100,4995,5,7000,A3,HOOI,4.475000000000364
11.83027142978986,3,100,4995,5,7000,core,HOOI,4.475000000000364
2.5167656762178408,3,100,4995,5,7000,A1,Olga,2.5459999999998217
0.09459383986663654,3,100,4995,5,7000,A2,Olga,2.5459999999998217
2.8723682223024136,3,100,4995,5,7000,A3,Tracy,2.5459999999998217
11.83027142978986,3,100,4995,5,7000,core,Tracy_Olga,2.5459999999998217
4.378391919433731,3,100,9972,5,7000,A1,NTD,327.9079999999999
2.0137355830711643,3,100,9972,5,7000,A2,NTD,327.9079999999999
9969.037436884788,3,100,9972,5,7000,A3,NTD,327.9079999999999
10.916241173183565,3,100,9972,5,7000,core,NTD,327.9079999999999
3.434008433075072,3,100,9972,5,7000,A1,Ours,13.840999999999894
0.022924610557005797,3,100,9972,5,7000,A2,Ours,13.840999999999894
2.6079463612621074,3,100,9972,5,7000,A3,Ours,13.840999999999894
9.074702210735351,3,100,9972,5,7000,core,Ours,13.840999999999894
3.434008433075072,3,100,9972,5,7000,A1,HOSVD,3.64200000000028
0.022924610557005797,3,100,9972,5,7000,A2,HOSVD,3.64200000000028
2.590318727012232,3,100,9972,5,7000,A3,HOSVD,3.64200000000028
9.128190025037233,3,100,9972,5,7000,core,HOSVD,3.64200000000028
3.4240694545611574,3,100,9972,5,7000,A1,HOOI,10.620000000000346
0.030451755362500173,3,100,9972,5,7000,A2,HOOI,10.620000000000346
2.591617555247349,3,100,9972,5,7000,A3,HOOI,10.620000000000346
9.148287126386299,3,100,9972,5,7000,core,HOOI,10.620000000000346
2.51772513767417,3,100,9972,5,7000,A1,Olga,6.851999999999862
0.16935538915569306,3,100,9972,5,7000,A2,Olga,6.851999999999862
2.897529604234629,3,100,9972,5,7000,A3,Tracy,6.851999999999862
11.83027142978986,3,100,9972,5,7000,core,Tracy_Olga,6.851999999999862
8.947030220547468,3,100,1000,5,8000,A1,NTD,28.87900000000036
2.171003917009331,3,100,1000,5,8000,A2,NTD,28.87900000000036
997.0000235857174,3,100,1000,5,8000,A3,NTD,28.87900000000036
10.615844551317242,3,100,1000,5,8000,core,NTD,28.87900000000036
2.840718091197048,3,100,1000,5,8000,A1,Ours,0.4830000000001746
0.006398059820173521,3,100,1000,5,8000,A2,Ours,0.4830000000001746
0.4334250286560102,3,100,1000,5,8000,A3,Ours,0.4830000000001746
9.444530311417383,3,100,1000,5,8000,core,Ours,0.4830000000001746
2.840718091197048,3,100,1000,5,8000,A1,HOSVD,0.39900000000034197
0.006398059820173521,3,100,1000,5,8000,A2,HOSVD,0.39900000000034197
0.43330923219544004,3,100,1000,5,8000,A3,HOSVD,0.39900000000034197
9.44492941188505,3,100,1000,5,8000,core,HOSVD,0.39900000000034197
2.8252124077961134,3,100,1000,5,8000,A1,HOOI,1.0310000000008586
0.00928986275989865,3,100,1000,5,8000,A2,HOOI,1.0310000000008586
0.4164020778786946,3,100,1000,5,8000,A3,HOOI,1.0310000000008586
9.475537597889476,3,100,1000,5,8000,core,HOOI,1.0310000000008586
2.0569631040969814,3,100,1000,5,8000,A1,Olga,0.5609999999996944
0.008801474731667812,3,100,1000,5,8000,A2,Olga,0.5609999999996944
1.443072910448955,3,100,1000,5,8000,A3,Tracy,0.5609999999996944
9.35543971736509,3,100,1000,5,8000,core,Tracy_Olga,0.5609999999996944
7.2741717727857385,3,100,4996,5,8000,A1,NTD,152.97800000000007
3.101191243458221,3,100,4996,5,8000,A2,NTD,152.97800000000007
4993.043186313493,3,100,4996,5,8000,A3,NTD,152.97800000000007
11.19423621699139,3,100,4996,5,8000,core,NTD,152.97800000000007
3.6955304792281423,3,100,4996,5,8000,A1,Ours,5.930000000000291
0.021634291428010582,3,100,4996,5,8000,A2,Ours,5.930000000000291
2.5605808841274738,3,100,4996,5,8000,A3,Ours,5.930000000000291
9.05534425886779,3,100,4996,5,8000,core,Ours,5.930000000000291
3.6955304792281423,3,100,4996,5,8000,A1,HOSVD,2.8339999999998327
0.021634291428010582,3,100,4996,5,8000,A2,HOSVD,2.8339999999998327
2.556832380106274,3,100,4996,5,8000,A3,HOSVD,2.8339999999998327
9.06440786350015,3,100,4996,5,8000,core,HOSVD,2.8339999999998327
3.6871711758776637,3,100,4996,5,8000,A1,HOOI,6.3200000000006185
0.02278368386559764,3,100,4996,5,8000,A2,HOOI,6.3200000000006185
2.557480569765401,3,100,4996,5,8000,A3,HOOI,6.3200000000006185
9.02184988776063,3,100,4996,5,8000,core,HOOI,6.3200000000006185
2.7197469838503574,3,100,4996,5,8000,A1,Olga,3.6320000000005166
0.05490340236251246,3,100,4996,5,8000,A2,Olga,3.6320000000005166
2.905695238037401,3,100,4996,5,8000,A3,Tracy,3.6320000000005166
16.71895782385671,3,100,4996,5,8000,core,Tracy_Olga,3.6320000000005166
8.572073535485982,3,100,9985,5,8000,A1,NTD,328.28999999999996
1.7553725146834922,3,100,9985,5,8000,A2,NTD,328.28999999999996
9982.030669760614,3,100,9985,5,8000,A3,NTD,328.28999999999996
11.175521660172155,3,100,9985,5,8000,core,NTD,328.28999999999996
3.3051203249142365,3,100,9985,5,8000,A1,Ours,13.993000000000393
0.01894547582012531,3,100,9985,5,8000,A2,Ours,13.993000000000393
2.5879555084196113,3,100,9985,5,8000,A3,Ours,13.993000000000393
11.105347267900527,3,100,9985,5,8000,core,Ours,13.993000000000393
3.3051203249142365,3,100,9985,5,8000,A1,HOSVD,3.4290000000000873
0.01894547582012531,3,100,9985,5,8000,A2,HOSVD,3.4290000000000873
2.5742929093163855,3,100,9985,5,8000,A3,HOSVD,3.4290000000000873
11.095564745291023,3,100,9985,5,8000,core,HOSVD,3.4290000000000873
3.3299366741124987,3,100,9985,5,8000,A1,HOOI,12.171000000000276
0.017031281837062682,3,100,9985,5,8000,A2,HOOI,12.171000000000276
2.5782427475631327,3,100,9985,5,8000,A3,HOOI,12.171000000000276
11.067291143690529,3,100,9985,5,8000,core,HOOI,12.171000000000276
2.5588739127001507,3,100,9985,5,8000,A1,Olga,6.677999999999884
0.026547956182587675,3,100,9985,5,8000,A2,Olga,6.677999999999884
2.886129958950373,3,100,9985,5,8000,A3,Tracy,6.677999999999884
11.83027142978986,3,100,9985,5,8000,core,Tracy_Olga,6.677999999999884
19.879583214348816,3,100,1000,5,9000,A1,NTD,28.954999999999927
3.2316229800421907,3,100,1000,5,9000,A2,NTD,28.954999999999927
997.000054206494,3,100,1000,5,9000,A3,NTD,28.954999999999927
11.597482265954904,3,100,1000,5,9000,core,NTD,28.954999999999927
3.5148219146902573,3,100,1000,5,9000,A1,Ours,0.5299999999997453
0.03769642185815,3,100,1000,5,9000,A2,Ours,0.5299999999997453
0.176304805106316,3,100,1000,5,9000,A3,Ours,0.5299999999997453
12.487561875055404,3,100,1000,5,9000,core,Ours,0.5299999999997453
3.5148219146902573,3,100,1000,5,9000,A1,HOSVD,0.7010000000000218
0.03769642185815,3,100,1000,5,9000,A2,HOSVD,0.7010000000000218
0.1762064285421456,3,100,1000,5,9000,A3,HOSVD,0.7010000000000218
12.487825883110933,3,100,1000,5,9000,core,HOSVD,0.7010000000000218
3.497077750187528,3,100,1000,5,9000,A1,HOOI,0.6920000000000073
0.03690958493698405,3,100,1000,5,9000,A2,HOOI,0.6920000000000073
0.1788194727826484,3,100,1000,5,9000,A3,HOOI,0.6920000000000073
12.484158955119339,3,100,1000,5,9000,core,HOOI,0.6920000000000073
1.8394131795648636,3,100,1000,5,9000,A1,Olga,0.5370000000002619
0.031742223475401815,3,100,1000,5,9000,A2,Olga,0.5370000000002619
1.37320142557836,3,100,1000,5,9000,A3,Tracy,0.5370000000002619
12.390576100295904,3,100,1000,5,9000,core,Tracy_Olga,0.5370000000002619
3.3145186096414174,3,100,4998,5,9000,A1,NTD,157.20000000000073
1.5007370878296806,3,100,4998,5,9000,A2,NTD,157.20000000000073
4995.014501358811,3,100,4998,5,9000,A3,NTD,157.20000000000073
11.145612701328393,3,100,4998,5,9000,core,NTD,157.20000000000073
2.430749989754418,3,100,4998,5,9000,A1,Ours,5.139000000000124
0.023056964758947814,3,100,4998,5,9000,A2,Ours,5.139000000000124
2.5213449771518217,3,100,4998,5,9000,A3,Ours,5.139000000000124
10.901521777288114,3,100,4998,5,9000,core,Ours,5.139000000000124
2.430749989754418,3,100,4998,5,9000,A1,HOSVD,1.6469999999999345
0.023056964758947814,3,100,4998,5,9000,A2,HOSVD,1.6469999999999345
2.518246552676496,3,100,4998,5,9000,A3,HOSVD,1.6469999999999345
10.899404826145217,3,100,4998,5,9000,core,HOSVD,1.6469999999999345
2.408150577523389,3,100,4998,5,9000,A1,HOOI,4.252999999999702
0.028004628698654728,3,100,4998,5,9000,A2,HOOI,4.252999999999702
2.519303304044877,3,100,4998,5,9000,A3,HOOI,4.252999999999702
10.899131485163585,3,100,4998,5,9000,core,HOOI,4.252999999999702
2.324569091311585,3,100,4998,5,9000,A1,Olga,2.7620000000006257
0.019914295206186008,3,100,4998,5,9000,A2,Olga,2.7620000000006257
2.907075304796303,3,100,4998,5,9000,A3,Tracy,2.7620000000006257
8.971709148236725,3,100,4998,5,9000,core,Tracy_Olga,2.7620000000006257
2.0937830650676457,3,100,9985,5,9000,A1,NTD,330.89699999999993
2.0136454408778883,3,100,9985,5,9000,A2,NTD,330.89699999999993
9982.03309947617,3,100,9985,5,9000,A3,NTD,330.89699999999993
11.46526864999285,3,100,9985,5,9000,core,NTD,330.89699999999993
3.0979119249403078,3,100,9985,5,9000,A1,Ours,13.358999999999469
0.012514565479702576,3,100,9985,5,9000,A2,Ours,13.358999999999469
2.585204570119232,3,100,9985,5,9000,A3,Ours,13.358999999999469
11.086728411433917,3,100,9985,5,9000,core,Ours,13.358999999999469
3.0979119249403078,3,100,9985,5,9000,A1,HOSVD,3.3840000000000146
0.012514565479702576,3,100,9985,5,9000,A2,HOSVD,3.3840000000000146
2.574407532028893,3,100,9985,5,9000,A3,HOSVD,3.3840000000000146
11.079597847436764,3,100,9985,5,9000,core,HOSVD,3.3840000000000146
3.08220239211229,3,100,9985,5,9000,A1,HOOI,11.019000000000233
0.014648040276989132,3,100,9985,5,9000,A2,HOOI,11.019000000000233
2.5813245904043196,3,100,9985,5,9000,A3,HOOI,11.019000000000233
16.794218855209127,3,100,9985,5,9000,core,HOOI,11.019000000000233
2.347033703461642,3,100,9985,5,9000,A1,Olga,6.469000000000051
0.04842811822196933,3,100,9985,5,9000,A2,Olga,6.469000000000051
2.890065479336886,3,100,9985,5,9000,A3,Tracy,6.469000000000051
11.83027142978986,3,100,9985,5,9000,core,Tracy_Olga,6.469000000000051
9.854150800316228,3,100,1000,5,10000,A1,NTD,28.010999999999513
1.8960105935171987,3,100,1000,5,10000,A2,NTD,28.010999999999513
997.0000402181604,3,100,1000,5,10000,A3,NTD,28.010999999999513
13.088513258746518,3,100,1000,5,10000,core,NTD,28.010999999999513
1.5950361984573185,3,100,1000,5,10000,A1,Ours,0.5249999999996362
0.022266691187761027,3,100,1000,5,10000,A2,Ours,0.5249999999996362
0.08162930589894998,3,100,1000,5,10000,A3,Ours,0.5249999999996362
10.062224137698246,3,100,1000,5,10000,core,Ours,0.5249999999996362
1.5950361984573185,3,100,1000,5,10000,A1,HOSVD,0.49499999999989086
0.022266691187761027,3,100,1000,5,10000,A2,HOSVD,0.49499999999989086
0.08164081521300454,3,100,1000,5,10000,A3,HOSVD,0.49499999999989086
10.062134620112154,3,100,1000,5,10000,core,HOSVD,0.49499999999989086
1.589975193954416,3,100,1000,5,10000,A1,HOOI,1.26299999999992
0.02086837584427139,3,100,1000,5,10000,A2,HOOI,1.26299999999992
0.0816670771915272,3,100,1000,5,10000,A3,HOOI,1.26299999999992
10.062022985881548,3,100,1000,5,10000,core,HOOI,1.26299999999992
1.6293161497905364,3,100,1000,5,10000,A1,Olga,0.4859999999998763
0.01281520194016304,3,100,1000,5,10000,A2,Olga,0.4859999999998763
1.373711108289049,3,100,1000,5,10000,A3,Tracy,0.4859999999998763
9.930985745853569,3,100,1000,5,10000,core,Tracy_Olga,0.4859999999998763
8.320287310359523,3,100,4995,5,10000,A1,NTD,154.3050000000003
0.9494763446857938,3,100,4995,5,10000,A2,NTD,154.3050000000003
4992.021508021971,3,100,4995,5,10000,A3,NTD,154.3050000000003
12.672931562065514,3,100,4995,5,10000,core,NTD,154.3050000000003
2.1113080803237723,3,100,4995,5,10000,A1,Ours,4.86200000000008
0.013088995038007381,3,100,4995,5,10000,A2,Ours,4.86200000000008
2.5635875900767684,3,100,4995,5,10000,A3,Ours,4.86200000000008
9.085658331019713,3,100,4995,5,10000,core,Ours,4.86200000000008
2.1113080803237723,3,100,4995,5,10000,A1,HOSVD,2.298000000000684
0.013088995038007381,3,100,4995,5,10000,A2,HOSVD,2.298000000000684
2.5610904997915114,3,100,4995,5,10000,A3,HOSVD,2.298000000000684
9.086944318720818,3,100,4995,5,10000,core,HOSVD,2.298000000000684
2.1087564328327444,3,100,4995,5,10000,A1,HOOI,5.530999999999949
0.016473927353370044,3,100,4995,5,10000,A2,HOOI,5.530999999999949
2.5680544057277666,3,100,4995,5,10000,A3,HOOI,5.530999999999949
8.80489552321492,3,100,4995,5,10000,core,HOOI,5.530999999999949
2.3998459984062483,3,100,4995,5,10000,A1,Olga,2.380000000000109
0.014435197027519877,3,100,4995,5,10000,A2,Olga,2.380000000000109
2.9326174450593587,3,100,4995,5,10000,A3,Tracy,2.380000000000109
9.098584494836482,3,100,4995,5,10000,core,Tracy_Olga,2.380000000000109
20.446032773533343,3,100,9983,5,10000,A1,NTD,323.7699999999995
1.8188830543996954,3,100,9983,5,10000,A2,NTD,323.7699999999995
9980.03576924726,3,100,9983,5,10000,A3,NTD,323.7699999999995
6.466865367979505,3,100,9983,5,10000,core,NTD,323.7699999999995
3.7075501569754183,3,100,9983,5,10000,A1,Ours,13.340000000000146
0.029857832335719457,3,100,9983,5,10000,A2,Ours,13.340000000000146
2.594152136978443,3,100,9983,5,10000,A3,Ours,13.340000000000146
10.341746975700012,3,100,9983,5,10000,core,Ours,13.340000000000146
3.7075501569754183,3,100,9983,5,10000,A1,HOSVD,3.2929999999996653
0.029857832335719457,3,100,9983,5,10000,A2,HOSVD,3.2929999999996653
2.585349225423952,3,100,9983,5,10000,A3,HOSVD,3.2929999999996653
10.350924264755358,3,100,9983,5,10000,core,HOSVD,3.2929999999996653
3.706755391730692,3,100,9983,5,10000,A1,HOOI,11.722999999999956
0.03446978112673539,3,100,9983,5,10000,A2,HOOI,11.722999999999956
2.5903882178750424,3,100,9983,5,10000,A3,HOOI,11.722999999999956
10.319867709804953,3,100,9983,5,10000,core,HOOI,11.722999999999956
2.0472318661938624,3,100,9983,5,10000,A1,Olga,6.505000000000109
0.05267667150996342,3,100,9983,5,10000,A2,Olga,6.505000000000109
2.893520631602668,3,100,9983,5,10000,A3,Tracy,6.505000000000109
11.830140445400273,3,100,9983,5,10000,core,Tracy_Olga,6.505000000000109
