error,K,Q1,R,Q2,M,mode,method,time
6.075171620780309,3,100,100,5,100,A1,NTD,4.377999999999999
0.1812820628101669,3,100,100,5,100,A2,NTD,4.377999999999999
97.00317318429425,3,100,100,5,100,A3,NTD,4.377999999999999
10.393042459641698,3,100,100,5,100,core,NTD,4.377999999999999
21.891006254111545,3,100,100,5,100,A1,Ours,2.6579999999999995
0.07320542101816002,3,100,100,5,100,A2,Ours,2.6579999999999995
0.19165753630412852,3,100,100,5,100,A3,Ours,2.6579999999999995
7.854007657988768,3,100,100,5,100,core,Ours,2.6579999999999995
21.891006254111545,3,100,100,5,100,A1,HOSVD,1.968
0.07320542101816002,3,100,100,5,100,A2,HOSVD,1.968
0.1944862056931211,3,100,100,5,100,A3,HOSVD,1.968
7.851751768042392,3,100,100,5,100,core,HOSVD,1.968
22.416944479864835,3,100,100,5,100,A1,HOOI,2.1759999999999984
0.058792756189955664,3,100,100,5,100,A2,HOOI,2.1759999999999984
0.18114133868505852,3,100,100,5,100,A3,HOOI,2.1759999999999984
11.250336331551658,3,100,100,5,100,core,HOOI,2.1759999999999984
19.086069693977784,3,100,100,5,100,A1,Olga,1.6600000000000001
0.07012179444995392,3,100,100,5,100,A2,Olga,1.6600000000000001
1.0535140265234455,3,100,100,5,100,A3,Tracy,1.6600000000000001
7.7894680560974985,3,100,100,5,100,core,Tracy_Olga,1.6600000000000001
23.34011257810085,3,100,495,5,100,A1,NTD,21.516
2.14923780227642,3,100,495,5,100,A2,NTD,21.516
492.1778702080722,3,100,495,5,100,A3,NTD,21.516
10.754112228722933,3,100,495,5,100,core,NTD,21.516
25.54858586078347,3,100,495,5,100,A1,Ours,2.5820000000000007
0.05743323907515008,3,100,495,5,100,A2,Ours,2.5820000000000007
2.6201731096057244,3,100,495,5,100,A3,Ours,2.5820000000000007
7.346259340512957,3,100,495,5,100,core,Ours,2.5820000000000007
25.54858586078347,3,100,495,5,100,A1,HOSVD,3.9939999999999998
0.05743323907515008,3,100,495,5,100,A2,HOSVD,3.9939999999999998
2.4438770301608583,3,100,495,5,100,A3,HOSVD,3.9939999999999998
7.544788240837882,3,100,495,5,100,core,HOSVD,3.9939999999999998
24.89995020238722,3,100,495,5,100,A1,HOOI,3.8970000000000056
0.08400364864100131,3,100,495,5,100,A2,HOOI,3.8970000000000056
2.4777714537252673,3,100,495,5,100,A3,HOOI,3.8970000000000056
7.284301189998187,3,100,495,5,100,core,HOOI,3.8970000000000056
24.226684362800277,3,100,495,5,100,A1,Olga,4.155000000000001
0.3770599039066992,3,100,495,5,100,A2,Olga,4.155000000000001
2.8744180020809997,3,100,495,5,100,A3,Tracy,4.155000000000001
7.50038063386543,3,100,495,5,100,core,Tracy_Olga,4.155000000000001
61.73997311575731,3,100,986,5,100,A1,NTD,38.554
4.000024497269663,3,100,986,5,100,A2,NTD,38.554
983.1954314178263,3,100,986,5,100,A3,NTD,38.554
11.007576534588972,3,100,986,5,100,core,NTD,38.554
23.54453301589071,3,100,986,5,100,A1,Ours,10.260999999999996
0.09347880178925483,3,100,986,5,100,A2,Ours,10.260999999999996
4.760641802420474,3,100,986,5,100,A3,Ours,10.260999999999996
10.62507288576372,3,100,986,5,100,core,Ours,10.260999999999996
23.54453301589071,3,100,986,5,100,A1,HOSVD,10.867999999999995
0.09347880178925483,3,100,986,5,100,A2,HOSVD,10.867999999999995
2.508166070753909,3,100,986,5,100,A3,HOSVD,10.867999999999995
11.608799531204076,3,100,986,5,100,core,HOSVD,10.867999999999995
23.254176853956633,3,100,986,5,100,A1,HOOI,8.969000000000008
0.06228109925438482,3,100,986,5,100,A2,HOOI,8.969000000000008
2.534382051562942,3,100,986,5,100,A3,HOOI,8.969000000000008
11.792935674808025,3,100,986,5,100,core,HOOI,8.969000000000008
31.69149590113844,3,100,986,5,100,A1,Olga,8.622000000000014
4.580054063773829,3,100,986,5,100,A2,Olga,8.622000000000014
2.91224211501097,3,100,986,5,100,A3,Tracy,8.622000000000014
10.315783163899175,3,100,986,5,100,core,Tracy_Olga,8.622000000000014
89.45670021165984,3,100,2374,5,100,A1,NTD,88.74900000000002
1.8508381501780014,3,100,2374,5,100,A2,NTD,88.74900000000002
2371.3100071222057,3,100,2374,5,100,A3,NTD,88.74900000000002
8.213949444492245,3,100,2374,5,100,core,NTD,88.74900000000002
22.199513842342707,3,100,2374,5,100,A1,Ours,4.859999999999985
0.07125597804461943,3,100,2374,5,100,A2,Ours,4.859999999999985
5.268273105608096,3,100,2374,5,100,A3,Ours,4.859999999999985
10.891510918618467,3,100,2374,5,100,core,Ours,4.859999999999985
22.199513842342707,3,100,2374,5,100,A1,HOSVD,5.189999999999998
0.07125597804461943,3,100,2374,5,100,A2,HOSVD,5.189999999999998
2.5598212571207104,3,100,2374,5,100,A3,HOSVD,5.189999999999998
7.652039131049326,3,100,2374,5,100,core,HOSVD,5.189999999999998
18.22601696168844,3,100,2374,5,100,A1,HOOI,6.746000000000009
0.0803997793080401,3,100,2374,5,100,A2,HOOI,6.746000000000009
2.5964908737303847,3,100,2374,5,100,A3,HOOI,6.746000000000009
11.745500793570395,3,100,2374,5,100,core,HOOI,6.746000000000009
54.598936752428116,3,100,2374,5,100,A1,Olga,3.811000000000007
3.9805371472741715,3,100,2374,5,100,A2,Olga,3.811000000000007
3.007239827694197,3,100,2374,5,100,A3,Tracy,3.811000000000007
8.297170882903455,3,100,2374,5,100,core,Tracy_Olga,3.811000000000007
83.28538845587948,3,100,4538,5,100,A1,NTD,160.4
4.149197864069661,3,100,4538,5,100,A2,NTD,160.4
4535.426714258555,3,100,4538,5,100,A3,NTD,160.4
12.23223535941506,3,100,4538,5,100,core,NTD,160.4
26.426364333394066,3,100,4538,5,100,A1,Ours,12.29000000000002
0.115401098945591,3,100,4538,5,100,A2,Ours,12.29000000000002
5.0954333236724745,3,100,4538,5,100,A3,Ours,12.29000000000002
10.556118484427822,3,100,4538,5,100,core,Ours,12.29000000000002
26.426364333394066,3,100,4538,5,100,A1,HOSVD,14.432000000000016
0.115401098945591,3,100,4538,5,100,A2,HOSVD,14.432000000000016
2.6310901771532125,3,100,4538,5,100,A3,HOSVD,14.432000000000016
10.55222213866538,3,100,4538,5,100,core,HOSVD,14.432000000000016
25.897430960096326,3,100,4538,5,100,A1,HOOI,19.884000000000015
0.0434113349646469,3,100,4538,5,100,A2,HOOI,19.884000000000015
3.763715013579013,3,100,4538,5,100,A3,HOOI,19.884000000000015
11.996132519344048,3,100,4538,5,100,core,HOOI,19.884000000000015
88.10512937834014,3,100,4538,5,100,A1,Olga,13.61099999999999
4.533791913619978,3,100,4538,5,100,A2,Olga,13.61099999999999
3.0838647206757637,3,100,4538,5,100,A3,Tracy,13.61099999999999
9.489097576497052,3,100,4538,5,100,core,Tracy_Olga,13.61099999999999
115.23741933716195,3,100,5326,5,100,A1,NTD,189.27399999999994
1.8508409077042154,3,100,5326,5,100,A2,NTD,189.27399999999994
5323.433833957056,3,100,5326,5,100,A3,NTD,189.27399999999994
9.588755891734115,3,100,5326,5,100,core,NTD,189.27399999999994
20.11365018524602,3,100,5326,5,100,A1,Ours,5.746999999999957
0.07776265716097773,3,100,5326,5,100,A2,Ours,5.746999999999957
5.452485119978671,3,100,5326,5,100,A3,Ours,5.746999999999957
11.245656653341516,3,100,5326,5,100,core,Ours,5.746999999999957
20.11365018524602,3,100,5326,5,100,A1,HOSVD,2.49899999999991
0.07776265716097773,3,100,5326,5,100,A2,HOSVD,2.49899999999991
2.6825773867359595,3,100,5326,5,100,A3,HOSVD,2.49899999999991
7.779154103338302,3,100,5326,5,100,core,HOSVD,2.49899999999991
19.752826859617148,3,100,5326,5,100,A1,HOOI,12.998000000000047
0.05342720710057928,3,100,5326,5,100,A2,HOOI,12.998000000000047
2.724436028873389,3,100,5326,5,100,A3,HOOI,12.998000000000047
7.3497921214869875,3,100,5326,5,100,core,HOOI,12.998000000000047
67.40092290254789,3,100,5326,5,100,A1,Olga,9.644999999999982
4.1498803957307775,3,100,5326,5,100,A2,Olga,9.644999999999982
4.749867457773305,3,100,5326,5,100,A3,Tracy,9.644999999999982
10.212492016081743,3,100,5326,5,100,core,Tracy_Olga,9.644999999999982
111.52179350901096,3,100,6115,5,100,A1,NTD,218.86
4.149156753815989,3,100,6115,5,100,A2,NTD,218.86
6112.489655842218,3,100,6115,5,100,A3,NTD,218.86
11.558570055799406,3,100,6115,5,100,core,NTD,218.86
23.75208705699227,3,100,6115,5,100,A1,Ours,7.122999999999934
0.04489252982605512,3,100,6115,5,100,A2,Ours,7.122999999999934
5.313094568778903,3,100,6115,5,100,A3,Ours,7.122999999999934
10.643232220024384,3,100,6115,5,100,core,Ours,7.122999999999934
23.799238223728423,3,100,6115,5,100,A1,HOOI,8.058999999999969
0.04220749142589006,3,100,6115,5,100,A2,HOOI,8.058999999999969
3.8526890966217677,3,100,6115,5,100,A3,HOOI,8.058999999999969
9.992586601184621,3,100,6115,5,100,core,HOOI,8.058999999999969
61.20841825724511,3,100,6115,5,100,A1,Olga,3.634999999999991
4.672353511957788,3,100,6115,5,100,A2,Olga,3.634999999999991
4.893306191405694,3,100,6115,5,100,A3,Tracy,3.634999999999991
10.97256354666356,3,100,6115,5,100,core,Tracy_Olga,3.634999999999991
120.53463429618282,3,100,6883,5,100,A1,NTD,222.07399999999996
3.850742673680027,3,100,6883,5,100,A2,NTD,222.07399999999996
6880.532038209107,3,100,6883,5,100,A3,NTD,222.07399999999996
10.995066888485551,3,100,6883,5,100,core,NTD,222.07399999999996
23.174068567286714,3,100,6883,5,100,A1,Ours,14.546000000000049
0.10035715178156679,3,100,6883,5,100,A2,Ours,14.546000000000049
5.283303111499374,3,100,6883,5,100,A3,Ours,14.546000000000049
10.643258126953919,3,100,6883,5,100,core,Ours,14.546000000000049
23.174068567286714,3,100,6883,5,100,A1,HOSVD,6.413000000000011
0.10035715178156679,3,100,6883,5,100,A2,HOSVD,6.413000000000011
2.7374364136674774,3,100,6883,5,100,A3,HOSVD,6.413000000000011
7.5889810451007635,3,100,6883,5,100,core,HOSVD,6.413000000000011
22.95213430043458,3,100,6883,5,100,A1,HOOI,12.63000000000011
0.07989861684147835,3,100,6883,5,100,A2,HOOI,12.63000000000011
3.8291007229349385,3,100,6883,5,100,A3,HOOI,12.63000000000011
9.877657916432298,3,100,6883,5,100,core,HOOI,12.63000000000011
84.37177160073959,3,100,6883,5,100,A1,Olga,4.914999999999964
3.964654801948122,3,100,6883,5,100,A2,Olga,4.914999999999964
4.042976565192751,3,100,6883,5,100,A3,Tracy,4.914999999999964
8.255672042553828,3,100,6883,5,100,core,Tracy_Olga,4.914999999999964
121.52689072086616,3,100,7585,5,100,A1,NTD,242.59899999999993
2.1492454526632465,3,100,7585,5,100,A2,NTD,242.59899999999993
7582.53423306554,3,100,7585,5,100,A3,NTD,242.59899999999993
10.452463648713188,3,100,7585,5,100,core,NTD,242.59899999999993
15.674269654139522,3,100,7585,5,100,A1,Ours,10.500999999999976
0.06668986784000337,3,100,7585,5,100,A2,Ours,10.500999999999976
5.439854669538813,3,100,7585,5,100,A3,Ours,10.500999999999976
11.245656690925639,3,100,7585,5,100,core,Ours,10.500999999999976
15.674269654139522,3,100,7585,5,100,A1,HOSVD,3.1399999999998727
0.06668986784000337,3,100,7585,5,100,A2,HOSVD,3.1399999999998727
4.85918316007193,3,100,7585,5,100,A3,HOSVD,3.1399999999998727
11.104500158525557,3,100,7585,5,100,core,HOSVD,3.1399999999998727
18.19339109805578,3,100,7585,5,100,A1,HOOI,12.067999999999984
0.08265802553252549,3,100,7585,5,100,A2,HOOI,12.067999999999984
2.815244185930009,3,100,7585,5,100,A3,HOOI,12.067999999999984
7.366984069084625,3,100,7585,5,100,core,HOOI,12.067999999999984
82.73898479220351,3,100,7585,5,100,A1,Olga,5.054000000000087
3.915446920478796,3,100,7585,5,100,A2,Olga,5.054000000000087
3.910588708199849,3,100,7585,5,100,A3,Tracy,5.054000000000087
9.925625038760938,3,100,7585,5,100,core,Tracy_Olga,5.054000000000087
119.82687227050971,3,100,8242,5,100,A1,NTD,262.4060000000002
2.1492371572752096,3,100,8242,5,100,A2,NTD,262.4060000000002
8239.579767950778,3,100,8242,5,100,A3,NTD,262.4060000000002
12.28665816036187,3,100,8242,5,100,core,NTD,262.4060000000002
23.705037578431664,3,100,8242,5,100,A1,Ours,24.56899999999996
0.1052323104485639,3,100,8242,5,100,A2,Ours,24.56899999999996
5.3484776741152205,3,100,8242,5,100,A3,Ours,24.56899999999996
10.64325879498015,3,100,8242,5,100,core,Ours,24.56899999999996
23.705037578431664,3,100,8242,5,100,A1,HOSVD,20.69899999999984
0.1052323104485639,3,100,8242,5,100,A2,HOSVD,20.69899999999984
3.9902590820881496,3,100,8242,5,100,A3,HOSVD,20.69899999999984
10.850206670213037,3,100,8242,5,100,core,HOSVD,20.69899999999984
70.48656693839148,3,100,8242,5,100,A1,Olga,17.276000000000067
3.9544627721468033,3,100,8242,5,100,A2,Olga,17.276000000000067
4.440297335146009,3,100,8242,5,100,A3,Tracy,17.276000000000067
10.963404707874728,3,100,8242,5,100,core,Tracy_Olga,17.276000000000067
2.462784275782001,3,100,100,5,3000,A1,NTD,3.8559999999999945
0.7237687373978003,3,100,100,5,3000,A2,NTD,3.8559999999999945
97.00031647711789,3,100,100,5,3000,A3,NTD,3.8559999999999945
10.496519300012249,3,100,100,5,3000,core,NTD,3.8559999999999945
4.60025845295433,3,100,100,5,3000,A1,Ours,5.182999999999993
0.02280047887678733,3,100,100,5,3000,A2,Ours,5.182999999999993
0.0333983738363211,3,100,100,5,3000,A3,Ours,5.182999999999993
11.167033347960299,3,100,100,5,3000,core,Ours,5.182999999999993
4.60025845295433,3,100,100,5,3000,A1,HOSVD,4.356999999999971
0.02280047887678733,3,100,100,5,3000,A2,HOSVD,4.356999999999971
0.03339669403985941,3,100,100,5,3000,A3,HOSVD,4.356999999999971
11.167028901124933,3,100,100,5,3000,core,HOSVD,4.356999999999971
4.62385946079332,3,100,100,5,3000,A1,HOOI,5.447999999999865
0.02342299378000902,3,100,100,5,3000,A2,HOOI,5.447999999999865
0.03364509697425137,3,100,100,5,3000,A3,HOOI,5.447999999999865
11.16859863126358,3,100,100,5,3000,core,HOOI,5.447999999999865
3.239850403842687,3,100,100,5,3000,A1,Olga,4.594000000000051
0.021193993799357547,3,100,100,5,3000,A2,Olga,4.594000000000051
1.028018526394114,3,100,100,5,3000,A3,Tracy,4.594000000000051
7.876133556547892,3,100,100,5,3000,core,Tracy_Olga,4.594000000000051
3.2379041445915386,3,100,500,5,3000,A1,NTD,13.592999999999847
0.12352589124678039,3,100,500,5,3000,A2,NTD,13.592999999999847
497.0000777026763,3,100,500,5,3000,A3,NTD,13.592999999999847
15.240557180695857,3,100,500,5,3000,core,NTD,13.592999999999847
5.573958311804888,3,100,500,5,3000,A1,Ours,0.30500000000006366
0.012552286300469574,3,100,500,5,3000,A2,Ours,0.30500000000006366
0.0753843367347013,3,100,500,5,3000,A3,Ours,0.30500000000006366
11.121544893167506,3,100,500,5,3000,core,Ours,0.30500000000006366
5.573958311804888,3,100,500,5,3000,A1,HOSVD,0.2439999999999145
0.012552286300469574,3,100,500,5,3000,A2,HOSVD,0.2439999999999145
0.07537592617831107,3,100,500,5,3000,A3,HOSVD,0.2439999999999145
11.121464021886673,3,100,500,5,3000,core,HOSVD,0.2439999999999145
5.583552144093412,3,100,500,5,3000,A1,HOOI,0.6739999999999782
0.012078135334628244,3,100,500,5,3000,A2,HOOI,0.6739999999999782
0.07545925854396392,3,100,500,5,3000,A3,HOOI,0.6739999999999782
11.121260540535358,3,100,500,5,3000,core,HOOI,0.6739999999999782
3.7676257723909083,3,100,500,5,3000,A1,Olga,0.390999999999849
0.013796420377627955,3,100,500,5,3000,A2,Olga,0.390999999999849
1.3101554356096843,3,100,500,5,3000,A3,Tracy,0.390999999999849
7.914078231439258,3,100,500,5,3000,core,Tracy_Olga,0.390999999999849
2.522813086868465,3,100,999,5,3000,A1,NTD,34.85900000000015
0.2380304656543426,3,100,999,5,3000,A2,NTD,34.85900000000015
996.0168921109099,3,100,999,5,3000,A3,NTD,34.85900000000015
13.897532239736725,3,100,999,5,3000,core,NTD,34.85900000000015
3.91198175545473,3,100,999,5,3000,A1,Ours,0.5480000000000018
0.018862718145793867,3,100,999,5,3000,A2,Ours,0.5480000000000018
2.488742309640204,3,100,999,5,3000,A3,Ours,0.5480000000000018
11.218765822887265,3,100,999,5,3000,core,Ours,0.5480000000000018
3.91198175545473,3,100,999,5,3000,A1,HOSVD,0.3989999999998872
0.018862718145793867,3,100,999,5,3000,A2,HOSVD,0.3989999999998872
2.488039178448489,3,100,999,5,3000,A3,HOSVD,0.3989999999998872
11.21857376705398,3,100,999,5,3000,core,HOSVD,0.3989999999998872
3.9191391492021106,3,100,999,5,3000,A1,HOOI,0.7530000000001564
0.021138801979870416,3,100,999,5,3000,A2,HOOI,0.7530000000001564
2.4985521065932796,3,100,999,5,3000,A3,HOOI,0.7530000000001564
11.156945125668782,3,100,999,5,3000,core,HOOI,0.7530000000001564
3.1529058793310254,3,100,999,5,3000,A1,Olga,0.44699999999988904
0.01976891195238228,3,100,999,5,3000,A2,Olga,0.44699999999988904
3.087328213771763,3,100,999,5,3000,A3,Tracy,0.44699999999988904
11.118634058131335,3,100,999,5,3000,core,Tracy_Olga,0.44699999999988904
2.544496062732335,3,100,2497,5,3000,A1,NTD,83.94100000000003
0.1231023341725767,3,100,2497,5,3000,A2,NTD,83.94100000000003
2494.031776016404,3,100,2497,5,3000,A3,NTD,83.94100000000003
13.315160962596734,3,100,2497,5,3000,core,NTD,83.94100000000003
2.7280743632601996,3,100,2497,5,3000,A1,Ours,4.171000000000049
0.03551416697755619,3,100,2497,5,3000,A2,Ours,4.171000000000049
2.529695782360085,3,100,2497,5,3000,A3,Ours,4.171000000000049
11.537429589258469,3,100,2497,5,3000,core,Ours,4.171000000000049
2.7280743632601996,3,100,2497,5,3000,A1,HOSVD,1.1970000000001164
0.03551416697755619,3,100,2497,5,3000,A2,HOSVD,1.1970000000001164
2.5267687651260906,3,100,2497,5,3000,A3,HOSVD,1.1970000000001164
11.535932940176284,3,100,2497,5,3000,core,HOSVD,1.1970000000001164
2.7282651586715576,3,100,2497,5,3000,A1,HOOI,2.65300000000002
0.035889046140050944,3,100,2497,5,3000,A2,HOOI,2.65300000000002
2.530120813138872,3,100,2497,5,3000,A3,HOOI,2.65300000000002
11.555324914069654,3,100,2497,5,3000,core,HOOI,2.65300000000002
4.400702307952959,3,100,2497,5,3000,A1,Olga,2.214999999999918
0.026868449416980442,3,100,2497,5,3000,A2,Olga,2.214999999999918
2.9705923919612562,3,100,2497,5,3000,A3,Tracy,2.214999999999918
11.422591951060538,3,100,2497,5,3000,core,Tracy_Olga,2.214999999999918
2.434359731115583,3,100,4986,5,3000,A1,NTD,181.43500000000017
1.8694419305551837,3,100,4986,5,3000,A2,NTD,181.43500000000017
4983.054150903623,3,100,4986,5,3000,A3,NTD,181.43500000000017
14.526018933704473,3,100,4986,5,3000,core,NTD,181.43500000000017
5.793500972409589,3,100,4986,5,3000,A1,Ours,5.5659999999998035
0.014305007638542328,3,100,4986,5,3000,A2,Ours,5.5659999999998035
2.468430134306377,3,100,4986,5,3000,A3,Ours,5.5659999999998035
7.812434692684004,3,100,4986,5,3000,core,Ours,5.5659999999998035
5.793500972409589,3,100,4986,5,3000,A1,HOSVD,4.446000000000367
0.014305007638542328,3,100,4986,5,3000,A2,HOSVD,4.446000000000367
2.4476754039109356,3,100,4986,5,3000,A3,HOSVD,4.446000000000367
7.821276631501289,3,100,4986,5,3000,core,HOSVD,4.446000000000367
5.684729154709252,3,100,4986,5,3000,A1,HOOI,5.684999999999945
0.013804358606522786,3,100,4986,5,3000,A2,HOOI,5.684999999999945
2.449005892903186,3,100,4986,5,3000,A3,HOOI,5.684999999999945
7.817572469983825,3,100,4986,5,3000,core,HOOI,5.684999999999945
4.379514062436678,3,100,4986,5,3000,A1,Olga,3.225999999999658
0.027605133642046,3,100,4986,5,3000,A2,Olga,3.225999999999658
2.9152365284872186,3,100,4986,5,3000,A3,Tracy,3.225999999999658
7.8540474215299,3,100,4986,5,3000,core,Tracy_Olga,3.225999999999658
2.118093946505498,3,100,5982,5,3000,A1,NTD,208.91699999999992
0.14927395086487383,3,100,5982,5,3000,A2,NTD,208.91699999999992
5979.050031764173,3,100,5982,5,3000,A3,NTD,208.91699999999992
10.89856735723687,3,100,5982,5,3000,core,NTD,208.91699999999992
4.956599429385478,3,100,5982,5,3000,A1,Ours,8.115999999999985
0.006395903559950111,3,100,5982,5,3000,A2,Ours,8.115999999999985
2.4748508976964585,3,100,5982,5,3000,A3,Ours,8.115999999999985
11.379789685940493,3,100,5982,5,3000,core,Ours,8.115999999999985
4.956599429385478,3,100,5982,5,3000,A1,HOSVD,5.907000000000153
0.006395903559950111,3,100,5982,5,3000,A2,HOSVD,5.907000000000153
2.445455679496513,3,100,5982,5,3000,A3,HOSVD,5.907000000000153
11.377693475319743,3,100,5982,5,3000,core,HOSVD,5.907000000000153
4.918623310279591,3,100,5982,5,3000,A1,HOOI,5.58199999999988
0.006309901479117597,3,100,5982,5,3000,A2,HOOI,5.58199999999988
2.446732916239788,3,100,5982,5,3000,A3,HOOI,5.58199999999988
11.389069247919162,3,100,5982,5,3000,core,HOOI,5.58199999999988
4.130178367964448,3,100,5982,5,3000,A1,Olga,3.2170000000000982
0.038965684785319595,3,100,5982,5,3000,A2,Olga,3.2170000000000982
2.9148097498901455,3,100,5982,5,3000,A3,Tracy,3.2170000000000982
7.789594716442612,3,100,5982,5,3000,core,Tracy_Olga,3.2170000000000982
11.39121023622614,3,100,6975,5,3000,A1,NTD,226.87699999999995
4.14897550081477,3,100,6975,5,3000,A2,NTD,226.87699999999995
6972.051099132543,3,100,6975,5,3000,A3,NTD,226.87699999999995
10.887582661654504,3,100,6975,5,3000,core,NTD,226.87699999999995
4.841470875763666,3,100,6975,5,3000,A1,Ours,8.710000000000036
0.013523919129888717,3,100,6975,5,3000,A2,Ours,8.710000000000036
2.4974868599715414,3,100,6975,5,3000,A3,Ours,8.710000000000036
7.782505350842036,3,100,6975,5,3000,core,Ours,8.710000000000036
4.841470875763666,3,100,6975,5,3000,A1,HOSVD,2.2899999999999636
0.013523919129888717,3,100,6975,5,3000,A2,HOSVD,2.2899999999999636
2.4568127714979617,3,100,6975,5,3000,A3,HOSVD,2.2899999999999636
7.799651419993279,3,100,6975,5,3000,core,HOSVD,2.2899999999999636
4.874784574261399,3,100,6975,5,3000,A1,HOOI,7.387000000000171
0.014347835714758693,3,100,6975,5,3000,A2,HOOI,7.387000000000171
2.4592167275173296,3,100,6975,5,3000,A3,HOOI,7.387000000000171
7.774379064871914,3,100,6975,5,3000,core,HOOI,7.387000000000171
3.7944959964903804,3,100,6975,5,3000,A1,Olga,3.862999999999829
0.06018224457311798,3,100,6975,5,3000,A2,Olga,3.862999999999829
2.942924559964222,3,100,6975,5,3000,A3,Tracy,3.862999999999829
11.340978442036306,3,100,6975,5,3000,core,Tracy_Olga,3.862999999999829
2.3709007825214727,3,100,7965,5,3000,A1,NTD,249.20200000000023
3.171294660936894,3,100,7965,5,3000,A2,NTD,249.20200000000023
7962.075954516457,3,100,7965,5,3000,A3,NTD,249.20200000000023
10.679561108638877,3,100,7965,5,3000,core,NTD,249.20200000000023
5.29910078156965,3,100,7965,5,3000,A1,Ours,17.626999999999953
0.01639445312261882,3,100,7965,5,3000,A2,Ours,17.626999999999953
2.5173363816970613,3,100,7965,5,3000,A3,Ours,17.626999999999953
7.758901771613784,3,100,7965,5,3000,core,Ours,17.626999999999953
5.29910078156965,3,100,7965,5,3000,A1,HOSVD,9.748000000000047
0.01639445312261882,3,100,7965,5,3000,A2,HOSVD,9.748000000000047
2.464041795010485,3,100,7965,5,3000,A3,HOSVD,9.748000000000047
7.783387453039387,3,100,7965,5,3000,core,HOSVD,9.748000000000047
5.2350821715835085,3,100,7965,5,3000,A1,HOOI,8.989000000000033
0.017133675355440893,3,100,7965,5,3000,A2,HOOI,8.989000000000033
2.4657942437822293,3,100,7965,5,3000,A3,HOOI,8.989000000000033
7.779762841331973,3,100,7965,5,3000,core,HOOI,8.989000000000033
3.0725311028079036,3,100,7965,5,3000,A1,Olga,5.407000000000153
0.07653024976007652,3,100,7965,5,3000,A2,Olga,5.407000000000153
2.9333328125185223,3,100,7965,5,3000,A3,Tracy,5.407000000000153
11.292478834992284,3,100,7965,5,3000,core,Tracy_Olga,5.407000000000153
2.0503669335591983,3,100,8939,5,3000,A1,NTD,290.19299999999976
1.0946117769983477,3,100,8939,5,3000,A2,NTD,290.19299999999976
8936.061636913986,3,100,8939,5,3000,A3,NTD,290.19299999999976
12.532074857607604,3,100,8939,5,3000,core,NTD,290.19299999999976
5.6684967081118405,3,100,8939,5,3000,A1,Ours,12.947000000000116
0.018351612052225148,3,100,8939,5,3000,A2,Ours,12.947000000000116
2.5192012893133406,3,100,8939,5,3000,A3,Ours,12.947000000000116
11.435427012588134,3,100,8939,5,3000,core,Ours,12.947000000000116
5.6684967081118405,3,100,8939,5,3000,A1,HOSVD,2.9290000000000873
0.018351612052225148,3,100,8939,5,3000,A2,HOSVD,2.9290000000000873
2.4520899557788502,3,100,8939,5,3000,A3,HOSVD,2.9290000000000873
11.428502169410784,3,100,8939,5,3000,core,HOSVD,2.9290000000000873
5.643905000757879,3,100,8939,5,3000,A1,HOOI,11.032999999999902
0.016624168580800142,3,100,8939,5,3000,A2,HOOI,11.032999999999902
3.6177368770513545,3,100,8939,5,3000,A3,HOOI,11.032999999999902
9.377604336190059,3,100,8939,5,3000,core,HOOI,11.032999999999902
5.765771866650228,3,100,8939,5,3000,A1,Olga,5.682999999999993
0.053750760540996666,3,100,8939,5,3000,A2,Olga,5.682999999999993
2.931630279091711,3,100,8939,5,3000,A3,Tracy,5.682999999999993
11.38217130530603,3,100,8939,5,3000,core,Tracy_Olga,5.682999999999993
2.3464985463378727,3,100,9933,5,3000,A1,NTD,319.2930000000001
4.000042468335204,3,100,9933,5,3000,A2,NTD,319.2930000000001
9930.07489069424,3,100,9933,5,3000,A3,NTD,319.2930000000001
12.537645774261673,3,100,9933,5,3000,core,NTD,319.2930000000001
5.1388833117683586,3,100,9933,5,3000,A1,Ours,33.37699999999995
0.005558017568107711,3,100,9933,5,3000,A2,Ours,33.37699999999995
2.534843070461375,3,100,9933,5,3000,A3,Ours,33.37699999999995
7.769434959969811,3,100,9933,5,3000,core,Ours,33.37699999999995
5.1388833117683586,3,100,9933,5,3000,A1,HOSVD,18.857000000000426
0.005558017568107711,3,100,9933,5,3000,A2,HOSVD,18.857000000000426
2.4515011625512866,3,100,9933,5,3000,A3,HOSVD,18.857000000000426
7.8089216656521865,3,100,9933,5,3000,core,HOSVD,18.857000000000426
5.109241231507187,3,100,9933,5,3000,A1,HOOI,29.84900000000016
0.005150299744509721,3,100,9933,5,3000,A2,HOOI,29.84900000000016
2.455097272900443,3,100,9933,5,3000,A3,HOOI,29.84900000000016
7.798591198595452,3,100,9933,5,3000,core,HOOI,29.84900000000016
6.172579227144449,3,100,9933,5,3000,A1,Olga,17.322000000000116
0.11358214839618805,3,100,9933,5,3000,A2,Olga,17.322000000000116
2.9260347158954976,3,100,9933,5,3000,A3,Tracy,17.322000000000116
7.7753466945049015,3,100,9933,5,3000,core,Tracy_Olga,17.322000000000116
8.088998714675517,3,100,100,5,10000,A1,NTD,3.825000000000273
0.40612602604323667,3,100,100,5,10000,A2,NTD,3.825000000000273
97.0000020430044,3,100,100,5,10000,A3,NTD,3.825000000000273
13.172390798034144,3,100,100,5,10000,core,NTD,3.825000000000273
2.390805745223345,3,100,100,5,10000,A1,Ours,3.7330000000001746
0.008483723622808945,3,100,100,5,10000,A2,Ours,3.7330000000001746
0.01904207769769853,3,100,100,5,10000,A3,Ours,3.7330000000001746
11.181622183332589,3,100,100,5,10000,core,Ours,3.7330000000001746
2.390805745223345,3,100,100,5,10000,A1,HOSVD,4.412000000000262
0.008483723622808945,3,100,100,5,10000,A2,HOSVD,4.412000000000262
0.01904215279929749,3,100,100,5,10000,A3,HOSVD,4.412000000000262
11.181621732584068,3,100,100,5,10000,core,HOSVD,4.412000000000262
2.363578921537311,3,100,100,5,10000,A1,HOOI,2.086999999999989
0.009005648255152729,3,100,100,5,10000,A2,HOOI,2.086999999999989
0.018991229626760534,3,100,100,5,10000,A3,HOOI,2.086999999999989
11.181835180275513,3,100,100,5,10000,core,HOOI,2.086999999999989
1.696650736524851,3,100,100,5,10000,A1,Olga,2.6829999999999927
0.007374739398610607,3,100,100,5,10000,A2,Olga,2.6829999999999927
1.0217242983457995,3,100,100,5,10000,A3,Tracy,2.6829999999999927
11.13738914601327,3,100,100,5,10000,core,Tracy_Olga,2.6829999999999927
2.791391755434397,3,100,500,5,10000,A1,NTD,15.047999999999774
0.38170300528142775,3,100,500,5,10000,A2,NTD,15.047999999999774
497.00005545968776,3,100,500,5,10000,A3,NTD,15.047999999999774
8.725038961511572,3,100,500,5,10000,core,NTD,15.047999999999774
2.5468971472047803,3,100,500,5,10000,A1,Ours,3.72400000000016
0.009342398954956975,3,100,500,5,10000,A2,Ours,3.72400000000016
0.03827538940379968,3,100,500,5,10000,A3,Ours,3.72400000000016
11.15378047082731,3,100,500,5,10000,core,Ours,3.72400000000016
2.5468971472047803,3,100,500,5,10000,A1,HOSVD,2.163000000000011
0.009342398954956975,3,100,500,5,10000,A2,HOSVD,2.163000000000011
0.03827780756111326,3,100,500,5,10000,A3,HOSVD,2.163000000000011
11.153770154616103,3,100,500,5,10000,core,HOSVD,2.163000000000011
2.5384252960417815,3,100,500,5,10000,A1,HOOI,1.043999999999869
0.0092863465856433,3,100,500,5,10000,A2,HOOI,1.043999999999869
0.03824656747670938,3,100,500,5,10000,A3,HOOI,1.043999999999869
11.153861287579337,3,100,500,5,10000,core,HOOI,1.043999999999869
1.9287984962479985,3,100,500,5,10000,A1,Olga,0.30600000000004
0.0046194368077928346,3,100,500,5,10000,A2,Olga,0.30600000000004
1.3075021637841082,3,100,500,5,10000,A3,Tracy,0.30600000000004
11.126102173408999,3,100,500,5,10000,core,Tracy_Olga,0.30600000000004
2.604553507802428,3,100,1000,5,10000,A1,NTD,33.88099999999986
0.247943036709638,3,100,1000,5,10000,A2,NTD,33.88099999999986
997.0001072727283,3,100,1000,5,10000,A3,NTD,33.88099999999986
9.838254594450094,3,100,1000,5,10000,core,NTD,33.88099999999986
2.7381743581444096,3,100,1000,5,10000,A1,Ours,1.2400000000002365
0.00892070576183504,3,100,1000,5,10000,A2,Ours,1.2400000000002365
0.08274238384869886,3,100,1000,5,10000,A3,Ours,1.2400000000002365
11.276490903309377,3,100,1000,5,10000,core,Ours,1.2400000000002365
2.7381743581444096,3,100,1000,5,10000,A1,HOSVD,1.1520000000000437
0.00892070576183504,3,100,1000,5,10000,A2,HOSVD,1.1520000000000437
0.08272025301328334,3,100,1000,5,10000,A3,HOSVD,1.1520000000000437
11.276473167402136,3,100,1000,5,10000,core,HOSVD,1.1520000000000437
2.7454286354374737,3,100,1000,5,10000,A1,HOOI,1.4099999999998545
0.009243519075791837,3,100,1000,5,10000,A2,HOOI,1.4099999999998545
0.055632214998332305,3,100,1000,5,10000,A3,HOOI,1.4099999999998545
11.209462122766755,3,100,1000,5,10000,core,HOOI,1.4099999999998545
2.214080486397672,3,100,1000,5,10000,A1,Olga,0.8769999999999527
0.003605485814527574,3,100,1000,5,10000,A2,Olga,0.8769999999999527
1.3528646801584134,3,100,1000,5,10000,A3,Tracy,0.8769999999999527
11.13897136842,3,100,1000,5,10000,core,Tracy_Olga,0.8769999999999527
3.7880175103239453,3,100,2500,5,10000,A1,NTD,90.48500000000013
0.06106945816171687,3,100,2500,5,10000,A2,NTD,90.48500000000013
2497.0002005574524,3,100,2500,5,10000,A3,NTD,90.48500000000013
10.488884965320315,3,100,2500,5,10000,core,NTD,90.48500000000013
2.4414700659585664,3,100,2500,5,10000,A1,Ours,2.4980000000000473
0.012929412964619823,3,100,2500,5,10000,A2,Ours,2.4980000000000473
0.2652630533216916,3,100,2500,5,10000,A3,Ours,2.4980000000000473
7.693975832922098,3,100,2500,5,10000,core,Ours,2.4980000000000473
2.4414700659585664,3,100,2500,5,10000,A1,HOSVD,1.0909999999998945
0.012929412964619823,3,100,2500,5,10000,A2,HOSVD,1.0909999999998945
0.26490521834640834,3,100,2500,5,10000,A3,HOSVD,1.0909999999998945
7.694215484267585,3,100,2500,5,10000,core,HOSVD,1.0909999999998945
2.4632390204902714,3,100,2500,5,10000,A1,HOOI,3.2289999999998145
0.012793090938031722,3,100,2500,5,10000,A2,HOOI,3.2289999999998145
0.27372989127843816,3,100,2500,5,10000,A3,HOOI,3.2289999999998145
7.70541864755036,3,100,2500,5,10000,core,HOOI,3.2289999999998145
1.918725209431435,3,100,2500,5,10000,A1,Olga,1.5050000000001091
0.0030385504047938995,3,100,2500,5,10000,A2,Olga,1.5050000000001091
1.4268988234063065,3,100,2500,5,10000,A3,Tracy,1.5050000000001091
11.34898405435613,3,100,2500,5,10000,core,Tracy_Olga,1.5050000000001091
2.39543068093413,3,100,4997,5,10000,A1,NTD,183.904
0.02681799752564803,3,100,4997,5,10000,A2,NTD,183.904
4994.015026270605,3,100,4997,5,10000,A3,NTD,183.904
10.606780181755337,3,100,4997,5,10000,core,NTD,183.904
2.8887353982155943,3,100,4997,5,10000,A1,Ours,5.92200000000048
0.01179790341053472,3,100,4997,5,10000,A2,Ours,5.92200000000048
2.4423902788213887,3,100,4997,5,10000,A3,Ours,5.92200000000048
11.343777221131427,3,100,4997,5,10000,core,Ours,5.92200000000048
2.8887353982155943,3,100,4997,5,10000,A1,HOSVD,1.6660000000001673
0.01179790341053472,3,100,4997,5,10000,A2,HOSVD,1.6660000000001673
2.4405050125590724,3,100,4997,5,10000,A3,HOSVD,1.6660000000001673
11.343626519498534,3,100,4997,5,10000,core,HOSVD,1.6660000000001673
2.881514329142038,3,100,4997,5,10000,A1,HOOI,4.398000000000138
0.011805847768361504,3,100,4997,5,10000,A2,HOOI,4.398000000000138
2.441480443213546,3,100,4997,5,10000,A3,HOOI,4.398000000000138
11.341316128843063,3,100,4997,5,10000,core,HOOI,4.398000000000138
2.138795631060652,3,100,4997,5,10000,A1,Olga,3.0349999999998545
0.010470759313430658,3,100,4997,5,10000,A2,Olga,3.0349999999998545
2.9058031250319667,3,100,4997,5,10000,A3,Tracy,3.0349999999998545
11.324817941881228,3,100,4997,5,10000,core,Tracy_Olga,3.0349999999998545
2.673273666347601,3,100,5994,5,10000,A1,NTD,201.45700000000033
0.08526217445888784,3,100,5994,5,10000,A2,NTD,201.45700000000033
5991.025195842933,3,100,5994,5,10000,A3,NTD,201.45700000000033
10.43814662309178,3,100,5994,5,10000,core,NTD,201.45700000000033
4.300566903606335,3,100,5994,5,10000,A1,Ours,7.2020000000002256
0.009123908770056687,3,100,5994,5,10000,A2,Ours,7.2020000000002256
2.438957797457704,3,100,5994,5,10000,A3,Ours,7.2020000000002256
7.652445992660102,3,100,5994,5,10000,core,Ours,7.2020000000002256
4.300566903606335,3,100,5994,5,10000,A1,HOSVD,2.3530000000000655
0.009123908770056687,3,100,5994,5,10000,A2,HOSVD,2.3530000000000655
2.4361878916096935,3,100,5994,5,10000,A3,HOSVD,2.3530000000000655
7.65239281027782,3,100,5994,5,10000,core,HOSVD,2.3530000000000655
4.299057703468054,3,100,5994,5,10000,A1,HOOI,6.02599999999984
0.008866618729978935,3,100,5994,5,10000,A2,HOOI,6.02599999999984
2.435309912313777,3,100,5994,5,10000,A3,HOOI,6.02599999999984
7.670376333082365,3,100,5994,5,10000,core,HOOI,6.02599999999984
2.5088285877431993,3,100,5994,5,10000,A1,Olga,3.1159999999999854
0.011331447972216802,3,100,5994,5,10000,A2,Olga,3.1159999999999854
2.9467581070373177,3,100,5994,5,10000,A3,Tracy,3.1159999999999854
11.365442505556635,3,100,5994,5,10000,core,Tracy_Olga,3.1159999999999854
2.5838866101850533,3,100,6992,5,10000,A1,NTD,222.34900000000016
4.776709858560843,3,100,6992,5,10000,A2,NTD,222.34900000000016
6989.037761154201,3,100,6992,5,10000,A3,NTD,222.34900000000016
11.136116661763143,3,100,6992,5,10000,core,NTD,222.34900000000016
2.7821563044198423,3,100,6992,5,10000,A1,Ours,9.238000000000284
0.007679046469879609,3,100,6992,5,10000,A2,Ours,9.238000000000284
2.4344229917490265,3,100,6992,5,10000,A3,Ours,9.238000000000284
7.81682590527128,3,100,6992,5,10000,core,Ours,9.238000000000284
2.7821563044198423,3,100,6992,5,10000,A1,HOSVD,3.094000000000051
0.007679046469879609,3,100,6992,5,10000,A2,HOSVD,3.094000000000051
2.430715233020097,3,100,6992,5,10000,A3,HOSVD,3.094000000000051
7.818317943823218,3,100,6992,5,10000,core,HOSVD,3.094000000000051
2.7837649829008697,3,100,6992,5,10000,A1,HOOI,7.217999999999847
0.007556807012599299,3,100,6992,5,10000,A2,HOOI,7.217999999999847
2.42927730191396,3,100,6992,5,10000,A3,HOOI,7.217999999999847
7.808118993064797,3,100,6992,5,10000,core,HOOI,7.217999999999847
2.487495440623663,3,100,6992,5,10000,A1,Olga,4.003999999999905
0.015322504224464016,3,100,6992,5,10000,A2,Olga,4.003999999999905
2.922971397318893,3,100,6992,5,10000,A3,Tracy,4.003999999999905
11.341734939250546,3,100,6992,5,10000,core,Tracy_Olga,4.003999999999905
5.542818054560273,3,100,7989,5,10000,A1,NTD,256.3119999999999
0.14548223644618746,3,100,7989,5,10000,A2,NTD,256.3119999999999
7986.032742266543,3,100,7989,5,10000,A3,NTD,256.3119999999999
11.917673303344118,3,100,7989,5,10000,core,NTD,256.3119999999999
1.8763413781943479,3,100,7989,5,10000,A1,Ours,12.114999999999782
0.007571993125458241,3,100,7989,5,10000,A2,Ours,12.114999999999782
2.457980078515875,3,100,7989,5,10000,A3,Ours,12.114999999999782
11.385378005047057,3,100,7989,5,10000,core,Ours,12.114999999999782
1.8763413781943479,3,100,7989,5,10000,A1,HOSVD,2.467999999999847
0.007571993125458241,3,100,7989,5,10000,A2,HOSVD,2.467999999999847
2.453052110307209,3,100,7989,5,10000,A3,HOSVD,2.467999999999847
11.385070087569627,3,100,7989,5,10000,core,HOSVD,2.467999999999847
1.880591854316359,3,100,7989,5,10000,A1,HOOI,8.381999999999607
0.007566176333544123,3,100,7989,5,10000,A2,HOOI,8.381999999999607
2.454504748210603,3,100,7989,5,10000,A3,HOOI,8.381999999999607
11.372482177441661,3,100,7989,5,10000,core,HOOI,8.381999999999607
1.6669604455768048,3,100,7989,5,10000,A1,Olga,5.1030000000000655
0.012921462836822646,3,100,7989,5,10000,A2,Olga,5.1030000000000655
2.9456475709244616,3,100,7989,5,10000,A3,Tracy,5.1030000000000655
11.353774838293372,3,100,7989,5,10000,core,Tracy_Olga,5.1030000000000655
2.7451853594941444,3,100,8985,5,10000,A1,NTD,287.22499999999945
0.20152948228709755,3,100,8985,5,10000,A2,NTD,287.22499999999945
8982.03618664945,3,100,8985,5,10000,A3,NTD,287.22499999999945
11.94407097372144,3,100,8985,5,10000,core,NTD,287.22499999999945
2.632058521066395,3,100,8985,5,10000,A1,Ours,14.173999999999978
0.012674012934200472,3,100,8985,5,10000,A2,Ours,14.173999999999978
2.456905405509626,3,100,8985,5,10000,A3,Ours,14.173999999999978
11.355821018294598,3,100,8985,5,10000,core,Ours,14.173999999999978
2.632058521066395,3,100,8985,5,10000,A1,HOSVD,2.97400000000016
0.012674012934200472,3,100,8985,5,10000,A2,HOSVD,2.97400000000016
2.450685917131019,3,100,8985,5,10000,A3,HOSVD,2.97400000000016
11.35559942283004,3,100,8985,5,10000,core,HOSVD,2.97400000000016
2.6251151388421685,3,100,8985,5,10000,A1,HOOI,12.38000000000011
0.01225199192803629,3,100,8985,5,10000,A2,HOOI,12.38000000000011
2.4534712697439782,3,100,8985,5,10000,A3,HOOI,12.38000000000011
11.388411021564275,3,100,8985,5,10000,core,HOOI,12.38000000000011
2.3611470515477064,3,100,8985,5,10000,A1,Olga,6.117999999999483
0.02915614352775646,3,100,8985,5,10000,A2,Olga,6.117999999999483
2.9368340415686838,3,100,8985,5,10000,A3,Tracy,6.117999999999483
11.361548916997304,3,100,8985,5,10000,core,Tracy_Olga,6.117999999999483
2.3955051920693458,3,100,9984,5,10000,A1,NTD,308.4920000000002
0.12882502102041182,3,100,9984,5,10000,A2,NTD,308.4920000000002
9981.029250041596,3,100,9984,5,10000,A3,NTD,308.4920000000002
14.386965681252818,3,100,9984,5,10000,core,NTD,308.4920000000002
3.468500710003894,3,100,9984,5,10000,A1,Ours,14.405000000000655
0.010335740958193156,3,100,9984,5,10000,A2,Ours,14.405000000000655
2.464989417671431,3,100,9984,5,10000,A3,Ours,14.405000000000655
7.807473446602458,3,100,9984,5,10000,core,Ours,14.405000000000655
3.468500710003894,3,100,9984,5,10000,A1,HOSVD,3.2950000000000728
0.010335740958193156,3,100,9984,5,10000,A2,HOSVD,3.2950000000000728
2.4575164208092204,3,100,9984,5,10000,A3,HOSVD,3.2950000000000728
7.810489800942679,3,100,9984,5,10000,core,HOSVD,3.2950000000000728
3.472906170072156,3,100,9984,5,10000,A1,HOOI,12.126999999999498
0.01029656337221544,3,100,9984,5,10000,A2,HOOI,12.126999999999498
2.458543447525078,3,100,9984,5,10000,A3,HOOI,12.126999999999498
7.812012719964459,3,100,9984,5,10000,core,HOOI,12.126999999999498
2.5905635258088826,3,100,9984,5,10000,A1,Olga,6.068999999999505
0.03024575538760916,3,100,9984,5,10000,A2,Olga,6.068999999999505
2.930599876999949,3,100,9984,5,10000,A3,Tracy,6.068999999999505
11.31983050247124,3,100,9984,5,10000,core,Tracy_Olga,6.068999999999505
