error,K,Q1,R,Q2,M,mode,method,time
12.712144233263773,3,100,986,5,100,A1,NTD,41.22
4.09249185760306,3,100,986,5,100,A2,NTD,41.22
983.2986847501043,3,100,986,5,100,A3,NTD,41.22
10.069940933791896,3,100,986,5,100,core,NTD,41.22
14.831929548542291,3,100,986,5,100,A1,Ours,6.828000000000003
0.20245567788445684,3,100,986,5,100,A2,Ours,6.828000000000003
3.2438124920068656,3,100,986,5,100,A3,Ours,6.828000000000003
12.248337256252821,3,100,986,5,100,core,Ours,6.828000000000003
14.831929548542291,3,100,986,5,100,A1,HOSVD,5.557000000000002
0.20245567788445684,3,100,986,5,100,A2,HOSVD,5.557000000000002
2.5251739564048514,3,100,986,5,100,A3,HOSVD,5.557000000000002
11.836005226355708,3,100,986,5,100,core,HOSVD,5.557000000000002
15.022133622500089,3,100,986,5,100,A1,HOOI,6.162000000000006
0.18161908631637802,3,100,986,5,100,A2,HOOI,6.162000000000006
2.553608620003208,3,100,986,5,100,A3,HOOI,6.162000000000006
11.921664335632675,3,100,986,5,100,core,HOOI,6.162000000000006
23.008828712829093,3,100,986,5,100,A1,Olga,1.8109999999999928
0.4573564160686848,3,100,986,5,100,A2,Olga,1.8109999999999928
2.8003498898886408,3,100,986,5,100,A3,Tracy,1.8109999999999928
11.880590142225378,3,100,986,5,100,core,Tracy_Olga,1.8109999999999928
104.67771764787106,3,100,4528,5,100,A1,NTD,163.245
2.9925483468648637,3,100,4528,5,100,A2,NTD,163.245
4525.470570313519,3,100,4528,5,100,A3,NTD,163.245
9.907600871281572,3,100,4528,5,100,core,NTD,163.245
18.920858486071268,3,100,4528,5,100,A1,Ours,12.39500000000001
0.16442959408088895,3,100,4528,5,100,A2,Ours,12.39500000000001
5.365198782511826,3,100,4528,5,100,A3,Ours,12.39500000000001
11.141137673033858,3,100,4528,5,100,core,Ours,12.39500000000001
18.920858486071268,3,100,4528,5,100,A1,HOSVD,15.051000000000016
0.16442959408088895,3,100,4528,5,100,A2,HOSVD,15.051000000000016
2.7590497315305536,3,100,4528,5,100,A3,HOSVD,15.051000000000016
11.877936675114185,3,100,4528,5,100,core,HOSVD,15.051000000000016
77.37858520966482,3,100,4528,5,100,A1,Olga,12.093999999999994
1.2035087362723562,3,100,4528,5,100,A2,Olga,12.093999999999994
3.9720598800171927,3,100,4528,5,100,A3,Tracy,12.093999999999994
8.048190381138593,3,100,4528,5,100,core,Tracy_Olga,12.093999999999994
106.66071724392897,3,100,8242,5,100,A1,NTD,278.442
4.423594674785919,3,100,8242,5,100,A2,NTD,278.442
8239.536075499236,3,100,8242,5,100,A3,NTD,278.442
10.511230600063666,3,100,8242,5,100,core,NTD,278.442
18.465406195932324,3,100,8242,5,100,A1,Ours,31.498000000000047
0.1855406997228442,3,100,8242,5,100,A2,Ours,31.498000000000047
5.404707980764854,3,100,8242,5,100,A3,Ours,31.498000000000047
10.14455936513671,3,100,8242,5,100,core,Ours,31.498000000000047
18.465406195932324,3,100,8242,5,100,A1,HOSVD,20.228999999999928
0.1855406997228442,3,100,8242,5,100,A2,HOSVD,20.228999999999928
3.9687758227156498,3,100,8242,5,100,A3,HOSVD,20.228999999999928
11.973012909996816,3,100,8242,5,100,core,HOSVD,20.228999999999928
82.68652380772112,3,100,8242,5,100,A1,Olga,11.974999999999909
1.8901507690979733,3,100,8242,5,100,A2,Olga,11.974999999999909
4.034880304208174,3,100,8242,5,100,A3,Tracy,11.974999999999909
10.697693561835377,3,100,8242,5,100,core,Tracy_Olga,11.974999999999909
2.9893859420469493,3,100,998,5,500,A1,NTD,28.224000000000046
0.8257491185117802,3,100,998,5,500,A2,NTD,28.224000000000046
995.1021491593792,3,100,998,5,500,A3,NTD,28.224000000000046
9.721113563611365,3,100,998,5,500,core,NTD,28.224000000000046
8.451848379863828,3,100,998,5,500,A1,Ours,1.566000000000031
0.07011616845740852,3,100,998,5,500,A2,Ours,1.566000000000031
2.485703102228526,3,100,998,5,500,A3,Ours,1.566000000000031
12.771064970600618,3,100,998,5,500,core,Ours,1.566000000000031
8.451848379863828,3,100,998,5,500,A1,HOSVD,1.7129999999999654
0.07011616845740852,3,100,998,5,500,A2,HOSVD,1.7129999999999654
2.4453392484017304,3,100,998,5,500,A3,HOSVD,1.7129999999999654
12.818680403069353,3,100,998,5,500,core,HOSVD,1.7129999999999654
8.333989809353962,3,100,998,5,500,A1,HOOI,1.9860000000001037
0.06749176644155014,3,100,998,5,500,A2,HOOI,1.9860000000001037
2.4515150584439036,3,100,998,5,500,A3,HOOI,1.9860000000001037
12.833815793336838,3,100,998,5,500,core,HOOI,1.9860000000001037
8.627081145835856,3,100,998,5,500,A1,Olga,2.088000000000079
0.19128428701673655,3,100,998,5,500,A2,Olga,2.088000000000079
2.8490796344753035,3,100,998,5,500,A3,Tracy,2.088000000000079
11.865565759907195,3,100,998,5,500,core,Tracy_Olga,2.088000000000079
23.236472476216857,3,100,4892,5,500,A1,NTD,161.41499999999996
5.417786802579443,3,100,4892,5,500,A2,NTD,161.41499999999996
4889.244997221737,3,100,4892,5,500,A3,NTD,161.41499999999996
12.709390461470798,3,100,4892,5,500,core,NTD,161.41499999999996
11.78987155239091,3,100,4892,5,500,A1,Ours,16.519999999999982
0.041506053019556025,3,100,4892,5,500,A2,Ours,16.519999999999982
3.2582485491705184,3,100,4892,5,500,A3,Ours,16.519999999999982
8.803713764743398,3,100,4892,5,500,core,Ours,16.519999999999982
11.78987155239091,3,100,4892,5,500,A1,HOSVD,9.683999999999969
0.041506053019556025,3,100,4892,5,500,A2,HOSVD,9.683999999999969
2.606016200835306,3,100,4892,5,500,A3,HOSVD,9.683999999999969
11.794927923247558,3,100,4892,5,500,core,HOSVD,9.683999999999969
11.74543020633906,3,100,4892,5,500,A1,HOOI,4.446000000000026
0.041377095083679566,3,100,4892,5,500,A2,HOOI,4.446000000000026
3.8068416166658374,3,100,4892,5,500,A3,HOOI,4.446000000000026
13.270722296463594,3,100,4892,5,500,core,HOOI,4.446000000000026
11.213683753353742,3,100,4892,5,500,A1,Olga,4.184999999999945
1.3052395764292974,3,100,4892,5,500,A2,Olga,4.184999999999945
2.874599469639463,3,100,4892,5,500,A3,Tracy,4.184999999999945
10.30349102037296,3,100,4892,5,500,core,Tracy_Olga,4.184999999999945
28.86859468560999,3,100,9611,5,500,A1,NTD,311.89099999999996
3.986782339120517,3,100,9611,5,500,A2,NTD,311.89099999999996
9608.34262375059,3,100,9611,5,500,A3,NTD,311.89099999999996
10.833719728216487,3,100,9611,5,500,core,NTD,311.89099999999996
8.47729527970824,3,100,9611,5,500,A1,Ours,14.88000000000011
0.033217224386287214,3,100,9611,5,500,A2,Ours,14.88000000000011
5.402616828911215,3,100,9611,5,500,A3,Ours,14.88000000000011
12.858859875534078,3,100,9611,5,500,core,Ours,14.88000000000011
8.47729527970824,3,100,9611,5,500,A1,HOSVD,4.908999999999878
0.033217224386287214,3,100,9611,5,500,A2,HOSVD,4.908999999999878
2.642797685842716,3,100,9611,5,500,A3,HOSVD,4.908999999999878
12.148812932168303,3,100,9611,5,500,core,HOSVD,4.908999999999878
8.673035368164678,3,100,9611,5,500,A1,HOOI,14.599999999999909
0.03630061687786172,3,100,9611,5,500,A2,HOOI,14.599999999999909
2.652134562024731,3,100,9611,5,500,A3,HOOI,14.599999999999909
12.18137928173938,3,100,9611,5,500,core,HOOI,14.599999999999909
18.312579933783326,3,100,9611,5,500,A1,Olga,7.887000000000171
1.0814903051868687,3,100,9611,5,500,A2,Olga,7.887000000000171
2.9451427229785736,3,100,9611,5,500,A3,Tracy,7.887000000000171
11.887302969851653,3,100,9611,5,500,core,Tracy_Olga,7.887000000000171
2.6993036033277154,3,100,999,5,1000,A1,NTD,27.93600000000015
0.3009372325121492,3,100,999,5,1000,A2,NTD,27.93600000000015
996.0675227080737,3,100,999,5,1000,A3,NTD,27.93600000000015
12.550096138243623,3,100,999,5,1000,core,NTD,27.93600000000015
6.979658752721997,3,100,999,5,1000,A1,Ours,1.9980000000000473
0.03727274897559512,3,100,999,5,1000,A2,Ours,1.9980000000000473
2.506057136755284,3,100,999,5,1000,A3,Ours,1.9980000000000473
11.569744531961936,3,100,999,5,1000,core,Ours,1.9980000000000473
6.979658752721997,3,100,999,5,1000,A1,HOSVD,2.9760000000001128
0.03727274897559512,3,100,999,5,1000,A2,HOSVD,2.9760000000001128
2.500377124650162,3,100,999,5,1000,A3,HOSVD,2.9760000000001128
11.559151312205438,3,100,999,5,1000,core,HOSVD,2.9760000000001128
7.127692960088596,3,100,999,5,1000,A1,HOOI,3.97400000000016
0.0349227049895759,3,100,999,5,1000,A2,HOOI,3.97400000000016
2.469329960792904,3,100,999,5,1000,A3,HOOI,3.97400000000016
11.856775077474943,3,100,999,5,1000,core,HOOI,3.97400000000016
5.322510066824373,3,100,999,5,1000,A1,Olga,4.567000000000007
0.10891955736957253,3,100,999,5,1000,A2,Olga,4.567000000000007
2.9650501209931073,3,100,999,5,1000,A3,Tracy,4.567000000000007
11.561540656798785,3,100,999,5,1000,core,Tracy_Olga,4.567000000000007
4.332682173919227,3,100,4961,5,1000,A1,NTD,150.73800000000006
0.9925779222989107,3,100,4961,5,1000,A2,NTD,150.73800000000006
4958.16405376193,3,100,4961,5,1000,A3,NTD,150.73800000000006
12.577749380575419,3,100,4961,5,1000,core,NTD,150.73800000000006
7.098864418738826,3,100,4961,5,1000,A1,Ours,4.902000000000044
0.021733399352083675,3,100,4961,5,1000,A2,Ours,4.902000000000044
2.9851536593420653,3,100,4961,5,1000,A3,Ours,4.902000000000044
11.16495664462558,3,100,4961,5,1000,core,Ours,4.902000000000044
7.098864418738826,3,100,4961,5,1000,A1,HOSVD,1.5860000000000127
0.021733399352083675,3,100,4961,5,1000,A2,HOSVD,1.5860000000000127
2.612430392202069,3,100,4961,5,1000,A3,HOSVD,1.5860000000000127
12.198764368494608,3,100,4961,5,1000,core,HOSVD,1.5860000000000127
7.08760017689922,3,100,4961,5,1000,A1,HOOI,4.2840000000001055
0.015380024271669528,3,100,4961,5,1000,A2,HOOI,4.2840000000001055
2.6138601919970874,3,100,4961,5,1000,A3,HOOI,4.2840000000001055
12.224548933130414,3,100,4961,5,1000,core,HOOI,4.2840000000001055
6.514866896985692,3,100,4961,5,1000,A1,Olga,2.5579999999999927
0.29965800392313624,3,100,4961,5,1000,A2,Olga,2.5579999999999927
2.877531120613727,3,100,4961,5,1000,A3,Tracy,2.5579999999999927
12.212514085602772,3,100,4961,5,1000,core,Tracy_Olga,2.5579999999999927
13.551331793385202,3,100,9799,5,1000,A1,NTD,318.1189999999999
2.489673979775864,3,100,9799,5,1000,A2,NTD,318.1189999999999
9796.24839589158,3,100,9799,5,1000,A3,NTD,318.1189999999999
13.42332862313653,3,100,9799,5,1000,core,NTD,318.1189999999999
7.601439833776386,3,100,9799,5,1000,A1,Ours,13.605000000000018
0.020024829896298703,3,100,9799,5,1000,A2,Ours,13.605000000000018
3.2624911404219383,3,100,9799,5,1000,A3,Ours,13.605000000000018
10.202878323804596,3,100,9799,5,1000,core,Ours,13.605000000000018
7.601439833776386,3,100,9799,5,1000,A1,HOSVD,4.88799999999992
0.020024829896298703,3,100,9799,5,1000,A2,HOSVD,4.88799999999992
2.6088357092882384,3,100,9799,5,1000,A3,HOSVD,4.88799999999992
12.082880780075444,3,100,9799,5,1000,core,HOSVD,4.88799999999992
7.711102948894118,3,100,9799,5,1000,A1,HOOI,13.46699999999987
0.01371401241524399,3,100,9799,5,1000,A2,HOOI,13.46699999999987
2.612337152065389,3,100,9799,5,1000,A3,HOOI,13.46699999999987
12.114811569245266,3,100,9799,5,1000,core,HOOI,13.46699999999987
7.545360965022109,3,100,9799,5,1000,A1,Olga,8.76299999999992
0.49377071331876154,3,100,9799,5,1000,A2,Olga,8.76299999999992
2.8982093429506457,3,100,9799,5,1000,A3,Tracy,8.76299999999992
12.186669687098975,3,100,9799,5,1000,core,Tracy_Olga,8.76299999999992
2.4523446234064483,3,100,1000,5,2500,A1,NTD,28.53599999999983
1.031945252614083,3,100,1000,5,2500,A2,NTD,28.53599999999983
997.0005963687327,3,100,1000,5,2500,A3,NTD,28.53599999999983
12.13033417829754,3,100,1000,5,2500,core,NTD,28.53599999999983
3.7675076377301773,3,100,1000,5,2500,A1,Ours,4.391000000000076
0.015939504599232594,3,100,1000,5,2500,A2,Ours,4.391000000000076
0.4173756860328705,3,100,1000,5,2500,A3,Ours,4.391000000000076
12.36431391984868,3,100,1000,5,2500,core,Ours,4.391000000000076
3.7675076377301773,3,100,1000,5,2500,A1,HOSVD,2.2769999999998163
0.015939504599232594,3,100,1000,5,2500,A2,HOSVD,2.2769999999998163
0.4164756081430321,3,100,1000,5,2500,A3,HOSVD,2.2769999999998163
12.365484819779297,3,100,1000,5,2500,core,HOSVD,2.2769999999998163
3.8017166906975692,3,100,1000,5,2500,A1,HOOI,3.0319999999999254
0.013433713504720841,3,100,1000,5,2500,A2,HOOI,3.0319999999999254
0.7156203489477585,3,100,1000,5,2500,A3,HOOI,3.0319999999999254
11.503901797751139,3,100,1000,5,2500,core,HOOI,3.0319999999999254
3.0764724188207686,3,100,1000,5,2500,A1,Olga,3.814999999999827
0.0315432615166603,3,100,1000,5,2500,A2,Olga,3.814999999999827
1.5384276740100833,3,100,1000,5,2500,A3,Tracy,3.814999999999827
11.47920576977018,3,100,1000,5,2500,core,Tracy_Olga,3.814999999999827
3.3958570820358713,3,100,4977,5,2500,A1,NTD,160.8989999999999
2.1877219093609535,3,100,4977,5,2500,A2,NTD,160.8989999999999
4974.081126839266,3,100,4977,5,2500,A3,NTD,160.8989999999999
10.8489857633964,3,100,4977,5,2500,core,NTD,160.8989999999999
4.191954642538854,3,100,4977,5,2500,A1,Ours,5.589999999999918
0.030400617328026028,3,100,4977,5,2500,A2,Ours,5.589999999999918
2.6048792500187012,3,100,4977,5,2500,A3,Ours,5.589999999999918
12.195014237279189,3,100,4977,5,2500,core,Ours,5.589999999999918
4.191954642538854,3,100,4977,5,2500,A1,HOSVD,1.54099999999994
0.030400617328026028,3,100,4977,5,2500,A2,HOSVD,1.54099999999994
2.5744612075501516,3,100,4977,5,2500,A3,HOSVD,1.54099999999994
12.198022763852574,3,100,4977,5,2500,core,HOSVD,1.54099999999994
4.209041011716287,3,100,4977,5,2500,A1,HOOI,4.427999999999884
0.02934359539580765,3,100,4977,5,2500,A2,HOOI,4.427999999999884
2.573559744926633,3,100,4977,5,2500,A3,HOOI,4.427999999999884
12.214574537612867,3,100,4977,5,2500,core,HOOI,4.427999999999884
4.518171530895785,3,100,4977,5,2500,A1,Olga,3.5410000000001673
0.1368586782494202,3,100,4977,5,2500,A2,Olga,3.5410000000001673
2.8500433609688085,3,100,4977,5,2500,A3,Tracy,3.5410000000001673
12.199367049395454,3,100,4977,5,2500,core,Tracy_Olga,3.5410000000001673
4.341451498657814,3,100,9933,5,2500,A1,NTD,321.9630000000002
3.9867631658915292,3,100,9933,5,2500,A2,NTD,321.9630000000002
9930.116493210682,3,100,9933,5,2500,A3,NTD,321.9630000000002
12.06710137806039,3,100,9933,5,2500,core,NTD,321.9630000000002
3.3721905587406775,3,100,9933,5,2500,A1,Ours,13.119000000000142
0.00638856343434156,3,100,9933,5,2500,A2,Ours,13.119000000000142
2.873633630075796,3,100,9933,5,2500,A3,Ours,13.119000000000142
11.24774978754054,3,100,9933,5,2500,core,Ours,13.119000000000142
3.3721905587406775,3,100,9933,5,2500,A1,HOSVD,3.374000000000251
0.00638856343434156,3,100,9933,5,2500,A2,HOSVD,3.374000000000251
2.5772236718021126,3,100,9933,5,2500,A3,HOSVD,3.374000000000251
12.237219823197027,3,100,9933,5,2500,core,HOSVD,3.374000000000251
3.3652821019521038,3,100,9933,5,2500,A1,HOOI,11.056999999999789
0.006720311124391517,3,100,9933,5,2500,A2,HOOI,11.056999999999789
2.5769719396366035,3,100,9933,5,2500,A3,HOOI,11.056999999999789
12.249193320435193,3,100,9933,5,2500,core,HOOI,11.056999999999789
4.015560247548134,3,100,9933,5,2500,A1,Olga,6.188000000000102
0.29996594687025846,3,100,9933,5,2500,A2,Olga,6.188000000000102
2.8634131841761623,3,100,9933,5,2500,A3,Tracy,6.188000000000102
12.188598238016521,3,100,9933,5,2500,core,Tracy_Olga,6.188000000000102
2.036448554483319,3,100,1000,5,5000,A1,NTD,27.688000000000102
0.3093534088971685,3,100,1000,5,5000,A2,NTD,27.688000000000102
997.0004129402727,3,100,1000,5,5000,A3,NTD,27.688000000000102
13.465767165885618,3,100,1000,5,5000,core,NTD,27.688000000000102
2.461896313022321,3,100,1000,5,5000,A1,Ours,0.6110000000003311
0.006836998376808965,3,100,1000,5,5000,A2,Ours,0.6110000000003311
0.21563213756585659,3,100,1000,5,5000,A3,Ours,0.6110000000003311
12.45132214775198,3,100,1000,5,5000,core,Ours,0.6110000000003311
2.461896313022321,3,100,1000,5,5000,A1,HOSVD,0.48700000000008004
0.006836998376808965,3,100,1000,5,5000,A2,HOSVD,0.48700000000008004
0.21536900032068396,3,100,1000,5,5000,A3,HOSVD,0.48700000000008004
12.451515352681662,3,100,1000,5,5000,core,HOSVD,0.48700000000008004
2.462425346975367,3,100,1000,5,5000,A1,HOOI,0.6700000000000728
0.008287490219781668,3,100,1000,5,5000,A2,HOOI,0.6700000000000728
0.21746909122802696,3,100,1000,5,5000,A3,HOOI,0.6700000000000728
12.45052856369788,3,100,1000,5,5000,core,HOOI,0.6700000000000728
2.4400975459592145,3,100,1000,5,5000,A1,Olga,0.4259999999999309
0.010859693921513964,3,100,1000,5,5000,A2,Olga,0.4259999999999309
1.3687273609713664,3,100,1000,5,5000,A3,Tracy,0.4259999999999309
12.143136156627657,3,100,1000,5,5000,core,Tracy_Olga,0.4259999999999309
6.723746011931089,3,100,4989,5,5000,A1,NTD,158.0039999999999
0.22747095428269937,3,100,4989,5,5000,A2,NTD,158.0039999999999
4986.053124630557,3,100,4989,5,5000,A3,NTD,158.0039999999999
12.238550089537897,3,100,4989,5,5000,core,NTD,158.0039999999999
2.7753305473321057,3,100,4989,5,5000,A1,Ours,6.095000000000255
0.01818355204157107,3,100,4989,5,5000,A2,Ours,6.095000000000255
2.538646865378414,3,100,4989,5,5000,A3,Ours,6.095000000000255
12.692931707538255,3,100,4989,5,5000,core,Ours,6.095000000000255
2.7753305473321057,3,100,4989,5,5000,A1,HOSVD,1.9060000000004038
0.01818355204157107,3,100,4989,5,5000,A2,HOSVD,1.9060000000004038
2.535082496708338,3,100,4989,5,5000,A3,HOSVD,1.9060000000004038
12.705462753256219,3,100,4989,5,5000,core,HOSVD,1.9060000000004038
2.750758507646716,3,100,4989,5,5000,A1,HOOI,4.2719999999999345
0.018882951000186776,3,100,4989,5,5000,A2,HOOI,4.2719999999999345
2.5332215891194747,3,100,4989,5,5000,A3,HOOI,4.2719999999999345
12.058930226026316,3,100,4989,5,5000,core,HOOI,4.2719999999999345
2.2553728105994546,3,100,4989,5,5000,A1,Olga,2.5219999999999345
0.09971350754159893,3,100,4989,5,5000,A2,Olga,2.5219999999999345
2.8950579574838398,3,100,4989,5,5000,A3,Tracy,2.5219999999999345
12.033812336811007,3,100,4989,5,5000,core,Tracy_Olga,2.5219999999999345
2.4402216139821604,3,100,9961,5,5000,A1,NTD,336.3589999999999
2.913260817309731,3,100,9961,5,5000,A2,NTD,336.3589999999999
9958.085654774753,3,100,9961,5,5000,A3,NTD,336.3589999999999
14.263757366100558,3,100,9961,5,5000,core,NTD,336.3589999999999
3.6483214381641327,3,100,9961,5,5000,A1,Ours,13.708000000000084
0.01400901620095195,3,100,9961,5,5000,A2,Ours,13.708000000000084
2.616608941910234,3,100,9961,5,5000,A3,Ours,13.708000000000084
12.180832476764536,3,100,9961,5,5000,core,Ours,13.708000000000084
3.6483214381641327,3,100,9961,5,5000,A1,HOSVD,4.0779999999999745
0.01400901620095195,3,100,9961,5,5000,A2,HOSVD,4.0779999999999745
2.5863589473334803,3,100,9961,5,5000,A3,HOSVD,4.0779999999999745
12.185288599329047,3,100,9961,5,5000,core,HOSVD,4.0779999999999745
3.655409144517415,3,100,9961,5,5000,A1,HOOI,11.010999999999967
0.013962150780872576,3,100,9961,5,5000,A2,HOOI,11.010999999999967
2.587873707479534,3,100,9961,5,5000,A3,HOOI,11.010999999999967
12.182729043895085,3,100,9961,5,5000,core,HOOI,11.010999999999967
3.2361811261225237,3,100,9961,5,5000,A1,Olga,6.233000000000175
0.19183114221642844,3,100,9961,5,5000,A2,Olga,6.233000000000175
2.8589408883306437,3,100,9961,5,5000,A3,Tracy,6.233000000000175
12.179845752263667,3,100,9961,5,5000,core,Tracy_Olga,6.233000000000175
10.55666090160409,3,100,1000,5,6000,A1,NTD,27.686999999999898
0.3791569846560403,3,100,1000,5,6000,A2,NTD,27.686999999999898
997.0002685552056,3,100,1000,5,6000,A3,NTD,27.686999999999898
12.949200582539293,3,100,1000,5,6000,core,NTD,27.686999999999898
2.717708529813709,3,100,1000,5,6000,A1,Ours,0.4519999999997708
0.010987079823863403,3,100,1000,5,6000,A2,Ours,0.4519999999997708
0.16056669502549334,3,100,1000,5,6000,A3,Ours,0.4519999999997708
12.630708205184076,3,100,1000,5,6000,core,Ours,0.4519999999997708
2.717708529813709,3,100,1000,5,6000,A1,HOSVD,0.3809999999998581
0.010987079823863403,3,100,1000,5,6000,A2,HOSVD,0.3809999999998581
0.16039931708025987,3,100,1000,5,6000,A3,HOSVD,0.3809999999998581
12.630178174638209,3,100,1000,5,6000,core,HOSVD,0.3809999999998581
2.7247212419271056,3,100,1000,5,6000,A1,HOOI,0.6579999999999018
0.011650039193425207,3,100,1000,5,6000,A2,HOOI,0.6579999999999018
0.15546129189593766,3,100,1000,5,6000,A3,HOOI,0.6579999999999018
12.630733585721973,3,100,1000,5,6000,core,HOOI,0.6579999999999018
1.9767453934973054,3,100,1000,5,6000,A1,Olga,0.8930000000000291
0.014569921648001092,3,100,1000,5,6000,A2,Olga,0.8930000000000291
1.3644023668451093,3,100,1000,5,6000,A3,Tracy,0.8930000000000291
12.512360100788012,3,100,1000,5,6000,core,Tracy_Olga,0.8930000000000291
1.8345809369265482,3,100,4993,5,6000,A1,NTD,161.62400000000025
2.0612067168444645,3,100,4993,5,6000,A2,NTD,161.62400000000025
4990.0442448352815,3,100,4993,5,6000,A3,NTD,161.62400000000025
13.294573968824313,3,100,4993,5,6000,core,NTD,161.62400000000025
2.705259647682302,3,100,4993,5,6000,A1,Ours,5.539000000000215
0.003625540723367299,3,100,4993,5,6000,A2,Ours,5.539000000000215
2.561375987753134,3,100,4993,5,6000,A3,Ours,5.539000000000215
12.114576750488604,3,100,4993,5,6000,core,Ours,5.539000000000215
2.705259647682302,3,100,4993,5,6000,A1,HOSVD,1.5750000000002728
0.003625540723367299,3,100,4993,5,6000,A2,HOSVD,1.5750000000002728
2.555578536054417,3,100,4993,5,6000,A3,HOSVD,1.5750000000002728
12.115039800982133,3,100,4993,5,6000,core,HOSVD,1.5750000000002728
2.7041713438139854,3,100,4993,5,6000,A1,HOOI,4.451999999999771
0.004315171063189967,3,100,4993,5,6000,A2,HOOI,4.451999999999771
2.5550882671762096,3,100,4993,5,6000,A3,HOOI,4.451999999999771
12.12001044933478,3,100,4993,5,6000,core,HOOI,4.451999999999771
2.9819619304082776,3,100,4993,5,6000,A1,Olga,2.5989999999997053
0.050996555587731765,3,100,4993,5,6000,A2,Olga,2.5989999999997053
2.8580651742049574,3,100,4993,5,6000,A3,Tracy,2.5989999999997053
12.064019211452921,3,100,4993,5,6000,core,Tracy_Olga,2.5989999999997053
1.7837808324950415,3,100,9966,5,6000,A1,NTD,334.7399999999998
0.2075951980276638,3,100,9966,5,6000,A2,NTD,334.7399999999998
9963.069451492465,3,100,9966,5,6000,A3,NTD,334.7399999999998
8.207969623916178,3,100,9966,5,6000,core,NTD,334.7399999999998
2.205428242917347,3,100,9966,5,6000,A1,Ours,13.295999999999822
0.013071995830150444,3,100,9966,5,6000,A2,Ours,13.295999999999822
2.597747052378042,3,100,9966,5,6000,A3,Ours,13.295999999999822
12.208685644808929,3,100,9966,5,6000,core,Ours,13.295999999999822
2.205428242917347,3,100,9966,5,6000,A1,HOSVD,4.3840000000000146
0.013071995830150444,3,100,9966,5,6000,A2,HOSVD,4.3840000000000146
2.5767492972102657,3,100,9966,5,6000,A3,HOSVD,4.3840000000000146
12.210857939884049,3,100,9966,5,6000,core,HOSVD,4.3840000000000146
2.2023930884350302,3,100,9966,5,6000,A1,HOOI,10.952999999999975
0.012555887952194636,3,100,9966,5,6000,A2,HOOI,10.952999999999975
2.5778887224756724,3,100,9966,5,6000,A3,HOOI,10.952999999999975
12.207828619640948,3,100,9966,5,6000,core,HOOI,10.952999999999975
2.3411098956255842,3,100,9966,5,6000,A1,Olga,6.371999999999844
0.13486026223351003,3,100,9966,5,6000,A2,Olga,6.371999999999844
2.8493843068629956,3,100,9966,5,6000,A3,Tracy,6.371999999999844
12.167632993450336,3,100,9966,5,6000,core,Tracy_Olga,6.371999999999844
81.62794793535218,3,100,1000,5,7000,A1,NTD,27.83999999999969
0.418319146324118,3,100,1000,5,7000,A2,NTD,27.83999999999969
997.000053332996,3,100,1000,5,7000,A3,NTD,27.83999999999969
11.398954174478083,3,100,1000,5,7000,core,NTD,27.83999999999969
2.5141999411112756,3,100,1000,5,7000,A1,Ours,0.44399999999996
0.011082094410705174,3,100,1000,5,7000,A2,Ours,0.44399999999996
0.3989255500058082,3,100,1000,5,7000,A3,Ours,0.44399999999996
13.0721266956593,3,100,1000,5,7000,core,Ours,0.44399999999996
2.5141999411112756,3,100,1000,5,7000,A1,HOSVD,0.6620000000002619
0.011082094410705174,3,100,1000,5,7000,A2,HOSVD,0.6620000000002619
0.39883010323069124,3,100,1000,5,7000,A3,HOSVD,0.6620000000002619
13.072122057980598,3,100,1000,5,7000,core,HOSVD,0.6620000000002619
2.525649880448572,3,100,1000,5,7000,A1,HOOI,0.806999999999789
0.011015618207342908,3,100,1000,5,7000,A2,HOOI,0.806999999999789
0.40719448303766353,3,100,1000,5,7000,A3,HOOI,0.806999999999789
13.075310107271859,3,100,1000,5,7000,core,HOOI,0.806999999999789
2.4638634260309584,3,100,1000,5,7000,A1,Olga,0.46299999999973807
0.0076859542232605915,3,100,1000,5,7000,A2,Olga,0.46299999999973807
1.3699674522423502,3,100,1000,5,7000,A3,Tracy,0.46299999999973807
12.685661836768375,3,100,1000,5,7000,core,Tracy_Olga,0.46299999999973807
2.0862698812820835,3,100,4993,5,7000,A1,NTD,158.08300000000008
3.623057521103875,3,100,4993,5,7000,A2,NTD,158.08300000000008
4990.037449685854,3,100,4993,5,7000,A3,NTD,158.08300000000008
9.046565238940973,3,100,4993,5,7000,core,NTD,158.08300000000008
2.776627999128025,3,100,4993,5,7000,A1,Ours,19.490999999999985
0.01468429379504969,3,100,4993,5,7000,A2,Ours,19.490999999999985
2.567047485898327,3,100,4993,5,7000,A3,Ours,19.490999999999985
11.999967314770448,3,100,4993,5,7000,core,Ours,19.490999999999985
2.776627999128025,3,100,4993,5,7000,A1,HOSVD,16.093999999999596
0.01468429379504969,3,100,4993,5,7000,A2,HOSVD,16.093999999999596
2.5629699109066673,3,100,4993,5,7000,A3,HOSVD,16.093999999999596
12.000063185487683,3,100,4993,5,7000,core,HOSVD,16.093999999999596
2.7678640161266097,3,100,4993,5,7000,A1,HOOI,21.02300000000014
0.013664945681497977,3,100,4993,5,7000,A2,HOOI,21.02300000000014
2.561057607760046,3,100,4993,5,7000,A3,HOOI,21.02300000000014
12.001352372968272,3,100,4993,5,7000,core,HOOI,21.02300000000014
2.0479065729164283,3,100,4993,5,7000,A1,Olga,13.36999999999989
0.07236112048564047,3,100,4993,5,7000,A2,Olga,13.36999999999989
2.883328663428578,3,100,4993,5,7000,A3,Tracy,13.36999999999989
11.973795635011983,3,100,4993,5,7000,core,Tracy_Olga,13.36999999999989
2.294663892756582,3,100,9974,5,7000,A1,NTD,319.87300000000005
0.620826772149171,3,100,9974,5,7000,A2,NTD,319.87300000000005
9971.065451819268,3,100,9974,5,7000,A3,NTD,319.87300000000005
11.357409398841831,3,100,9974,5,7000,core,NTD,319.87300000000005
2.818796342508827,3,100,9974,5,7000,A1,Ours,14.33599999999933
0.01340513152475386,3,100,9974,5,7000,A2,Ours,14.33599999999933
2.5828695709780516,3,100,9974,5,7000,A3,Ours,14.33599999999933
12.210052728479972,3,100,9974,5,7000,core,Ours,14.33599999999933
2.818796342508827,3,100,9974,5,7000,A1,HOSVD,3.7899999999999636
0.01340513152475386,3,100,9974,5,7000,A2,HOSVD,3.7899999999999636
2.567401216840909,3,100,9974,5,7000,A3,HOSVD,3.7899999999999636
12.21145062843782,3,100,9974,5,7000,core,HOSVD,3.7899999999999636
2.823953438021185,3,100,9974,5,7000,A1,HOOI,11.51299999999992
0.012892140587953186,3,100,9974,5,7000,A2,HOOI,11.51299999999992
2.5675264223805954,3,100,9974,5,7000,A3,HOOI,11.51299999999992
12.219859474585107,3,100,9974,5,7000,core,HOOI,11.51299999999992
2.1260919359515187,3,100,9974,5,7000,A1,Olga,7.02100000000064
0.10257012686827338,3,100,9974,5,7000,A2,Olga,7.02100000000064
2.845838638734764,3,100,9974,5,7000,A3,Tracy,7.02100000000064
12.190247006687608,3,100,9974,5,7000,core,Tracy_Olga,7.02100000000064
2.1774479969435667,3,100,1000,5,8000,A1,NTD,27.34599999999955
1.0733705529639317,3,100,1000,5,8000,A2,NTD,27.34599999999955
997.0002816494656,3,100,1000,5,8000,A3,NTD,27.34599999999955
12.516021900987907,3,100,1000,5,8000,core,NTD,27.34599999999955
2.7681228530158575,3,100,1000,5,8000,A1,Ours,0.842000000000553
0.006965459560521591,3,100,1000,5,8000,A2,Ours,0.842000000000553
0.12097637857298557,3,100,1000,5,8000,A3,Ours,0.842000000000553
12.566980688923925,3,100,1000,5,8000,core,Ours,0.842000000000553
2.7681228530158575,3,100,1000,5,8000,A1,HOSVD,0.4420000000000073
0.006965459560521591,3,100,1000,5,8000,A2,HOSVD,0.4420000000000073
0.12088228674390368,3,100,1000,5,8000,A3,HOSVD,0.4420000000000073
12.566736737280385,3,100,1000,5,8000,core,HOSVD,0.4420000000000073
2.7665597614538258,3,100,1000,5,8000,A1,HOOI,0.8090000000001965
0.0059730448571461685,3,100,1000,5,8000,A2,HOOI,0.8090000000001965
0.12061776623490975,3,100,1000,5,8000,A3,HOOI,0.8090000000001965
12.567201356796248,3,100,1000,5,8000,core,HOOI,0.8090000000001965
2.3372012470069072,3,100,1000,5,8000,A1,Olga,0.4489999999996144
0.007281401856375456,3,100,1000,5,8000,A2,Olga,0.4489999999996144
1.3792553168145287,3,100,1000,5,8000,A3,Tracy,0.4489999999996144
12.243530932830808,3,100,1000,5,8000,core,Tracy_Olga,0.4489999999996144
1.8930530452323155,3,100,4996,5,8000,A1,NTD,148.84299999999985
0.29307968819794555,3,100,4996,5,8000,A2,NTD,148.84299999999985
4993.034392126859,3,100,4996,5,8000,A3,NTD,148.84299999999985
6.705801913104844,3,100,4996,5,8000,core,NTD,148.84299999999985
2.49440588629101,3,100,4996,5,8000,A1,Ours,5.225999999999658
0.009432854822169589,3,100,4996,5,8000,A2,Ours,5.225999999999658
2.571460586715521,3,100,4996,5,8000,A3,Ours,5.225999999999658
10.332924775978451,3,100,4996,5,8000,core,Ours,5.225999999999658
2.49440588629101,3,100,4996,5,8000,A1,HOSVD,1.5139999999992142
0.009432854822169589,3,100,4996,5,8000,A2,HOSVD,1.5139999999992142
2.568212752403007,3,100,4996,5,8000,A3,HOSVD,1.5139999999992142
10.332924775978451,3,100,4996,5,8000,core,HOSVD,1.5139999999992142
2.4909197135005727,3,100,4996,5,8000,A1,HOOI,3.9769999999998618
0.008145263308328005,3,100,4996,5,8000,A2,HOOI,3.9769999999998618
2.560388789652806,3,100,4996,5,8000,A3,HOOI,3.9769999999998618
10.29269829474369,3,100,4996,5,8000,core,HOOI,3.9769999999998618
2.0463847667930515,3,100,4996,5,8000,A1,Olga,2.576999999999316
0.0362617931855998,3,100,4996,5,8000,A2,Olga,2.576999999999316
2.86767156127331,3,100,4996,5,8000,A3,Tracy,2.576999999999316
10.308390058997825,3,100,4996,5,8000,core,Tracy_Olga,2.576999999999316
1.7647491005874296,3,100,9976,5,8000,A1,NTD,316.3240000000005
3.3503403861560637,3,100,9976,5,8000,A2,NTD,316.3240000000005
9973.055052552436,3,100,9976,5,8000,A3,NTD,316.3240000000005
12.453809210853517,3,100,9976,5,8000,core,NTD,316.3240000000005
1.998788689781597,3,100,9976,5,8000,A1,Ours,13.967000000000553
0.01239292536191593,3,100,9976,5,8000,A2,Ours,13.967000000000553
2.5855618625929546,3,100,9976,5,8000,A3,Ours,13.967000000000553
12.212993540199903,3,100,9976,5,8000,core,Ours,13.967000000000553
1.998788689781597,3,100,9976,5,8000,A1,HOSVD,3.0479999999997744
0.01239292536191593,3,100,9976,5,8000,A2,HOSVD,3.0479999999997744
2.573722950936675,3,100,9976,5,8000,A3,HOSVD,3.0479999999997744
12.21409889529657,3,100,9976,5,8000,core,HOSVD,3.0479999999997744
2.0101452881437014,3,100,9976,5,8000,A1,HOOI,11.092000000000553
0.010941009778358934,3,100,9976,5,8000,A2,HOOI,11.092000000000553
2.5713098557416654,3,100,9976,5,8000,A3,HOOI,11.092000000000553
12.222300373145435,3,100,9976,5,8000,core,HOOI,11.092000000000553
1.964961550947803,3,100,9976,5,8000,A1,Olga,7.109999999999673
0.12568636411596412,3,100,9976,5,8000,A2,Olga,7.109999999999673
2.852846094488609,3,100,9976,5,8000,A3,Tracy,7.109999999999673
12.174920688832517,3,100,9976,5,8000,core,Tracy_Olga,7.109999999999673
2.2974208999018786,3,100,1000,5,9000,A1,NTD,27.6220000000003
0.5602789890582625,3,100,1000,5,9000,A2,NTD,27.6220000000003
997.0000724795947,3,100,1000,5,9000,A3,NTD,27.6220000000003
12.468733980437564,3,100,1000,5,9000,core,NTD,27.6220000000003
2.939718472348239,3,100,1000,5,9000,A1,Ours,0.5879999999997381
0.01880462972023712,3,100,1000,5,9000,A2,Ours,0.5879999999997381
0.07314600722884694,3,100,1000,5,9000,A3,Ours,0.5879999999997381
12.61981939055751,3,100,1000,5,9000,core,Ours,0.5879999999997381
2.939718472348239,3,100,1000,5,9000,A1,HOSVD,0.38100000000031287
0.01880462972023712,3,100,1000,5,9000,A2,HOSVD,0.38100000000031287
0.07316347604840426,3,100,1000,5,9000,A3,HOSVD,0.38100000000031287
12.619756306355464,3,100,1000,5,9000,core,HOSVD,0.38100000000031287
2.6774690617027446,3,100,1000,5,9000,A1,HOOI,0.6680000000005748
0.019816158308465028,3,100,1000,5,9000,A2,HOOI,0.6680000000005748
0.07298170978207111,3,100,1000,5,9000,A3,HOOI,0.6680000000005748
12.63387206355719,3,100,1000,5,9000,core,HOOI,0.6680000000005748
2.021567971445654,3,100,1000,5,9000,A1,Olga,0.4099999999998545
0.0034933344292897277,3,100,1000,5,9000,A2,Olga,0.4099999999998545
1.3327076342822253,3,100,1000,5,9000,A3,Tracy,0.4099999999998545
12.503788104359232,3,100,1000,5,9000,core,Tracy_Olga,0.4099999999998545
3.063149391741153,3,100,4995,5,9000,A1,NTD,151.27899999999954
0.23709368786271687,3,100,4995,5,9000,A2,NTD,151.27899999999954
4992.033458317108,3,100,4995,5,9000,A3,NTD,151.27899999999954
11.475105671274298,3,100,4995,5,9000,core,NTD,151.27899999999954
2.230947386480589,3,100,4995,5,9000,A1,Ours,4.493999999999687
0.008774004365277529,3,100,4995,5,9000,A2,Ours,4.493999999999687
2.5051003695552185,3,100,4995,5,9000,A3,Ours,4.493999999999687
13.235730469904672,3,100,4995,5,9000,core,Ours,4.493999999999687
2.230947386480589,3,100,4995,5,9000,A1,HOSVD,1.6309999999994034
0.008774004365277529,3,100,4995,5,9000,A2,HOSVD,1.6309999999994034
2.5038463676606058,3,100,4995,5,9000,A3,HOSVD,1.6309999999994034
13.238393733186886,3,100,4995,5,9000,core,HOSVD,1.6309999999994034
2.233235922887722,3,100,4995,5,9000,A1,HOOI,4.4409999999998035
0.008583163148917189,3,100,4995,5,9000,A2,HOOI,4.4409999999998035
2.5238371353099724,3,100,4995,5,9000,A3,HOOI,4.4409999999998035
12.164116648270314,3,100,4995,5,9000,core,HOOI,4.4409999999998035
1.651335896404849,3,100,4995,5,9000,A1,Olga,2.423999999999978
0.035303296460393055,3,100,4995,5,9000,A2,Olga,2.423999999999978
2.8936277160507955,3,100,4995,5,9000,A3,Tracy,2.423999999999978
12.135215095885842,3,100,4995,5,9000,core,Tracy_Olga,2.423999999999978
6.8091930065613635,3,100,9981,5,9000,A1,NTD,331.6869999999999
2.1042146242973434,3,100,9981,5,9000,A2,NTD,331.6869999999999
9978.058329081648,3,100,9981,5,9000,A3,NTD,331.6869999999999
12.109811778509911,3,100,9981,5,9000,core,NTD,331.6869999999999
1.8844770746249742,3,100,9981,5,9000,A1,Ours,13.990999999999985
0.009496176465702782,3,100,9981,5,9000,A2,Ours,13.990999999999985
2.570089239052773,3,100,9981,5,9000,A3,Ours,13.990999999999985
12.082326608923918,3,100,9981,5,9000,core,Ours,13.990999999999985
1.8844770746249742,3,100,9981,5,9000,A1,HOSVD,3.1850000000004
0.009496176465702782,3,100,9981,5,9000,A2,HOSVD,3.1850000000004
2.5600168108269763,3,100,9981,5,9000,A3,HOSVD,3.1850000000004
12.082016070364002,3,100,9981,5,9000,core,HOSVD,3.1850000000004
1.8721606121832859,3,100,9981,5,9000,A1,HOOI,11.488000000000284
0.007758491150813051,3,100,9981,5,9000,A2,HOOI,11.488000000000284
2.5612829869231457,3,100,9981,5,9000,A3,HOOI,11.488000000000284
12.072896247533865,3,100,9981,5,9000,core,HOOI,11.488000000000284
2.010937034550288,3,100,9981,5,9000,A1,Olga,6.206000000000131
0.0902045690972564,3,100,9981,5,9000,A2,Olga,6.206000000000131
2.8651513507738997,3,100,9981,5,9000,A3,Tracy,6.206000000000131
12.052853393362014,3,100,9981,5,9000,core,Tracy_Olga,6.206000000000131
4.985367839591948,3,100,1000,5,10000,A1,NTD,27.931000000000495
0.5329075660580704,3,100,1000,5,10000,A2,NTD,27.931000000000495
997.0001722367343,3,100,1000,5,10000,A3,NTD,27.931000000000495
10.929198333339116,3,100,1000,5,10000,core,NTD,27.931000000000495
2.1470785237611385,3,100,1000,5,10000,A1,Ours,0.5100000000002183
0.0058346256451428736,3,100,1000,5,10000,A2,Ours,0.5100000000002183
0.13947390028953074,3,100,1000,5,10000,A3,Ours,0.5100000000002183
12.755337868401476,3,100,1000,5,10000,core,Ours,0.5100000000002183
2.1470785237611385,3,100,1000,5,10000,A1,HOSVD,1.0820000000003347
0.0058346256451428736,3,100,1000,5,10000,A2,HOSVD,1.0820000000003347
0.13944634060691352,3,100,1000,5,10000,A3,HOSVD,1.0820000000003347
12.755237548603946,3,100,1000,5,10000,core,HOSVD,1.0820000000003347
2.1411994616829855,3,100,1000,5,10000,A1,HOOI,0.9130000000004657
0.005591652121929116,3,100,1000,5,10000,A2,HOOI,0.9130000000004657
0.13689456263937602,3,100,1000,5,10000,A3,HOOI,0.9130000000004657
12.757565335649277,3,100,1000,5,10000,core,HOOI,0.9130000000004657
1.7131650588298295,3,100,1000,5,10000,A1,Olga,0.49499999999989086
0.010852641460271071,3,100,1000,5,10000,A2,Olga,0.49499999999989086
1.3553561886133578,3,100,1000,5,10000,A3,Tracy,0.49499999999989086
12.609360728279068,3,100,1000,5,10000,core,Tracy_Olga,0.49499999999989086
1.9451710042368393,3,100,4996,5,10000,A1,NTD,148.64699999999993
0.5129712513238653,3,100,4996,5,10000,A2,NTD,148.64699999999993
4993.0271486488555,3,100,4996,5,10000,A3,NTD,148.64699999999993
10.645860176911295,3,100,4996,5,10000,core,NTD,148.64699999999993
2.3646297679662,3,100,4996,5,10000,A1,Ours,4.244999999999891
0.006839155899133146,3,100,4996,5,10000,A2,Ours,4.244999999999891
2.542665064794741,3,100,4996,5,10000,A3,Ours,4.244999999999891
11.967673853906456,3,100,4996,5,10000,core,Ours,4.244999999999891
2.3646297679662,3,100,4996,5,10000,A1,HOSVD,1.5510000000003856
0.006839155899133146,3,100,4996,5,10000,A2,HOSVD,1.5510000000003856
2.5403876845391964,3,100,4996,5,10000,A3,HOSVD,1.5510000000003856
11.966245282479077,3,100,4996,5,10000,core,HOSVD,1.5510000000003856
2.35270428969237,3,100,4996,5,10000,A1,HOOI,3.6060000000006767
0.006885263685645465,3,100,4996,5,10000,A2,HOOI,3.6060000000006767
2.541980613703762,3,100,4996,5,10000,A3,HOOI,3.6060000000006767
11.962168191412008,3,100,4996,5,10000,core,HOOI,3.6060000000006767
1.9898063053937054,3,100,4996,5,10000,A1,Olga,2.2260000000005675
0.03662098074477815,3,100,4996,5,10000,A2,Olga,2.2260000000005675
2.9228009436483067,3,100,4996,5,10000,A3,Tracy,2.2260000000005675
11.92309162446966,3,100,4996,5,10000,core,Tracy_Olga,2.2260000000005675
6.671830779218702,3,100,9981,5,10000,A1,NTD,332.65399999999954
3.0234392657368874,3,100,9981,5,10000,A2,NTD,332.65399999999954
9978.040950295597,3,100,9981,5,10000,A3,NTD,332.65399999999954
13.487015677783624,3,100,9981,5,10000,core,NTD,332.65399999999954
2.1916314283812754,3,100,9981,5,10000,A1,Ours,13.387000000000626
0.020505729783241024,3,100,9981,5,10000,A2,Ours,13.387000000000626
2.5747118217303107,3,100,9981,5,10000,A3,Ours,13.387000000000626
12.203313051660453,3,100,9981,5,10000,core,Ours,13.387000000000626
2.1916314283812754,3,100,9981,5,10000,A1,HOSVD,2.876999999999498
0.020505729783241024,3,100,9981,5,10000,A2,HOSVD,2.876999999999498
2.567078674064847,3,100,9981,5,10000,A3,HOSVD,2.876999999999498
12.204192107618507,3,100,9981,5,10000,core,HOSVD,2.876999999999498
2.1955159998709224,3,100,9981,5,10000,A1,HOOI,10.438999999999396
0.021924613042646417,3,100,9981,5,10000,A2,HOOI,10.438999999999396
2.5690097074888048,3,100,9981,5,10000,A3,HOOI,10.438999999999396
12.199265046628538,3,100,9981,5,10000,core,HOOI,10.438999999999396
2.1903491384384033,3,100,9981,5,10000,A1,Olga,6.613000000000284
0.08252854701157444,3,100,9981,5,10000,A2,Olga,6.613000000000284
2.842397160414822,3,100,9981,5,10000,A3,Tracy,6.613000000000284
12.167212391665167,3,100,9981,5,10000,core,Tracy_Olga,6.613000000000284
