error,K,Q1,R,Q2,M,mode,method,time
21.94644381519869,3,100,988,5,100,A1,NTD,36.812
2.3342503507309686,3,100,988,5,100,A2,NTD,36.812
985.2319725741988,3,100,988,5,100,A3,NTD,36.812
9.500708596148723,3,100,988,5,100,core,NTD,36.812
17.264589546031804,3,100,988,5,100,A1,Ours,3.3760000000000048
0.1616413549902514,3,100,988,5,100,A2,Ours,3.3760000000000048
3.2982753207849886,3,100,988,5,100,A3,Ours,3.3760000000000048
12.968217049254607,3,100,988,5,100,core,Ours,3.3760000000000048
17.264589546031804,3,100,988,5,100,A1,HOSVD,5.234999999999999
0.1616413549902514,3,100,988,5,100,A2,HOSVD,5.234999999999999
2.5451046238857686,3,100,988,5,100,A3,HOSVD,5.234999999999999
9.781628602135896,3,100,988,5,100,core,HOSVD,5.234999999999999
17.920429612789945,3,100,988,5,100,A1,HOOI,7.096000000000004
0.13523839261310727,3,100,988,5,100,A2,HOOI,7.096000000000004
2.570284356423433,3,100,988,5,100,A3,HOOI,7.096000000000004
12.667614035129281,3,100,988,5,100,core,HOOI,7.096000000000004
27.306487253725873,3,100,988,5,100,A1,Olga,5.827000000000005
0.572617082997156,3,100,988,5,100,A2,Olga,5.827000000000005
2.806285187940692,3,100,988,5,100,A3,Tracy,5.827000000000005
11.344089020848308,3,100,988,5,100,core,Tracy_Olga,5.827000000000005
116.7522949876379,3,100,4491,5,100,A1,NTD,153.841
2.4783016308551926,3,100,4491,5,100,A2,NTD,153.841
4488.551809072486,3,100,4491,5,100,A3,NTD,153.841
10.298191391300158,3,100,4491,5,100,core,NTD,153.841
16.057954085493577,3,100,4491,5,100,A1,Ours,5.186000000000007
0.14626646944446503,3,100,4491,5,100,A2,Ours,5.186000000000007
4.990967342183057,3,100,4491,5,100,A3,Ours,5.186000000000007
8.469172371694796,3,100,4491,5,100,core,Ours,5.186000000000007
16.057954085493577,3,100,4491,5,100,A1,HOSVD,2.311000000000007
0.14626646944446503,3,100,4491,5,100,A2,HOSVD,2.311000000000007
2.7409473239820326,3,100,4491,5,100,A3,HOSVD,2.311000000000007
13.096526807934259,3,100,4491,5,100,core,HOSVD,2.311000000000007
122.81524524244756,3,100,8106,5,100,A1,NTD,263.06199999999995
3.9380550130165144,3,100,8106,5,100,A2,NTD,263.06199999999995
8103.623753905039,3,100,8106,5,100,A3,NTD,263.06199999999995
11.82087052561011,3,100,8106,5,100,core,NTD,263.06199999999995
19.257587493332522,3,100,8106,5,100,A1,Ours,11.251999999999953
0.17607323794452578,3,100,8106,5,100,A2,Ours,11.251999999999953
5.307544795452727,3,100,8106,5,100,A3,Ours,11.251999999999953
11.785944735845828,3,100,8106,5,100,core,Ours,11.251999999999953
19.257587493332522,3,100,8106,5,100,A1,HOSVD,2.9869999999999663
0.17607323794452578,3,100,8106,5,100,A2,HOSVD,2.9869999999999663
2.948066973956877,3,100,8106,5,100,A3,HOSVD,2.9869999999999663
12.86123915502201,3,100,8106,5,100,core,HOSVD,2.9869999999999663
91.1331273210504,3,100,8106,5,100,A1,Olga,5.1889999999999645
1.3520448773874176,3,100,8106,5,100,A2,Olga,5.1889999999999645
3.260758647806273,3,100,8106,5,100,A3,Tracy,5.1889999999999645
11.556560106769313,3,100,8106,5,100,core,Tracy_Olga,5.1889999999999645
5.4064884567994564,3,100,998,5,500,A1,NTD,28.352999999999952
1.9381345717664538,3,100,998,5,500,A2,NTD,28.352999999999952
995.0807821292614,3,100,998,5,500,A3,NTD,28.352999999999952
9.716129620360123,3,100,998,5,500,core,NTD,28.352999999999952
7.677576678703459,3,100,998,5,500,A1,Ours,6.328999999999951
0.0714586872322792,3,100,998,5,500,A2,Ours,6.328999999999951
2.540668289670157,3,100,998,5,500,A3,Ours,6.328999999999951
12.958579217147511,3,100,998,5,500,core,Ours,6.328999999999951
7.677576678703459,3,100,998,5,500,A1,HOSVD,7.912000000000035
0.0714586872322792,3,100,998,5,500,A2,HOSVD,7.912000000000035
2.5099419194377637,3,100,998,5,500,A3,HOSVD,7.912000000000035
12.952791244816606,3,100,998,5,500,core,HOSVD,7.912000000000035
7.688035610421609,3,100,998,5,500,A1,HOOI,8.057000000000016
0.06547750297836513,3,100,998,5,500,A2,HOOI,8.057000000000016
2.520633368959617,3,100,998,5,500,A3,HOOI,8.057000000000016
12.93915336703142,3,100,998,5,500,core,HOOI,8.057000000000016
9.002813316522033,3,100,998,5,500,A1,Olga,9.900000000000091
0.30042958252670326,3,100,998,5,500,A2,Olga,9.900000000000091
2.8141966165008974,3,100,998,5,500,A3,Tracy,9.900000000000091
12.848673247214622,3,100,998,5,500,core,Tracy_Olga,9.900000000000091
6.253898242587704,3,100,4901,5,500,A1,NTD,169.59000000000003
2.4782890268645787,3,100,4901,5,500,A2,NTD,169.59000000000003
4898.249178430439,3,100,4901,5,500,A3,NTD,169.59000000000003
10.859241101584427,3,100,4901,5,500,core,NTD,169.59000000000003
12.721879708142234,3,100,4901,5,500,A1,Ours,5.893000000000029
0.09757551052625657,3,100,4901,5,500,A2,Ours,5.893000000000029
3.3096783741419333,3,100,4901,5,500,A3,Ours,5.893000000000029
13.36706745290585,3,100,4901,5,500,core,Ours,5.893000000000029
12.721879708142234,3,100,4901,5,500,A1,HOSVD,1.6019999999999754
0.09757551052625657,3,100,4901,5,500,A2,HOSVD,1.6019999999999754
2.5531455136982686,3,100,4901,5,500,A3,HOSVD,1.6019999999999754
13.049364937585386,3,100,4901,5,500,core,HOSVD,1.6019999999999754
12.869378724897992,3,100,4901,5,500,A1,HOOI,5.7169999999999845
0.09632522025308074,3,100,4901,5,500,A2,HOOI,5.7169999999999845
2.5826173953246796,3,100,4901,5,500,A3,HOOI,5.7169999999999845
13.062458498697325,3,100,4901,5,500,core,HOOI,5.7169999999999845
10.762348806776728,3,100,4901,5,500,A1,Olga,2.5510000000000446
0.4845388533503327,3,100,4901,5,500,A2,Olga,2.5510000000000446
2.8906275715765655,3,100,4901,5,500,A3,Tracy,2.5510000000000446
13.117250144786725,3,100,4901,5,500,core,Tracy_Olga,2.5510000000000446
82.5412410956748,3,100,9581,5,500,A1,NTD,372.222
2.103044492058672,3,100,9581,5,500,A2,NTD,372.222
9578.346591548247,3,100,9581,5,500,A3,NTD,372.222
12.230698249179891,3,100,9581,5,500,core,NTD,372.222
7.875699682038352,3,100,9581,5,500,A1,Ours,15.241999999999962
0.015137526769344427,3,100,9581,5,500,A2,Ours,15.241999999999962
5.426201337421549,3,100,9581,5,500,A3,Ours,15.241999999999962
13.326283625597569,3,100,9581,5,500,core,Ours,15.241999999999962
7.875699682038352,3,100,9581,5,500,A1,HOSVD,3.6099999999999
0.015137526769344427,3,100,9581,5,500,A2,HOSVD,3.6099999999999
4.320184793778808,3,100,9581,5,500,A3,HOSVD,3.6099999999999
11.368507782673547,3,100,9581,5,500,core,HOSVD,3.6099999999999
7.76531684609377,3,100,9581,5,500,A1,HOOI,15.55600000000004
0.036236998357495644,3,100,9581,5,500,A2,HOOI,15.55600000000004
3.6439385689099644,3,100,9581,5,500,A3,HOOI,15.55600000000004
10.480506517004917,3,100,9581,5,500,core,HOOI,15.55600000000004
12.984302432346547,3,100,9581,5,500,A1,Olga,6.960000000000036
0.7315365514790715,3,100,9581,5,500,A2,Olga,6.960000000000036
3.9918955357257504,3,100,9581,5,500,A3,Tracy,6.960000000000036
10.603672583037724,3,100,9581,5,500,core,Tracy_Olga,6.960000000000036
6.253929399054095,3,100,1000,5,1000,A1,NTD,27.96900000000005
4.794057896155164,3,100,1000,5,1000,A2,NTD,27.96900000000005
997.0024173110988,3,100,1000,5,1000,A3,NTD,27.96900000000005
10.542190159641816,3,100,1000,5,1000,core,NTD,27.96900000000005
7.123610255949144,3,100,1000,5,1000,A1,Ours,1.8019999999999072
0.023921740939136345,3,100,1000,5,1000,A2,Ours,1.8019999999999072
0.6105102836689198,3,100,1000,5,1000,A3,Ours,1.8019999999999072
12.855358573644754,3,100,1000,5,1000,core,Ours,1.8019999999999072
7.123610255949144,3,100,1000,5,1000,A1,HOSVD,1.4139999999999873
0.023921740939136345,3,100,1000,5,1000,A2,HOSVD,1.4139999999999873
0.6049283203918039,3,100,1000,5,1000,A3,HOSVD,1.4139999999999873
12.853447282371558,3,100,1000,5,1000,core,HOSVD,1.4139999999999873
7.0928728548707545,3,100,1000,5,1000,A1,HOOI,1.8969999999999345
0.024913588726627536,3,100,1000,5,1000,A2,HOOI,1.8969999999999345
0.7238242513817637,3,100,1000,5,1000,A3,HOOI,1.8969999999999345
13.027939881456485,3,100,1000,5,1000,core,HOOI,1.8969999999999345
7.1422969908135645,3,100,1000,5,1000,A1,Olga,3.731999999999971
0.18510116542888005,3,100,1000,5,1000,A2,Olga,3.731999999999971
1.483048882041734,3,100,1000,5,1000,A3,Tracy,3.731999999999971
12.909920188457823,3,100,1000,5,1000,core,Tracy_Olga,3.731999999999971
3.8567591877396965,3,100,4960,5,1000,A1,NTD,158.85899999999992
4.334151378596236,3,100,4960,5,1000,A2,NTD,158.85899999999992
4957.163526740831,3,100,4960,5,1000,A3,NTD,158.85899999999992
10.301580795158403,3,100,4960,5,1000,core,NTD,158.85899999999992
6.47628051775308,3,100,4960,5,1000,A1,Ours,5.403999999999996
0.014777392762008273,3,100,4960,5,1000,A2,Ours,5.403999999999996
2.9566034289632053,3,100,4960,5,1000,A3,Ours,5.403999999999996
10.624985134014565,3,100,4960,5,1000,core,Ours,5.403999999999996
6.47628051775308,3,100,4960,5,1000,A1,HOSVD,1.6170000000001892
0.014777392762008273,3,100,4960,5,1000,A2,HOSVD,1.6170000000001892
2.5280126328973958,3,100,4960,5,1000,A3,HOSVD,1.6170000000001892
13.117250144786725,3,100,4960,5,1000,core,HOSVD,1.6170000000001892
6.453260314966316,3,100,4960,5,1000,A1,HOOI,5.355000000000018
0.016113045860060675,3,100,4960,5,1000,A2,HOOI,5.355000000000018
2.532667304108077,3,100,4960,5,1000,A3,HOOI,5.355000000000018
13.117250144786725,3,100,4960,5,1000,core,HOOI,5.355000000000018
8.835392673322211,3,100,4960,5,1000,A1,Olga,2.509999999999991
0.5618643785155665,3,100,4960,5,1000,A2,Olga,2.509999999999991
2.8551024706571946,3,100,4960,5,1000,A3,Tracy,2.509999999999991
13.117250144786725,3,100,4960,5,1000,core,Tracy_Olga,2.509999999999991
17.422795297550152,3,100,9799,5,1000,A1,NTD,315.17999999999984
4.10303600538077,3,100,9799,5,1000,A2,NTD,315.17999999999984
9796.284553428393,3,100,9799,5,1000,A3,NTD,315.17999999999984
11.57270452355033,3,100,9799,5,1000,core,NTD,315.17999999999984
7.848461427954523,3,100,9799,5,1000,A1,Ours,15.954999999999927
0.027007546986600694,3,100,9799,5,1000,A2,Ours,15.954999999999927
4.164799275265043,3,100,9799,5,1000,A3,Ours,15.954999999999927
11.052922520519063,3,100,9799,5,1000,core,Ours,15.954999999999927
7.848461427954523,3,100,9799,5,1000,A1,HOSVD,3.259999999999991
0.027007546986600694,3,100,9799,5,1000,A2,HOSVD,3.259999999999991
2.585592774205895,3,100,9799,5,1000,A3,HOSVD,3.259999999999991
13.117250144786725,3,100,9799,5,1000,core,HOSVD,3.259999999999991
7.883667676647566,3,100,9799,5,1000,A1,HOOI,14.33199999999988
0.029621612010585892,3,100,9799,5,1000,A2,HOOI,14.33199999999988
3.9420486753047745,3,100,9799,5,1000,A3,HOOI,14.33199999999988
9.996713220214508,3,100,9799,5,1000,core,HOOI,14.33199999999988
9.033161175465894,3,100,9799,5,1000,A1,Olga,7.4809999999999945
0.7979963175794227,3,100,9799,5,1000,A2,Olga,7.4809999999999945
2.926802108001596,3,100,9799,5,1000,A3,Tracy,7.4809999999999945
9.781628601970523,3,100,9799,5,1000,core,Tracy_Olga,7.4809999999999945
4.122106996153345,3,100,1000,5,2500,A1,NTD,28.076000000000022
0.40511371073566216,3,100,1000,5,2500,A2,NTD,28.076000000000022
997.0012472193399,3,100,1000,5,2500,A3,NTD,28.076000000000022
11.744082959023018,3,100,1000,5,2500,core,NTD,28.076000000000022
4.032808378110529,3,100,1000,5,2500,A1,Ours,1.02599999999984
0.02964410142533475,3,100,1000,5,2500,A2,Ours,1.02599999999984
0.4682532576121521,3,100,1000,5,2500,A3,Ours,1.02599999999984
12.677140151711294,3,100,1000,5,2500,core,Ours,1.02599999999984
4.032808378110529,3,100,1000,5,2500,A1,HOSVD,1.125
0.02964410142533475,3,100,1000,5,2500,A2,HOSVD,1.125
0.46764125717458055,3,100,1000,5,2500,A3,HOSVD,1.125
12.674891986115142,3,100,1000,5,2500,core,HOSVD,1.125
4.0558905078838805,3,100,1000,5,2500,A1,HOOI,1.3229999999998654
0.0349275919262903,3,100,1000,5,2500,A2,HOOI,1.3229999999998654
0.40371073556377174,3,100,1000,5,2500,A3,HOOI,1.3229999999998654
12.813351419513097,3,100,1000,5,2500,core,HOOI,1.3229999999998654
3.5327454630755564,3,100,1000,5,2500,A1,Olga,0.4960000000000946
0.093380852564725,3,100,1000,5,2500,A2,Olga,0.4960000000000946
1.497946488920512,3,100,1000,5,2500,A3,Tracy,0.4960000000000946
12.789356345450427,3,100,1000,5,2500,core,Tracy_Olga,0.4960000000000946
6.049261543774192,3,100,4982,5,2500,A1,NTD,152.47299999999996
2.417586754750492,3,100,4982,5,2500,A2,NTD,152.47299999999996
4979.068403957391,3,100,4982,5,2500,A3,NTD,152.47299999999996
11.761720012686816,3,100,4982,5,2500,core,NTD,152.47299999999996
3.732191387070185,3,100,4982,5,2500,A1,Ours,14.31100000000015
0.011220087851661528,3,100,4982,5,2500,A2,Ours,14.31100000000015
2.5298367993167807,3,100,4982,5,2500,A3,Ours,14.31100000000015
13.117250144786725,3,100,4982,5,2500,core,Ours,14.31100000000015
3.732191387070185,3,100,4982,5,2500,A1,HOSVD,11.673999999999978
0.011220087851661528,3,100,4982,5,2500,A2,HOSVD,11.673999999999978
2.4999286797716547,3,100,4982,5,2500,A3,HOSVD,11.673999999999978
13.117250144786725,3,100,4982,5,2500,core,HOSVD,11.673999999999978
3.7647472306494665,3,100,4982,5,2500,A1,HOOI,13.174999999999955
0.013445621704276439,3,100,4982,5,2500,A2,HOOI,13.174999999999955
2.5028926465809067,3,100,4982,5,2500,A3,HOOI,13.174999999999955
13.117250144786725,3,100,4982,5,2500,core,HOOI,13.174999999999955
4.345460351462505,3,100,4982,5,2500,A1,Olga,3.9010000000000673
0.2945912216120142,3,100,4982,5,2500,A2,Olga,3.9010000000000673
2.82723955622491,3,100,4982,5,2500,A3,Tracy,3.9010000000000673
13.117250144786725,3,100,4982,5,2500,core,Tracy_Olga,3.9010000000000673
10.405313445402063,3,100,9925,5,2500,A1,NTD,420.71699999999987
3.9380674452590565,3,100,9925,5,2500,A2,NTD,420.71699999999987
9922.130292938147,3,100,9925,5,2500,A3,NTD,420.71699999999987
10.72516926808623,3,100,9925,5,2500,core,NTD,420.71699999999987
4.704594729604467,3,100,9925,5,2500,A1,Ours,17.129999999999654
0.031491696866443875,3,100,9925,5,2500,A2,Ours,17.129999999999654
2.926066439732616,3,100,9925,5,2500,A3,Ours,17.129999999999654
10.682594444528577,3,100,9925,5,2500,core,Ours,17.129999999999654
4.704594729604467,3,100,9925,5,2500,A1,HOSVD,3.2600000000002183
0.031491696866443875,3,100,9925,5,2500,A2,HOSVD,3.2600000000002183
2.544922325358622,3,100,9925,5,2500,A3,HOSVD,3.2600000000002183
13.117250144786725,3,100,9925,5,2500,core,HOSVD,3.2600000000002183
4.7304779192541275,3,100,9925,5,2500,A1,HOOI,13.82400000000007
0.029315297123601213,3,100,9925,5,2500,A2,HOOI,13.82400000000007
2.545060381979089,3,100,9925,5,2500,A3,HOOI,13.82400000000007
13.117250144786725,3,100,9925,5,2500,core,HOOI,13.82400000000007
5.160275331684676,3,100,9925,5,2500,A1,Olga,7.775000000000091
0.41615228068192434,3,100,9925,5,2500,A2,Olga,7.775000000000091
2.8764279239981323,3,100,9925,5,2500,A3,Tracy,7.775000000000091
13.117250144786725,3,100,9925,5,2500,core,Tracy_Olga,7.775000000000091
5.400350068740872,3,100,1000,5,5000,A1,NTD,27.970000000000255
0.3465522301836793,3,100,1000,5,5000,A2,NTD,27.970000000000255
997.000313083314,3,100,1000,5,5000,A3,NTD,27.970000000000255
11.878869821007857,3,100,1000,5,5000,core,NTD,27.970000000000255
2.6137318823621607,3,100,1000,5,5000,A1,Ours,0.47400000000016007
0.020265110779784122,3,100,1000,5,5000,A2,Ours,0.47400000000016007
0.25176645971198003,3,100,1000,5,5000,A3,Ours,0.47400000000016007
12.690397226019227,3,100,1000,5,5000,core,Ours,0.47400000000016007
2.6137318823621607,3,100,1000,5,5000,A1,HOSVD,0.7339999999999236
0.020265110779784122,3,100,1000,5,5000,A2,HOSVD,0.7339999999999236
0.25185638495327395,3,100,1000,5,5000,A3,HOSVD,0.7339999999999236
12.68988779042467,3,100,1000,5,5000,core,HOSVD,0.7339999999999236
2.616960498445326,3,100,1000,5,5000,A1,HOOI,2.4950000000003456
0.017882006183207528,3,100,1000,5,5000,A2,HOOI,2.4950000000003456
0.1045792379385878,3,100,1000,5,5000,A3,HOOI,2.4950000000003456
12.734622663226466,3,100,1000,5,5000,core,HOOI,2.4950000000003456
2.6950683260873554,3,100,1000,5,5000,A1,Olga,2.53899999999976
0.019109458673257224,3,100,1000,5,5000,A2,Olga,2.53899999999976
1.4327206273525175,3,100,1000,5,5000,A3,Tracy,2.53899999999976
12.678770457607873,3,100,1000,5,5000,core,Tracy_Olga,2.53899999999976
5.16396807105946,3,100,4992,5,5000,A1,NTD,154.971
0.17565107043451708,3,100,4992,5,5000,A2,NTD,154.971
4989.058922126162,3,100,4992,5,5000,A3,NTD,154.971
9.38624007487497,3,100,4992,5,5000,core,NTD,154.971
2.80936069996122,3,100,4992,5,5000,A1,Ours,4.888999999999669
0.008966553779816672,3,100,4992,5,5000,A2,Ours,4.888999999999669
2.4851144665057077,3,100,4992,5,5000,A3,Ours,4.888999999999669
13.106337091398098,3,100,4992,5,5000,core,Ours,4.888999999999669
2.80936069996122,3,100,4992,5,5000,A1,HOSVD,1.6649999999999636
0.008966553779816672,3,100,4992,5,5000,A2,HOSVD,1.6649999999999636
2.4766241009598757,3,100,4992,5,5000,A3,HOSVD,1.6649999999999636
13.106337091398098,3,100,4992,5,5000,core,HOSVD,1.6649999999999636
2.7934365415237012,3,100,4992,5,5000,A1,HOOI,4.320000000000164
0.007948447944557437,3,100,4992,5,5000,A2,HOOI,4.320000000000164
2.4796635985805167,3,100,4992,5,5000,A3,HOOI,4.320000000000164
13.106337091398098,3,100,4992,5,5000,core,HOOI,4.320000000000164
2.2468268989436626,3,100,4992,5,5000,A1,Olga,2.367999999999938
0.15913656318601407,3,100,4992,5,5000,A2,Olga,2.367999999999938
2.8986840800244034,3,100,4992,5,5000,A3,Tracy,2.367999999999938
13.106337091398098,3,100,4992,5,5000,core,Tracy_Olga,2.367999999999938
7.329137359724337,3,100,9964,5,5000,A1,NTD,323.27
2.0244659486280665,3,100,9964,5,5000,A2,NTD,323.27
9961.21714097585,3,100,9964,5,5000,A3,NTD,323.27
12.412076938595796,3,100,9964,5,5000,core,NTD,323.27
4.273598023170487,3,100,9964,5,5000,A1,Ours,15.437000000000353
0.015830091192893265,3,100,9964,5,5000,A2,Ours,15.437000000000353
2.558419914468789,3,100,9964,5,5000,A3,Ours,15.437000000000353
13.117250144786725,3,100,9964,5,5000,core,Ours,15.437000000000353
4.273598023170487,3,100,9964,5,5000,A1,HOSVD,3.4410000000002583
0.015830091192893265,3,100,9964,5,5000,A2,HOSVD,3.4410000000002583
2.52845207277228,3,100,9964,5,5000,A3,HOSVD,3.4410000000002583
13.117250144786725,3,100,9964,5,5000,core,HOSVD,3.4410000000002583
4.299248969956137,3,100,9964,5,5000,A1,HOOI,14.06100000000015
0.017190978487819364,3,100,9964,5,5000,A2,HOOI,14.06100000000015
2.5465451008957998,3,100,9964,5,5000,A3,HOOI,14.06100000000015
13.106337091398098,3,100,9964,5,5000,core,HOOI,14.06100000000015
2.9315222953493736,3,100,9964,5,5000,A1,Olga,6.721000000000004
0.2686525315616231,3,100,9964,5,5000,A2,Olga,6.721000000000004
2.8735525504846864,3,100,9964,5,5000,A3,Tracy,6.721000000000004
13.117250144786725,3,100,9964,5,5000,core,Tracy_Olga,6.721000000000004
3.956724856370388,3,100,1000,5,6000,A1,NTD,28.764999999999873
1.5096464154727338,3,100,1000,5,6000,A2,NTD,28.764999999999873
997.0004417380975,3,100,1000,5,6000,A3,NTD,28.764999999999873
11.602848089240423,3,100,1000,5,6000,core,NTD,28.764999999999873
3.661426074014055,3,100,1000,5,6000,A1,Ours,1.693000000000211
0.007335871919110347,3,100,1000,5,6000,A2,Ours,1.693000000000211
0.09726464758462881,3,100,1000,5,6000,A3,Ours,1.693000000000211
12.730962180347602,3,100,1000,5,6000,core,Ours,1.693000000000211
3.661426074014055,3,100,1000,5,6000,A1,HOSVD,0.4590000000002874
0.007335871919110347,3,100,1000,5,6000,A2,HOSVD,0.4590000000002874
0.09732664013654116,3,100,1000,5,6000,A3,HOSVD,0.4590000000002874
12.730918270267402,3,100,1000,5,6000,core,HOSVD,0.4590000000002874
3.6552136671593938,3,100,1000,5,6000,A1,HOOI,1.83600000000024
0.006925018504791861,3,100,1000,5,6000,A2,HOOI,1.83600000000024
0.0971229571921648,3,100,1000,5,6000,A3,HOOI,1.83600000000024
12.730381833521527,3,100,1000,5,6000,core,HOOI,1.83600000000024
2.6814088963772513,3,100,1000,5,6000,A1,Olga,2.1520000000000437
0.029048228981211482,3,100,1000,5,6000,A2,Olga,2.1520000000000437
1.4005913939631949,3,100,1000,5,6000,A3,Tracy,2.1520000000000437
12.768977902462407,3,100,1000,5,6000,core,Tracy_Olga,2.1520000000000437
4.2433474495914965,3,100,4995,5,6000,A1,NTD,161.596
1.0432571361160352,3,100,4995,5,6000,A2,NTD,161.596
4992.040500022591,3,100,4995,5,6000,A3,NTD,161.596
10.27986930665614,3,100,4995,5,6000,core,NTD,161.596
3.9798415250170174,3,100,4995,5,6000,A1,Ours,5.121000000000095
0.026983238663592073,3,100,4995,5,6000,A2,Ours,5.121000000000095
2.4888845525185905,3,100,4995,5,6000,A3,Ours,5.121000000000095
13.114013099928968,3,100,4995,5,6000,core,Ours,5.121000000000095
3.9798415250170174,3,100,4995,5,6000,A1,HOSVD,1.9270000000001346
0.026983238663592073,3,100,4995,5,6000,A2,HOSVD,1.9270000000001346
2.483247234460951,3,100,4995,5,6000,A3,HOSVD,1.9270000000001346
13.109924343911548,3,100,4995,5,6000,core,HOSVD,1.9270000000001346
3.962724784081149,3,100,4995,5,6000,A1,HOOI,5.054999999999836
0.02758958456163084,3,100,4995,5,6000,A2,HOOI,5.054999999999836
2.484969241739042,3,100,4995,5,6000,A3,HOOI,5.054999999999836
13.105648993723781,3,100,4995,5,6000,core,HOOI,5.054999999999836
2.988762395319145,3,100,4995,5,6000,A1,Olga,3.0090000000000146
0.14949282709826897,3,100,4995,5,6000,A2,Olga,3.0090000000000146
2.842725678772445,3,100,4995,5,6000,A3,Tracy,3.0090000000000146
13.087134968625433,3,100,4995,5,6000,core,Tracy_Olga,3.0090000000000146
3.8012184521752137,3,100,9970,5,6000,A1,NTD,329.59199999999964
4.28014343395066,3,100,9970,5,6000,A2,NTD,329.59199999999964
9967.063206170516,3,100,9970,5,6000,A3,NTD,329.59199999999964
10.546918994330166,3,100,9970,5,6000,core,NTD,329.59199999999964
2.1084077536367234,3,100,9970,5,6000,A1,Ours,15.346000000000004
0.014170394178642824,3,100,9970,5,6000,A2,Ours,15.346000000000004
2.5565762128176313,3,100,9970,5,6000,A3,Ours,15.346000000000004
13.117250144786725,3,100,9970,5,6000,core,Ours,15.346000000000004
2.1084077536367234,3,100,9970,5,6000,A1,HOSVD,3.494000000000142
0.014170394178642824,3,100,9970,5,6000,A2,HOSVD,3.494000000000142
2.53514168033242,3,100,9970,5,6000,A3,HOSVD,3.494000000000142
13.117250144786725,3,100,9970,5,6000,core,HOSVD,3.494000000000142
2.1075411870808454,3,100,9970,5,6000,A1,HOOI,14.373999999999796
0.014117478884736908,3,100,9970,5,6000,A2,HOOI,14.373999999999796
2.5318999996795086,3,100,9970,5,6000,A3,HOOI,14.373999999999796
13.117250144786725,3,100,9970,5,6000,core,HOOI,14.373999999999796
2.684695014556475,3,100,9970,5,6000,A1,Olga,6.292000000000371
0.2480275012765609,3,100,9970,5,6000,A2,Olga,6.292000000000371
2.8779601852571717,3,100,9970,5,6000,A3,Tracy,6.292000000000371
13.117250144786725,3,100,9970,5,6000,core,Tracy_Olga,6.292000000000371
5.304835039836825,3,100,1000,5,7000,A1,NTD,28.347000000000207
0.8644604450953569,3,100,1000,5,7000,A2,NTD,28.347000000000207
997.0000394338714,3,100,1000,5,7000,A3,NTD,28.347000000000207
14.695011399570076,3,100,1000,5,7000,core,NTD,28.347000000000207
3.3746931815564873,3,100,1000,5,7000,A1,Ours,0.4379999999996471
0.010378620218088093,3,100,1000,5,7000,A2,Ours,0.4379999999996471
0.08655026950455007,3,100,1000,5,7000,A3,Ours,0.4379999999996471
12.731947022998488,3,100,1000,5,7000,core,Ours,0.4379999999996471
3.3746931815564873,3,100,1000,5,7000,A1,HOSVD,0.386000000000422
0.010378620218088093,3,100,1000,5,7000,A2,HOSVD,0.386000000000422
0.0865250561433788,3,100,1000,5,7000,A3,HOSVD,0.386000000000422
12.73192000706795,3,100,1000,5,7000,core,HOSVD,0.386000000000422
3.358253913794107,3,100,1000,5,7000,A1,HOOI,0.650000000000091
0.010387754501792808,3,100,1000,5,7000,A2,HOOI,0.650000000000091
0.08663603409171455,3,100,1000,5,7000,A3,HOOI,0.650000000000091
12.73099498839422,3,100,1000,5,7000,core,HOOI,0.650000000000091
2.7899378121784557,3,100,1000,5,7000,A1,Olga,0.41899999999986903
0.025747563977094677,3,100,1000,5,7000,A2,Olga,0.41899999999986903
1.3978262350240105,3,100,1000,5,7000,A3,Tracy,0.41899999999986903
12.755036634646915,3,100,1000,5,7000,core,Tracy_Olga,0.41899999999986903
4.884780147236418,3,100,4994,5,7000,A1,NTD,158.8670000000002
1.212031817393867,3,100,4994,5,7000,A2,NTD,158.8670000000002
4991.031829901206,3,100,4994,5,7000,A3,NTD,158.8670000000002
12.45267864127329,3,100,4994,5,7000,core,NTD,158.8670000000002
2.636709830933796,3,100,4994,5,7000,A1,Ours,15.688000000000102
0.017396178642085272,3,100,4994,5,7000,A2,Ours,15.688000000000102
2.4987024227614283,3,100,4994,5,7000,A3,Ours,15.688000000000102
13.106337091398098,3,100,4994,5,7000,core,Ours,15.688000000000102
2.636709830933796,3,100,4994,5,7000,A1,HOSVD,13.358999999999924
0.017396178642085272,3,100,4994,5,7000,A2,HOSVD,13.358999999999924
2.4943525668298236,3,100,4994,5,7000,A3,HOSVD,13.358999999999924
13.106337091398098,3,100,4994,5,7000,core,HOSVD,13.358999999999924
2.623972380666446,3,100,4994,5,7000,A1,HOOI,12.613999999999578
0.01726810437692212,3,100,4994,5,7000,A2,HOOI,12.613999999999578
2.496530261267288,3,100,4994,5,7000,A3,HOOI,12.613999999999578
13.106337091398098,3,100,4994,5,7000,core,HOOI,12.613999999999578
2.3784447828932995,3,100,4994,5,7000,A1,Olga,9.536999999999807
0.11168023180031961,3,100,4994,5,7000,A2,Olga,9.536999999999807
2.8693532737744656,3,100,4994,5,7000,A3,Tracy,9.536999999999807
13.106337091398098,3,100,4994,5,7000,core,Tracy_Olga,9.536999999999807
3.8333865108075496,3,100,9975,5,7000,A1,NTD,336.64100000000053
1.9335848699498954,3,100,9975,5,7000,A2,NTD,336.64100000000053
9972.060434771398,3,100,9975,5,7000,A3,NTD,336.64100000000053
11.19291688478252,3,100,9975,5,7000,core,NTD,336.64100000000053
2.571235388335587,3,100,9975,5,7000,A1,Ours,17.925999999999476
0.021520373003596133,3,100,9975,5,7000,A2,Ours,17.925999999999476
2.537269905739722,3,100,9975,5,7000,A3,Ours,17.925999999999476
13.117250144786725,3,100,9975,5,7000,core,Ours,17.925999999999476
2.571235388335587,3,100,9975,5,7000,A1,HOSVD,3.8149999999996
0.021520373003596133,3,100,9975,5,7000,A2,HOSVD,3.8149999999996
2.521945015785899,3,100,9975,5,7000,A3,HOSVD,3.8149999999996
13.117250144786725,3,100,9975,5,7000,core,HOSVD,3.8149999999996
2.579305463145677,3,100,9975,5,7000,A1,HOOI,17.515000000000327
0.02187814130814964,3,100,9975,5,7000,A2,HOOI,17.515000000000327
4.820032795229186,3,100,9975,5,7000,A3,HOOI,17.515000000000327
8.348063785358432,3,100,9975,5,7000,core,HOOI,17.515000000000327
3.089017388312283,3,100,9975,5,7000,A1,Olga,6.9210000000002765
0.22668511080117346,3,100,9975,5,7000,A2,Olga,6.9210000000002765
2.8543035985372365,3,100,9975,5,7000,A3,Tracy,6.9210000000002765
13.117250144786725,3,100,9975,5,7000,core,Tracy_Olga,6.9210000000002765
10.215956910389941,3,100,1000,5,8000,A1,NTD,29.055999999999585
0.41790733401575214,3,100,1000,5,8000,A2,NTD,29.055999999999585
997.0001864730538,3,100,1000,5,8000,A3,NTD,29.055999999999585
13.528926814763068,3,100,1000,5,8000,core,NTD,29.055999999999585
2.5596029518151107,3,100,1000,5,8000,A1,Ours,0.6299999999991996
0.0055150506410445,3,100,1000,5,8000,A2,Ours,0.6299999999991996
0.08235368653645209,3,100,1000,5,8000,A3,Ours,0.6299999999991996
12.718399733930248,3,100,1000,5,8000,core,Ours,0.6299999999991996
2.5596029518151107,3,100,1000,5,8000,A1,HOSVD,0.649000000000342
0.0055150506410445,3,100,1000,5,8000,A2,HOSVD,0.649000000000342
0.08238027409555544,3,100,1000,5,8000,A3,HOSVD,0.649000000000342
12.718370469634483,3,100,1000,5,8000,core,HOSVD,0.649000000000342
2.5545941886709715,3,100,1000,5,8000,A1,HOOI,0.7089999999998327
0.006330985517184038,3,100,1000,5,8000,A2,HOOI,0.7089999999998327
0.08232666193911761,3,100,1000,5,8000,A3,HOOI,0.7089999999998327
12.718564300950838,3,100,1000,5,8000,core,HOOI,0.7089999999998327
2.4077041289415173,3,100,1000,5,8000,A1,Olga,0.44399999999950523
0.022697052935560614,3,100,1000,5,8000,A2,Olga,0.44399999999950523
1.3973127723217789,3,100,1000,5,8000,A3,Tracy,0.44399999999950523
12.754333132757678,3,100,1000,5,8000,core,Tracy_Olga,0.44399999999950523
4.000878209174177,3,100,4997,5,8000,A1,NTD,156.71399999999994
1.2044521249501137,3,100,4997,5,8000,A2,NTD,156.71399999999994
4994.075584511854,3,100,4997,5,8000,A3,NTD,156.71399999999994
9.390560119247095,3,100,4997,5,8000,core,NTD,156.71399999999994
2.6497519332212782,3,100,4997,5,8000,A1,Ours,5.532999999999447
0.004720567382637003,3,100,4997,5,8000,A2,Ours,5.532999999999447
2.531421520052858,3,100,4997,5,8000,A3,Ours,5.532999999999447
12.819568705505189,3,100,4997,5,8000,core,Ours,5.532999999999447
2.6497519332212782,3,100,4997,5,8000,A1,HOSVD,1.6859999999996944
0.004720567382637003,3,100,4997,5,8000,A2,HOSVD,1.6859999999996944
2.5278336610986867,3,100,4997,5,8000,A3,HOSVD,1.6859999999996944
12.815511223053662,3,100,4997,5,8000,core,HOSVD,1.6859999999996944
2.6530546076125154,3,100,4997,5,8000,A1,HOOI,4.875999999999294
0.005870287649849788,3,100,4997,5,8000,A2,HOOI,4.875999999999294
2.5285759055587502,3,100,4997,5,8000,A3,HOOI,4.875999999999294
12.765248684118566,3,100,4997,5,8000,core,HOOI,4.875999999999294
2.476020157668571,3,100,4997,5,8000,A1,Olga,3.3969999999999345
0.11148443997674407,3,100,4997,5,8000,A2,Olga,3.3969999999999345
3.0928067283373717,3,100,4997,5,8000,A3,Tracy,3.3969999999999345
13.068652941187516,3,100,4997,5,8000,core,Tracy_Olga,3.3969999999999345
5.8005517263046515,3,100,9981,5,8000,A1,NTD,334.72499999999945
4.554519173674272,3,100,9981,5,8000,A2,NTD,334.72499999999945
9978.072117153011,3,100,9981,5,8000,A3,NTD,334.72499999999945
10.155701739290963,3,100,9981,5,8000,core,NTD,334.72499999999945
2.132646467666574,3,100,9981,5,8000,A1,Ours,18.06500000000051
0.011722005454257257,3,100,9981,5,8000,A2,Ours,18.06500000000051
2.533694869765919,3,100,9981,5,8000,A3,Ours,18.06500000000051
13.117250144786725,3,100,9981,5,8000,core,Ours,18.06500000000051
2.132646467666574,3,100,9981,5,8000,A1,HOSVD,3.8339999999998327
0.011722005454257257,3,100,9981,5,8000,A2,HOSVD,3.8339999999998327
2.5219201788557943,3,100,9981,5,8000,A3,HOSVD,3.8339999999998327
13.117250144786725,3,100,9981,5,8000,core,HOSVD,3.8339999999998327
2.136724804855575,3,100,9981,5,8000,A1,HOOI,16.80999999999949
0.012098773605568967,3,100,9981,5,8000,A2,HOOI,16.80999999999949
2.522034309726848,3,100,9981,5,8000,A3,HOOI,16.80999999999949
13.117250144786725,3,100,9981,5,8000,core,HOOI,16.80999999999949
1.8698024989207367,3,100,9981,5,8000,A1,Olga,6.55199999999968
0.2021802144725572,3,100,9981,5,8000,A2,Olga,6.55199999999968
2.855496743910597,3,100,9981,5,8000,A3,Tracy,6.55199999999968
13.117250144786725,3,100,9981,5,8000,core,Tracy_Olga,6.55199999999968
6.481328397851154,3,100,1000,5,9000,A1,NTD,28.958999999999833
0.716431746316222,3,100,1000,5,9000,A2,NTD,28.958999999999833
997.0000951143091,3,100,1000,5,9000,A3,NTD,28.958999999999833
11.301828407170895,3,100,1000,5,9000,core,NTD,28.958999999999833
2.1812993966750653,3,100,1000,5,9000,A1,Ours,0.5169999999998254
0.013138069088838954,3,100,1000,5,9000,A2,Ours,0.5169999999998254
0.07723996728438896,3,100,1000,5,9000,A3,Ours,0.5169999999998254
12.754601765373852,3,100,1000,5,9000,core,Ours,0.5169999999998254
2.1812993966750653,3,100,1000,5,9000,A1,HOSVD,0.3999999999996362
0.013138069088838954,3,100,1000,5,9000,A2,HOSVD,0.3999999999996362
0.07723201332015504,3,100,1000,5,9000,A3,HOSVD,0.3999999999996362
12.754587606621522,3,100,1000,5,9000,core,HOSVD,0.3999999999996362
2.1792089903241667,3,100,1000,5,9000,A1,HOOI,0.7380000000002838
0.013357035313287318,3,100,1000,5,9000,A2,HOOI,0.7380000000002838
0.07718195154978377,3,100,1000,5,9000,A3,HOOI,0.7380000000002838
12.754308781018349,3,100,1000,5,9000,core,HOOI,0.7380000000002838
2.073731257434607,3,100,1000,5,9000,A1,Olga,0.4960000000000946
0.027664294854948798,3,100,1000,5,9000,A2,Olga,0.4960000000000946
1.397382709268527,3,100,1000,5,9000,A3,Tracy,0.4960000000000946
12.756260098747154,3,100,1000,5,9000,core,Tracy_Olga,0.4960000000000946
5.760671365272924,3,100,4998,5,9000,A1,NTD,154.82600000000002
3.664942744080419,3,100,4998,5,9000,A2,NTD,154.82600000000002
4995.038866744024,3,100,4998,5,9000,A3,NTD,154.82600000000002
10.838926948881173,3,100,4998,5,9000,core,NTD,154.82600000000002
3.0956702785277774,3,100,4998,5,9000,A1,Ours,5.067000000000007
0.026152356196457102,3,100,4998,5,9000,A2,Ours,5.067000000000007
2.5410848839368207,3,100,4998,5,9000,A3,Ours,5.067000000000007
13.106337091398098,3,100,4998,5,9000,core,Ours,5.067000000000007
3.0956702785277774,3,100,4998,5,9000,A1,HOSVD,1.6340000000000146
0.026152356196457102,3,100,4998,5,9000,A2,HOSVD,1.6340000000000146
2.5396935210024933,3,100,4998,5,9000,A3,HOSVD,1.6340000000000146
13.106337091398098,3,100,4998,5,9000,core,HOSVD,1.6340000000000146
3.0932025090260233,3,100,4998,5,9000,A1,HOOI,4.998000000000502
0.025778796586629196,3,100,4998,5,9000,A2,HOOI,4.998000000000502
2.474548691420239,3,100,4998,5,9000,A3,HOOI,4.998000000000502
13.021995710563917,3,100,4998,5,9000,core,HOOI,4.998000000000502
1.9982491159001547,3,100,4998,5,9000,A1,Olga,2.644999999999527
0.1021854117077992,3,100,4998,5,9000,A2,Olga,2.644999999999527
3.009134332196669,3,100,4998,5,9000,A3,Tracy,2.644999999999527
13.040265128067036,3,100,4998,5,9000,core,Tracy_Olga,2.644999999999527
5.6722579210216475,3,100,9979,5,9000,A1,NTD,331.53499999999985
0.7611734355621997,3,100,9979,5,9000,A2,NTD,331.53499999999985
9976.055529527965,3,100,9979,5,9000,A3,NTD,331.53499999999985
10.753621164414056,3,100,9979,5,9000,core,NTD,331.53499999999985
2.8266225271613066,3,100,9979,5,9000,A1,Ours,16.925000000000182
0.01858527058336397,3,100,9979,5,9000,A2,Ours,16.925000000000182
2.5245643301500955,3,100,9979,5,9000,A3,Ours,16.925000000000182
13.117250144786725,3,100,9979,5,9000,core,Ours,16.925000000000182
2.8266225271613066,3,100,9979,5,9000,A1,HOSVD,3.2239999999992506
0.01858527058336397,3,100,9979,5,9000,A2,HOSVD,3.2239999999992506
2.5152814914000725,3,100,9979,5,9000,A3,HOSVD,3.2239999999992506
13.117250144786725,3,100,9979,5,9000,core,HOSVD,3.2239999999992506
2.8324519543562583,3,100,9979,5,9000,A1,HOOI,13.601999999999862
0.018312756558546327,3,100,9979,5,9000,A2,HOOI,13.601999999999862
2.551967633927931,3,100,9979,5,9000,A3,HOOI,13.601999999999862
13.106337091398098,3,100,9979,5,9000,core,HOOI,13.601999999999862
2.6532336936274703,3,100,9979,5,9000,A1,Olga,6.3989999999994325
0.16891317290837088,3,100,9979,5,9000,A2,Olga,6.3989999999994325
2.8485649451599193,3,100,9979,5,9000,A3,Tracy,6.3989999999994325
13.117250144786725,3,100,9979,5,9000,core,Tracy_Olga,6.3989999999994325
6.033228358485219,3,100,1000,5,10000,A1,NTD,28.6299999999992
0.8861592219621841,3,100,1000,5,10000,A2,NTD,28.6299999999992
997.0001847654078,3,100,1000,5,10000,A3,NTD,28.6299999999992
10.464611120510956,3,100,1000,5,10000,core,NTD,28.6299999999992
2.127873834557009,3,100,1000,5,10000,A1,Ours,0.6310000000003129
0.007653468091992796,3,100,1000,5,10000,A2,Ours,0.6310000000003129
0.07474762853332592,3,100,1000,5,10000,A3,Ours,0.6310000000003129
12.737970425876153,3,100,1000,5,10000,core,Ours,0.6310000000003129
2.127873834557009,3,100,1000,5,10000,A1,HOSVD,0.40099999999983993
0.007653468091992796,3,100,1000,5,10000,A2,HOSVD,0.40099999999983993
0.07473629415796167,3,100,1000,5,10000,A3,HOSVD,0.40099999999983993
12.737966279023418,3,100,1000,5,10000,core,HOSVD,0.40099999999983993
2.1335033957591745,3,100,1000,5,10000,A1,HOOI,0.6940000000004147
0.006967321208183721,3,100,1000,5,10000,A2,HOOI,0.6940000000004147
0.07480947848844471,3,100,1000,5,10000,A3,HOOI,0.6940000000004147
12.737999202185927,3,100,1000,5,10000,core,HOOI,0.6940000000004147
1.752780393991243,3,100,1000,5,10000,A1,Olga,0.42300000000068394
0.02380283054319458,3,100,1000,5,10000,A2,Olga,0.42300000000068394
1.397960294083714,3,100,1000,5,10000,A3,Tracy,0.42300000000068394
12.767486727676346,3,100,1000,5,10000,core,Tracy_Olga,0.42300000000068394
5.967138562782455,3,100,4999,5,10000,A1,NTD,157.8710000000001
0.5613236045110122,3,100,4999,5,10000,A2,NTD,157.8710000000001
4996.034160950545,3,100,4999,5,10000,A3,NTD,157.8710000000001
11.646115893116704,3,100,4999,5,10000,core,NTD,157.8710000000001
3.027198495448273,3,100,4999,5,10000,A1,Ours,4.813000000000102
0.013326553773476881,3,100,4999,5,10000,A2,Ours,4.813000000000102
2.5110199140449376,3,100,4999,5,10000,A3,Ours,4.813000000000102
13.03669632807925,3,100,4999,5,10000,core,Ours,4.813000000000102
3.027198495448273,3,100,4999,5,10000,A1,HOSVD,1.8849999999993088
0.013326553773476881,3,100,4999,5,10000,A2,HOSVD,1.8849999999993088
2.493012127216732,3,100,4999,5,10000,A3,HOSVD,1.8849999999993088
13.081794978348752,3,100,4999,5,10000,core,HOSVD,1.8849999999993088
3.026238127610404,3,100,4999,5,10000,A1,HOOI,4.319999999999709
0.013118434689109398,3,100,4999,5,10000,A2,HOOI,4.319999999999709
2.4949227607536035,3,100,4999,5,10000,A3,HOOI,4.319999999999709
13.081279757776102,3,100,4999,5,10000,core,HOOI,4.319999999999709
1.4266862005854,3,100,4999,5,10000,A1,Olga,2.5339999999996508
0.09383021752689451,3,100,4999,5,10000,A2,Olga,2.5339999999996508
2.858069313496364,3,100,4999,5,10000,A3,Tracy,2.5339999999996508
12.989326898289939,3,100,4999,5,10000,core,Tracy_Olga,2.5339999999996508
5.678410769268678,3,100,9982,5,10000,A1,NTD,325.2579999999998
3.4685995994086403,3,100,9982,5,10000,A2,NTD,325.2579999999998
9979.04440117775,3,100,9982,5,10000,A3,NTD,325.2579999999998
11.846103921465163,3,100,9982,5,10000,core,NTD,325.2579999999998
2.5851408818634836,3,100,9982,5,10000,A1,Ours,15.287000000000262
0.014219681553656353,3,100,9982,5,10000,A2,Ours,15.287000000000262
2.558913523373261,3,100,9982,5,10000,A3,Ours,15.287000000000262
13.106337091398098,3,100,9982,5,10000,core,Ours,15.287000000000262
2.5851408818634836,3,100,9982,5,10000,A1,HOSVD,3.2100000000000364
0.014219681553656353,3,100,9982,5,10000,A2,HOSVD,3.2100000000000364
2.5495256124376735,3,100,9982,5,10000,A3,HOSVD,3.2100000000000364
13.1063370913981,3,100,9982,5,10000,core,HOSVD,3.2100000000000364
2.5889026154477572,3,100,9982,5,10000,A1,HOOI,14.067000000000007
0.014427471002430059,3,100,9982,5,10000,A2,HOOI,14.067000000000007
2.5503572077268264,3,100,9982,5,10000,A3,HOOI,14.067000000000007
13.106337091398098,3,100,9982,5,10000,core,HOOI,14.067000000000007
2.4928675872750734,3,100,9982,5,10000,A1,Olga,6.549999999999272
0.1573056072013287,3,100,9982,5,10000,A2,Olga,6.549999999999272
2.8695933294000286,3,100,9982,5,10000,A3,Tracy,6.549999999999272
13.117250144786725,3,100,9982,5,10000,core,Tracy_Olga,6.549999999999272
