error,K,Q1,R,Q2,M,mode,method,time
4.841020420204251,3,100,100,5,100,A1,NTD,4.1370000000000005
0.5013344253588748,3,100,100,5,100,A2,NTD,4.1370000000000005
97.00402782607765,3,100,100,5,100,A3,NTD,4.1370000000000005
10.671277068562004,3,100,100,5,100,core,NTD,4.1370000000000005
14.548511745437404,3,100,100,5,100,A1,Ours,2.167
0.0632010193655187,3,100,100,5,100,A2,Ours,2.167
0.3255134998438077,3,100,100,5,100,A3,Ours,2.167
14.423623398039584,3,100,100,5,100,core,Ours,2.167
14.548511745437404,3,100,100,5,100,A1,HOSVD,1.4580000000000002
0.0632010193655187,3,100,100,5,100,A2,HOSVD,1.4580000000000002
0.3245345663257103,3,100,100,5,100,A3,HOSVD,1.4580000000000002
14.420304132427692,3,100,100,5,100,core,HOSVD,1.4580000000000002
14.735976400303846,3,100,100,5,100,A1,HOOI,1.5340000000000007
0.030621206256099206,3,100,100,5,100,A2,HOOI,1.5340000000000007
0.5022736535619328,3,100,100,5,100,A3,HOOI,1.5340000000000007
11.38635226207423,3,100,100,5,100,core,HOOI,1.5340000000000007
12.972895812795935,3,100,100,5,100,A1,Olga,1.843
0.22421843486441767,3,100,100,5,100,A2,Olga,1.843
1.134714460706582,3,100,100,5,100,A3,Tracy,1.843
14.332223835660846,3,100,100,5,100,core,Tracy_Olga,1.843
4.031994592008054,3,100,495,5,100,A1,NTD,21.264000000000003
4.773133062073917,3,100,495,5,100,A2,NTD,21.264000000000003
492.1460575846708,3,100,495,5,100,A3,NTD,21.264000000000003
13.522668104837644,3,100,495,5,100,core,NTD,21.264000000000003
15.694091975852167,3,100,495,5,100,A1,Ours,0.2639999999999958
0.1207314247478191,3,100,495,5,100,A2,Ours,0.2639999999999958
2.611951144114025,3,100,495,5,100,A3,Ours,0.2639999999999958
11.15246467923274,3,100,495,5,100,core,Ours,0.2639999999999958
15.694091975852167,3,100,495,5,100,A1,HOSVD,0.44200000000000017
0.1207314247478191,3,100,495,5,100,A2,HOSVD,0.44200000000000017
2.4437641894084923,3,100,495,5,100,A3,HOSVD,0.44200000000000017
11.152464605445239,3,100,495,5,100,core,HOSVD,0.44200000000000017
15.663597001171304,3,100,495,5,100,A1,HOOI,2.235999999999997
0.10546620198980149,3,100,495,5,100,A2,HOOI,2.235999999999997
2.4645650801028594,3,100,495,5,100,A3,HOOI,2.235999999999997
11.152464605445239,3,100,495,5,100,core,HOOI,2.235999999999997
13.206569144977058,3,100,495,5,100,A1,Olga,4.467000000000006
0.29179141761371324,3,100,495,5,100,A2,Olga,4.467000000000006
2.805392937002862,3,100,495,5,100,A3,Tracy,4.467000000000006
11.152464679232738,3,100,495,5,100,core,Tracy_Olga,4.467000000000006
4.951116144846021,3,100,983,5,100,A1,NTD,38.762
3.22687598746702,3,100,983,5,100,A2,NTD,38.762
980.2284342642719,3,100,983,5,100,A3,NTD,38.762
10.12284985634597,3,100,983,5,100,core,NTD,38.762
10.731008325856655,3,100,983,5,100,A1,Ours,5.177999999999997
0.13595573779942083,3,100,983,5,100,A2,Ours,5.177999999999997
4.684836917730101,3,100,983,5,100,A3,Ours,5.177999999999997
8.20730321238617,3,100,983,5,100,core,Ours,5.177999999999997
10.731008325856655,3,100,983,5,100,A1,HOSVD,11.171999999999997
0.13595573779942083,3,100,983,5,100,A2,HOSVD,11.171999999999997
2.521270554258818,3,100,983,5,100,A3,HOSVD,11.171999999999997
11.152464605445239,3,100,983,5,100,core,HOSVD,11.171999999999997
10.006308732166122,3,100,983,5,100,A1,HOOI,13.200000000000003
0.04739347770987775,3,100,983,5,100,A2,HOOI,13.200000000000003
2.559970742743492,3,100,983,5,100,A3,HOOI,13.200000000000003
11.15246460544524,3,100,983,5,100,core,HOOI,13.200000000000003
15.923922436527363,3,100,983,5,100,A1,Olga,11.876999999999995
3.819874842213184,3,100,983,5,100,A2,Olga,11.876999999999995
2.890008429626295,3,100,983,5,100,A3,Tracy,11.876999999999995
11.525991133792656,3,100,983,5,100,core,Tracy_Olga,11.876999999999995
35.36637209178261,3,100,2399,5,100,A1,NTD,89.326
3.2268398000444005,3,100,2399,5,100,A2,NTD,89.326
2396.369861127118,3,100,2399,5,100,A3,NTD,89.326
10.238691781625404,3,100,2399,5,100,core,NTD,89.326
8.046320583429026,3,100,2399,5,100,A1,Ours,2.0730000000000075
0.16286185915758764,3,100,2399,5,100,A2,Ours,2.0730000000000075
5.224619797920479,3,100,2399,5,100,A3,Ours,2.0730000000000075
12.866367205055687,3,100,2399,5,100,core,Ours,2.0730000000000075
8.046320583429026,3,100,2399,5,100,A1,HOSVD,0.9969999999999857
0.16286185915758764,3,100,2399,5,100,A2,HOSVD,0.9969999999999857
2.576522523471368,3,100,2399,5,100,A3,HOSVD,0.9969999999999857
11.152464605445239,3,100,2399,5,100,core,HOSVD,0.9969999999999857
7.961474283151422,3,100,2399,5,100,A1,HOOI,7.299999999999983
0.14973905940236015,3,100,2399,5,100,A2,HOOI,7.299999999999983
2.6222600662144417,3,100,2399,5,100,A3,HOOI,7.299999999999983
11.15246467923274,3,100,2399,5,100,core,HOOI,7.299999999999983
17.04531960154739,3,100,2399,5,100,A1,Olga,6.144999999999982
4.6803596742184075,3,100,2399,5,100,A2,Olga,6.144999999999982
2.9411961778281954,3,100,2399,5,100,A3,Tracy,6.144999999999982
11.380535818163414,3,100,2399,5,100,core,Tracy_Olga,6.144999999999982
109.23421803331681,3,100,4543,5,100,A1,NTD,158.49399999999997
3.226813254021069,3,100,4543,5,100,A2,NTD,158.49399999999997
4540.485096130018,3,100,4543,5,100,A3,NTD,158.49399999999997
10.681259607628922,3,100,4543,5,100,core,NTD,158.49399999999997
8.924013253732747,3,100,4543,5,100,A1,Ours,5.110000000000014
0.1290503967549955,3,100,4543,5,100,A2,Ours,5.110000000000014
5.2404543343584304,3,100,4543,5,100,A3,Ours,5.110000000000014
10.550258890929568,3,100,4543,5,100,core,Ours,5.110000000000014
8.924013253732747,3,100,4543,5,100,A1,HOSVD,2.8079999999999927
0.1290503967549955,3,100,4543,5,100,A2,HOSVD,2.8079999999999927
2.667789310407252,3,100,4543,5,100,A3,HOSVD,2.8079999999999927
11.152464605445239,3,100,4543,5,100,core,HOSVD,2.8079999999999927
9.069466499902779,3,100,4543,5,100,A1,HOOI,11.316000000000031
0.1494950261629172,3,100,4543,5,100,A2,HOOI,11.316000000000031
3.770957558112591,3,100,4543,5,100,A3,HOOI,11.316000000000031
8.233475784852354,3,100,4543,5,100,core,HOOI,11.316000000000031
42.315096712840614,3,100,4543,5,100,A1,Olga,12.668000000000006
4.555012511530013,3,100,4543,5,100,A2,Olga,12.668000000000006
4.398626091706437,3,100,4543,5,100,A3,Tracy,12.668000000000006
10.997866082902094,3,100,4543,5,100,core,Tracy_Olga,12.668000000000006
127.6458215765061,3,100,5328,5,100,A1,NTD,182.14100000000002
3.2268204163881173,3,100,5328,5,100,A2,NTD,182.14100000000002
5325.515568816396,3,100,5328,5,100,A3,NTD,182.14100000000002
11.351846019016897,3,100,5328,5,100,core,NTD,182.14100000000002
8.928963037915695,3,100,5328,5,100,A1,Ours,5.697999999999979
0.18632101769579598,3,100,5328,5,100,A2,Ours,5.697999999999979
5.421465065779562,3,100,5328,5,100,A3,Ours,5.697999999999979
10.033101173283105,3,100,5328,5,100,core,Ours,5.697999999999979
8.928963037915695,3,100,5328,5,100,A1,HOSVD,2.052000000000021
0.18632101769579598,3,100,5328,5,100,A2,HOSVD,2.052000000000021
2.6992486148679262,3,100,5328,5,100,A3,HOSVD,2.052000000000021
11.15246460544524,3,100,5328,5,100,core,HOSVD,2.052000000000021
8.702920921898679,3,100,5328,5,100,A1,HOOI,5.932999999999993
0.1688545842658418,3,100,5328,5,100,A2,HOOI,5.932999999999993
3.570196164655122,3,100,5328,5,100,A3,HOOI,5.932999999999993
9.788871042194808,3,100,5328,5,100,core,HOOI,5.932999999999993
33.92890627897258,3,100,5328,5,100,A1,Olga,2.600999999999999
4.229661681041115,3,100,5328,5,100,A2,Olga,2.600999999999999
3.112574638551392,3,100,5328,5,100,A3,Tracy,2.600999999999999
9.85091584211705,3,100,5328,5,100,core,Tracy_Olga,2.600999999999999
123.35984605195078,3,100,6091,5,100,A1,NTD,190.42100000000005
3.226830317658123,3,100,6091,5,100,A2,NTD,190.42100000000005
6088.568015131653,3,100,6091,5,100,A3,NTD,190.42100000000005
11.271367591603786,3,100,6091,5,100,core,NTD,190.42100000000005
12.343043548420098,3,100,6091,5,100,A1,Ours,6.2590000000000146
0.15689398942134838,3,100,6091,5,100,A2,Ours,6.2590000000000146
5.238339833574344,3,100,6091,5,100,A3,Ours,6.2590000000000146
10.384938796418544,3,100,6091,5,100,core,Ours,6.2590000000000146
12.343043548420098,3,100,6091,5,100,A1,HOSVD,2.0960000000000036
0.15689398942134838,3,100,6091,5,100,A2,HOSVD,2.0960000000000036
4.05319632399934,3,100,6091,5,100,A3,HOSVD,2.0960000000000036
9.130513211258778,3,100,6091,5,100,core,HOSVD,2.0960000000000036
12.287112853460611,3,100,6091,5,100,A1,HOOI,7.95799999999997
0.14473676302388078,3,100,6091,5,100,A2,HOOI,7.95799999999997
3.8971238928243235,3,100,6091,5,100,A3,HOOI,7.95799999999997
9.251409114157903,3,100,6091,5,100,core,HOOI,7.95799999999997
32.12573359774675,3,100,6091,5,100,A1,Olga,3.115000000000009
3.8035608937629104,3,100,6091,5,100,A2,Olga,3.115000000000009
4.320987925271471,3,100,6091,5,100,A3,Tracy,3.115000000000009
10.750005841941224,3,100,6091,5,100,core,Tracy_Olga,3.115000000000009
123.68969445544832,3,100,6835,5,100,A1,NTD,217.087
3.2268330062019417,3,100,6835,5,100,A2,NTD,217.087
6832.606973534679,3,100,6835,5,100,A3,NTD,217.087
10.686635556016112,3,100,6835,5,100,core,NTD,217.087
11.475671009901701,3,100,6835,5,100,A1,Ours,9.026999999999816
0.206303643217882,3,100,6835,5,100,A2,Ours,9.026999999999816
5.286733718612587,3,100,6835,5,100,A3,Ours,9.026999999999816
12.924002161271256,3,100,6835,5,100,core,Ours,9.026999999999816
11.475671009901701,3,100,6835,5,100,A1,HOSVD,5.397999999999911
0.206303643217882,3,100,6835,5,100,A2,HOSVD,5.397999999999911
4.837031056054333,3,100,6835,5,100,A3,HOSVD,5.397999999999911
10.68770223844397,3,100,6835,5,100,core,HOSVD,5.397999999999911
11.53331371187562,3,100,6835,5,100,A1,HOOI,12.5150000000001
0.18659152376711802,3,100,6835,5,100,A2,HOOI,12.5150000000001
3.849635138716295,3,100,6835,5,100,A3,HOOI,12.5150000000001
10.688486307920455,3,100,6835,5,100,core,HOOI,12.5150000000001
39.296418961060276,3,100,6835,5,100,A1,Olga,7.070000000000164
4.3670370589702205,3,100,6835,5,100,A2,Olga,7.070000000000164
4.971628733844424,3,100,6835,5,100,A3,Tracy,7.070000000000164
11.344468002760738,3,100,6835,5,100,core,Tracy_Olga,7.070000000000164
111.30269358838962,3,100,7534,5,100,A1,NTD,237.74800000000005
4.774272833862824,3,100,7534,5,100,A2,NTD,237.74800000000005
7531.554325884033,3,100,7534,5,100,A3,NTD,237.74800000000005
10.948923154158615,3,100,7534,5,100,core,NTD,237.74800000000005
12.104512809949613,3,100,7534,5,100,A1,Ours,9.007000000000062
0.03329015367271098,3,100,7534,5,100,A2,Ours,9.007000000000062
5.28541133593398,3,100,7534,5,100,A3,Ours,9.007000000000062
9.73122617067615,3,100,7534,5,100,core,Ours,9.007000000000062
12.300506234156245,3,100,7534,5,100,A1,HOOI,10.082000000000107
0.056948328700570976,3,100,7534,5,100,A2,HOOI,10.082000000000107
3.3571676763104326,3,100,7534,5,100,A3,HOOI,10.082000000000107
10.149045547040668,3,100,7534,5,100,core,HOOI,10.082000000000107
121.68428959006215,3,100,8216,5,100,A1,NTD,247.14099999999985
3.2257326328367246,3,100,8216,5,100,A2,NTD,247.14099999999985
8213.570849991236,3,100,8216,5,100,A3,NTD,247.14099999999985
10.689616202082124,3,100,8216,5,100,core,NTD,247.14099999999985
13.284658287929718,3,100,8216,5,100,A1,Ours,9.643000000000029
0.03253499371679961,3,100,8216,5,100,A2,Ours,9.643000000000029
5.280656154652545,3,100,8216,5,100,A3,Ours,9.643000000000029
10.281584988838118,3,100,8216,5,100,core,Ours,9.643000000000029
13.284658287929718,3,100,8216,5,100,A1,HOSVD,2.66800000000012
0.03253499371679961,3,100,8216,5,100,A2,HOSVD,2.66800000000012
4.707590418961483,3,100,8216,5,100,A3,HOSVD,2.66800000000012
10.366467183294999,3,100,8216,5,100,core,HOSVD,2.66800000000012
2.7759273871662757,3,100,100,5,3000,A1,NTD,3.8920000000000528
0.1976731300675916,3,100,100,5,3000,A2,NTD,3.8920000000000528
97.00035738480221,3,100,100,5,3000,A3,NTD,3.8920000000000528
9.247645615192736,3,100,100,5,3000,core,NTD,3.8920000000000528
1.9999857227685018,3,100,100,5,3000,A1,Ours,0.0809999999999036
0.007002677007102456,3,100,100,5,3000,A2,Ours,0.0809999999999036
0.0377663750072699,3,100,100,5,3000,A3,Ours,0.0809999999999036
10.382299873572931,3,100,100,5,3000,core,Ours,0.0809999999999036
1.9999857227685018,3,100,100,5,3000,A1,HOSVD,0.07999999999992724
0.007002677007102456,3,100,100,5,3000,A2,HOSVD,0.07999999999992724
0.037768472393602946,3,100,100,5,3000,A3,HOSVD,0.07999999999992724
10.382299799340704,3,100,100,5,3000,core,HOSVD,0.07999999999992724
2.0021950673894833,3,100,100,5,3000,A1,HOOI,0.6739999999999782
0.0060365886920634064,3,100,100,5,3000,A2,HOOI,0.6739999999999782
0.03776861580020443,3,100,100,5,3000,A3,HOOI,0.6739999999999782
10.38274188092797,3,100,100,5,3000,core,HOOI,0.6739999999999782
2.0904522500505753,3,100,100,5,3000,A1,Olga,1.1900000000000546
0.007882364626143576,3,100,100,5,3000,A2,Olga,1.1900000000000546
1.0061447852529324,3,100,100,5,3000,A3,Tracy,1.1900000000000546
10.391727642478548,3,100,100,5,3000,core,Tracy_Olga,1.1900000000000546
2.095759119666539,3,100,500,5,3000,A1,NTD,14.66599999999994
0.3287832295472874,3,100,500,5,3000,A2,NTD,14.66599999999994
497.000050944002,3,100,500,5,3000,A3,NTD,14.66599999999994
10.635686406989347,3,100,500,5,3000,core,NTD,14.66599999999994
1.74652593333009,3,100,500,5,3000,A1,Ours,0.4700000000000273
0.018892344647737185,3,100,500,5,3000,A2,Ours,0.4700000000000273
0.07438057405755405,3,100,500,5,3000,A3,Ours,0.4700000000000273
10.365292138346407,3,100,500,5,3000,core,Ours,0.4700000000000273
1.74652593333009,3,100,500,5,3000,A1,HOSVD,1.0050000000001091
0.018892344647737185,3,100,500,5,3000,A2,HOSVD,1.0050000000001091
0.07437172499178758,3,100,500,5,3000,A3,HOSVD,1.0050000000001091
10.365203570828195,3,100,500,5,3000,core,HOSVD,1.0050000000001091
1.7500752521787508,3,100,500,5,3000,A1,HOOI,0.9369999999998981
0.01826613909422223,3,100,500,5,3000,A2,HOOI,0.9369999999998981
0.07479555914104502,3,100,500,5,3000,A3,HOOI,0.9369999999998981
10.365486478582456,3,100,500,5,3000,core,HOOI,0.9369999999998981
2.467229188510563,3,100,500,5,3000,A1,Olga,0.8419999999998709
0.011725533502023038,3,100,500,5,3000,A2,Olga,0.8419999999998709
1.21878124234177,3,100,500,5,3000,A3,Tracy,0.8419999999998709
10.397271498551362,3,100,500,5,3000,core,Tracy_Olga,0.8419999999998709
1.9266225526479048,3,100,999,5,3000,A1,NTD,33.3900000000001
0.2109435661894571,3,100,999,5,3000,A2,NTD,33.3900000000001
996.0321268845903,3,100,999,5,3000,A3,NTD,33.3900000000001
15.983745001095032,3,100,999,5,3000,core,NTD,33.3900000000001
2.045978419433093,3,100,999,5,3000,A1,Ours,3.9200000000000728
0.010235589188928472,3,100,999,5,3000,A2,Ours,3.9200000000000728
2.5392727392395438,3,100,999,5,3000,A3,Ours,3.9200000000000728
11.144691145797651,3,100,999,5,3000,core,Ours,3.9200000000000728
2.045978419433093,3,100,999,5,3000,A1,HOSVD,4.114000000000033
0.010235589188928472,3,100,999,5,3000,A2,HOSVD,4.114000000000033
2.53853244828861,3,100,999,5,3000,A3,HOSVD,4.114000000000033
11.144561854296114,3,100,999,5,3000,core,HOSVD,4.114000000000033
2.046730249620127,3,100,999,5,3000,A1,HOOI,5.569999999999936
0.0098763449602203,3,100,999,5,3000,A2,HOOI,5.569999999999936
2.539585660235066,3,100,999,5,3000,A3,HOOI,5.569999999999936
11.14448653667666,3,100,999,5,3000,core,HOOI,5.569999999999936
2.6975641237791805,3,100,999,5,3000,A1,Olga,5.860000000000127
0.012534350827596444,3,100,999,5,3000,A2,Olga,5.860000000000127
3.0955238934781617,3,100,999,5,3000,A3,Tracy,5.860000000000127
10.559719777363282,3,100,999,5,3000,core,Tracy_Olga,5.860000000000127
2.0855231308232565,3,100,2499,5,3000,A1,NTD,79.66499999999996
0.869188464331725,3,100,2499,5,3000,A2,NTD,79.66499999999996
2496.043270559394,3,100,2499,5,3000,A3,NTD,79.66499999999996
9.655574686831132,3,100,2499,5,3000,core,NTD,79.66499999999996
2.120498637256308,3,100,2499,5,3000,A1,Ours,7.828999999999951
0.015217309229895372,3,100,2499,5,3000,A2,Ours,7.828999999999951
2.5170879211673705,3,100,2499,5,3000,A3,Ours,7.828999999999951
10.792178869395178,3,100,2499,5,3000,core,Ours,7.828999999999951
2.120498637256308,3,100,2499,5,3000,A1,HOSVD,6.096000000000004
0.015217309229895372,3,100,2499,5,3000,A2,HOSVD,6.096000000000004
2.5111460747877663,3,100,2499,5,3000,A3,HOSVD,6.096000000000004
10.789417875729443,3,100,2499,5,3000,core,HOSVD,6.096000000000004
2.1092833193417593,3,100,2499,5,3000,A1,HOOI,11.67599999999993
0.014528617758808437,3,100,2499,5,3000,A2,HOOI,11.67599999999993
2.5095896551968595,3,100,2499,5,3000,A3,HOOI,11.67599999999993
10.7831878608904,3,100,2499,5,3000,core,HOOI,11.67599999999993
2.4450322377600755,3,100,2499,5,3000,A1,Olga,8.793999999999869
0.0408749617321798,3,100,2499,5,3000,A2,Olga,8.793999999999869
2.9445785618847524,3,100,2499,5,3000,A3,Tracy,8.793999999999869
10.770114976328138,3,100,2499,5,3000,core,Tracy_Olga,8.793999999999869
1.924351622838333,3,100,4986,5,3000,A1,NTD,180.79899999999998
0.6603364462046316,3,100,4986,5,3000,A2,NTD,180.79899999999998
4983.0507396078265,3,100,4986,5,3000,A3,NTD,180.79899999999998
10.857201782611774,3,100,4986,5,3000,core,NTD,180.79899999999998
1.9127614317926567,3,100,4986,5,3000,A1,Ours,5.3559999999999945
0.019038295952902434,3,100,4986,5,3000,A2,Ours,5.3559999999999945
2.510017710261004,3,100,4986,5,3000,A3,Ours,5.3559999999999945
11.152464605445239,3,100,4986,5,3000,core,Ours,5.3559999999999945
1.9127614317926567,3,100,4986,5,3000,A1,HOSVD,1.7180000000000746
0.019038295952902434,3,100,4986,5,3000,A2,HOSVD,1.7180000000000746
2.4895859958152258,3,100,4986,5,3000,A3,HOSVD,1.7180000000000746
11.152464605445239,3,100,4986,5,3000,core,HOSVD,1.7180000000000746
1.9173909793594568,3,100,4986,5,3000,A1,HOOI,4.4379999999998745
0.016909602846942845,3,100,4986,5,3000,A2,HOOI,4.4379999999998745
2.4896292799086215,3,100,4986,5,3000,A3,HOOI,4.4379999999998745
11.152464605445239,3,100,4986,5,3000,core,HOOI,4.4379999999998745
2.206121055943872,3,100,4986,5,3000,A1,Olga,2.673000000000002
0.030550049934534276,3,100,4986,5,3000,A2,Olga,2.673000000000002
2.8810580576087026,3,100,4986,5,3000,A3,Tracy,2.673000000000002
10.810647854794249,3,100,4986,5,3000,core,Tracy_Olga,2.673000000000002
1.8428796441723063,3,100,5983,5,3000,A1,NTD,201.81600000000003
1.2188590142206666,3,100,5983,5,3000,A2,NTD,201.81600000000003
5980.052891121783,3,100,5983,5,3000,A3,NTD,201.81600000000003
15.096970262171258,3,100,5983,5,3000,core,NTD,201.81600000000003
2.665117033359183,3,100,5983,5,3000,A1,Ours,6.7020000000002256
0.012032942131069249,3,100,5983,5,3000,A2,Ours,6.7020000000002256
2.5327336997160117,3,100,5983,5,3000,A3,Ours,6.7020000000002256
11.15246460544524,3,100,5983,5,3000,core,Ours,6.7020000000002256
2.665117033359183,3,100,5983,5,3000,A1,HOSVD,2.1090000000003783
0.012032942131069249,3,100,5983,5,3000,A2,HOSVD,2.1090000000003783
2.5024541811234893,3,100,5983,5,3000,A3,HOSVD,2.1090000000003783
11.152464605445239,3,100,5983,5,3000,core,HOSVD,2.1090000000003783
2.656587958038363,3,100,5983,5,3000,A1,HOOI,5.454000000000178
0.012850396181730415,3,100,5983,5,3000,A2,HOOI,5.454000000000178
2.5064227188563413,3,100,5983,5,3000,A3,HOOI,5.454000000000178
11.15246460544524,3,100,5983,5,3000,core,HOOI,5.454000000000178
2.4453597527097823,3,100,5983,5,3000,A1,Olga,3.106999999999971
0.026696782118236884,3,100,5983,5,3000,A2,Olga,3.106999999999971
2.900680593255207,3,100,5983,5,3000,A3,Tracy,3.106999999999971
10.74264850516233,3,100,5983,5,3000,core,Tracy_Olga,3.106999999999971
1.4994403724328833,3,100,6973,5,3000,A1,NTD,225.70800000000008
2.3719406698193035,3,100,6973,5,3000,A2,NTD,225.70800000000008
6970.069799293516,3,100,6973,5,3000,A3,NTD,225.70800000000008
14.04678266133084,3,100,6973,5,3000,core,NTD,225.70800000000008
2.3410675907129517,3,100,6973,5,3000,A1,Ours,7.834000000000287
0.015473367088240444,3,100,6973,5,3000,A2,Ours,7.834000000000287
2.5519441424619593,3,100,6973,5,3000,A3,Ours,7.834000000000287
11.15246460544524,3,100,6973,5,3000,core,Ours,7.834000000000287
2.3410675907129517,3,100,6973,5,3000,A1,HOSVD,2.955999999999676
0.015473367088240444,3,100,6973,5,3000,A2,HOSVD,2.955999999999676
2.511386163228256,3,100,6973,5,3000,A3,HOSVD,2.955999999999676
11.152464605445239,3,100,6973,5,3000,core,HOSVD,2.955999999999676
2.3487989961282754,3,100,6973,5,3000,A1,HOOI,6.785000000000309
0.014480884510558465,3,100,6973,5,3000,A2,HOOI,6.785000000000309
2.5106950195480042,3,100,6973,5,3000,A3,HOOI,6.785000000000309
11.152464605445239,3,100,6973,5,3000,core,HOOI,6.785000000000309
2.287067445328694,3,100,6973,5,3000,A1,Olga,3.882000000000062
0.04551100584868709,3,100,6973,5,3000,A2,Olga,3.882000000000062
2.9111828843540244,3,100,6973,5,3000,A3,Tracy,3.882000000000062
10.767447549295303,3,100,6973,5,3000,core,Tracy_Olga,3.882000000000062
1.3288924898772638,3,100,7961,5,3000,A1,NTD,251.7159999999999
3.2268257539541256,3,100,7961,5,3000,A2,NTD,251.7159999999999
7958.064249254242,3,100,7961,5,3000,A3,NTD,251.7159999999999
11.023520765474474,3,100,7961,5,3000,core,NTD,251.7159999999999
4.036289950844072,3,100,7961,5,3000,A1,Ours,9.705000000000382
0.035986678312426156,3,100,7961,5,3000,A2,Ours,9.705000000000382
2.56360956870872,3,100,7961,5,3000,A3,Ours,9.705000000000382
10.857792778798725,3,100,7961,5,3000,core,Ours,9.705000000000382
4.036289950844072,3,100,7961,5,3000,A1,HOSVD,3.0039999999999054
0.035986678312426156,3,100,7961,5,3000,A2,HOSVD,3.0039999999999054
2.5107302558916973,3,100,7961,5,3000,A3,HOSVD,3.0039999999999054
10.823110348364466,3,100,7961,5,3000,core,HOSVD,3.0039999999999054
4.041807124449393,3,100,7961,5,3000,A1,HOOI,8.94399999999996
0.03571056405032377,3,100,7961,5,3000,A2,HOOI,8.94399999999996
2.5107586782729028,3,100,7961,5,3000,A3,HOOI,8.94399999999996
10.840616412940944,3,100,7961,5,3000,core,HOOI,8.94399999999996
2.979677047023097,3,100,7961,5,3000,A1,Olga,5.859999999999673
0.047972724243007095,3,100,7961,5,3000,A2,Olga,5.859999999999673
2.904144471226471,3,100,7961,5,3000,A3,Tracy,5.859999999999673
10.831974012258321,3,100,7961,5,3000,core,Tracy_Olga,5.859999999999673
1.4715352401228026,3,100,8951,5,3000,A1,NTD,279.067
3.226823421913417,3,100,8951,5,3000,A2,NTD,279.067
8948.068340445345,3,100,8951,5,3000,A3,NTD,279.067
9.490073894726638,3,100,8951,5,3000,core,NTD,279.067
1.5105333028433032,3,100,8951,5,3000,A1,Ours,11.602000000000317
0.014720777911007817,3,100,8951,5,3000,A2,Ours,11.602000000000317
2.5713078112602683,3,100,8951,5,3000,A3,Ours,11.602000000000317
10.85751623943987,3,100,8951,5,3000,core,Ours,11.602000000000317
1.5105333028433032,3,100,8951,5,3000,A1,HOSVD,2.9540000000001783
0.014720777911007817,3,100,8951,5,3000,A2,HOSVD,2.9540000000001783
2.504567745052317,3,100,8951,5,3000,A3,HOSVD,2.9540000000001783
10.807363677939588,3,100,8951,5,3000,core,HOSVD,2.9540000000001783
1.5083331009121785,3,100,8951,5,3000,A1,HOOI,9.803999999999633
0.014430184007429219,3,100,8951,5,3000,A2,HOOI,9.803999999999633
2.504369563028024,3,100,8951,5,3000,A3,HOOI,9.803999999999633
10.819531871117409,3,100,8951,5,3000,core,HOOI,9.803999999999633
2.7218781637552856,3,100,8951,5,3000,A1,Olga,5.572000000000116
0.049057946854245776,3,100,8951,5,3000,A2,Olga,5.572000000000116
2.8988551320273004,3,100,8951,5,3000,A3,Tracy,5.572000000000116
10.85516042202376,3,100,8951,5,3000,core,Tracy_Olga,5.572000000000116
31.2481582709453,3,100,9944,5,3000,A1,NTD,295.75099999999975
3.225750660473706,3,100,9944,5,3000,A2,NTD,295.75099999999975
9941.079057342338,3,100,9944,5,3000,A3,NTD,295.75099999999975
8.506328428081364,3,100,9944,5,3000,core,NTD,295.75099999999975
2.594325642559206,3,100,9944,5,3000,A1,Ours,13.043999999999869
0.02645049099595145,3,100,9944,5,3000,A2,Ours,13.043999999999869
2.5982698122451433,3,100,9944,5,3000,A3,Ours,13.043999999999869
11.15246460544524,3,100,9944,5,3000,core,Ours,13.043999999999869
2.594325642559206,3,100,9944,5,3000,A1,HOSVD,4.1599999999998545
0.02645049099595145,3,100,9944,5,3000,A2,HOSVD,4.1599999999998545
2.5151998141387133,3,100,9944,5,3000,A3,HOSVD,4.1599999999998545
11.152464605445239,3,100,9944,5,3000,core,HOSVD,4.1599999999998545
2.5904441864856453,3,100,9944,5,3000,A1,HOOI,12.804999999999836
0.02517631035307029,3,100,9944,5,3000,A2,HOOI,12.804999999999836
4.225344906043007,3,100,9944,5,3000,A3,HOOI,12.804999999999836
9.25238009735312,3,100,9944,5,3000,core,HOOI,12.804999999999836
2.0715677940018913,3,100,9944,5,3000,A1,Olga,6.883000000000266
0.08810805661398759,3,100,9944,5,3000,A2,Olga,6.883000000000266
2.9166297094369256,3,100,9944,5,3000,A3,Tracy,6.883000000000266
10.813949888352314,3,100,9944,5,3000,core,Tracy_Olga,6.883000000000266
2.4395285579736763,3,100,100,5,10000,A1,NTD,3.770999999999731
0.20368233707174124,3,100,100,5,10000,A2,NTD,3.770999999999731
97.00000840665466,3,100,100,5,10000,A3,NTD,3.770999999999731
12.498348316949407,3,100,100,5,10000,core,NTD,3.770999999999731
0.9975233855849774,3,100,100,5,10000,A1,Ours,0.06999999999970896
0.004385125902349818,3,100,100,5,10000,A2,Ours,0.06999999999970896
0.020630007366763608,3,100,100,5,10000,A3,Ours,0.06999999999970896
10.366924167098073,3,100,100,5,10000,core,Ours,0.06999999999970896
0.9975233855849774,3,100,100,5,10000,A1,HOSVD,0.07000000000016371
0.004385125902349818,3,100,100,5,10000,A2,HOSVD,0.07000000000016371
0.020629986031862876,3,100,100,5,10000,A3,HOSVD,0.07000000000016371
10.366924212668735,3,100,100,5,10000,core,HOSVD,0.07000000000016371
1.0022753022661466,3,100,100,5,10000,A1,HOOI,0.3789999999999054
0.004062095727579818,3,100,100,5,10000,A2,HOOI,0.3789999999999054
0.02070710758994416,3,100,100,5,10000,A3,HOOI,0.3789999999999054
10.367012151951132,3,100,100,5,10000,core,HOOI,0.3789999999999054
1.168250650430685,3,100,100,5,10000,A1,Olga,0.08199999999987995
0.001317928982071992,3,100,100,5,10000,A2,Olga,0.08199999999987995
1.0057461879254856,3,100,100,5,10000,A3,Tracy,0.08199999999987995
10.38078428327405,3,100,100,5,10000,core,Tracy_Olga,0.08199999999987995
2.015790829004534,3,100,500,5,10000,A1,NTD,14.5
0.21759394951972016,3,100,500,5,10000,A2,NTD,14.5
497.0000282607701,3,100,500,5,10000,A3,NTD,14.5
13.259415430888216,3,100,500,5,10000,core,NTD,14.5
1.5072137365643552,3,100,500,5,10000,A1,Ours,0.27300000000013824
0.0224761961449304,3,100,500,5,10000,A2,Ours,0.27300000000013824
0.040186606308275544,3,100,500,5,10000,A3,Ours,0.27300000000013824
10.383642392228737,3,100,500,5,10000,core,Ours,0.27300000000013824
1.5072137365643552,3,100,500,5,10000,A1,HOSVD,0.38400000000001455
0.0224761961449304,3,100,500,5,10000,A2,HOSVD,0.38400000000001455
0.040192725411672035,3,100,500,5,10000,A3,HOSVD,0.38400000000001455
10.383639047487469,3,100,500,5,10000,core,HOSVD,0.38400000000001455
1.5096426912709477,3,100,500,5,10000,A1,HOOI,0.4800000000000182
0.02225736099108331,3,100,500,5,10000,A2,HOOI,0.4800000000000182
0.04020112497967203,3,100,500,5,10000,A3,HOOI,0.4800000000000182
10.383860962145462,3,100,500,5,10000,core,HOOI,0.4800000000000182
1.2583663656222055,3,100,500,5,10000,A1,Olga,0.46099999999978536
0.011739411856463473,3,100,500,5,10000,A2,Olga,0.46099999999978536
1.214647582001457,3,100,500,5,10000,A3,Tracy,0.46099999999978536
10.390646512889797,3,100,500,5,10000,core,Tracy_Olga,0.46099999999978536
2.010751779910232,3,100,1000,5,10000,A1,NTD,30.82300000000032
0.23321070220170376,3,100,1000,5,10000,A2,NTD,30.82300000000032
997.0000803013385,3,100,1000,5,10000,A3,NTD,30.82300000000032
11.111224245065989,3,100,1000,5,10000,core,NTD,30.82300000000032
1.2814865105736146,3,100,1000,5,10000,A1,Ours,0.5180000000000291
0.005795114058615536,3,100,1000,5,10000,A2,Ours,0.5180000000000291
0.05653892462275407,3,100,1000,5,10000,A3,Ours,0.5180000000000291
10.373924933011693,3,100,1000,5,10000,core,Ours,0.5180000000000291
1.2814865105736146,3,100,1000,5,10000,A1,HOSVD,0.4279999999998836
0.005795114058615536,3,100,1000,5,10000,A2,HOSVD,0.4279999999998836
0.056519083606215395,3,100,1000,5,10000,A3,HOSVD,0.4279999999998836
10.37392252656097,3,100,1000,5,10000,core,HOSVD,0.4279999999998836
1.2778597680035195,3,100,1000,5,10000,A1,HOOI,0.793999999999869
0.005815620906320272,3,100,1000,5,10000,A2,HOOI,0.793999999999869
0.05658379842453547,3,100,1000,5,10000,A3,HOOI,0.793999999999869
10.373996781861107,3,100,1000,5,10000,core,HOOI,0.793999999999869
1.241210536240165,3,100,1000,5,10000,A1,Olga,0.4580000000000837
0.006355900567170727,3,100,1000,5,10000,A2,Olga,0.4580000000000837
1.3482046964596104,3,100,1000,5,10000,A3,Tracy,0.4580000000000837
10.406018340337054,3,100,1000,5,10000,core,Tracy_Olga,0.4580000000000837
1.9004181069658683,3,100,2500,5,10000,A1,NTD,86.07799999999997
0.19969843237635734,3,100,2500,5,10000,A2,NTD,86.07799999999997
2497.000217689573,3,100,2500,5,10000,A3,NTD,86.07799999999997
15.080050272918177,3,100,2500,5,10000,core,NTD,86.07799999999997
1.4312532608310877,3,100,2500,5,10000,A1,Ours,4.282000000000153
0.005831869102844644,3,100,2500,5,10000,A2,Ours,4.282000000000153
0.2160826068558861,3,100,2500,5,10000,A3,Ours,4.282000000000153
10.480604091246711,3,100,2500,5,10000,core,Ours,4.282000000000153
1.4312532608310877,3,100,2500,5,10000,A1,HOSVD,6.604000000000269
0.005831869102844644,3,100,2500,5,10000,A2,HOSVD,6.604000000000269
0.2160628373483059,3,100,2500,5,10000,A3,HOSVD,6.604000000000269
10.480342111826783,3,100,2500,5,10000,core,HOSVD,6.604000000000269
1.4307927848211242,3,100,2500,5,10000,A1,HOOI,13.659000000000106
0.0064052913531394955,3,100,2500,5,10000,A2,HOOI,13.659000000000106
0.21609100529774336,3,100,2500,5,10000,A3,HOOI,13.659000000000106
10.481474748011896,3,100,2500,5,10000,core,HOOI,13.659000000000106
1.2827697443478567,3,100,2500,5,10000,A1,Olga,12.149000000000342
0.006030117325883691,3,100,2500,5,10000,A2,Olga,12.149000000000342
1.4411534696050603,3,100,2500,5,10000,A3,Tracy,12.149000000000342
10.485916076066168,3,100,2500,5,10000,core,Tracy_Olga,12.149000000000342
1.643746259210444,3,100,4997,5,10000,A1,NTD,169.1239999999998
0.22907694244621635,3,100,4997,5,10000,A2,NTD,169.1239999999998
4994.0268770846615,3,100,4997,5,10000,A3,NTD,169.1239999999998
15.994194033176235,3,100,4997,5,10000,core,NTD,169.1239999999998
1.6700965774303174,3,100,4997,5,10000,A1,Ours,5.629999999999654
0.0018636712385496769,3,100,4997,5,10000,A2,Ours,5.629999999999654
2.450364898549055,3,100,4997,5,10000,A3,Ours,5.629999999999654
10.798460023537022,3,100,4997,5,10000,core,Ours,5.629999999999654
1.6700965774303174,3,100,4997,5,10000,A1,HOSVD,1.8489999999997053
0.0018636712385496769,3,100,4997,5,10000,A2,HOSVD,1.8489999999997053
2.4492442770041563,3,100,4997,5,10000,A3,HOSVD,1.8489999999997053
10.796641084338273,3,100,4997,5,10000,core,HOSVD,1.8489999999997053
1.6659824760004696,3,100,4997,5,10000,A1,HOOI,4.712999999999738
0.001634406340463359,3,100,4997,5,10000,A2,HOOI,4.712999999999738
2.4457741282802754,3,100,4997,5,10000,A3,HOOI,4.712999999999738
10.802851067515986,3,100,4997,5,10000,core,HOOI,4.712999999999738
1.336204773926756,3,100,4997,5,10000,A1,Olga,2.4520000000002256
0.008159819328313335,3,100,4997,5,10000,A2,Olga,2.4520000000002256
2.993558219690007,3,100,4997,5,10000,A3,Tracy,2.4520000000002256
10.474269183274984,3,100,4997,5,10000,core,Tracy_Olga,2.4520000000002256
1.903561465703595,3,100,5997,5,10000,A1,NTD,200.33300000000008
0.27443457489513495,3,100,5997,5,10000,A2,NTD,200.33300000000008
5994.028480792471,3,100,5997,5,10000,A3,NTD,200.33300000000008
11.313640699124695,3,100,5997,5,10000,core,NTD,200.33300000000008
1.519148880780105,3,100,5997,5,10000,A1,Ours,6.817000000000007
0.019814770175257696,3,100,5997,5,10000,A2,Ours,6.817000000000007
2.662383482812989,3,100,5997,5,10000,A3,Ours,6.817000000000007
13.657532527001367,3,100,5997,5,10000,core,Ours,6.817000000000007
1.519148880780105,3,100,5997,5,10000,A1,HOSVD,2.080999999999676
0.019814770175257696,3,100,5997,5,10000,A2,HOSVD,2.080999999999676
2.6612491894509955,3,100,5997,5,10000,A3,HOSVD,2.080999999999676
13.65667237652487,3,100,5997,5,10000,core,HOSVD,2.080999999999676
1.5201302279068334,3,100,5997,5,10000,A1,HOOI,5.166999999999916
0.019615777661477627,3,100,5997,5,10000,A2,HOOI,5.166999999999916
2.6627079942429503,3,100,5997,5,10000,A3,HOOI,5.166999999999916
13.656255305069994,3,100,5997,5,10000,core,HOOI,5.166999999999916
1.149600996214054,3,100,5997,5,10000,A1,Olga,2.9950000000003456
0.008733521091071976,3,100,5997,5,10000,A2,Olga,2.9950000000003456
2.9977726286244133,3,100,5997,5,10000,A3,Tracy,2.9950000000003456
7.253273577810701,3,100,5997,5,10000,core,Tracy_Olga,2.9950000000003456
1.9036535847323923,3,100,6989,5,10000,A1,NTD,218.42599999999948
4.300536156221742,3,100,6989,5,10000,A2,NTD,218.42599999999948
6986.0278415544235,3,100,6989,5,10000,A3,NTD,218.42599999999948
11.05146525146145,3,100,6989,5,10000,core,NTD,218.42599999999948
1.1538546465527153,3,100,6989,5,10000,A1,Ours,7.712000000000444
0.01714625573626893,3,100,6989,5,10000,A2,Ours,7.712000000000444
2.490817856456153,3,100,6989,5,10000,A3,Ours,7.712000000000444
10.785130529109592,3,100,6989,5,10000,core,Ours,7.712000000000444
1.1538546465527153,3,100,6989,5,10000,A1,HOSVD,2.4799999999995634
0.01714625573626893,3,100,6989,5,10000,A2,HOSVD,2.4799999999995634
2.4872097763495686,3,100,6989,5,10000,A3,HOSVD,2.4799999999995634
10.78169791393851,3,100,6989,5,10000,core,HOSVD,2.4799999999995634
1.1553156604565304,3,100,6989,5,10000,A1,HOOI,6.770999999999731
0.017341706930448036,3,100,6989,5,10000,A2,HOOI,6.770999999999731
2.487240231920896,3,100,6989,5,10000,A3,HOOI,6.770999999999731
10.781495119868012,3,100,6989,5,10000,core,HOOI,6.770999999999731
1.2790669542846793,3,100,6989,5,10000,A1,Olga,3.8450000000002547
0.0062255411403168434,3,100,6989,5,10000,A2,Olga,3.8450000000002547
2.8847830185280037,3,100,6989,5,10000,A3,Tracy,3.8450000000002547
10.796055637548431,3,100,6989,5,10000,core,Tracy_Olga,3.8450000000002547
1.7642732861868087,3,100,7991,5,10000,A1,NTD,255.9459999999999
0.042916361712001895,3,100,7991,5,10000,A2,NTD,255.9459999999999
7988.032873471904,3,100,7991,5,10000,A3,NTD,255.9459999999999
15.728896638230053,3,100,7991,5,10000,core,NTD,255.9459999999999
0.783115289369987,3,100,7991,5,10000,A1,Ours,10.206000000000131
0.013952840258412006,3,100,7991,5,10000,A2,Ours,10.206000000000131
2.492407711805462,3,100,7991,5,10000,A3,Ours,10.206000000000131
10.789825173085607,3,100,7991,5,10000,core,Ours,10.206000000000131
0.783115289369987,3,100,7991,5,10000,A1,HOSVD,2.9310000000004948
0.013952840258412006,3,100,7991,5,10000,A2,HOSVD,2.9310000000004948
2.487693720544796,3,100,7991,5,10000,A3,HOSVD,2.9310000000004948
10.785316431564539,3,100,7991,5,10000,core,HOSVD,2.9310000000004948
0.7807870983781227,3,100,7991,5,10000,A1,HOOI,8.19799999999941
0.013534708975386578,3,100,7991,5,10000,A2,HOOI,8.19799999999941
2.488333597950757,3,100,7991,5,10000,A3,HOOI,8.19799999999941
10.786624914914254,3,100,7991,5,10000,core,HOOI,8.19799999999941
1.2784150484578582,3,100,7991,5,10000,A1,Olga,4.871999999999389
0.01356735621939179,3,100,7991,5,10000,A2,Olga,4.871999999999389
2.8925996672529575,3,100,7991,5,10000,A3,Tracy,4.871999999999389
10.817325088154968,3,100,7991,5,10000,core,Tracy_Olga,4.871999999999389
1.4343468789592249,3,100,8991,5,10000,A1,NTD,325.60899999999947
0.02273350095679791,3,100,8991,5,10000,A2,NTD,325.60899999999947
8988.031243048164,3,100,8991,5,10000,A3,NTD,325.60899999999947
7.582050266938776,3,100,8991,5,10000,core,NTD,325.60899999999947
1.4740284074033034,3,100,8991,5,10000,A1,Ours,12.13000000000011
0.005254721268532149,3,100,8991,5,10000,A2,Ours,12.13000000000011
2.5010779957476243,3,100,8991,5,10000,A3,Ours,12.13000000000011
10.794014533226672,3,100,8991,5,10000,core,Ours,12.13000000000011
1.4740284074033034,3,100,8991,5,10000,A1,HOSVD,3.6729999999997744
0.005254721268532149,3,100,8991,5,10000,A2,HOSVD,3.6729999999997744
2.495053469872083,3,100,8991,5,10000,A3,HOSVD,3.6729999999997744
10.788357916394439,3,100,8991,5,10000,core,HOSVD,3.6729999999997744
1.4749082187087248,3,100,8991,5,10000,A1,HOOI,10.268000000000029
0.0054282418761774035,3,100,8991,5,10000,A2,HOOI,10.268000000000029
2.495645336564588,3,100,8991,5,10000,A3,HOOI,10.268000000000029
10.798970945271096,3,100,8991,5,10000,core,HOOI,10.268000000000029
1.6283503051745425,3,100,8991,5,10000,A1,Olga,5.55199999999968
0.013351303887641119,3,100,8991,5,10000,A2,Olga,5.55199999999968
2.904544629504604,3,100,8991,5,10000,A3,Tracy,5.55199999999968
10.785590696533136,3,100,8991,5,10000,core,Tracy_Olga,5.55199999999968
1.8035580530512776,3,100,9985,5,10000,A1,NTD,325.6170000000002
0.31479568489209053,3,100,9985,5,10000,A2,NTD,325.6170000000002
9982.029382941852,3,100,9985,5,10000,A3,NTD,325.6170000000002
9.297450216518488,3,100,9985,5,10000,core,NTD,325.6170000000002
1.4624226944162002,3,100,9985,5,10000,A1,Ours,13.055000000000291
0.006742447520112349,3,100,9985,5,10000,A2,Ours,13.055000000000291
2.4791223914620777,3,100,9985,5,10000,A3,Ours,13.055000000000291
11.152464605445239,3,100,9985,5,10000,core,Ours,13.055000000000291
1.4624226944162002,3,100,9985,5,10000,A1,HOSVD,3.7650000000003274
0.006742447520112349,3,100,9985,5,10000,A2,HOSVD,3.7650000000003274
2.471727362455013,3,100,9985,5,10000,A3,HOSVD,3.7650000000003274
11.152464605445239,3,100,9985,5,10000,core,HOSVD,3.7650000000003274
1.4648757549832456,3,100,9985,5,10000,A1,HOOI,11.65099999999984
0.006621439604196081,3,100,9985,5,10000,A2,HOOI,11.65099999999984
2.4716400986294897,3,100,9985,5,10000,A3,HOOI,11.65099999999984
11.152464605445239,3,100,9985,5,10000,core,HOOI,11.65099999999984
1.6160378189690636,3,100,9985,5,10000,A1,Olga,6.042000000000371
0.022665741703604657,3,100,9985,5,10000,A2,Olga,6.042000000000371
2.8791177290657894,3,100,9985,5,10000,A3,Tracy,6.042000000000371
10.804825924532558,3,100,9985,5,10000,core,Tracy_Olga,6.042000000000371
