error,K,Q1,R,Q2,M,mode,method,time
5.277402035929635,3,100,100,5,100,A1,NTD,4.188999999999999
0.34781359979298526,3,100,100,5,100,A2,NTD,4.188999999999999
97.00856537980457,3,100,100,5,100,A3,NTD,4.188999999999999
13.046403267726607,3,100,100,5,100,core,NTD,4.188999999999999
13.373498089080314,3,100,100,5,100,A1,Ours,2.806000000000001
0.03530969491060328,3,100,100,5,100,A2,Ours,2.806000000000001
0.1957985877930405,3,100,100,5,100,A3,Ours,2.806000000000001
10.206366857593265,3,100,100,5,100,core,Ours,2.806000000000001
13.373498089080314,3,100,100,5,100,A1,HOSVD,2.303000000000001
0.03530969491060328,3,100,100,5,100,A2,HOSVD,2.303000000000001
0.1977076299236149,3,100,100,5,100,A3,HOSVD,2.303000000000001
10.20701631829615,3,100,100,5,100,core,HOSVD,2.303000000000001
12.88703742665881,3,100,100,5,100,A1,HOOI,1.9969999999999999
0.05569976341963107,3,100,100,5,100,A2,HOOI,1.9969999999999999
0.1924253755558252,3,100,100,5,100,A3,HOOI,1.9969999999999999
15.69440455118965,3,100,100,5,100,core,HOOI,1.9969999999999999
15.210423968568168,3,100,100,5,100,A1,Olga,1.8309999999999995
0.04851619151689051,3,100,100,5,100,A2,Olga,1.8309999999999995
1.0318821542867418,3,100,100,5,100,A3,Tracy,1.8309999999999995
11.74380234048198,3,100,100,5,100,core,Tracy_Olga,1.8309999999999995
4.867331033484106,3,100,497,5,100,A1,NTD,21.177
0.3933987815455251,3,100,497,5,100,A2,NTD,21.177
494.22504517492774,3,100,497,5,100,A3,NTD,21.177
9.098200111686658,3,100,497,5,100,core,NTD,21.177
11.278059724036048,3,100,497,5,100,A1,Ours,1.980000000000004
0.035142552144383055,3,100,497,5,100,A2,Ours,1.980000000000004
2.6804330914816745,3,100,497,5,100,A3,Ours,1.980000000000004
15.798621248026553,3,100,497,5,100,core,Ours,1.980000000000004
11.278059724036048,3,100,497,5,100,A1,HOSVD,4.4169999999999945
0.035142552144383055,3,100,497,5,100,A2,HOSVD,4.4169999999999945
2.5054619897988823,3,100,497,5,100,A3,HOSVD,4.4169999999999945
15.725704200191387,3,100,497,5,100,core,HOSVD,4.4169999999999945
13.500395349925093,3,100,497,5,100,A1,HOOI,4.734000000000002
0.02506949801321689,3,100,497,5,100,A2,HOOI,4.734000000000002
2.5411647217520956,3,100,497,5,100,A3,HOOI,4.734000000000002
15.817264005591348,3,100,497,5,100,core,HOOI,4.734000000000002
15.215477318547528,3,100,497,5,100,A1,Olga,3.145000000000003
0.15032581076128929,3,100,497,5,100,A2,Olga,3.145000000000003
2.838836114071228,3,100,497,5,100,A3,Tracy,3.145000000000003
15.99612669686034,3,100,497,5,100,core,Tracy_Olga,3.145000000000003
6.319757116411384,3,100,984,5,100,A1,NTD,37.915000000000006
0.3932894062340692,3,100,984,5,100,A2,NTD,37.915000000000006
981.2450714174511,3,100,984,5,100,A3,NTD,37.915000000000006
3.7895838678645366,3,100,984,5,100,core,NTD,37.915000000000006
12.008322484745209,3,100,984,5,100,A1,Ours,11.905000000000001
0.012306229329068719,3,100,984,5,100,A2,Ours,11.905000000000001
4.818004038508283,3,100,984,5,100,A3,Ours,11.905000000000001
12.603344268220695,3,100,984,5,100,core,Ours,11.905000000000001
12.008322484745209,3,100,984,5,100,A1,HOSVD,11.956000000000003
0.012306229329068719,3,100,984,5,100,A2,HOSVD,11.956000000000003
2.4710975273634923,3,100,984,5,100,A3,HOSVD,11.956000000000003
12.912802287427585,3,100,984,5,100,core,HOSVD,11.956000000000003
12.613927191279936,3,100,984,5,100,A1,HOOI,9.479000000000013
0.010415045206111499,3,100,984,5,100,A2,HOOI,9.479000000000013
2.4889227222961554,3,100,984,5,100,A3,HOOI,9.479000000000013
15.998966754416191,3,100,984,5,100,core,HOOI,9.479000000000013
15.993199291511054,3,100,984,5,100,A1,Olga,9.385999999999996
0.19722859619980507,3,100,984,5,100,A2,Olga,9.385999999999996
2.823659069577765,3,100,984,5,100,A3,Tracy,9.385999999999996
10.065944341720806,3,100,984,5,100,core,Tracy_Olga,9.385999999999996
34.76097591816251,3,100,2386,5,100,A1,NTD,87.63
0.3932628456240975,3,100,2386,5,100,A2,NTD,87.63
2383.3630635144814,3,100,2386,5,100,A3,NTD,87.63
15.95620420112957,3,100,2386,5,100,core,NTD,87.63
10.638046423569678,3,100,2386,5,100,A1,Ours,7.518000000000001
0.08380237365512735,3,100,2386,5,100,A2,Ours,7.518000000000001
5.068517392564624,3,100,2386,5,100,A3,Ours,7.518000000000001
14.855865937242406,3,100,2386,5,100,core,Ours,7.518000000000001
10.638046423569678,3,100,2386,5,100,A1,HOSVD,4.423000000000002
0.08380237365512735,3,100,2386,5,100,A2,HOSVD,4.423000000000002
2.558705141877521,3,100,2386,5,100,A3,HOSVD,4.423000000000002
15.855046662107602,3,100,2386,5,100,core,HOSVD,4.423000000000002
10.892289225619303,3,100,2386,5,100,A1,HOOI,6.167000000000002
0.07340413572999965,3,100,2386,5,100,A2,HOOI,6.167000000000002
2.583844790761803,3,100,2386,5,100,A3,HOOI,6.167000000000002
15.875292835594614,3,100,2386,5,100,core,HOOI,6.167000000000002
20.55897491193975,3,100,2386,5,100,A1,Olga,3.3780000000000143
0.4863705625154576,3,100,2386,5,100,A2,Olga,3.3780000000000143
2.9427351510663016,3,100,2386,5,100,A3,Tracy,3.3780000000000143
10.335814305568409,3,100,2386,5,100,core,Tracy_Olga,3.3780000000000143
105.42534411171741,3,100,4538,5,100,A1,NTD,162.35500000000002
4.178005973051098,3,100,4538,5,100,A2,NTD,162.35500000000002
4535.461720279264,3,100,4538,5,100,A3,NTD,162.35500000000002
10.519133467592946,3,100,4538,5,100,core,NTD,162.35500000000002
13.919266183986204,3,100,4538,5,100,A1,Ours,15.423999999999978
0.0816412217087674,3,100,4538,5,100,A2,Ours,15.423999999999978
5.195286090869801,3,100,4538,5,100,A3,Ours,15.423999999999978
10.217564622858433,3,100,4538,5,100,core,Ours,15.423999999999978
13.919266183986204,3,100,4538,5,100,A1,HOSVD,14.589999999999975
0.0816412217087674,3,100,4538,5,100,A2,HOSVD,14.589999999999975
2.632132591518262,3,100,4538,5,100,A3,HOSVD,14.589999999999975
10.989461626224069,3,100,4538,5,100,core,HOSVD,14.589999999999975
10.083631211650998,3,100,4538,5,100,A1,HOOI,19.528999999999996
0.07142732482082334,3,100,4538,5,100,A2,HOOI,19.528999999999996
2.656240392166935,3,100,4538,5,100,A3,HOOI,19.528999999999996
10.822686739699177,3,100,4538,5,100,core,HOOI,19.528999999999996
37.604482647093995,3,100,4538,5,100,A1,Olga,12.036999999999978
3.8533311789096474,3,100,4538,5,100,A2,Olga,12.036999999999978
3.045248969771104,3,100,4538,5,100,A3,Tracy,12.036999999999978
11.128656213017443,3,100,4538,5,100,core,Tracy_Olga,12.036999999999978
119.35257004995012,3,100,5366,5,100,A1,NTD,181.063
1.9627608423523506,3,100,5366,5,100,A2,NTD,181.063
5363.564659975392,3,100,5366,5,100,A3,NTD,181.063
11.028813423934325,3,100,5366,5,100,core,NTD,181.063
10.239690827829227,3,100,5366,5,100,A1,Ours,6.358000000000061
0.04043922652994427,3,100,5366,5,100,A2,Ours,6.358000000000061
5.287713450229174,3,100,5366,5,100,A3,Ours,6.358000000000061
10.968704316316298,3,100,5366,5,100,core,Ours,6.358000000000061
10.239690827829227,3,100,5366,5,100,A1,HOSVD,2.076000000000022
0.04043922652994427,3,100,5366,5,100,A2,HOSVD,2.076000000000022
4.581356271492273,3,100,5366,5,100,A3,HOSVD,2.076000000000022
9.020721849620813,3,100,5366,5,100,core,HOSVD,2.076000000000022
10.108958417256089,3,100,5366,5,100,A1,HOOI,13.341000000000008
0.023931136330168735,3,100,5366,5,100,A2,HOOI,13.341000000000008
3.931973494657278,3,100,5366,5,100,A3,HOOI,13.341000000000008
10.978498916417994,3,100,5366,5,100,core,HOOI,13.341000000000008
48.07667926095774,3,100,5366,5,100,A1,Olga,10.408000000000015
2.460880808662486,3,100,5366,5,100,A2,Olga,10.408000000000015
4.57267819861431,3,100,5366,5,100,A3,Tracy,10.408000000000015
9.96851889938687,3,100,5366,5,100,core,Tracy_Olga,10.408000000000015
119.13138919598855,3,100,6104,5,100,A1,NTD,203.101
4.393241609524923,3,100,6104,5,100,A2,NTD,203.101
6101.56553148547,3,100,6104,5,100,A3,NTD,203.101
9.806705413842396,3,100,6104,5,100,core,NTD,203.101
11.167773903448772,3,100,6104,5,100,A1,Ours,5.918000000000006
0.03461925902114849,3,100,6104,5,100,A2,Ours,5.918000000000006
5.213645712931605,3,100,6104,5,100,A3,Ours,5.918000000000006
11.854838908758953,3,100,6104,5,100,core,Ours,5.918000000000006
11.167773903448772,3,100,6104,5,100,A1,HOSVD,1.884999999999991
0.03461925902114849,3,100,6104,5,100,A2,HOSVD,1.884999999999991
3.402496945173339,3,100,6104,5,100,A3,HOSVD,1.884999999999991
9.550850813235545,3,100,6104,5,100,core,HOSVD,1.884999999999991
11.237056273340169,3,100,6104,5,100,A1,HOOI,7.024000000000001
0.03078697197882652,3,100,6104,5,100,A2,HOOI,7.024000000000001
3.3003679931779613,3,100,6104,5,100,A3,HOOI,7.024000000000001
9.642883101058922,3,100,6104,5,100,core,HOOI,7.024000000000001
36.61651215169164,3,100,6104,5,100,A1,Olga,2.963999999999942
3.8998603468381834,3,100,6104,5,100,A2,Olga,2.963999999999942
4.518169523344652,3,100,6104,5,100,A3,Tracy,2.963999999999942
6.84258327567731,3,100,6104,5,100,core,Tracy_Olga,2.963999999999942
116.57465935279683,3,100,6864,5,100,A1,NTD,215.87900000000002
4.178006198544598,3,100,6864,5,100,A2,NTD,215.87900000000002
6861.582360287345,3,100,6864,5,100,A3,NTD,215.87900000000002
10.33575139593774,3,100,6864,5,100,core,NTD,215.87900000000002
13.707270209998027,3,100,6864,5,100,A1,Ours,11.023000000000138
0.07321489551785937,3,100,6864,5,100,A2,Ours,11.023000000000138
5.248160442558133,3,100,6864,5,100,A3,Ours,11.023000000000138
11.143406217539793,3,100,6864,5,100,core,Ours,11.023000000000138
13.707270209998027,3,100,6864,5,100,A1,HOSVD,3.2380000000000564
0.07321489551785937,3,100,6864,5,100,A2,HOSVD,3.2380000000000564
4.654080072835988,3,100,6864,5,100,A3,HOSVD,3.2380000000000564
8.362923547723543,3,100,6864,5,100,core,HOSVD,3.2380000000000564
13.227395583368402,3,100,6864,5,100,A1,HOOI,15.47700000000009
0.08876485494627374,3,100,6864,5,100,A2,HOOI,15.47700000000009
4.281631275677409,3,100,6864,5,100,A3,HOOI,15.47700000000009
11.704796781990792,3,100,6864,5,100,core,HOOI,15.47700000000009
44.80615953235472,3,100,6864,5,100,A1,Olga,12.546000000000049
2.1904006744167543,3,100,6864,5,100,A2,Olga,12.546000000000049
3.870127294053226,3,100,6864,5,100,A3,Tracy,12.546000000000049
9.720236635620576,3,100,6864,5,100,core,Tracy_Olga,12.546000000000049
126.97753708158352,3,100,7530,5,100,A1,NTD,238.62099999999987
3.962740337943487,3,100,7530,5,100,A2,NTD,238.62099999999987
7527.576531012316,3,100,7530,5,100,A3,NTD,238.62099999999987
10.873174989642912,3,100,7530,5,100,core,NTD,238.62099999999987
15.377014549113923,3,100,7530,5,100,A1,Ours,8.767000000000053
0.09138941897261998,3,100,7530,5,100,A2,Ours,8.767000000000053
5.277937493649448,3,100,7530,5,100,A3,Ours,8.767000000000053
14.830709704406424,3,100,7530,5,100,core,Ours,8.767000000000053
15.377014549113923,3,100,7530,5,100,A1,HOSVD,2.425000000000182
0.09138941897261998,3,100,7530,5,100,A2,HOSVD,2.425000000000182
4.134199222835711,3,100,7530,5,100,A3,HOSVD,2.425000000000182
10.26029419260532,3,100,7530,5,100,core,HOSVD,2.425000000000182
15.366378704031666,3,100,7530,5,100,A1,HOOI,9.853000000000065
0.08032250078351133,3,100,7530,5,100,A2,HOOI,9.853000000000065
3.8903888645577656,3,100,7530,5,100,A3,HOOI,9.853000000000065
9.359628292514216,3,100,7530,5,100,core,HOOI,9.853000000000065
49.31279031692996,3,100,7530,5,100,A1,Olga,4.597999999999956
3.5039819776532175,3,100,7530,5,100,A2,Olga,4.597999999999956
4.356208555415762,3,100,7530,5,100,A3,Tracy,4.597999999999956
8.982138799353683,3,100,7530,5,100,core,Tracy_Olga,4.597999999999956
116.75995575183738,3,100,8212,5,100,A1,NTD,258.93899999999985
4.393258050929833,3,100,8212,5,100,A2,NTD,258.93899999999985
8209.570154463372,3,100,8212,5,100,A3,NTD,258.93899999999985
11.338444984223326,3,100,8212,5,100,core,NTD,258.93899999999985
10.577866525474867,3,100,8212,5,100,A1,Ours,19.031999999999925
0.057234786444052235,3,100,8212,5,100,A2,Ours,19.031999999999925
5.290827777223153,3,100,8212,5,100,A3,Ours,19.031999999999925
8.002157081380536,3,100,8212,5,100,core,Ours,19.031999999999925
10.577866525474867,3,100,8212,5,100,A1,HOSVD,13.615000000000009
0.057234786444052235,3,100,8212,5,100,A2,HOSVD,13.615000000000009
2.812464886966131,3,100,8212,5,100,A3,HOSVD,13.615000000000009
15.876990336973638,3,100,8212,5,100,core,HOSVD,13.615000000000009
10.69453548725316,3,100,8212,5,100,A1,HOOI,21.971000000000004
0.065459710044814,3,100,8212,5,100,A2,HOOI,21.971000000000004
3.8988982565062305,3,100,8212,5,100,A3,HOOI,21.971000000000004
11.957929219462303,3,100,8212,5,100,core,HOOI,21.971000000000004
52.11885449550418,3,100,8212,5,100,A1,Olga,17.846000000000004
2.7049023502243683,3,100,8212,5,100,A2,Olga,17.846000000000004
4.077482507312868,3,100,8212,5,100,A3,Tracy,17.846000000000004
11.040022680908741,3,100,8212,5,100,core,Tracy_Olga,17.846000000000004
2.3764693695094743,3,100,100,5,3000,A1,NTD,3.1310000000000855
0.06703016784610041,3,100,100,5,3000,A2,NTD,3.1310000000000855
97,3,100,100,5,3000,A3,NTD,3.1310000000000855
9.385107178533687,3,100,100,5,3000,core,NTD,3.1310000000000855
2.6096924639871664,3,100,100,5,3000,A1,Ours,4.604000000000042
0.002292188819300169,3,100,100,5,3000,A2,Ours,4.604000000000042
0.033868304158052254,3,100,100,5,3000,A3,Ours,4.604000000000042
15.704197840456306,3,100,100,5,3000,core,Ours,4.604000000000042
2.6096924639871664,3,100,100,5,3000,A1,HOSVD,5.692999999999984
0.002292188819300169,3,100,100,5,3000,A2,HOSVD,5.692999999999984
0.033869559003819404,3,100,100,5,3000,A3,HOSVD,5.692999999999984
15.704197934067304,3,100,100,5,3000,core,HOSVD,5.692999999999984
2.6000772428932755,3,100,100,5,3000,A1,HOOI,7.764999999999873
9.489323180057621e-4,3,100,100,5,3000,A2,HOOI,7.764999999999873
0.033750532271836206,3,100,100,5,3000,A3,HOOI,7.764999999999873
15.704611946723166,3,100,100,5,3000,core,HOOI,7.764999999999873
2.689063312172742,3,100,100,5,3000,A1,Olga,8.55800000000022
0.006304333020232785,3,100,100,5,3000,A2,Olga,8.55800000000022
1.0142789237613747,3,100,100,5,3000,A3,Tracy,8.55800000000022
15.694119659990957,3,100,100,5,3000,core,Tracy_Olga,8.55800000000022
2.3082217184967675,3,100,500,5,3000,A1,NTD,13.307999999999993
0.08706426113932297,3,100,500,5,3000,A2,NTD,13.307999999999993
497.00011149092364,3,100,500,5,3000,A3,NTD,13.307999999999993
16.70298026753504,3,100,500,5,3000,core,NTD,13.307999999999993
1.91269153985416,3,100,500,5,3000,A1,Ours,5.788999999999987
0.010748083179297872,3,100,500,5,3000,A2,Ours,5.788999999999987
0.07367180506721947,3,100,500,5,3000,A3,Ours,5.788999999999987
15.702262981014345,3,100,500,5,3000,core,Ours,5.788999999999987
1.91269153985416,3,100,500,5,3000,A1,HOSVD,5.673999999999978
0.010748083179297872,3,100,500,5,3000,A2,HOSVD,5.673999999999978
0.07371295870057239,3,100,500,5,3000,A3,HOSVD,5.673999999999978
15.702240524743956,3,100,500,5,3000,core,HOSVD,5.673999999999978
1.9123271972819444,3,100,500,5,3000,A1,HOOI,5.4500000000000455
0.010637957097013975,3,100,500,5,3000,A2,HOOI,5.4500000000000455
0.07359958863940348,3,100,500,5,3000,A3,HOOI,5.4500000000000455
15.70222190320031,3,100,500,5,3000,core,HOOI,5.4500000000000455
1.9297175822323034,3,100,500,5,3000,A1,Olga,4.542999999999893
0.003966586303361976,3,100,500,5,3000,A2,Olga,4.542999999999893
1.2547205364861032,3,100,500,5,3000,A3,Tracy,4.542999999999893
15.677898180350638,3,100,500,5,3000,core,Tracy_Olga,4.542999999999893
2.1768597045034763,3,100,1000,5,3000,A1,NTD,33.539999999999964
0.05184669172458875,3,100,1000,5,3000,A2,NTD,33.539999999999964
997.0001847327874,3,100,1000,5,3000,A3,NTD,33.539999999999964
10.604227622798298,3,100,1000,5,3000,core,NTD,33.539999999999964
2.0510250051075016,3,100,1000,5,3000,A1,Ours,0.6440000000000055
0.0027997440604668852,3,100,1000,5,3000,A2,Ours,0.6440000000000055
0.10606882977479,3,100,1000,5,3000,A3,Ours,0.6440000000000055
15.609240010852112,3,100,1000,5,3000,core,Ours,0.6440000000000055
2.0510250051075016,3,100,1000,5,3000,A1,HOSVD,0.46299999999996544
0.0027997440604668852,3,100,1000,5,3000,A2,HOSVD,0.46299999999996544
0.10614170994934376,3,100,1000,5,3000,A3,HOSVD,0.46299999999996544
15.609032757276317,3,100,1000,5,3000,core,HOSVD,0.46299999999996544
2.042828556111429,3,100,1000,5,3000,A1,HOOI,0.9800000000000182
0.003021043085566656,3,100,1000,5,3000,A2,HOOI,0.9800000000000182
0.10605955338555823,3,100,1000,5,3000,A3,HOOI,0.9800000000000182
15.60827212053021,3,100,1000,5,3000,core,HOOI,0.9800000000000182
2.1270021556617693,3,100,1000,5,3000,A1,Olga,1.490000000000009
0.010118032519459634,3,100,1000,5,3000,A2,Olga,1.490000000000009
1.3585493551900945,3,100,1000,5,3000,A3,Tracy,1.490000000000009
15.687357430137869,3,100,1000,5,3000,core,Tracy_Olga,1.490000000000009
2.2671032318893234,3,100,2494,5,3000,A1,NTD,86.59500000000003
0.7784073720412987,3,100,2494,5,3000,A2,NTD,86.59500000000003
2491.0427526947547,3,100,2494,5,3000,A3,NTD,86.59500000000003
10.000489131250792,3,100,2494,5,3000,core,NTD,86.59500000000003
2.1231980676865483,3,100,2494,5,3000,A1,Ours,1.9680000000000746
0.013313567011656905,3,100,2494,5,3000,A2,Ours,1.9680000000000746
2.4592813611268936,3,100,2494,5,3000,A3,Ours,1.9680000000000746
11.592868978842459,3,100,2494,5,3000,core,Ours,1.9680000000000746
2.1231980676865483,3,100,2494,5,3000,A1,HOSVD,0.8640000000000327
0.013313567011656905,3,100,2494,5,3000,A2,HOSVD,0.8640000000000327
2.453595956650711,3,100,2494,5,3000,A3,HOSVD,0.8640000000000327
11.588045605358806,3,100,2494,5,3000,core,HOSVD,0.8640000000000327
2.1335358121244012,3,100,2494,5,3000,A1,HOOI,2.658000000000129
0.013454000453119659,3,100,2494,5,3000,A2,HOOI,2.658000000000129
2.4535174103277417,3,100,2494,5,3000,A3,HOOI,2.658000000000129
11.598223709036947,3,100,2494,5,3000,core,HOOI,2.658000000000129
2.358635866997802,3,100,2494,5,3000,A1,Olga,1.268000000000029
0.0219257541734478,3,100,2494,5,3000,A2,Olga,1.268000000000029
2.925856612169813,3,100,2494,5,3000,A3,Tracy,1.268000000000029
12.054740310455152,3,100,2494,5,3000,core,Tracy_Olga,1.268000000000029
2.9651247355768584,3,100,4989,5,3000,A1,NTD,176.73699999999985
1.6928953391556054,3,100,4989,5,3000,A2,NTD,176.73699999999985
4986.0695954816165,3,100,4989,5,3000,A3,NTD,176.73699999999985
9.982843766193257,3,100,4989,5,3000,core,NTD,176.73699999999985
2.190542766090487,3,100,4989,5,3000,A1,Ours,5.349999999999909
0.009726753545178213,3,100,4989,5,3000,A2,Ours,5.349999999999909
2.497858342320646,3,100,4989,5,3000,A3,Ours,5.349999999999909
15.842485020847839,3,100,4989,5,3000,core,Ours,5.349999999999909
2.190542766090487,3,100,4989,5,3000,A1,HOSVD,1.5330000000003565
0.009726753545178213,3,100,4989,5,3000,A2,HOSVD,1.5330000000003565
2.477363399349034,3,100,4989,5,3000,A3,HOSVD,1.5330000000003565
15.843610916790226,3,100,4989,5,3000,core,HOSVD,1.5330000000003565
2.205848858417153,3,100,4989,5,3000,A1,HOOI,4.043999999999869
0.00919246039403388,3,100,4989,5,3000,A2,HOOI,4.043999999999869
2.472506585568696,3,100,4989,5,3000,A3,HOOI,4.043999999999869
15.888910209877185,3,100,4989,5,3000,core,HOOI,4.043999999999869
3.0675923467246053,3,100,4989,5,3000,A1,Olga,2.5149999999998727
0.016539365035515254,3,100,4989,5,3000,A2,Olga,2.5149999999998727
2.8782850346301045,3,100,4989,5,3000,A3,Tracy,2.5149999999998727
15.810246737685329,3,100,4989,5,3000,core,Tracy_Olga,2.5149999999998727
2.429935072739746,3,100,5982,5,3000,A1,NTD,199.79000000000042
5.124745995107651,3,100,5982,5,3000,A2,NTD,199.79000000000042
5979.059295988237,3,100,5982,5,3000,A3,NTD,199.79000000000042
13.62692642124022,3,100,5982,5,3000,core,NTD,199.79000000000042
2.4902869210456724,3,100,5982,5,3000,A1,Ours,5.955999999999676
0.008164810830245804,3,100,5982,5,3000,A2,Ours,5.955999999999676
2.522441002732225,3,100,5982,5,3000,A3,Ours,5.955999999999676
15.8378974559835,3,100,5982,5,3000,core,Ours,5.955999999999676
2.4902869210456724,3,100,5982,5,3000,A1,HOSVD,2.361000000000331
0.008164810830245804,3,100,5982,5,3000,A2,HOSVD,2.361000000000331
2.4930288302132704,3,100,5982,5,3000,A3,HOSVD,2.361000000000331
15.840386782323026,3,100,5982,5,3000,core,HOSVD,2.361000000000331
2.485235483600576,3,100,5982,5,3000,A1,HOOI,5.186000000000149
0.008420968189018378,3,100,5982,5,3000,A2,HOOI,5.186000000000149
2.492578146109842,3,100,5982,5,3000,A3,HOOI,5.186000000000149
15.846399422784573,3,100,5982,5,3000,core,HOOI,5.186000000000149
3.4702659652474575,3,100,5982,5,3000,A1,Olga,4.05600000000004
0.030124147401117476,3,100,5982,5,3000,A2,Olga,4.05600000000004
2.896907340327744,3,100,5982,5,3000,A3,Tracy,4.05600000000004
11.809598420028394,3,100,5982,5,3000,core,Tracy_Olga,4.05600000000004
2.3167689136281338,3,100,6971,5,3000,A1,NTD,223.6819999999998
2.1783968242166405,3,100,6971,5,3000,A2,NTD,223.6819999999998
6968.062640528404,3,100,6971,5,3000,A3,NTD,223.6819999999998
10.503886699392597,3,100,6971,5,3000,core,NTD,223.6819999999998
2.047213200234181,3,100,6971,5,3000,A1,Ours,8.9699999999998
0.008142533145505662,3,100,6971,5,3000,A2,Ours,8.9699999999998
2.5292133245395316,3,100,6971,5,3000,A3,Ours,8.9699999999998
15.854134838208156,3,100,6971,5,3000,core,Ours,8.9699999999998
2.047213200234181,3,100,6971,5,3000,A1,HOSVD,2.0850000000000364
0.008142533145505662,3,100,6971,5,3000,A2,HOSVD,2.0850000000000364
2.4853108943428106,3,100,6971,5,3000,A3,HOSVD,2.0850000000000364
15.855479842909578,3,100,6971,5,3000,core,HOSVD,2.0850000000000364
2.04365596170202,3,100,6971,5,3000,A1,HOOI,5.88799999999992
0.007768754603672497,3,100,6971,5,3000,A2,HOOI,5.88799999999992
2.486611041091214,3,100,6971,5,3000,A3,HOOI,5.88799999999992
15.851418310295664,3,100,6971,5,3000,core,HOOI,5.88799999999992
2.6234332508060465,3,100,6971,5,3000,A1,Olga,3.8049999999998363
0.031365096377143624,3,100,6971,5,3000,A2,Olga,3.8049999999998363
2.9386134538078292,3,100,6971,5,3000,A3,Tracy,3.8049999999998363
15.83061340583385,3,100,6971,5,3000,core,Tracy_Olga,3.8049999999998363
2.2651730292684857,3,100,7956,5,3000,A1,NTD,248.0659999999998
1.3184198819394015,3,100,7956,5,3000,A2,NTD,248.0659999999998
7953.071796595391,3,100,7956,5,3000,A3,NTD,248.0659999999998
9.833480320106132,3,100,7956,5,3000,core,NTD,248.0659999999998
2.499975604347374,3,100,7956,5,3000,A1,Ours,9.2159999999998945
0.014207108480721153,3,100,7956,5,3000,A2,Ours,9.2159999999998945
2.561397421613287,3,100,7956,5,3000,A3,Ours,9.2159999999998945
15.80342853008945,3,100,7956,5,3000,core,Ours,9.2159999999998945
2.499975604347374,3,100,7956,5,3000,A1,HOSVD,2.76700000000028
0.014207108480721153,3,100,7956,5,3000,A2,HOSVD,2.76700000000028
2.5087347163043505,3,100,7956,5,3000,A3,HOSVD,2.76700000000028
15.810427469173083,3,100,7956,5,3000,core,HOSVD,2.76700000000028
2.5027502064756124,3,100,7956,5,3000,A1,HOOI,6.653999999999996
0.014547630965000299,3,100,7956,5,3000,A2,HOOI,6.653999999999996
2.51127891099065,3,100,7956,5,3000,A3,HOOI,6.653999999999996
15.82050975598356,3,100,7956,5,3000,core,HOOI,6.653999999999996
2.3479224372786547,3,100,7956,5,3000,A1,Olga,4.7979999999997744
0.051439530272967535,3,100,7956,5,3000,A2,Olga,4.7979999999997744
2.9074566127074575,3,100,7956,5,3000,A3,Tracy,4.7979999999997744
11.764736544497163,3,100,7956,5,3000,core,Tracy_Olga,4.7979999999997744
2.3114529982028915,3,100,8946,5,3000,A1,NTD,280.96000000000004
0.39325254582155317,3,100,8946,5,3000,A2,NTD,280.96000000000004
8943.077343727407,3,100,8946,5,3000,A3,NTD,280.96000000000004
10.125589232062296,3,100,8946,5,3000,core,NTD,280.96000000000004
2.28862527454784,3,100,8946,5,3000,A1,Ours,11
0.013883767384376605,3,100,8946,5,3000,A2,Ours,11
2.5589602995572625,3,100,8946,5,3000,A3,Ours,11
15.837547331183188,3,100,8946,5,3000,core,Ours,11
2.28862527454784,3,100,8946,5,3000,A1,HOSVD,3.0659999999998035
0.013883767384376605,3,100,8946,5,3000,A2,HOSVD,3.0659999999998035
2.492086551903051,3,100,8946,5,3000,A3,HOSVD,3.0659999999998035
15.844292506759842,3,100,8946,5,3000,core,HOSVD,3.0659999999998035
2.2830071933105422,3,100,8946,5,3000,A1,HOOI,9.460999999999785
0.014470748147636254,3,100,8946,5,3000,A2,HOOI,9.460999999999785
2.4940525159024083,3,100,8946,5,3000,A3,HOOI,9.460999999999785
15.85059471231478,3,100,8946,5,3000,core,HOOI,9.460999999999785
2.687010844440951,3,100,8946,5,3000,A1,Olga,5.442999999999756
0.021506723377363323,3,100,8946,5,3000,A2,Olga,5.442999999999756
2.9034173095530775,3,100,8946,5,3000,A3,Tracy,5.442999999999756
11.766828422117628,3,100,8946,5,3000,core,Tracy_Olga,5.442999999999756
2.3602918766592826,3,100,9949,5,3000,A1,NTD,314.65599999999995
3.822014493868318,3,100,9949,5,3000,A2,NTD,314.65599999999995
9946.068636176402,3,100,9949,5,3000,A3,NTD,314.65599999999995
11.080258074162533,3,100,9949,5,3000,core,NTD,314.65599999999995
2.384108207039146,3,100,9949,5,3000,A1,Ours,13.822000000000116
0.006072210624606769,3,100,9949,5,3000,A2,Ours,13.822000000000116
2.577743154932512,3,100,9949,5,3000,A3,Ours,13.822000000000116
15.839311872475957,3,100,9949,5,3000,core,Ours,13.822000000000116
2.384108207039146,3,100,9949,5,3000,A1,HOSVD,4.16399999999976
0.006072210624606769,3,100,9949,5,3000,A2,HOSVD,4.16399999999976
2.4944281645451007,3,100,9949,5,3000,A3,HOSVD,4.16399999999976
15.847486952801225,3,100,9949,5,3000,core,HOSVD,4.16399999999976
2.37589571539798,3,100,9949,5,3000,A1,HOOI,21.452999999999975
0.006862321806832244,3,100,9949,5,3000,A2,HOOI,21.452999999999975
2.4964808867502617,3,100,9949,5,3000,A3,HOOI,21.452999999999975
15.84612193870751,3,100,9949,5,3000,core,HOOI,21.452999999999975
2.941306827537069,3,100,9949,5,3000,A1,Olga,25.40099999999984
0.024577783386178283,3,100,9949,5,3000,A2,Olga,25.40099999999984
2.8974599328366013,3,100,9949,5,3000,A3,Tracy,25.40099999999984
10.303635990630077,3,100,9949,5,3000,core,Tracy_Olga,25.40099999999984
2.41685875542133,3,100,100,5,10000,A1,NTD,3.4440000000004147
0.022733640325223185,3,100,100,5,10000,A2,NTD,3.4440000000004147
97,3,100,100,5,10000,A3,NTD,3.4440000000004147
15.488614567321468,3,100,100,5,10000,core,NTD,3.4440000000004147
1.556237606252433,3,100,100,5,10000,A1,Ours,10.034999999999854
0.002781829413054653,3,100,100,5,10000,A2,Ours,10.034999999999854
0.018459453879047672,3,100,100,5,10000,A3,Ours,10.034999999999854
15.674350635137477,3,100,100,5,10000,core,Ours,10.034999999999854
1.556237606252433,3,100,100,5,10000,A1,HOSVD,5.402999999999793
0.002781829413054653,3,100,100,5,10000,A2,HOSVD,5.402999999999793
0.018459531982784334,3,100,100,5,10000,A3,HOSVD,5.402999999999793
15.674350652922511,3,100,100,5,10000,core,HOSVD,5.402999999999793
1.5627783093745395,3,100,100,5,10000,A1,HOOI,5.567999999999756
0.002693703884424077,3,100,100,5,10000,A2,HOOI,5.567999999999756
0.01839524887832389,3,100,100,5,10000,A3,HOOI,5.567999999999756
15.674330858849716,3,100,100,5,10000,core,HOOI,5.567999999999756
1.3518725068271467,3,100,100,5,10000,A1,Olga,5.83199999999988
0.002552572106558687,3,100,100,5,10000,A2,Olga,5.83199999999988
1.0118026045613775,3,100,100,5,10000,A3,Tracy,5.83199999999988
15.687397977494989,3,100,100,5,10000,core,Tracy_Olga,5.83199999999988
2.176113906207576,3,100,500,5,10000,A1,NTD,13.594000000000051
0.058642261275796574,3,100,500,5,10000,A2,NTD,13.594000000000051
497.0000014473,3,100,500,5,10000,A3,NTD,13.594000000000051
14.678167267642785,3,100,500,5,10000,core,NTD,13.594000000000051
1.5946867233203028,3,100,500,5,10000,A1,Ours,7.906000000000404
0.001783461979084268,3,100,500,5,10000,A2,Ours,7.906000000000404
0.040045071442490116,3,100,500,5,10000,A3,Ours,7.906000000000404
15.676960489585522,3,100,500,5,10000,core,Ours,7.906000000000404
1.5946867233203028,3,100,500,5,10000,A1,HOSVD,5.5210000000001855
0.001783461979084268,3,100,500,5,10000,A2,HOSVD,5.5210000000001855
0.04004915397247292,3,100,500,5,10000,A3,HOSVD,5.5210000000001855
15.67695694469156,3,100,500,5,10000,core,HOSVD,5.5210000000001855
1.5970296330321194,3,100,500,5,10000,A1,HOOI,5.612999999999829
0.0017604402427707307,3,100,500,5,10000,A2,HOOI,5.612999999999829
0.03990661659855821,3,100,500,5,10000,A3,HOOI,5.612999999999829
15.676897561273375,3,100,500,5,10000,core,HOOI,5.612999999999829
1.2779526253634448,3,100,500,5,10000,A1,Olga,6.158999999999651
0.004497327974411264,3,100,500,5,10000,A2,Olga,6.158999999999651
1.2512916761586224,3,100,500,5,10000,A3,Tracy,6.158999999999651
15.688740218880547,3,100,500,5,10000,core,Tracy_Olga,6.158999999999651
2.26946137684737,3,100,1000,5,10000,A1,NTD,29.447999999999865
0.09259100893918559,3,100,1000,5,10000,A2,NTD,29.447999999999865
997.0000176277246,3,100,1000,5,10000,A3,NTD,29.447999999999865
15.695264439623841,3,100,1000,5,10000,core,NTD,29.447999999999865
1.224522202706316,3,100,1000,5,10000,A1,Ours,9.351999999999862
0.0028023700001663042,3,100,1000,5,10000,A2,Ours,9.351999999999862
0.05773354593924755,3,100,1000,5,10000,A3,Ours,9.351999999999862
15.695583693295042,3,100,1000,5,10000,core,Ours,9.351999999999862
1.224522202706316,3,100,1000,5,10000,A1,HOSVD,7.389999999999873
0.0028023700001663042,3,100,1000,5,10000,A2,HOSVD,7.389999999999873
0.05772286921212716,3,100,1000,5,10000,A3,HOSVD,7.389999999999873
15.695566975489438,3,100,1000,5,10000,core,HOSVD,7.389999999999873
1.2229410156019525,3,100,1000,5,10000,A1,HOOI,4.193000000000211
0.0029776747214454945,3,100,1000,5,10000,A2,HOOI,4.193000000000211
0.05776786163446949,3,100,1000,5,10000,A3,HOOI,4.193000000000211
15.695529395211068,3,100,1000,5,10000,core,HOOI,4.193000000000211
1.2050057603172795,3,100,1000,5,10000,A1,Olga,6.15099999999984
0.005173923713044507,3,100,1000,5,10000,A2,Olga,6.15099999999984
1.352717023961466,3,100,1000,5,10000,A3,Tracy,6.15099999999984
15.676904845490162,3,100,1000,5,10000,core,Tracy_Olga,6.15099999999984
2.218190987803596,3,100,2499,5,10000,A1,NTD,89.88900000000012
0.026556758745055076,3,100,2499,5,10000,A2,NTD,89.88900000000012
2496.012528048296,3,100,2499,5,10000,A3,NTD,89.88900000000012
11.870321770160421,3,100,2499,5,10000,core,NTD,89.88900000000012
1.1725270580512008,3,100,2499,5,10000,A1,Ours,2.3070000000002437
0.005703861669597333,3,100,2499,5,10000,A2,Ours,2.3070000000002437
2.4418404048341507,3,100,2499,5,10000,A3,Ours,2.3070000000002437
15.629322810524949,3,100,2499,5,10000,core,Ours,2.3070000000002437
1.1725270580512008,3,100,2499,5,10000,A1,HOSVD,0.875
0.005703861669597333,3,100,2499,5,10000,A2,HOSVD,0.875
2.441298639556464,3,100,2499,5,10000,A3,HOSVD,0.875
15.627868501241256,3,100,2499,5,10000,core,HOSVD,0.875
1.1687675052227828,3,100,2499,5,10000,A1,HOOI,2.5100000000002183
0.005519828963265326,3,100,2499,5,10000,A2,HOOI,2.5100000000002183
2.4417353021304313,3,100,2499,5,10000,A3,HOOI,2.5100000000002183
15.631970926323971,3,100,2499,5,10000,core,HOOI,2.5100000000002183
1.5512847850764164,3,100,2499,5,10000,A1,Olga,1.0939999999995962
0.0021730291320943116,3,100,2499,5,10000,A2,Olga,1.0939999999995962
3.016580913980552,3,100,2499,5,10000,A3,Tracy,1.0939999999995962
15.654419351971073,3,100,2499,5,10000,core,Tracy_Olga,1.0939999999995962
2.1397723026651962,3,100,4996,5,10000,A1,NTD,165.05200000000013
0.10546923193364598,3,100,4996,5,10000,A2,NTD,165.05200000000013
4993.025903669148,3,100,4996,5,10000,A3,NTD,165.05200000000013
8.822925588806752,3,100,4996,5,10000,core,NTD,165.05200000000013
1.3041784871542037,3,100,4996,5,10000,A1,Ours,5.302999999999884
0.0027024478834527196,3,100,4996,5,10000,A2,Ours,5.302999999999884
2.4609821357414154,3,100,4996,5,10000,A3,Ours,5.302999999999884
15.677001566988347,3,100,4996,5,10000,core,Ours,5.302999999999884
1.3041784871542037,3,100,4996,5,10000,A1,HOSVD,1.981999999999971
0.0027024478834527196,3,100,4996,5,10000,A2,HOSVD,1.981999999999971
2.458956652009846,3,100,4996,5,10000,A3,HOSVD,1.981999999999971
15.67670286013585,3,100,4996,5,10000,core,HOSVD,1.981999999999971
1.3049119722315092,3,100,4996,5,10000,A1,HOOI,4.704999999999927
0.0025576247732200345,3,100,4996,5,10000,A2,HOOI,4.704999999999927
2.4583633401997234,3,100,4996,5,10000,A3,HOOI,4.704999999999927
15.677922016793138,3,100,4996,5,10000,core,HOOI,4.704999999999927
1.2609178134634147,3,100,4996,5,10000,A1,Olga,2.80199999999968
0.0097780992119667,3,100,4996,5,10000,A2,Olga,2.80199999999968
2.930600927777027,3,100,4996,5,10000,A3,Tracy,2.80199999999968
15.699912020745487,3,100,4996,5,10000,core,Tracy_Olga,2.80199999999968
2.1302265426846367,3,100,5991,5,10000,A1,NTD,201.65499999999975
4.58268098546884,3,100,5991,5,10000,A2,NTD,201.65499999999975
5988.035489782879,3,100,5991,5,10000,A3,NTD,201.65499999999975
9.984346545308785,3,100,5991,5,10000,core,NTD,201.65499999999975
1.2133807463849617,3,100,5991,5,10000,A1,Ours,7.027000000000044
0.0028355034506934184,3,100,5991,5,10000,A2,Ours,7.027000000000044
2.4596644891678987,3,100,5991,5,10000,A3,Ours,7.027000000000044
15.903079328603583,3,100,5991,5,10000,core,Ours,7.027000000000044
1.2133807463849617,3,100,5991,5,10000,A1,HOSVD,2.2100000000000364
0.0028355034506934184,3,100,5991,5,10000,A2,HOSVD,2.2100000000000364
2.4566209337933307,3,100,5991,5,10000,A3,HOSVD,2.2100000000000364
15.903124485512658,3,100,5991,5,10000,core,HOSVD,2.2100000000000364
1.2139101822103517,3,100,5991,5,10000,A1,HOOI,5.179000000000087
0.002722624893199884,3,100,5991,5,10000,A2,HOOI,5.179000000000087
2.4587967513002202,3,100,5991,5,10000,A3,HOOI,5.179000000000087
15.90318544209204,3,100,5991,5,10000,core,HOOI,5.179000000000087
1.5240725798673962,3,100,5991,5,10000,A1,Olga,2.8720000000002983
0.01045285691633877,3,100,5991,5,10000,A2,Olga,2.8720000000002983
2.936172574673457,3,100,5991,5,10000,A3,Tracy,2.8720000000002983
15.75835326836752,3,100,5991,5,10000,core,Tracy_Olga,2.8720000000002983
2.7769137472447767,3,100,6993,5,10000,A1,NTD,216.53899999999976
0.179644853285934,3,100,6993,5,10000,A2,NTD,216.53899999999976
6990.0376253582435,3,100,6993,5,10000,A3,NTD,216.53899999999976
10.069583075751805,3,100,6993,5,10000,core,NTD,216.53899999999976
1.014330693700129,3,100,6993,5,10000,A1,Ours,7.614999999999782
0.007191435428008074,3,100,6993,5,10000,A2,Ours,7.614999999999782
2.483348449166203,3,100,6993,5,10000,A3,Ours,7.614999999999782
15.935059761460456,3,100,6993,5,10000,core,Ours,7.614999999999782
1.014330693700129,3,100,6993,5,10000,A1,HOSVD,2.38799999999992
0.007191435428008074,3,100,6993,5,10000,A2,HOSVD,2.38799999999992
2.4794548806187526,3,100,6993,5,10000,A3,HOSVD,2.38799999999992
15.935323365120457,3,100,6993,5,10000,core,HOSVD,2.38799999999992
1.0157400600547168,3,100,6993,5,10000,A1,HOOI,6.518999999999323
0.0072214982082995215,3,100,6993,5,10000,A2,HOOI,6.518999999999323
2.480000798546006,3,100,6993,5,10000,A3,HOOI,6.518999999999323
15.936650507689048,3,100,6993,5,10000,core,HOOI,6.518999999999323
1.1788677421843852,3,100,6993,5,10000,A1,Olga,3.9729999999999563
0.010008494248964883,3,100,6993,5,10000,A2,Olga,3.9729999999999563
2.9207697986219654,3,100,6993,5,10000,A3,Tracy,3.9729999999999563
11.697865591129835,3,100,6993,5,10000,core,Tracy_Olga,3.9729999999999563
2.1676036803978636,3,100,7990,5,10000,A1,NTD,244.20599999999922
0.23843320337511098,3,100,7990,5,10000,A2,NTD,244.20599999999922
7987.031448643068,3,100,7990,5,10000,A3,NTD,244.20599999999922
14.734245254226172,3,100,7990,5,10000,core,NTD,244.20599999999922
1.4062229740278775,3,100,7990,5,10000,A1,Ours,9.38000000000011
0.005073227447997644,3,100,7990,5,10000,A2,Ours,9.38000000000011
2.474224932676284,3,100,7990,5,10000,A3,Ours,9.38000000000011
15.851702868307525,3,100,7990,5,10000,core,Ours,9.38000000000011
1.4062229740278775,3,100,7990,5,10000,A1,HOSVD,2.668999999999869
0.005073227447997644,3,100,7990,5,10000,A2,HOSVD,2.668999999999869
2.469070797822602,3,100,7990,5,10000,A3,HOSVD,2.668999999999869
15.851884136836095,3,100,7990,5,10000,core,HOSVD,2.668999999999869
1.4033252270157714,3,100,7990,5,10000,A1,HOOI,7.53400000000056
0.005099068121031143,3,100,7990,5,10000,A2,HOOI,7.53400000000056
2.4709927600183543,3,100,7990,5,10000,A3,HOOI,7.53400000000056
15.856190846616808,3,100,7990,5,10000,core,HOOI,7.53400000000056
1.2957635501314566,3,100,7990,5,10000,A1,Olga,4.480000000000473
0.018040791995556634,3,100,7990,5,10000,A2,Olga,4.480000000000473
2.8968945054684934,3,100,7990,5,10000,A3,Tracy,4.480000000000473
15.785306964132356,3,100,7990,5,10000,core,Tracy_Olga,4.480000000000473
2.0675878344037777,3,100,8991,5,10000,A1,NTD,284.9459999999999
0.27622504325557956,3,100,8991,5,10000,A2,NTD,284.9459999999999
8988.03494680779,3,100,8991,5,10000,A3,NTD,284.9459999999999
13.867457920513054,3,100,8991,5,10000,core,NTD,284.9459999999999
0.920088496555294,3,100,8991,5,10000,A1,Ours,11.72400000000016
0.004330149968834431,3,100,8991,5,10000,A2,Ours,11.72400000000016
2.488568145936221,3,100,8991,5,10000,A3,Ours,11.72400000000016
15.85096846198245,3,100,8991,5,10000,core,Ours,11.72400000000016
0.920088496555294,3,100,8991,5,10000,A1,HOSVD,2.524999999999636
0.004330149968834431,3,100,8991,5,10000,A2,HOSVD,2.524999999999636
2.482579867263076,3,100,8991,5,10000,A3,HOSVD,2.524999999999636
15.851383884021221,3,100,8991,5,10000,core,HOSVD,2.524999999999636
0.9216082281642993,3,100,8991,5,10000,A1,HOOI,8.516000000000531
0.004267866792286926,3,100,8991,5,10000,A2,HOOI,8.516000000000531
2.483523246075816,3,100,8991,5,10000,A3,HOOI,8.516000000000531
15.854488933629804,3,100,8991,5,10000,core,HOOI,8.516000000000531
1.2836750165708886,3,100,8991,5,10000,A1,Olga,5.520000000000437
0.005729087319721382,3,100,8991,5,10000,A2,Olga,5.520000000000437
2.8911195097737847,3,100,8991,5,10000,A3,Tracy,5.520000000000437
11.788908365249192,3,100,8991,5,10000,core,Tracy_Olga,5.520000000000437
4.2043593448793395,3,100,9987,5,10000,A1,NTD,315.1280000000006
0.3019552056912947,3,100,9987,5,10000,A2,NTD,315.1280000000006
9984.032782979957,3,100,9987,5,10000,A3,NTD,315.1280000000006
10.995103645090834,3,100,9987,5,10000,core,NTD,315.1280000000006
1.2660139985669483,3,100,9987,5,10000,A1,Ours,14.029000000000451
0.006251081416907285,3,100,9987,5,10000,A2,Ours,14.029000000000451
2.4970774666043862,3,100,9987,5,10000,A3,Ours,14.029000000000451
15.841631238151967,3,100,9987,5,10000,core,Ours,14.029000000000451
1.2660139985669483,3,100,9987,5,10000,A1,HOSVD,3.3090000000001965
0.006251081416907285,3,100,9987,5,10000,A2,HOSVD,3.3090000000001965
2.4897257155368284,3,100,9987,5,10000,A3,HOSVD,3.3090000000001965
15.842242625606803,3,100,9987,5,10000,core,HOSVD,3.3090000000001965
1.261577635595901,3,100,9987,5,10000,A1,HOOI,13.170999999999367
0.006185449858826488,3,100,9987,5,10000,A2,HOOI,13.170999999999367
2.489391836585572,3,100,9987,5,10000,A3,HOOI,13.170999999999367
15.840565149623641,3,100,9987,5,10000,core,HOOI,13.170999999999367
1.463681063810845,3,100,9987,5,10000,A1,Olga,6.781999999999243
0.008463327259002154,3,100,9987,5,10000,A2,Olga,6.781999999999243
2.8949852533239726,3,100,9987,5,10000,A3,Tracy,6.781999999999243
11.811622185204653,3,100,9987,5,10000,core,Tracy_Olga,6.781999999999243
