error,K,Q1,R,Q2,M,mode,method,time
6.342528691482135,3,100,100,5,100,A1,NTD,4.190999999999999
2.014348722208353,3,100,100,5,100,A2,NTD,4.190999999999999
97.01101802848325,3,100,100,5,100,A3,NTD,4.190999999999999
9.860887688617531,3,100,100,5,100,core,NTD,4.190999999999999
19.797684537610348,3,100,100,5,100,A1,Ours,2.0329999999999995
0.4534403754715658,3,100,100,5,100,A2,Ours,2.0329999999999995
0.4162611970313531,3,100,100,5,100,A3,Ours,2.0329999999999995
12.367836998073084,3,100,100,5,100,core,Ours,2.0329999999999995
19.797684537610348,3,100,100,5,100,A1,HOSVD,1.6880000000000006
0.4534403754715658,3,100,100,5,100,A2,HOSVD,1.6880000000000006
0.4138107145397568,3,100,100,5,100,A3,HOSVD,1.6880000000000006
12.377427402401576,3,100,100,5,100,core,HOSVD,1.6880000000000006
18.012474078156405,3,100,100,5,100,A1,HOOI,2.094000000000001
0.5020366071401328,3,100,100,5,100,A2,HOOI,2.094000000000001
0.3567168952063579,3,100,100,5,100,A3,HOOI,2.094000000000001
12.483890569124183,3,100,100,5,100,core,HOOI,2.094000000000001
18.434111607925868,3,100,100,5,100,A1,Olga,2.1310000000000002
0.5574149076715588,3,100,100,5,100,A2,Olga,2.1310000000000002
1.0618827656295828,3,100,100,5,100,A3,Tracy,2.1310000000000002
10.727373346909495,3,100,100,5,100,core,Tracy_Olga,2.1310000000000002
26.887877868452076,3,100,498,5,100,A1,NTD,21.630000000000003
3.999453855896416,3,100,498,5,100,A2,NTD,21.630000000000003
495.17975426556325,3,100,498,5,100,A3,NTD,21.630000000000003
10.907649128035487,3,100,498,5,100,core,NTD,21.630000000000003
15.823188026739114,3,100,498,5,100,A1,Ours,1.301000000000002
0.3320583780916158,3,100,498,5,100,A2,Ours,1.301000000000002
2.820756520261871,3,100,498,5,100,A3,Ours,1.301000000000002
12.41268661692965,3,100,498,5,100,core,Ours,1.301000000000002
15.823188026739114,3,100,498,5,100,A1,HOSVD,4.1839999999999975
0.3320583780916158,3,100,498,5,100,A2,HOSVD,4.1839999999999975
2.6579710890552977,3,100,498,5,100,A3,HOSVD,4.1839999999999975
9.424051203212853,3,100,498,5,100,core,HOSVD,4.1839999999999975
16.069626345516447,3,100,498,5,100,A1,HOOI,3.4879999999999995
0.0816592539442247,3,100,498,5,100,A2,HOOI,3.4879999999999995
2.645982352441874,3,100,498,5,100,A3,HOOI,3.4879999999999995
9.39310473085446,3,100,498,5,100,core,HOOI,3.4879999999999995
20.368276199963613,3,100,498,5,100,A1,Olga,3.9080000000000013
3.099179758653628,3,100,498,5,100,A2,Olga,3.9080000000000013
2.905564984871911,3,100,498,5,100,A3,Tracy,3.9080000000000013
14.580154198208296,3,100,498,5,100,core,Tracy_Olga,3.9080000000000013
15.092453050609999,3,100,985,5,100,A1,NTD,37.773
3.986385464970307,3,100,985,5,100,A2,NTD,37.773
982.1884018397138,3,100,985,5,100,A3,NTD,37.773
10.478938118908609,3,100,985,5,100,core,NTD,37.773
26.91570930894746,3,100,985,5,100,A1,Ours,8.858000000000004
0.12139860317254329,3,100,985,5,100,A2,Ours,8.858000000000004
3.2299181521864537,3,100,985,5,100,A3,Ours,8.858000000000004
10.851167854406246,3,100,985,5,100,core,Ours,8.858000000000004
26.91570930894746,3,100,985,5,100,A1,HOSVD,8.713999999999999
0.12139860317254329,3,100,985,5,100,A2,HOSVD,8.713999999999999
2.5849277045846506,3,100,985,5,100,A3,HOSVD,8.713999999999999
12.262732085167032,3,100,985,5,100,core,HOSVD,8.713999999999999
26.601685508767485,3,100,985,5,100,A1,HOOI,10.718000000000004
0.08581874623524181,3,100,985,5,100,A2,HOOI,10.718000000000004
2.630077132220125,3,100,985,5,100,A3,HOOI,10.718000000000004
12.171923808585543,3,100,985,5,100,core,HOOI,10.718000000000004
24.045650474774305,3,100,985,5,100,A1,Olga,7.007999999999996
3.866453994515114,3,100,985,5,100,A2,Olga,7.007999999999996
2.855984307797806,3,100,985,5,100,A3,Tracy,7.007999999999996
10.415797748898521,3,100,985,5,100,core,Tracy_Olga,7.007999999999996
65.00719765411229,3,100,2374,5,100,A1,NTD,88.666
4.013808970602801,3,100,2374,5,100,A2,NTD,88.666
2371.3410878637033,3,100,2374,5,100,A3,NTD,88.666
11.249475280834773,3,100,2374,5,100,core,NTD,88.666
28.058977253091566,3,100,2374,5,100,A1,Ours,2.089999999999975
0.24281354375216163,3,100,2374,5,100,A2,Ours,2.089999999999975
5.151111791781729,3,100,2374,5,100,A3,Ours,2.089999999999975
13.082781740762815,3,100,2374,5,100,core,Ours,2.089999999999975
28.058977253091566,3,100,2374,5,100,A1,HOSVD,1.329999999999984
0.24281354375216163,3,100,2374,5,100,A2,HOSVD,1.329999999999984
2.6799406594632216,3,100,2374,5,100,A3,HOSVD,1.329999999999984
10.287335915112049,3,100,2374,5,100,core,HOSVD,1.329999999999984
27.854299144618324,3,100,2374,5,100,A1,HOOI,7.194999999999993
0.16642800530655694,3,100,2374,5,100,A2,HOOI,7.194999999999993
2.702130077117052,3,100,2374,5,100,A3,HOOI,7.194999999999993
10.345518902227933,3,100,2374,5,100,core,HOOI,7.194999999999993
38.78590726479918,3,100,2374,5,100,A1,Olga,5.331000000000017
4.416189672453729,3,100,2374,5,100,A2,Olga,5.331000000000017
3.0330608613113883,3,100,2374,5,100,A3,Tracy,5.331000000000017
10.528277375758693,3,100,2374,5,100,core,Tracy_Olga,5.331000000000017
73.7688891077641,3,100,4526,5,100,A1,NTD,170.922
4.013730279655213,3,100,4526,5,100,A2,NTD,170.922
4523.548672615817,3,100,4526,5,100,A3,NTD,170.922
11.459851333391105,3,100,4526,5,100,core,NTD,170.922
24.115487739131883,3,100,4526,5,100,A1,Ours,11.745000000000005
0.7105921533612648,3,100,4526,5,100,A2,Ours,11.745000000000005
5.363618475127605,3,100,4526,5,100,A3,Ours,11.745000000000005
9.981861040398288,3,100,4526,5,100,core,Ours,11.745000000000005
24.115487739131883,3,100,4526,5,100,A1,HOSVD,10.507000000000005
0.7105921533612648,3,100,4526,5,100,A2,HOSVD,10.507000000000005
2.7348181890353844,3,100,4526,5,100,A3,HOSVD,10.507000000000005
12.342901356396075,3,100,4526,5,100,core,HOSVD,10.507000000000005
23.85131412765618,3,100,4526,5,100,A1,HOOI,16.555999999999983
0.1937629740972473,3,100,4526,5,100,A2,HOOI,16.555999999999983
3.720478263199828,3,100,4526,5,100,A3,HOOI,16.555999999999983
9.841990692608158,3,100,4526,5,100,core,HOOI,16.555999999999983
53.386909732022225,3,100,4526,5,100,A1,Olga,14.004999999999995
4.53542725142162,3,100,4526,5,100,A2,Olga,14.004999999999995
4.093060506094847,3,100,4526,5,100,A3,Tracy,14.004999999999995
9.875035347099454,3,100,4526,5,100,core,Tracy_Olga,14.004999999999995
119.13792919607451,3,100,5292,5,100,A1,NTD,187.82400000000007
4.0145904639553995,3,100,5292,5,100,A2,NTD,187.82400000000007
5289.486324185906,3,100,5292,5,100,A3,NTD,187.82400000000007
10.423733756757462,3,100,5292,5,100,core,NTD,187.82400000000007
17.055464399772767,3,100,5292,5,100,A1,Ours,6.073999999999955
0.3898600209522888,3,100,5292,5,100,A2,Ours,6.073999999999955
5.306492023355129,3,100,5292,5,100,A3,Ours,6.073999999999955
9.15250209383807,3,100,5292,5,100,core,Ours,6.073999999999955
17.055464399772767,3,100,5292,5,100,A1,HOSVD,1.7369999999999663
0.3898600209522888,3,100,5292,5,100,A2,HOSVD,1.7369999999999663
3.888223272424509,3,100,5292,5,100,A3,HOSVD,1.7369999999999663
7.170428070741192,3,100,5292,5,100,core,HOSVD,1.7369999999999663
18.635836395259137,3,100,5292,5,100,A1,HOOI,10.953999999999951
0.2890126769717438,3,100,5292,5,100,A2,HOOI,10.953999999999951
3.9738351769180555,3,100,5292,5,100,A3,HOOI,10.953999999999951
8.335524166981736,3,100,5292,5,100,core,HOOI,10.953999999999951
85.76354425164885,3,100,5292,5,100,A1,Olga,7.63900000000001
4.294780497718412,3,100,5292,5,100,A2,Olga,7.63900000000001
3.9447640860867765,3,100,5292,5,100,A3,Tracy,7.63900000000001
9.052240438835588,3,100,5292,5,100,core,Tracy_Olga,7.63900000000001
125.85546213167746,3,100,6060,5,100,A1,NTD,213.42700000000002
2.014190470232867,3,100,6060,5,100,A2,NTD,213.42700000000002
6057.510635183061,3,100,6060,5,100,A3,NTD,213.42700000000002
10.844119071381506,3,100,6060,5,100,core,NTD,213.42700000000002
26.3298718673224,3,100,6060,5,100,A1,Ours,7.176000000000045
0.4868729175480899,3,100,6060,5,100,A2,Ours,7.176000000000045
5.411320919099827,3,100,6060,5,100,A3,Ours,7.176000000000045
12,3,100,6060,5,100,core,Ours,7.176000000000045
26.3298718673224,3,100,6060,5,100,A1,HOSVD,1.9429999999999836
0.4868729175480899,3,100,6060,5,100,A2,HOSVD,1.9429999999999836
3.7479437489587637,3,100,6060,5,100,A3,HOSVD,1.9429999999999836
10.1948579253897,3,100,6060,5,100,core,HOSVD,1.9429999999999836
25.306414414276986,3,100,6060,5,100,A1,HOOI,12.144000000000005
0.2792639802866947,3,100,6060,5,100,A2,HOOI,12.144000000000005
4.02640896021803,3,100,6060,5,100,A3,HOOI,12.144000000000005
9.695495855402154,3,100,6060,5,100,core,HOOI,12.144000000000005
125.01596274317062,3,100,6788,5,100,A1,NTD,227.10400000000004
4.014165553670296,3,100,6788,5,100,A2,NTD,227.10400000000004
6785.542617436827,3,100,6788,5,100,A3,NTD,227.10400000000004
10.413898251091473,3,100,6788,5,100,core,NTD,227.10400000000004
18.234241499231434,3,100,6788,5,100,A1,Ours,15
0.670752327523858,3,100,6788,5,100,A2,Ours,15
5.31841575767747,3,100,6788,5,100,A3,Ours,15
10.96797993222576,3,100,6788,5,100,core,Ours,15
18.234241499231434,3,100,6788,5,100,A1,HOSVD,9.161000000000058
0.670752327523858,3,100,6788,5,100,A2,HOSVD,9.161000000000058
3.939714932536944,3,100,6788,5,100,A3,HOSVD,9.161000000000058
10.435025399780821,3,100,6788,5,100,core,HOSVD,9.161000000000058
18.83760158440446,3,100,6788,5,100,A1,HOOI,19.23400000000015
0.3600282208153321,3,100,6788,5,100,A2,HOOI,19.23400000000015
3.808143011069683,3,100,6788,5,100,A3,HOOI,19.23400000000015
10.107044422744952,3,100,6788,5,100,core,HOOI,19.23400000000015
74.22154452318144,3,100,6788,5,100,A1,Olga,4.7000000000000455
4.529870645285739,3,100,6788,5,100,A2,Olga,4.7000000000000455
3.96826982371423,3,100,6788,5,100,A3,Tracy,4.7000000000000455
11.508307248226474,3,100,6788,5,100,core,Tracy_Olga,4.7000000000000455
125.68344154333494,3,100,7461,5,100,A1,NTD,245.03199999999993
2.0137241710915736,3,100,7461,5,100,A2,NTD,245.03199999999993
7458.564463141841,3,100,7461,5,100,A3,NTD,245.03199999999993
10.766771993359498,3,100,7461,5,100,core,NTD,245.03199999999993
25.467842048800208,3,100,7461,5,100,A1,Ours,12.240000000000009
0.32338765487867094,3,100,7461,5,100,A2,Ours,12.240000000000009
5.310333903483038,3,100,7461,5,100,A3,Ours,12.240000000000009
12.092970577112345,3,100,7461,5,100,core,Ours,12.240000000000009
25.467842048800208,3,100,7461,5,100,A1,HOSVD,3.7970000000000255
0.32338765487867094,3,100,7461,5,100,A2,HOSVD,3.7970000000000255
3.9349847226484167,3,100,7461,5,100,A3,HOSVD,3.7970000000000255
11.097351414900858,3,100,7461,5,100,core,HOSVD,3.7970000000000255
22.904844507063657,3,100,7461,5,100,A1,HOOI,20.261999999999944
0.5004367632774266,3,100,7461,5,100,A2,HOOI,20.261999999999944
3.3330771974357503,3,100,7461,5,100,A3,HOOI,20.261999999999944
9.18950868579714,3,100,7461,5,100,core,HOOI,20.261999999999944
82.84234563594951,3,100,7461,5,100,A1,Olga,5.0069999999998345
4.162448239391335,3,100,7461,5,100,A2,Olga,5.0069999999998345
3.979277336610733,3,100,7461,5,100,A3,Tracy,5.0069999999998345
10.62047771879827,3,100,7461,5,100,core,Tracy_Olga,5.0069999999998345
121.33522474424039,3,100,8172,5,100,A1,NTD,262.8029999999999
3.986314837346204,3,100,8172,5,100,A2,NTD,262.8029999999999
8169.541528409684,3,100,8172,5,100,A3,NTD,262.8029999999999
10.683879161001965,3,100,8172,5,100,core,NTD,262.8029999999999
23.821054607749776,3,100,8172,5,100,A1,Ours,27.258000000000038
0.7417262266629081,3,100,8172,5,100,A2,Ours,27.258000000000038
5.3308174891595455,3,100,8172,5,100,A3,Ours,27.258000000000038
8.338751172583835,3,100,8172,5,100,core,Ours,27.258000000000038
23.821054607749776,3,100,8172,5,100,A1,HOSVD,17.999000000000024
0.7417262266629081,3,100,8172,5,100,A2,HOSVD,17.999000000000024
3.9580445615531517,3,100,8172,5,100,A3,HOSVD,17.999000000000024
12.044607954899929,3,100,8172,5,100,core,HOSVD,17.999000000000024
23.49871987306866,3,100,8172,5,100,A1,HOOI,28.807000000000016
0.2114917203863474,3,100,8172,5,100,A2,HOOI,28.807000000000016
3.974002872191486,3,100,8172,5,100,A3,HOOI,28.807000000000016
9.619714300205894,3,100,8172,5,100,core,HOOI,28.807000000000016
73.64116330788656,3,100,8172,5,100,A1,Olga,17.55399999999986
3.9419126521104935,3,100,8172,5,100,A2,Olga,17.55399999999986
4.350691440209565,3,100,8172,5,100,A3,Tracy,17.55399999999986
10.594879142538108,3,100,8172,5,100,core,Tracy_Olga,17.55399999999986
7.767753214626523,3,100,100,5,3000,A1,NTD,3.2690000000000055
0.7233448833284023,3,100,100,5,3000,A2,NTD,3.2690000000000055
97,3,100,100,5,3000,A3,NTD,3.2690000000000055
13.923466777667029,3,100,100,5,3000,core,NTD,3.2690000000000055
3.0663831162978217,3,100,100,5,3000,A1,Ours,3.9700000000000273
0.036235379269518996,3,100,100,5,3000,A2,Ours,3.9700000000000273
0.04345314040483755,3,100,100,5,3000,A3,Ours,3.9700000000000273
12.63729514681588,3,100,100,5,3000,core,Ours,3.9700000000000273
3.0663831162978217,3,100,100,5,3000,A1,HOSVD,6.230000000000018
0.036235379269518996,3,100,100,5,3000,A2,HOSVD,6.230000000000018
0.0434558736108092,3,100,100,5,3000,A3,HOSVD,6.230000000000018
12.63726529439247,3,100,100,5,3000,core,HOSVD,6.230000000000018
3.0223115535219667,3,100,100,5,3000,A1,HOOI,4.407999999999902
0.013838674414052688,3,100,100,5,3000,A2,HOOI,4.407999999999902
0.04402623336771489,3,100,100,5,3000,A3,HOOI,4.407999999999902
12.654699842635615,3,100,100,5,3000,core,HOOI,4.407999999999902
3.4223678372565267,3,100,100,5,3000,A1,Olga,2.492999999999938
0.0066887652922780465,3,100,100,5,3000,A2,Olga,2.492999999999938
0.9697526111554494,3,100,100,5,3000,A3,Tracy,2.492999999999938
11.058205935380602,3,100,100,5,3000,core,Tracy_Olga,2.492999999999938
14.851016123422585,3,100,500,5,3000,A1,NTD,14.420000000000073
1.701069833638522,3,100,500,5,3000,A2,NTD,14.420000000000073
497.00016353618304,3,100,500,5,3000,A3,NTD,14.420000000000073
13.133082015038905,3,100,500,5,3000,core,NTD,14.420000000000073
3.502395718605717,3,100,500,5,3000,A1,Ours,1.02800000000002
0.009784706565260409,3,100,500,5,3000,A2,Ours,1.02800000000002
0.15643141253725645,3,100,500,5,3000,A3,Ours,1.02800000000002
11.070989368401905,3,100,500,5,3000,core,Ours,1.02800000000002
3.502395718605717,3,100,500,5,3000,A1,HOSVD,0.51299999999992
0.009784706565260409,3,100,500,5,3000,A2,HOSVD,0.51299999999992
0.15622269897769453,3,100,500,5,3000,A3,HOSVD,0.51299999999992
11.070671510575984,3,100,500,5,3000,core,HOSVD,0.51299999999992
3.4368465532761867,3,100,500,5,3000,A1,HOOI,0.9880000000000564
0.0190594481872933,3,100,500,5,3000,A2,HOOI,0.9880000000000564
0.29377958081259264,3,100,500,5,3000,A3,HOOI,0.9880000000000564
10.866221934653765,3,100,500,5,3000,core,HOOI,0.9880000000000564
3.1850156210806633,3,100,500,5,3000,A1,Olga,1.0909999999998945
0.03937500223412756,3,100,500,5,3000,A2,Olga,1.0909999999998945
1.3102325364440046,3,100,500,5,3000,A3,Tracy,1.0909999999998945
12.229195326427693,3,100,500,5,3000,core,Tracy_Olga,1.0909999999998945
20.46676189384928,3,100,1000,5,3000,A1,NTD,34.95100000000002
2.1196648014589496,3,100,1000,5,3000,A2,NTD,34.95100000000002
997.0008456085982,3,100,1000,5,3000,A3,NTD,34.95100000000002
13.531537748314927,3,100,1000,5,3000,core,NTD,34.95100000000002
4.5782160232617795,3,100,1000,5,3000,A1,Ours,0.5629999999998745
0.02465342023208811,3,100,1000,5,3000,A2,Ours,0.5629999999998745
0.4990944772471082,3,100,1000,5,3000,A3,Ours,0.5629999999998745
11.918620925432744,3,100,1000,5,3000,core,Ours,0.5629999999998745
4.5782160232617795,3,100,1000,5,3000,A1,HOSVD,0.5640000000000782
0.02465342023208811,3,100,1000,5,3000,A2,HOSVD,0.5640000000000782
0.49839285909900366,3,100,1000,5,3000,A3,HOSVD,0.5640000000000782
11.919648415036917,3,100,1000,5,3000,core,HOSVD,0.5640000000000782
4.574726703909911,3,100,1000,5,3000,A1,HOOI,0.79099999999994
0.028306760698685735,3,100,1000,5,3000,A2,HOOI,0.79099999999994
0.24105080400873719,3,100,1000,5,3000,A3,HOOI,0.79099999999994
12.587738655688044,3,100,1000,5,3000,core,HOOI,0.79099999999994
4.26106480673982,3,100,1000,5,3000,A1,Olga,1.1050000000000182
0.08159178964907901,3,100,1000,5,3000,A2,Olga,1.1050000000000182
1.4032923440265066,3,100,1000,5,3000,A3,Tracy,1.1050000000000182
16.90339088816559,3,100,1000,5,3000,core,Tracy_Olga,1.1050000000000182
9.409520799647593,3,100,2494,5,3000,A1,NTD,84.34000000000015
1.6202560535909931,3,100,2494,5,3000,A2,NTD,84.34000000000015
2491.0453672340623,3,100,2494,5,3000,A3,NTD,84.34000000000015
12.21244408479908,3,100,2494,5,3000,core,NTD,84.34000000000015
5.819392378325239,3,100,2494,5,3000,A1,Ours,2.240000000000009
0.03417641734625587,3,100,2494,5,3000,A2,Ours,2.240000000000009
2.559227436626149,3,100,2494,5,3000,A3,Ours,2.240000000000009
10.613344500065649,3,100,2494,5,3000,core,Ours,2.240000000000009
5.819392378325239,3,100,2494,5,3000,A1,HOSVD,1.099999999999909
0.03417641734625587,3,100,2494,5,3000,A2,HOSVD,1.099999999999909
2.552128716369229,3,100,2494,5,3000,A3,HOSVD,1.099999999999909
10.618480352890467,3,100,2494,5,3000,core,HOSVD,1.099999999999909
5.804516639674138,3,100,2494,5,3000,A1,HOOI,2.671000000000049
0.03379252625136546,3,100,2494,5,3000,A2,HOOI,2.671000000000049
2.5585670107579666,3,100,2494,5,3000,A3,HOOI,2.671000000000049
10.615693339178131,3,100,2494,5,3000,core,HOOI,2.671000000000049
3.1937124128933485,3,100,2494,5,3000,A1,Olga,1.025000000000091
0.2400999401100002,3,100,2494,5,3000,A2,Olga,1.025000000000091
2.8954756031752744,3,100,2494,5,3000,A3,Tracy,1.025000000000091
13.998603182852696,3,100,2494,5,3000,core,Tracy_Olga,1.025000000000091
4.64408505773164,3,100,4985,5,3000,A1,NTD,168.03200000000015
1.9898106308520842,3,100,4985,5,3000,A2,NTD,168.03200000000015
4982.062722822729,3,100,4985,5,3000,A3,NTD,168.03200000000015
12.844564345993989,3,100,4985,5,3000,core,NTD,168.03200000000015
5.890918751394025,3,100,4985,5,3000,A1,Ours,6.451999999999771
0.020992333069026262,3,100,4985,5,3000,A2,Ours,6.451999999999771
2.5913331470620586,3,100,4985,5,3000,A3,Ours,6.451999999999771
10.532062150103373,3,100,4985,5,3000,core,Ours,6.451999999999771
5.890918751394025,3,100,4985,5,3000,A1,HOSVD,4.281999999999698
0.020992333069026262,3,100,4985,5,3000,A2,HOSVD,4.281999999999698
2.566745500844355,3,100,4985,5,3000,A3,HOSVD,4.281999999999698
10.560404307037944,3,100,4985,5,3000,core,HOSVD,4.281999999999698
5.8505087636370945,3,100,4985,5,3000,A1,HOOI,5.55600000000004
0.014615955505275282,3,100,4985,5,3000,A2,HOOI,5.55600000000004
2.567586300465558,3,100,4985,5,3000,A3,HOOI,5.55600000000004
11.390631325063232,3,100,4985,5,3000,core,HOOI,5.55600000000004
4.011138243248785,3,100,4985,5,3000,A1,Olga,3.0719999999996617
0.09015105491817174,3,100,4985,5,3000,A2,Olga,3.0719999999996617
2.866672582682618,3,100,4985,5,3000,A3,Tracy,3.0719999999996617
16.74828886082492,3,100,4985,5,3000,core,Tracy_Olga,3.0719999999996617
7.8484007254250665,3,100,5978,5,3000,A1,NTD,198.44000000000005
2.3598904627902315,3,100,5978,5,3000,A2,NTD,198.44000000000005
5975.028951637284,3,100,5978,5,3000,A3,NTD,198.44000000000005
9.57128438701895,3,100,5978,5,3000,core,NTD,198.44000000000005
3.8014035111813373,3,100,5978,5,3000,A1,Ours,7.664999999999964
0.0568066442162343,3,100,5978,5,3000,A2,Ours,7.664999999999964
2.577763416973631,3,100,5978,5,3000,A3,Ours,7.664999999999964
16.849424724712105,3,100,5978,5,3000,core,Ours,7.664999999999964
3.8014035111813373,3,100,5978,5,3000,A1,HOSVD,4.050999999999931
0.0568066442162343,3,100,5978,5,3000,A2,HOSVD,4.050999999999931
2.542675650816029,3,100,5978,5,3000,A3,HOSVD,4.050999999999931
16.823390940059454,3,100,5978,5,3000,core,HOSVD,4.050999999999931
3.8935028706871675,3,100,5978,5,3000,A1,HOOI,7.304999999999836
0.0609206372823347,3,100,5978,5,3000,A2,HOOI,7.304999999999836
2.5430876225384753,3,100,5978,5,3000,A3,HOOI,7.304999999999836
16.86603219356734,3,100,5978,5,3000,core,HOOI,7.304999999999836
2.9532595201332645,3,100,5978,5,3000,A1,Olga,7.1580000000003565
0.20313077872179078,3,100,5978,5,3000,A2,Olga,7.1580000000003565
2.8495651602185568,3,100,5978,5,3000,A3,Tracy,7.1580000000003565
11.830140445400273,3,100,5978,5,3000,core,Tracy_Olga,7.1580000000003565
8.344318523765759,3,100,6966,5,3000,A1,NTD,224.5590000000002
0.7225885779217603,3,100,6966,5,3000,A2,NTD,224.5590000000002
6963.068608124964,3,100,6966,5,3000,A3,NTD,224.5590000000002
9.43433850481316,3,100,6966,5,3000,core,NTD,224.5590000000002
3.968408955875323,3,100,6966,5,3000,A1,Ours,9.594000000000051
0.012612856328948851,3,100,6966,5,3000,A2,Ours,9.594000000000051
2.8232805867728077,3,100,6966,5,3000,A3,Ours,9.594000000000051
8.664150494918744,3,100,6966,5,3000,core,Ours,9.594000000000051
3.968408955875323,3,100,6966,5,3000,A1,HOSVD,2.688999999999851
0.012612856328948851,3,100,6966,5,3000,A2,HOSVD,2.688999999999851
2.583867397040353,3,100,6966,5,3000,A3,HOSVD,2.688999999999851
11.113136064197501,3,100,6966,5,3000,core,HOSVD,2.688999999999851
4.004071077269225,3,100,6966,5,3000,A1,HOOI,7.639999999999873
0.011820611255139642,3,100,6966,5,3000,A2,HOOI,7.639999999999873
2.586731446679451,3,100,6966,5,3000,A3,HOOI,7.639999999999873
11.10317499038127,3,100,6966,5,3000,core,HOOI,7.639999999999873
3.7949196436601786,3,100,6966,5,3000,A1,Olga,4.295000000000073
0.07428207317813053,3,100,6966,5,3000,A2,Olga,4.295000000000073
2.889715275366817,3,100,6966,5,3000,A3,Tracy,4.295000000000073
16.896329688880083,3,100,6966,5,3000,core,Tracy_Olga,4.295000000000073
5.004927655348998,3,100,7956,5,3000,A1,NTD,255.38200000000006
3.986408023001346,3,100,7956,5,3000,A2,NTD,255.38200000000006
7953.059326615609,3,100,7956,5,3000,A3,NTD,255.38200000000006
12.2104739695422,3,100,7956,5,3000,core,NTD,255.38200000000006
4.189379907400472,3,100,7956,5,3000,A1,Ours,21.4050000000002
0.046910317709099786,3,100,7956,5,3000,A2,Ours,21.4050000000002
2.802006339301887,3,100,7956,5,3000,A3,Ours,21.4050000000002
10.074614936450779,3,100,7956,5,3000,core,Ours,21.4050000000002
4.189379907400472,3,100,7956,5,3000,A1,HOSVD,9.394000000000233
0.046910317709099786,3,100,7956,5,3000,A2,HOSVD,9.394000000000233
2.5784445050669578,3,100,7956,5,3000,A3,HOSVD,9.394000000000233
11.83027142978986,3,100,7956,5,3000,core,HOSVD,9.394000000000233
4.216626773638487,3,100,7956,5,3000,A1,HOOI,10.318000000000211
0.04463392098455122,3,100,7956,5,3000,A2,HOOI,10.318000000000211
2.5766181603687235,3,100,7956,5,3000,A3,HOOI,10.318000000000211
11.83027142978986,3,100,7956,5,3000,core,HOOI,10.318000000000211
4.114884559993059,3,100,7956,5,3000,A1,Olga,5.851000000000113
1.0989388068993229,3,100,7956,5,3000,A2,Olga,5.851000000000113
2.8892576216687678,3,100,7956,5,3000,A3,Tracy,5.851000000000113
11.83027142978986,3,100,7956,5,3000,core,Tracy_Olga,5.851000000000113
3.0767360177697176,3,100,8958,5,3000,A1,NTD,286.06899999999996
3.453233971929602,3,100,8958,5,3000,A2,NTD,286.06899999999996
8955.065910714771,3,100,8958,5,3000,A3,NTD,286.06899999999996
10.539404505330266,3,100,8958,5,3000,core,NTD,286.06899999999996
4.132322955804558,3,100,8958,5,3000,A1,Ours,15.572999999999865
0.10284951652582451,3,100,8958,5,3000,A2,Ours,15.572999999999865
2.8340515069614396,3,100,8958,5,3000,A3,Ours,15.572999999999865
10.494796072617481,3,100,8958,5,3000,core,Ours,15.572999999999865
4.132322955804558,3,100,8958,5,3000,A1,HOSVD,3.169000000000324
0.10284951652582451,3,100,8958,5,3000,A2,HOSVD,3.169000000000324
2.5843183679482378,3,100,8958,5,3000,A3,HOSVD,3.169000000000324
11.83027142978986,3,100,8958,5,3000,core,HOSVD,3.169000000000324
4.119579747718534,3,100,8958,5,3000,A1,HOOI,13.827999999999975
0.089961335125913,3,100,8958,5,3000,A2,HOOI,13.827999999999975
2.5932007005756974,3,100,8958,5,3000,A3,HOOI,13.827999999999975
11.83027142978986,3,100,8958,5,3000,core,HOOI,13.827999999999975
3.1071301230217694,3,100,8958,5,3000,A1,Olga,5.999000000000251
0.40101662473568905,3,100,8958,5,3000,A2,Olga,5.999000000000251
2.892709021753133,3,100,8958,5,3000,A3,Tracy,5.999000000000251
11.83027142978986,3,100,8958,5,3000,core,Tracy_Olga,5.999000000000251
20.140616439797753,3,100,9931,5,3000,A1,NTD,319.66200000000026
3.9863300731008264,3,100,9931,5,3000,A2,NTD,319.66200000000026
9928.065615006008,3,100,9931,5,3000,A3,NTD,319.66200000000026
11.577585974189223,3,100,9931,5,3000,core,NTD,319.66200000000026
5.432163225087505,3,100,9931,5,3000,A1,Ours,32.59999999999991
0.07610335247789962,3,100,9931,5,3000,A2,Ours,32.59999999999991
2.8636377911635207,3,100,9931,5,3000,A3,Ours,32.59999999999991
12.332504258973902,3,100,9931,5,3000,core,Ours,32.59999999999991
5.432163225087505,3,100,9931,5,3000,A1,HOSVD,21.027000000000044
0.07610335247789962,3,100,9931,5,3000,A2,HOSVD,21.027000000000044
2.602206888489567,3,100,9931,5,3000,A3,HOSVD,21.027000000000044
10.566108421205197,3,100,9931,5,3000,core,HOSVD,21.027000000000044
5.434170348138471,3,100,9931,5,3000,A1,HOOI,32.460999999999785
0.07647663564407586,3,100,9931,5,3000,A2,HOOI,32.460999999999785
2.602747992217184,3,100,9931,5,3000,A3,HOOI,32.460999999999785
10.57488858259291,3,100,9931,5,3000,core,HOOI,32.460999999999785
5.088172232968635,3,100,9931,5,3000,A1,Olga,18.627000000000407
2.4305670316883328,3,100,9931,5,3000,A2,Olga,18.627000000000407
2.9105091463940562,3,100,9931,5,3000,A3,Tracy,18.627000000000407
9.405434430886087,3,100,9931,5,3000,core,Tracy_Olga,18.627000000000407
9.203954377918741,3,100,100,5,10000,A1,NTD,3.62099999999964
1.5542986512427923,3,100,100,5,10000,A2,NTD,3.62099999999964
97.00011162319053,3,100,100,5,10000,A3,NTD,3.62099999999964
12.024568319035911,3,100,100,5,10000,core,NTD,3.62099999999964
2.6561668561664926,3,100,100,5,10000,A1,Ours,2.300999999999931
0.006318251914206845,3,100,100,5,10000,A2,Ours,2.300999999999931
0.028859001711480477,3,100,100,5,10000,A3,Ours,2.300999999999931
10.051692142626106,3,100,100,5,10000,core,Ours,2.300999999999931
2.6561668561664926,3,100,100,5,10000,A1,HOSVD,1.8230000000003201
0.006318251914206845,3,100,100,5,10000,A2,HOSVD,1.8230000000003201
0.0288596191550835,3,100,100,5,10000,A3,HOSVD,1.8230000000003201
10.051689044626544,3,100,100,5,10000,core,HOSVD,1.8230000000003201
2.659746748794324,3,100,100,5,10000,A1,HOOI,2.6100000000001273
0.0059843816259517344,3,100,100,5,10000,A2,HOOI,2.6100000000001273
0.02811669393093178,3,100,100,5,10000,A3,HOOI,2.6100000000001273
10.055323231388169,3,100,100,5,10000,core,HOOI,2.6100000000001273
1.8607790285432881,3,100,100,5,10000,A1,Olga,2.4890000000000327
0.007029237270592721,3,100,100,5,10000,A2,Olga,2.4890000000000327
0.96594063159505406,3,100,100,5,10000,A3,Tracy,2.4890000000000327
9.897584381525354,3,100,100,5,10000,core,Tracy_Olga,2.4890000000000327
3.297332359996833,3,100,500,5,10000,A1,NTD,15.86999999999989
2.592365654673183,3,100,500,5,10000,A2,NTD,15.86999999999989
497.00005083420234,3,100,500,5,10000,A3,NTD,15.86999999999989
10.633232924047006,3,100,500,5,10000,core,NTD,15.86999999999989
2.7488334517687147,3,100,500,5,10000,A1,Ours,0.43699999999989814
0.023994138951527848,3,100,500,5,10000,A2,Ours,0.43699999999989814
0.05960293774161693,3,100,500,5,10000,A3,Ours,0.43699999999989814
12.683465060797603,3,100,500,5,10000,core,Ours,0.43699999999989814
2.7488334517687147,3,100,500,5,10000,A1,HOSVD,0.29500000000007276
0.023994138951527848,3,100,500,5,10000,A2,HOSVD,0.29500000000007276
0.05959257019196674,3,100,500,5,10000,A3,HOSVD,0.29500000000007276
12.683431031539653,3,100,500,5,10000,core,HOSVD,0.29500000000007276
2.754700892988861,3,100,500,5,10000,A1,HOOI,0.54300000000012
0.024938908542163133,3,100,500,5,10000,A2,HOOI,0.54300000000012
0.059542841064280344,3,100,500,5,10000,A3,HOOI,0.54300000000012
12.683191389583127,3,100,500,5,10000,core,HOOI,0.54300000000012
2.064438418747498,3,100,500,5,10000,A1,Olga,0.27400000000034197
0.031511959912104176,3,100,500,5,10000,A2,Olga,0.27400000000034197
1.2676682716146568,3,100,500,5,10000,A3,Tracy,0.27400000000034197
12.575734457007469,3,100,500,5,10000,core,Tracy_Olga,0.27400000000034197
9.854150800316228,3,100,1000,5,10000,A1,NTD,32.402000000000044
1.8960105935171987,3,100,1000,5,10000,A2,NTD,32.402000000000044
997.0000402181604,3,100,1000,5,10000,A3,NTD,32.402000000000044
13.088513258746518,3,100,1000,5,10000,core,NTD,32.402000000000044
1.5950361984573185,3,100,1000,5,10000,A1,Ours,1.2020000000002256
0.022266691187761027,3,100,1000,5,10000,A2,Ours,1.2020000000002256
0.08162930589894998,3,100,1000,5,10000,A3,Ours,1.2020000000002256
10.062224137698246,3,100,1000,5,10000,core,Ours,1.2020000000002256
1.5950361984573185,3,100,1000,5,10000,A1,HOSVD,1.6959999999999127
0.022266691187761027,3,100,1000,5,10000,A2,HOSVD,1.6959999999999127
0.08164081521300454,3,100,1000,5,10000,A3,HOSVD,1.6959999999999127
10.062134620112154,3,100,1000,5,10000,core,HOSVD,1.6959999999999127
1.589975193954416,3,100,1000,5,10000,A1,HOOI,1.5019999999999527
0.02086837584427139,3,100,1000,5,10000,A2,HOOI,1.5019999999999527
0.0816670771915272,3,100,1000,5,10000,A3,HOOI,1.5019999999999527
10.062022985881548,3,100,1000,5,10000,core,HOOI,1.5019999999999527
1.6293161497905364,3,100,1000,5,10000,A1,Olga,1.04300000000012
0.01281520194016304,3,100,1000,5,10000,A2,Olga,1.04300000000012
1.373711108289049,3,100,1000,5,10000,A3,Tracy,1.04300000000012
9.930985745853569,3,100,1000,5,10000,core,Tracy_Olga,1.04300000000012
4.77205808326282,3,100,2500,5,10000,A1,NTD,98.31799999999976
1.71941497740011,3,100,2500,5,10000,A2,NTD,98.31799999999976
2497.0002589868886,3,100,2500,5,10000,A3,NTD,98.31799999999976
16.734361332951032,3,100,2500,5,10000,core,NTD,98.31799999999976
3.91555726869268,3,100,2500,5,10000,A1,Ours,2.0419999999999163
0.031903572940715594,3,100,2500,5,10000,A2,Ours,2.0419999999999163
0.6585061585635126,3,100,2500,5,10000,A3,Ours,2.0419999999999163
11.656685950594893,3,100,2500,5,10000,core,Ours,2.0419999999999163
3.91555726869268,3,100,2500,5,10000,A1,HOSVD,1.043999999999869
0.031903572940715594,3,100,2500,5,10000,A2,HOSVD,1.043999999999869
0.6576022841332172,3,100,2500,5,10000,A3,HOSVD,1.043999999999869
11.657920219374637,3,100,2500,5,10000,core,HOSVD,1.043999999999869
3.9296594863230125,3,100,2500,5,10000,A1,HOOI,2.588999999999942
0.03030352563671521,3,100,2500,5,10000,A2,HOOI,2.588999999999942
0.6701611805105248,3,100,2500,5,10000,A3,HOOI,2.588999999999942
11.701814106039064,3,100,2500,5,10000,core,HOOI,2.588999999999942
2.147599873875796,3,100,2500,5,10000,A1,Olga,1.344000000000051
0.06018976811846152,3,100,2500,5,10000,A2,Olga,1.344000000000051
1.686245366612152,3,100,2500,5,10000,A3,Tracy,1.344000000000051
12.297456053058475,3,100,2500,5,10000,core,Tracy_Olga,1.344000000000051
8.320287310359523,3,100,4995,5,10000,A1,NTD,180.89200000000028
0.9494763446857938,3,100,4995,5,10000,A2,NTD,180.89200000000028
4992.021508021971,3,100,4995,5,10000,A3,NTD,180.89200000000028
12.672931562065514,3,100,4995,5,10000,core,NTD,180.89200000000028
2.1113080803237723,3,100,4995,5,10000,A1,Ours,6.649000000000342
0.013088995038007381,3,100,4995,5,10000,A2,Ours,6.649000000000342
2.5635875900767684,3,100,4995,5,10000,A3,Ours,6.649000000000342
9.085658331019713,3,100,4995,5,10000,core,Ours,6.649000000000342
2.1113080803237723,3,100,4995,5,10000,A1,HOSVD,2.4400000000005093
0.013088995038007381,3,100,4995,5,10000,A2,HOSVD,2.4400000000005093
2.5610904997915114,3,100,4995,5,10000,A3,HOSVD,2.4400000000005093
9.086944318720818,3,100,4995,5,10000,core,HOSVD,2.4400000000005093
2.1087564328327444,3,100,4995,5,10000,A1,HOOI,4.927000000000589
0.016473927353370044,3,100,4995,5,10000,A2,HOOI,4.927000000000589
2.5680544057277666,3,100,4995,5,10000,A3,HOOI,4.927000000000589
8.80489552321492,3,100,4995,5,10000,core,HOOI,4.927000000000589
2.3998459984062483,3,100,4995,5,10000,A1,Olga,3.2229999999999563
0.014435197027519877,3,100,4995,5,10000,A2,Olga,3.2229999999999563
2.9326174450593587,3,100,4995,5,10000,A3,Tracy,3.2229999999999563
9.098584494836482,3,100,4995,5,10000,core,Tracy_Olga,3.2229999999999563
4.426542712217053,3,100,5997,5,10000,A1,NTD,201.16700000000037
3.39328701494781,3,100,5997,5,10000,A2,NTD,201.16700000000037
5994.028379424661,3,100,5997,5,10000,A3,NTD,201.16700000000037
11.278855514586452,3,100,5997,5,10000,core,NTD,201.16700000000037
2.731590066475482,3,100,5997,5,10000,A1,Ours,7.430999999999585
0.006302075271278363,3,100,5997,5,10000,A2,Ours,7.430999999999585
2.54889758127192,3,100,5997,5,10000,A3,Ours,7.430999999999585
9.168471296291662,3,100,5997,5,10000,core,Ours,7.430999999999585
2.731590066475482,3,100,5997,5,10000,A1,HOSVD,3.3309999999992215
0.006302075271278363,3,100,5997,5,10000,A2,HOSVD,3.3309999999992215
2.545649011715085,3,100,5997,5,10000,A3,HOSVD,3.3309999999992215
9.177106627537805,3,100,5997,5,10000,core,HOSVD,3.3309999999992215
2.7335555593758185,3,100,5997,5,10000,A1,HOOI,6.098999999999251
0.007000711604730033,3,100,5997,5,10000,A2,HOOI,6.098999999999251
2.5457039422305647,3,100,5997,5,10000,A3,HOOI,6.098999999999251
9.166088273143968,3,100,5997,5,10000,core,HOOI,6.098999999999251
1.9785366100887087,3,100,5997,5,10000,A1,Olga,3.3010000000003856
0.01512814383188359,3,100,5997,5,10000,A2,Olga,3.3010000000003856
2.8722369840013076,3,100,5997,5,10000,A3,Tracy,3.3010000000003856
11.83027142978986,3,100,5997,5,10000,core,Tracy_Olga,3.3010000000003856
12.699914041939785,3,100,6995,5,10000,A1,NTD,225.6949999999997
0.5538528021993745,3,100,6995,5,10000,A2,NTD,225.6949999999997
6992.016099653918,3,100,6995,5,10000,A3,NTD,225.6949999999997
8.188290211618519,3,100,6995,5,10000,core,NTD,225.6949999999997
3.0199083084295655,3,100,6995,5,10000,A1,Ours,10.048000000000684
0.026293683757437496,3,100,6995,5,10000,A2,Ours,10.048000000000684
2.60016957639284,3,100,6995,5,10000,A3,Ours,10.048000000000684
11.830140445400273,3,100,6995,5,10000,core,Ours,10.048000000000684
3.0199083084295655,3,100,6995,5,10000,A1,HOSVD,2.712999999999738
0.026293683757437496,3,100,6995,5,10000,A2,HOSVD,2.712999999999738
2.5957895335320482,3,100,6995,5,10000,A3,HOSVD,2.712999999999738
11.830140445400273,3,100,6995,5,10000,core,HOSVD,2.712999999999738
3.0125078295978733,3,100,6995,5,10000,A1,HOOI,6.721999999999753
0.02607911790023336,3,100,6995,5,10000,A2,HOOI,6.721999999999753
2.5971692169078,3,100,6995,5,10000,A3,HOOI,6.721999999999753
11.830189293006168,3,100,6995,5,10000,core,HOOI,6.721999999999753
2.384189475178979,3,100,6995,5,10000,A1,Olga,4.068000000000211
0.08331992288308633,3,100,6995,5,10000,A2,Olga,4.068000000000211
2.8952594885974268,3,100,6995,5,10000,A3,Tracy,4.068000000000211
11.83027142978986,3,100,6995,5,10000,core,Tracy_Olga,4.068000000000211
6.8510160265149525,3,100,7994,5,10000,A1,NTD,262.5799999999999
2.011115810631001,3,100,7994,5,10000,A2,NTD,262.5799999999999
7991.015055862785,3,100,7994,5,10000,A3,NTD,262.5799999999999
9.158451693230814,3,100,7994,5,10000,core,NTD,262.5799999999999
2.421468300941067,3,100,7994,5,10000,A1,Ours,12.622000000000298
0.013099987877658757,3,100,7994,5,10000,A2,Ours,12.622000000000298
2.563209798267443,3,100,7994,5,10000,A3,Ours,12.622000000000298
9.157250319784099,3,100,7994,5,10000,core,Ours,12.622000000000298
2.421468300941067,3,100,7994,5,10000,A1,HOSVD,3.0869999999995343
0.013099987877658757,3,100,7994,5,10000,A2,HOSVD,3.0869999999995343
2.557645959037056,3,100,7994,5,10000,A3,HOSVD,3.0869999999995343
9.172727209515763,3,100,7994,5,10000,core,HOSVD,3.0869999999995343
3.0580524660684687,3,100,7994,5,10000,A1,HOOI,10.114999999999782
0.015899811671052862,3,100,7994,5,10000,A2,HOOI,10.114999999999782
2.550621316425242,3,100,7994,5,10000,A3,HOOI,10.114999999999782
11.830140445400273,3,100,7994,5,10000,core,HOOI,10.114999999999782
2.146306034395184,3,100,7994,5,10000,A1,Olga,5.277000000000044
0.08104367391829775,3,100,7994,5,10000,A2,Olga,5.277000000000044
2.8622898809331043,3,100,7994,5,10000,A3,Tracy,5.277000000000044
11.83027142978986,3,100,7994,5,10000,core,Tracy_Olga,5.277000000000044
5.533009606384026,3,100,8987,5,10000,A1,NTD,301.3010000000004
2.3533959747154642,3,100,8987,5,10000,A2,NTD,301.3010000000004
8984.031552775195,3,100,8987,5,10000,A3,NTD,301.3010000000004
15.986533324699096,3,100,8987,5,10000,core,NTD,301.3010000000004
1.849953655445027,3,100,8987,5,10000,A1,Ours,15.922999999999774
0.012737896068265316,3,100,8987,5,10000,A2,Ours,15.922999999999774
2.5830293581152834,3,100,8987,5,10000,A3,Ours,15.922999999999774
9.148196780839404,3,100,8987,5,10000,core,Ours,15.922999999999774
1.849953655445027,3,100,8987,5,10000,A1,HOSVD,3.1700000000000728
0.012737896068265316,3,100,8987,5,10000,A2,HOSVD,3.1700000000000728
2.5759918239680863,3,100,8987,5,10000,A3,HOSVD,3.1700000000000728
9.168532588270484,3,100,8987,5,10000,core,HOSVD,3.1700000000000728
1.8611252315475106,3,100,8987,5,10000,A1,HOOI,12.293000000000575
0.010399965710515739,3,100,8987,5,10000,A2,HOOI,12.293000000000575
2.5792007892567175,3,100,8987,5,10000,A3,HOOI,12.293000000000575
9.175300546058313,3,100,8987,5,10000,core,HOOI,12.293000000000575
1.8084961874153567,3,100,8987,5,10000,A1,Olga,6.0649999999996
0.03800946481347053,3,100,8987,5,10000,A2,Olga,6.0649999999996
2.8750271188750722,3,100,8987,5,10000,A3,Tracy,6.0649999999996
11.83027142978986,3,100,8987,5,10000,core,Tracy_Olga,6.0649999999996
20.446032773533343,3,100,9983,5,10000,A1,NTD,331.0129999999999
1.8188830543996954,3,100,9983,5,10000,A2,NTD,331.0129999999999
9980.03576924726,3,100,9983,5,10000,A3,NTD,331.0129999999999
6.466865367979505,3,100,9983,5,10000,core,NTD,331.0129999999999
3.7075501569754183,3,100,9983,5,10000,A1,Ours,18.576000000000022
0.029857832335719457,3,100,9983,5,10000,A2,Ours,18.576000000000022
2.594152136978443,3,100,9983,5,10000,A3,Ours,18.576000000000022
10.341746975700012,3,100,9983,5,10000,core,Ours,18.576000000000022
3.7075501569754183,3,100,9983,5,10000,A1,HOSVD,3.5230000000001382
0.029857832335719457,3,100,9983,5,10000,A2,HOSVD,3.5230000000001382
2.585349225423952,3,100,9983,5,10000,A3,HOSVD,3.5230000000001382
10.350924264755358,3,100,9983,5,10000,core,HOSVD,3.5230000000001382
3.706755391730692,3,100,9983,5,10000,A1,HOOI,15.453999999999724
0.03446978112673539,3,100,9983,5,10000,A2,HOOI,15.453999999999724
2.5903882178750424,3,100,9983,5,10000,A3,HOOI,15.453999999999724
10.319867709804953,3,100,9983,5,10000,core,HOOI,15.453999999999724
2.0472318661938624,3,100,9983,5,10000,A1,Olga,6.3289999999997235
0.05267667150996342,3,100,9983,5,10000,A2,Olga,6.3289999999997235
2.893520631602668,3,100,9983,5,10000,A3,Tracy,6.3289999999997235
11.830140445400273,3,100,9983,5,10000,core,Tracy_Olga,6.3289999999997235
