error,K,Q1,R,Q2,M,mode,method,time
8.717378859582638,3,100,978,5,100,A1,NTD,36.311
0.26437239907651394,3,100,978,5,100,A2,NTD,36.311
975.3065539921838,3,100,978,5,100,A3,NTD,36.311
10.87854885235828,3,100,978,5,100,core,NTD,36.311
16.47437964261185,3,100,978,5,100,A1,Ours,7.4239999999999995
0.3954781786414371,3,100,978,5,100,A2,Ours,7.4239999999999995
4.087644865174606,3,100,978,5,100,A3,Ours,7.4239999999999995
9.168840490729279,3,100,978,5,100,core,Ours,7.4239999999999995
16.47437964261185,3,100,978,5,100,A1,HOSVD,6.190999999999995
0.3954781786414371,3,100,978,5,100,A2,HOSVD,6.190999999999995
2.727717461320015,3,100,978,5,100,A3,HOSVD,6.190999999999995
11.829873702873961,3,100,978,5,100,core,HOSVD,6.190999999999995
17.49522125636118,3,100,978,5,100,A1,HOOI,5.137999999999998
0.0824445603563226,3,100,978,5,100,A2,HOOI,5.137999999999998
2.6867407850900027,3,100,978,5,100,A3,HOOI,5.137999999999998
13.05784447972407,3,100,978,5,100,core,HOOI,5.137999999999998
22.544975087119177,3,100,978,5,100,A1,Olga,4.111999999999995
2.5526924294741637,3,100,978,5,100,A2,Olga,4.111999999999995
2.821721098693432,3,100,978,5,100,A3,Tracy,4.111999999999995
12.297631905560023,3,100,978,5,100,core,Tracy_Olga,4.111999999999995
116.8881963804876,3,100,4533,5,100,A1,NTD,159.32299999999998
3.812353973664762,3,100,4533,5,100,A2,NTD,159.32299999999998
4530.49354232142,3,100,4533,5,100,A3,NTD,159.32299999999998
9.53391102944154,3,100,4533,5,100,core,NTD,159.32299999999998
24.29909287748188,3,100,4533,5,100,A1,Ours,9.248999999999995
0.05256150803183611,3,100,4533,5,100,A2,Ours,9.248999999999995
4.878437987210518,3,100,4533,5,100,A3,Ours,9.248999999999995
11.882453119009833,3,100,4533,5,100,core,Ours,9.248999999999995
24.29909287748188,3,100,4533,5,100,A1,HOSVD,9
0.05256150803183611,3,100,4533,5,100,A2,HOSVD,9
2.8139439603049334,3,100,4533,5,100,A3,HOSVD,9
12.82055166229798,3,100,4533,5,100,core,HOSVD,9
23.835560657767285,3,100,4533,5,100,A1,HOOI,22.506999999999977
0.01763769126559625,3,100,4533,5,100,A2,HOOI,22.506999999999977
3.7784017420932794,3,100,4533,5,100,A3,HOOI,22.506999999999977
11.620271597554115,3,100,4533,5,100,core,HOOI,22.506999999999977
45.68342289508765,3,100,4533,5,100,A1,Olga,15.150000000000034
3.990637122586835,3,100,4533,5,100,A2,Olga,15.150000000000034
2.961825631702267,3,100,4533,5,100,A3,Tracy,15.150000000000034
12.503824112243814,3,100,4533,5,100,core,Tracy_Olga,15.150000000000034
121.2423097830007,3,100,8169,5,100,A1,NTD,285.213
2.2643185268589625,3,100,8169,5,100,A2,NTD,285.213
8166.664895636064,3,100,8169,5,100,A3,NTD,285.213
9.062007260030194,3,100,8169,5,100,core,NTD,285.213
23.056387259590895,3,100,8169,5,100,A1,Ours,26.192999999999984
0.13010535132369316,3,100,8169,5,100,A2,Ours,26.192999999999984
5.24600093363442,3,100,8169,5,100,A3,Ours,26.192999999999984
9.067017353243738,3,100,8169,5,100,core,Ours,26.192999999999984
23.056387259590895,3,100,8169,5,100,A1,HOSVD,23.687000000000012
0.13010535132369316,3,100,8169,5,100,A2,HOSVD,23.687000000000012
3.4979905303730043,3,100,8169,5,100,A3,HOSVD,23.687000000000012
10.505627356585604,3,100,8169,5,100,core,HOSVD,23.687000000000012
23.156631014394712,3,100,8169,5,100,A1,HOOI,16.66700000000003
0.06868249417016226,3,100,8169,5,100,A2,HOOI,16.66700000000003
3.3734752032806563,3,100,8169,5,100,A3,HOOI,16.66700000000003
9.786862304636232,3,100,8169,5,100,core,HOOI,16.66700000000003
77.0540170822832,3,100,8169,5,100,A1,Olga,12.196000000000026
4.330065496357092,3,100,8169,5,100,A2,Olga,12.196000000000026
3.9387188706384726,3,100,8169,5,100,A3,Tracy,12.196000000000026
9.608890718409452,3,100,8169,5,100,core,Tracy_Olga,12.196000000000026
2.684978265169054,3,100,998,5,500,A1,NTD,28.32299999999998
2.4203128211504623,3,100,998,5,500,A2,NTD,28.32299999999998
995.11626771772,3,100,998,5,500,A3,NTD,28.32299999999998
13.729164458024382,3,100,998,5,500,core,NTD,28.32299999999998
7.81234449460994,3,100,998,5,500,A1,Ours,0.7110000000000127
0.09492124626743029,3,100,998,5,500,A2,Ours,0.7110000000000127
2.7019870344398385,3,100,998,5,500,A3,Ours,0.7110000000000127
11.94377394220728,3,100,998,5,500,core,Ours,0.7110000000000127
7.81234449460994,3,100,998,5,500,A1,HOSVD,1.4009999999999536
0.09492124626743029,3,100,998,5,500,A2,HOSVD,1.4009999999999536
2.563143340210192,3,100,998,5,500,A3,HOSVD,1.4009999999999536
12.34750363796952,3,100,998,5,500,core,HOSVD,1.4009999999999536
7.923002482298143,3,100,998,5,500,A1,HOOI,2.284999999999968
0.08605121961914766,3,100,998,5,500,A2,HOOI,2.284999999999968
2.548466244143504,3,100,998,5,500,A3,HOOI,2.284999999999968
12.15662587483756,3,100,998,5,500,core,HOOI,2.284999999999968
7.818947551481973,3,100,998,5,500,A1,Olga,1.0910000000000082
0.16209918419808964,3,100,998,5,500,A2,Olga,1.0910000000000082
2.868257787567472,3,100,998,5,500,A3,Tracy,1.0910000000000082
9.4280082956993585,3,100,998,5,500,core,Tracy_Olga,1.0910000000000082
8.60268552271514,3,100,4915,5,500,A1,NTD,162.92899999999997
2.067180950014524,3,100,4915,5,500,A2,NTD,162.92899999999997
4912.6043287752345,3,100,4915,5,500,A3,NTD,162.92899999999997
10.994676622829846,3,100,4915,5,500,core,NTD,162.92899999999997
8.248439336900423,3,100,4915,5,500,A1,Ours,11.757999999999925
0.10396835542663045,3,100,4915,5,500,A2,Ours,11.757999999999925
3.984555008999656,3,100,4915,5,500,A3,Ours,11.757999999999925
9.006797737309457,3,100,4915,5,500,core,Ours,11.757999999999925
8.248439336900423,3,100,4915,5,500,A1,HOSVD,10.614000000000033
0.10396835542663045,3,100,4915,5,500,A2,HOSVD,10.614000000000033
2.648987899361626,3,100,4915,5,500,A3,HOSVD,10.614000000000033
12.859842828613973,3,100,4915,5,500,core,HOSVD,10.614000000000033
8.241927962481014,3,100,4915,5,500,A1,HOOI,8.154999999999973
0.10384968464637731,3,100,4915,5,500,A2,HOOI,8.154999999999973
2.654313625989793,3,100,4915,5,500,A3,HOOI,8.154999999999973
12.924107352920124,3,100,4915,5,500,core,HOOI,8.154999999999973
10.674472698496508,3,100,4915,5,500,A1,Olga,4.40300000000002
3.1204422740612987,3,100,4915,5,500,A2,Olga,4.40300000000002
2.8579633747599904,3,100,4915,5,500,A3,Tracy,4.40300000000002
10.789902668763064,3,100,4915,5,500,core,Tracy_Olga,4.40300000000002
41.365562568422,3,100,9590,5,500,A1,NTD,321.98199999999986
1.8842685810262858,3,100,9590,5,500,A2,NTD,321.98199999999986
9587.277209182903,3,100,9590,5,500,A3,NTD,321.98199999999986
8.539314180056802,3,100,9590,5,500,core,NTD,321.98199999999986
8.75871232162212,3,100,9590,5,500,A1,Ours,14.251999999999953
0.04766281979725192,3,100,9590,5,500,A2,Ours,14.251999999999953
3.6598713349709184,3,100,9590,5,500,A3,Ours,14.251999999999953
9.896721327073553,3,100,9590,5,500,core,Ours,14.251999999999953
8.75871232162212,3,100,9590,5,500,A1,HOSVD,5.90300000000002
0.04766281979725192,3,100,9590,5,500,A2,HOSVD,5.90300000000002
2.724439327013263,3,100,9590,5,500,A3,HOSVD,5.90300000000002
12.935857110053082,3,100,9590,5,500,core,HOSVD,5.90300000000002
8.774043057400917,3,100,9590,5,500,A1,HOOI,14.023999999999887
0.024896821067608238,3,100,9590,5,500,A2,HOOI,14.023999999999887
2.735331852524039,3,100,9590,5,500,A3,HOOI,14.023999999999887
13.002854535844635,3,100,9590,5,500,core,HOOI,14.023999999999887
14.27178882395601,3,100,9590,5,500,A1,Olga,7.295000000000073
3.353261675227552,3,100,9590,5,500,A2,Olga,7.295000000000073
2.934260346401277,3,100,9590,5,500,A3,Tracy,7.295000000000073
12.627590188207089,3,100,9590,5,500,core,Tracy_Olga,7.295000000000073
3.0445684360418723,3,100,998,5,1000,A1,NTD,27.84999999999991
1.5127754157754079,3,100,998,5,1000,A2,NTD,27.84999999999991
995.0666975743889,3,100,998,5,1000,A3,NTD,27.84999999999991
12.556051985278058,3,100,998,5,1000,core,NTD,27.84999999999991
5.876824725118272,3,100,998,5,1000,A1,Ours,4.0340000000001055
0.015948899963732895,3,100,998,5,1000,A2,Ours,4.0340000000001055
2.5313248724229833,3,100,998,5,1000,A3,Ours,4.0340000000001055
12.506468082531272,3,100,998,5,1000,core,Ours,4.0340000000001055
5.876824725118272,3,100,998,5,1000,A1,HOSVD,3.365000000000009
0.015948899963732895,3,100,998,5,1000,A2,HOSVD,3.365000000000009
2.491437457247433,3,100,998,5,1000,A3,HOSVD,3.365000000000009
12.457606607491924,3,100,998,5,1000,core,HOSVD,3.365000000000009
5.860602339338541,3,100,998,5,1000,A1,HOOI,3.4750000000001364
0.01854134225947139,3,100,998,5,1000,A2,HOOI,3.4750000000001364
2.517485114585747,3,100,998,5,1000,A3,HOOI,3.4750000000001364
12.487595734356956,3,100,998,5,1000,core,HOOI,3.4750000000001364
5.058418719129594,3,100,998,5,1000,A1,Olga,2.4329999999999927
0.12217529225076885,3,100,998,5,1000,A2,Olga,2.4329999999999927
2.858277046762446,3,100,998,5,1000,A3,Tracy,2.4329999999999927
12.54683795453948,3,100,998,5,1000,core,Tracy_Olga,2.4329999999999927
3.2431816603386294,3,100,4960,5,1000,A1,NTD,154.70100000000002
0.26431036243737444,3,100,4960,5,1000,A2,NTD,154.70100000000002
4957.074265279784,3,100,4960,5,1000,A3,NTD,154.70100000000002
12.436814272866082,3,100,4960,5,1000,core,NTD,154.70100000000002
6.662575387557184,3,100,4960,5,1000,A1,Ours,5.23700000000008
0.073580603223914,3,100,4960,5,1000,A2,Ours,5.23700000000008
2.845370852658043,3,100,4960,5,1000,A3,Ours,5.23700000000008
11.752354855053166,3,100,4960,5,1000,core,Ours,5.23700000000008
6.662575387557184,3,100,4960,5,1000,A1,HOSVD,1.8520000000000891
0.073580603223914,3,100,4960,5,1000,A2,HOSVD,1.8520000000000891
2.6303135365741017,3,100,4960,5,1000,A3,HOSVD,1.8520000000000891
12.965670485493733,3,100,4960,5,1000,core,HOSVD,1.8520000000000891
6.579619955277988,3,100,4960,5,1000,A1,HOOI,5.642000000000053
0.07399824667210374,3,100,4960,5,1000,A2,HOOI,5.642000000000053
2.6366204427910183,3,100,4960,5,1000,A3,HOOI,5.642000000000053
12.986654124360324,3,100,4960,5,1000,core,HOOI,5.642000000000053
6.326369044143392,3,100,4960,5,1000,A1,Olga,2.5879999999999654
1.5000034241528137,3,100,4960,5,1000,A2,Olga,2.5879999999999654
2.82718091142046,3,100,4960,5,1000,A3,Tracy,2.5879999999999654
9.86972055398415,3,100,4960,5,1000,core,Tracy_Olga,2.5879999999999654
51.499841601826645,3,100,9835,5,1000,A1,NTD,338.47
4.264279215884071,3,100,9835,5,1000,A2,NTD,338.47
9832.49296276125,3,100,9835,5,1000,A3,NTD,338.47
11.587393907717537,3,100,9835,5,1000,core,NTD,338.47
6.756021767771691,3,100,9835,5,1000,A1,Ours,14.576999999999998
0.033036094875738845,3,100,9835,5,1000,A2,Ours,14.576999999999998
4.001066610787792,3,100,9835,5,1000,A3,Ours,14.576999999999998
12.305392315047445,3,100,9835,5,1000,core,Ours,14.576999999999998
6.756021767771691,3,100,9835,5,1000,A1,HOSVD,3.375
0.033036094875738845,3,100,9835,5,1000,A2,HOSVD,3.375
2.677178021800952,3,100,9835,5,1000,A3,HOSVD,3.375
13.014456337882066,3,100,9835,5,1000,core,HOSVD,3.375
6.734215871746834,3,100,9835,5,1000,A1,HOOI,24.733000000000175
0.03462841270570052,3,100,9835,5,1000,A2,HOOI,24.733000000000175
2.6845210702455553,3,100,9835,5,1000,A3,HOOI,24.733000000000175
13.056431968993232,3,100,9835,5,1000,core,HOOI,24.733000000000175
8.338005266154331,3,100,9835,5,1000,A1,Olga,16.039999999999964
3.1012554468494686,3,100,9835,5,1000,A2,Olga,16.039999999999964
2.8916088166938994,3,100,9835,5,1000,A3,Tracy,16.039999999999964
11.25122570972607,3,100,9835,5,1000,core,Tracy_Olga,16.039999999999964
2.11291614562047,3,100,1000,5,2500,A1,NTD,26.701000000000022
1.0934367684692545,3,100,1000,5,2500,A2,NTD,26.701000000000022
997.0030991781135,3,100,1000,5,2500,A3,NTD,26.701000000000022
8.13072641135729,3,100,1000,5,2500,core,NTD,26.701000000000022
2.561566878261247,3,100,1000,5,2500,A1,Ours,4.182999999999993
0.051036744368834715,3,100,1000,5,2500,A2,Ours,4.182999999999993
1.3164849694493317,3,100,1000,5,2500,A3,Ours,4.182999999999993
10.849520976159587,3,100,1000,5,2500,core,Ours,4.182999999999993
2.561566878261247,3,100,1000,5,2500,A1,HOSVD,4.719000000000051
0.051036744368834715,3,100,1000,5,2500,A2,HOSVD,4.719000000000051
1.311197748944293,3,100,1000,5,2500,A3,HOSVD,4.719000000000051
10.838605129895596,3,100,1000,5,2500,core,HOSVD,4.719000000000051
2.5547610230754585,3,100,1000,5,2500,A1,HOOI,6.607999999999947
0.04562871985365307,3,100,1000,5,2500,A2,HOOI,6.607999999999947
0.8747959461847962,3,100,1000,5,2500,A3,HOOI,6.607999999999947
11.207730864905596,3,100,1000,5,2500,core,HOOI,6.607999999999947
3.175423823167328,3,100,1000,5,2500,A1,Olga,4.888999999999896
0.08551135730965104,3,100,1000,5,2500,A2,Olga,4.888999999999896
2.0404702894662172,3,100,1000,5,2500,A3,Tracy,4.888999999999896
10.91515779235748,3,100,1000,5,2500,core,Tracy_Olga,4.888999999999896
2.592751552073443,3,100,4983,5,2500,A1,NTD,154.5989999999997
3.8842692546334194,3,100,4983,5,2500,A2,NTD,154.5989999999997
4980.080003165156,3,100,4983,5,2500,A3,NTD,154.5989999999997
10.891169722665127,3,100,4983,5,2500,core,NTD,154.5989999999997
3.3648756027750246,3,100,4983,5,2500,A1,Ours,5.817999999999756
0.019376218660697185,3,100,4983,5,2500,A2,Ours,5.817999999999756
2.759045780065472,3,100,4983,5,2500,A3,Ours,5.817999999999756
11.982287090722226,3,100,4983,5,2500,core,Ours,5.817999999999756
3.3648756027750246,3,100,4983,5,2500,A1,HOSVD,2.2840000000001055
0.019376218660697185,3,100,4983,5,2500,A2,HOSVD,2.2840000000001055
2.6233541066265156,3,100,4983,5,2500,A3,HOSVD,2.2840000000001055
13.044724235922002,3,100,4983,5,2500,core,HOSVD,2.2840000000001055
3.3785453630511397,3,100,4983,5,2500,A1,HOOI,4.347000000000207
0.01664565155363936,3,100,4983,5,2500,A2,HOOI,4.347000000000207
2.6233991282106612,3,100,4983,5,2500,A3,HOOI,4.347000000000207
13.041536924221914,3,100,4983,5,2500,core,HOOI,4.347000000000207
3.490503007131332,3,100,4983,5,2500,A1,Olga,2.3299999999999272
0.08536915814285749,3,100,4983,5,2500,A2,Olga,2.3299999999999272
2.8175530788571295,3,100,4983,5,2500,A3,Tracy,2.3299999999999272
13.093747499823001,3,100,4983,5,2500,core,Tracy_Olga,2.3299999999999272
2.329835327983364,3,100,9929,5,2500,A1,NTD,322.0010000000002
0.2642904733582358,3,100,9929,5,2500,A2,NTD,322.0010000000002
9926.147640338919,3,100,9929,5,2500,A3,NTD,322.0010000000002
11.689825110301651,3,100,9929,5,2500,core,NTD,322.0010000000002
3.9921037490301194,3,100,9929,5,2500,A1,Ours,13.24499999999989
0.04717246108813557,3,100,9929,5,2500,A2,Ours,13.24499999999989
2.8410642447913346,3,100,9929,5,2500,A3,Ours,13.24499999999989
11.752937634324285,3,100,9929,5,2500,core,Ours,13.24499999999989
3.9921037490301194,3,100,9929,5,2500,A1,HOSVD,3.0599999999999454
0.04717246108813557,3,100,9929,5,2500,A2,HOSVD,3.0599999999999454
2.6646645614121964,3,100,9929,5,2500,A3,HOSVD,3.0599999999999454
12.905148170959423,3,100,9929,5,2500,core,HOSVD,3.0599999999999454
3.966380387916369,3,100,9929,5,2500,A1,HOOI,11.227000000000317
0.050788447062303343,3,100,9929,5,2500,A2,HOOI,11.227000000000317
2.671113650371138,3,100,9929,5,2500,A3,HOOI,11.227000000000317
12.944116747849193,3,100,9929,5,2500,core,HOOI,11.227000000000317
3.2468008933360695,3,100,9929,5,2500,A1,Olga,6.507000000000062
0.42795661668001134,3,100,9929,5,2500,A2,Olga,6.507000000000062
2.875559002697969,3,100,9929,5,2500,A3,Tracy,6.507000000000062
13.155870735996995,3,100,9929,5,2500,core,Tracy_Olga,6.507000000000062
1.6767632532491499,3,100,1000,5,5000,A1,NTD,27.766000000000076
1.1949492052017205,3,100,1000,5,5000,A2,NTD,27.766000000000076
997.000155176677,3,100,1000,5,5000,A3,NTD,27.766000000000076
10.767342899347268,3,100,1000,5,5000,core,NTD,27.766000000000076
2.469438935555511,3,100,1000,5,5000,A1,Ours,0.6760000000003856
0.03061647914824883,3,100,1000,5,5000,A2,Ours,0.6760000000003856
0.4604980751801839,3,100,1000,5,5000,A3,Ours,0.6760000000003856
11.044815491053997,3,100,1000,5,5000,core,Ours,0.6760000000003856
2.469438935555511,3,100,1000,5,5000,A1,HOSVD,0.48700000000008004
0.03061647914824883,3,100,1000,5,5000,A2,HOSVD,0.48700000000008004
0.4599105308630066,3,100,1000,5,5000,A3,HOSVD,0.48700000000008004
11.04172873722737,3,100,1000,5,5000,core,HOSVD,0.48700000000008004
2.459218055907724,3,100,1000,5,5000,A1,HOOI,0.9149999999999636
0.029386381586707765,3,100,1000,5,5000,A2,HOOI,0.9149999999999636
0.49778856398692783,3,100,1000,5,5000,A3,HOOI,0.9149999999999636
11.115594618693562,3,100,1000,5,5000,core,HOOI,0.9149999999999636
2.1894930144539924,3,100,1000,5,5000,A1,Olga,0.5370000000002619
0.01476127213734602,3,100,1000,5,5000,A2,Olga,0.5370000000002619
1.42885604921287,3,100,1000,5,5000,A3,Tracy,0.5370000000002619
11.212466119880085,3,100,1000,5,5000,core,Tracy_Olga,0.5370000000002619
1.4500437810105133,3,100,4992,5,5000,A1,NTD,154.89199999999983
0.27266752808123396,3,100,4992,5,5000,A2,NTD,154.89199999999983
4989.0839267365545,3,100,4992,5,5000,A3,NTD,154.89199999999983
11.139719116923125,3,100,4992,5,5000,core,NTD,154.89199999999983
3.4433161676948494,3,100,4992,5,5000,A1,Ours,5.003000000000156
0.012674118895411913,3,100,4992,5,5000,A2,Ours,5.003000000000156
2.6123047451838968,3,100,4992,5,5000,A3,Ours,5.003000000000156
13.110229488145311,3,100,4992,5,5000,core,Ours,5.003000000000156
3.4433161676948494,3,100,4992,5,5000,A1,HOSVD,1.8550000000000182
0.012674118895411913,3,100,4992,5,5000,A2,HOSVD,1.8550000000000182
2.601098864163216,3,100,4992,5,5000,A3,HOSVD,1.8550000000000182
13.099182090022174,3,100,4992,5,5000,core,HOSVD,1.8550000000000182
3.450766029717813,3,100,4992,5,5000,A1,HOOI,4.230000000000018
0.009711272015271223,3,100,4992,5,5000,A2,HOOI,4.230000000000018
2.6012846699264607,3,100,4992,5,5000,A3,HOOI,4.230000000000018
13.117926053026432,3,100,4992,5,5000,core,HOOI,4.230000000000018
2.8030177459218204,3,100,4992,5,5000,A1,Olga,2.6159999999999854
0.048235655071193484,3,100,4992,5,5000,A2,Olga,2.6159999999999854
2.8399485432188603,3,100,4992,5,5000,A3,Tracy,2.6159999999999854
13.802056736657741,3,100,4992,5,5000,core,Tracy_Olga,2.6159999999999854
1.6513255384866035,3,100,9959,5,5000,A1,NTD,326.5319999999997
0.8260406291419118,3,100,9959,5,5000,A2,NTD,326.5319999999997
9956.037322951332,3,100,9959,5,5000,A3,NTD,326.5319999999997
9.900213426769,3,100,9959,5,5000,core,NTD,326.5319999999997
2.523084698378528,3,100,9959,5,5000,A1,Ours,14.217999999999847
0.02664378339511102,3,100,9959,5,5000,A2,Ours,14.217999999999847
2.761689041432072,3,100,9959,5,5000,A3,Ours,14.217999999999847
11.846960032254625,3,100,9959,5,5000,core,Ours,14.217999999999847
2.523084698378528,3,100,9959,5,5000,A1,HOSVD,3.5520000000001346
0.02664378339511102,3,100,9959,5,5000,A2,HOSVD,3.5520000000001346
2.6519722193351782,3,100,9959,5,5000,A3,HOSVD,3.5520000000001346
13.06340103548716,3,100,9959,5,5000,core,HOSVD,3.5520000000001346
2.5189238131685703,3,100,9959,5,5000,A1,HOOI,10.955999999999676
0.028471251712016,3,100,9959,5,5000,A2,HOOI,10.955999999999676
2.6510633623967,3,100,9959,5,5000,A3,HOOI,10.955999999999676
13.077354898403021,3,100,9959,5,5000,core,HOOI,10.955999999999676
2.237163423325235,3,100,9959,5,5000,A1,Olga,6.004999999999654
0.15775174870021888,3,100,9959,5,5000,A2,Olga,6.004999999999654
2.8503580256207357,3,100,9959,5,5000,A3,Tracy,6.004999999999654
13.118643687322562,3,100,9959,5,5000,core,Tracy_Olga,6.004999999999654
1.669303811190919,3,100,1000,5,6000,A1,NTD,27.410999999999603
0.7669799658161519,3,100,1000,5,6000,A2,NTD,27.410999999999603
997.0016708319226,3,100,1000,5,6000,A3,NTD,27.410999999999603
14.822875042536634,3,100,1000,5,6000,core,NTD,27.410999999999603
2.2832302958893416,3,100,1000,5,6000,A1,Ours,0.5629999999996471
0.026996934796784926,3,100,1000,5,6000,A2,Ours,0.5629999999996471
0.33542087309799096,3,100,1000,5,6000,A3,Ours,0.5629999999996471
11.121445925359662,3,100,1000,5,6000,core,Ours,0.5629999999996471
2.2832302958893416,3,100,1000,5,6000,A1,HOSVD,0.51299999999992
0.026996934796784926,3,100,1000,5,6000,A2,HOSVD,0.51299999999992
0.33485839651330307,3,100,1000,5,6000,A3,HOSVD,0.51299999999992
11.119841260392153,3,100,1000,5,6000,core,HOSVD,0.51299999999992
2.2837403248264843,3,100,1000,5,6000,A1,HOOI,0.8019999999996799
0.026815000620384208,3,100,1000,5,6000,A2,HOOI,0.8019999999996799
0.3425193148956488,3,100,1000,5,6000,A3,HOOI,0.8019999999996799
11.133527605919316,3,100,1000,5,6000,core,HOOI,0.8019999999996799
2.633555312620143,3,100,1000,5,6000,A1,Olga,0.5889999999999418
0.015738835883363,3,100,1000,5,6000,A2,Olga,0.5889999999999418
1.3745249521701124,3,100,1000,5,6000,A3,Tracy,0.5889999999999418
11.243095947374458,3,100,1000,5,6000,core,Tracy_Olga,0.5889999999999418
1.6787770913324742,3,100,4994,5,6000,A1,NTD,157.48199999999997
5.105060439852853,3,100,4994,5,6000,A2,NTD,157.48199999999997
4991.018645781419,3,100,4994,5,6000,A3,NTD,157.48199999999997
10.300097162734026,3,100,4994,5,6000,core,NTD,157.48199999999997
2.74268176740315,3,100,4994,5,6000,A1,Ours,4.8279999999999745
0.03516744112367886,3,100,4994,5,6000,A2,Ours,4.8279999999999745
2.6285355642893857,3,100,4994,5,6000,A3,Ours,4.8279999999999745
12.715366496663354,3,100,4994,5,6000,core,Ours,4.8279999999999745
2.74268176740315,3,100,4994,5,6000,A1,HOSVD,1.9099999999998545
0.03516744112367886,3,100,4994,5,6000,A2,HOSVD,1.9099999999998545
2.6218770884058173,3,100,4994,5,6000,A3,HOSVD,1.9099999999998545
12.703010466303475,3,100,4994,5,6000,core,HOSVD,1.9099999999998545
2.7437537754554877,3,100,4994,5,6000,A1,HOOI,4.695999999999913
0.033988366237052405,3,100,4994,5,6000,A2,HOOI,4.695999999999913
2.622121742367598,3,100,4994,5,6000,A3,HOOI,4.695999999999913
12.735300260723621,3,100,4994,5,6000,core,HOOI,4.695999999999913
2.253868391131886,3,100,4994,5,6000,A1,Olga,2.5169999999998254
0.08604081538401133,3,100,4994,5,6000,A2,Olga,2.5169999999998254
2.834779137419778,3,100,4994,5,6000,A3,Tracy,2.5169999999998254
13.759103557374468,3,100,4994,5,6000,core,Tracy_Olga,2.5169999999998254
1.9293047043745464,3,100,9968,5,6000,A1,NTD,316.9540000000002
0.40842131469385146,3,100,9968,5,6000,A2,NTD,316.9540000000002
9965.047552940674,3,100,9968,5,6000,A3,NTD,316.9540000000002
11.041400882612766,3,100,9968,5,6000,core,NTD,316.9540000000002
3.0288429173460663,3,100,9968,5,6000,A1,Ours,12.754999999999654
0.007841310811436276,3,100,9968,5,6000,A2,Ours,12.754999999999654
2.743493400466475,3,100,9968,5,6000,A3,Ours,12.754999999999654
11.998992949941654,3,100,9968,5,6000,core,Ours,12.754999999999654
3.0288429173460663,3,100,9968,5,6000,A1,HOSVD,3.6340000000000146
0.007841310811436276,3,100,9968,5,6000,A2,HOSVD,3.6340000000000146
2.6455656669261978,3,100,9968,5,6000,A3,HOSVD,3.6340000000000146
12.99453830309809,3,100,9968,5,6000,core,HOSVD,3.6340000000000146
2.99503498316983,3,100,9968,5,6000,A1,HOOI,10.771000000000186
0.006733621065928292,3,100,9968,5,6000,A2,HOOI,10.771000000000186
2.6454900277717037,3,100,9968,5,6000,A3,HOOI,10.771000000000186
13.003522011754917,3,100,9968,5,6000,core,HOOI,10.771000000000186
2.6100725643009612,3,100,9968,5,6000,A1,Olga,6.94399999999996
0.07264094602789181,3,100,9968,5,6000,A2,Olga,6.94399999999996
2.8385994581287983,3,100,9968,5,6000,A3,Tracy,6.94399999999996
13.050691633959758,3,100,9968,5,6000,core,Tracy_Olga,6.94399999999996
1.8350607981923768,3,100,1000,5,7000,A1,NTD,27.880999999999858
0.5894616226113115,3,100,1000,5,7000,A2,NTD,27.880999999999858
997.0010529239084,3,100,1000,5,7000,A3,NTD,27.880999999999858
12.186993580465018,3,100,1000,5,7000,core,NTD,27.880999999999858
2.935762091889459,3,100,1000,5,7000,A1,Ours,0.6419999999998254
0.014931702132853025,3,100,1000,5,7000,A2,Ours,0.6419999999998254
0.2195109954228086,3,100,1000,5,7000,A3,Ours,0.6419999999998254
10.985127629587067,3,100,1000,5,7000,core,Ours,0.6419999999998254
2.935762091889459,3,100,1000,5,7000,A1,HOSVD,0.4169999999999163
0.014931702132853025,3,100,1000,5,7000,A2,HOSVD,0.4169999999999163
0.21911225777109083,3,100,1000,5,7000,A3,HOSVD,0.4169999999999163
10.984141409716814,3,100,1000,5,7000,core,HOSVD,0.4169999999999163
2.935616530791595,3,100,1000,5,7000,A1,HOOI,1.2829999999999018
0.015181062430296302,3,100,1000,5,7000,A2,HOOI,1.2829999999999018
0.6120037719975734,3,100,1000,5,7000,A3,HOOI,1.2829999999999018
11.239729240895466,3,100,1000,5,7000,core,HOOI,1.2829999999999018
2.208251091637366,3,100,1000,5,7000,A1,Olga,0.7040000000001783
0.020258941966159988,3,100,1000,5,7000,A2,Olga,0.7040000000001783
1.5342569284333378,3,100,1000,5,7000,A3,Tracy,0.7040000000001783
11.171439666896019,3,100,1000,5,7000,core,Tracy_Olga,0.7040000000001783
2.6136815632586212,3,100,4996,5,7000,A1,NTD,150.14100000000008
0.6613308598414351,3,100,4996,5,7000,A2,NTD,150.14100000000008
4993.03023086487,3,100,4996,5,7000,A3,NTD,150.14100000000008
10.035953694861492,3,100,4996,5,7000,core,NTD,150.14100000000008
2.1399747246769283,3,100,4996,5,7000,A1,Ours,15.300000000000182
0.006977967518719491,3,100,4996,5,7000,A2,Ours,15.300000000000182
2.6304963859704578,3,100,4996,5,7000,A3,Ours,15.300000000000182
13.032200982527714,3,100,4996,5,7000,core,Ours,15.300000000000182
2.1399747246769283,3,100,4996,5,7000,A1,HOSVD,11.624000000000251
0.006977967518719491,3,100,4996,5,7000,A2,HOSVD,11.624000000000251
2.625513756857121,3,100,4996,5,7000,A3,HOSVD,11.624000000000251
13.025761188951629,3,100,4996,5,7000,core,HOSVD,11.624000000000251
2.139967654625147,3,100,4996,5,7000,A1,HOOI,16.446000000000367
0.007266286457603748,3,100,4996,5,7000,A2,HOOI,16.446000000000367
2.625356001934462,3,100,4996,5,7000,A3,HOOI,16.446000000000367
13.031820295592459,3,100,4996,5,7000,core,HOOI,16.446000000000367
2.5416752069281348,3,100,4996,5,7000,A1,Olga,13.790999999999713
0.06395665257881,3,100,4996,5,7000,A2,Olga,13.790999999999713
2.8155716056947417,3,100,4996,5,7000,A3,Tracy,13.790999999999713
13.032590464085311,3,100,4996,5,7000,core,Tracy_Olga,13.790999999999713
24.384122808475794,3,100,9974,5,7000,A1,NTD,319.01900000000023
0.5175954573181527,3,100,9974,5,7000,A2,NTD,319.01900000000023
9971.05456906879,3,100,9974,5,7000,A3,NTD,319.01900000000023
6.531979366492901,3,100,9974,5,7000,core,NTD,319.01900000000023
2.407029780842863,3,100,9974,5,7000,A1,Ours,13.614000000000487
0.007774775071048109,3,100,9974,5,7000,A2,Ours,13.614000000000487
2.661607364960794,3,100,9974,5,7000,A3,Ours,13.614000000000487
13.05676391305368,3,100,9974,5,7000,core,Ours,13.614000000000487
2.407029780842863,3,100,9974,5,7000,A1,HOSVD,3.4039999999995416
0.007774775071048109,3,100,9974,5,7000,A2,HOSVD,3.4039999999995416
2.642207334095654,3,100,9974,5,7000,A3,HOSVD,3.4039999999995416
13.017683164649108,3,100,9974,5,7000,core,HOSVD,3.4039999999995416
2.4059625770332476,3,100,9974,5,7000,A1,HOOI,11.222999999999956
0.0045646681450471965,3,100,9974,5,7000,A2,HOOI,11.222999999999956
2.64149156814368,3,100,9974,5,7000,A3,HOOI,11.222999999999956
13.023925527951159,3,100,9974,5,7000,core,HOOI,11.222999999999956
2.419141480357522,3,100,9974,5,7000,A1,Olga,7.4760000000005675
0.011992636714501534,3,100,9974,5,7000,A2,Olga,7.4760000000005675
2.8392813370269656,3,100,9974,5,7000,A3,Tracy,7.4760000000005675
13.017781362366522,3,100,9974,5,7000,core,Tracy_Olga,7.4760000000005675
2.509845115220864,3,100,1000,5,8000,A1,NTD,27.350999999999658
0.8663834340958317,3,100,1000,5,8000,A2,NTD,27.350999999999658
997.0001731229337,3,100,1000,5,8000,A3,NTD,27.350999999999658
5.570712371412688,3,100,1000,5,8000,core,NTD,27.350999999999658
2.38729861846771,3,100,1000,5,8000,A1,Ours,0.501999999999498
0.01094985591513236,3,100,1000,5,8000,A2,Ours,0.501999999999498
0.46434676081875936,3,100,1000,5,8000,A3,Ours,0.501999999999498
10.76804902909437,3,100,1000,5,8000,core,Ours,0.501999999999498
2.38729861846771,3,100,1000,5,8000,A1,HOSVD,0.7390000000004875
0.01094985591513236,3,100,1000,5,8000,A2,HOSVD,0.7390000000004875
0.46391525752253315,3,100,1000,5,8000,A3,HOSVD,0.7390000000004875
10.767958162700557,3,100,1000,5,8000,core,HOSVD,0.7390000000004875
2.3907556074954286,3,100,1000,5,8000,A1,HOOI,0.9249999999992724
0.01262096811600359,3,100,1000,5,8000,A2,HOOI,0.9249999999992724
0.48964549378834843,3,100,1000,5,8000,A3,HOOI,0.9249999999992724
10.771891167075907,3,100,1000,5,8000,core,HOOI,0.9249999999992724
1.789686707056737,3,100,1000,5,8000,A1,Olga,0.9380000000001019
0.013524502928290386,3,100,1000,5,8000,A2,Olga,0.9380000000001019
1.634758917718098,3,100,1000,5,8000,A3,Tracy,0.9380000000001019
11.102020013199795,3,100,1000,5,8000,core,Tracy_Olga,0.9380000000001019
1.6727650842285338,3,100,4995,5,8000,A1,NTD,157.71399999999994
0.6249668690456277,3,100,4995,5,8000,A2,NTD,157.71399999999994
4992.0142741217815,3,100,4995,5,8000,A3,NTD,157.71399999999994
11.244735310506478,3,100,4995,5,8000,core,NTD,157.71399999999994
2.0112958577760685,3,100,4995,5,8000,A1,Ours,5.057999999999993
0.013716195238820296,3,100,4995,5,8000,A2,Ours,5.057999999999993
2.6264412524067464,3,100,4995,5,8000,A3,Ours,5.057999999999993
12.361936709561263,3,100,4995,5,8000,core,Ours,5.057999999999993
2.0112958577760685,3,100,4995,5,8000,A1,HOSVD,1.9539999999997235
0.013716195238820296,3,100,4995,5,8000,A2,HOSVD,1.9539999999997235
2.624341731339136,3,100,4995,5,8000,A3,HOSVD,1.9539999999997235
12.356625243831555,3,100,4995,5,8000,core,HOSVD,1.9539999999997235
2.0057377294232976,3,100,4995,5,8000,A1,HOOI,4.826999999999316
0.01340197148349933,3,100,4995,5,8000,A2,HOOI,4.826999999999316
2.6214725565653563,3,100,4995,5,8000,A3,HOOI,4.826999999999316
12.363167216951995,3,100,4995,5,8000,core,HOOI,4.826999999999316
1.9823959840404208,3,100,4995,5,8000,A1,Olga,3.1030000000000655
0.04171617539859062,3,100,4995,5,8000,A2,Olga,3.1030000000000655
2.887633548527533,3,100,4995,5,8000,A3,Tracy,3.1030000000000655
13.013630512714068,3,100,4995,5,8000,core,Tracy_Olga,3.1030000000000655
1.593770586271278,3,100,9980,5,8000,A1,NTD,333.46900000000005
2.305728238539623,3,100,9980,5,8000,A2,NTD,333.46900000000005
9977.055717068535,3,100,9980,5,8000,A3,NTD,333.46900000000005
12.184736674121405,3,100,9980,5,8000,core,NTD,333.46900000000005
2.6093264907917293,3,100,9980,5,8000,A1,Ours,14.286000000000058
0.015822912190545015,3,100,9980,5,8000,A2,Ours,14.286000000000058
2.6663448898720827,3,100,9980,5,8000,A3,Ours,14.286000000000058
13.042777969935951,3,100,9980,5,8000,core,Ours,14.286000000000058
2.6093264907917293,3,100,9980,5,8000,A1,HOSVD,4.708999999999833
0.015822912190545015,3,100,9980,5,8000,A2,HOSVD,4.708999999999833
2.6515151708134863,3,100,9980,5,8000,A3,HOSVD,4.708999999999833
13.015841009559564,3,100,9980,5,8000,core,HOSVD,4.708999999999833
2.61638321202228,3,100,9980,5,8000,A1,HOOI,10.707000000000335
0.015204858591440298,3,100,9980,5,8000,A2,HOOI,10.707000000000335
2.6509000527054365,3,100,9980,5,8000,A3,HOOI,10.707000000000335
13.037848622882604,3,100,9980,5,8000,core,HOOI,10.707000000000335
1.7438288452884485,3,100,9980,5,8000,A1,Olga,7.199999999999818
0.09417667331625329,3,100,9980,5,8000,A2,Olga,7.199999999999818
2.847874608324327,3,100,9980,5,8000,A3,Tracy,7.199999999999818
13.063846027199888,3,100,9980,5,8000,core,Tracy_Olga,7.199999999999818
6.118252724280521,3,100,1000,5,9000,A1,NTD,27.988000000000284
1.7911225441359668,3,100,1000,5,9000,A2,NTD,27.988000000000284
997.0000544404824,3,100,1000,5,9000,A3,NTD,27.988000000000284
10.04270345818341,3,100,1000,5,9000,core,NTD,27.988000000000284
1.4850455012439747,3,100,1000,5,9000,A1,Ours,0.47400000000016007
0.011802199940548807,3,100,1000,5,9000,A2,Ours,0.47400000000016007
0.3488574258009022,3,100,1000,5,9000,A3,Ours,0.47400000000016007
11.182356209099575,3,100,1000,5,9000,core,Ours,0.47400000000016007
1.4850455012439747,3,100,1000,5,9000,A1,HOSVD,0.3919999999998254
0.011802199940548807,3,100,1000,5,9000,A2,HOSVD,0.3919999999998254
0.3486433444470103,3,100,1000,5,9000,A3,HOSVD,0.3919999999998254
11.181662643171409,3,100,1000,5,9000,core,HOSVD,0.3919999999998254
1.484948200267311,3,100,1000,5,9000,A1,HOOI,0.774000000000342
0.01105674062930405,3,100,1000,5,9000,A2,HOOI,0.774000000000342
0.3429722235142059,3,100,1000,5,9000,A3,HOOI,0.774000000000342
11.175072185488867,3,100,1000,5,9000,core,HOOI,0.774000000000342
1.6159085938518463,3,100,1000,5,9000,A1,Olga,0.5700000000006185
0.0147276148840246,3,100,1000,5,9000,A2,Olga,0.5700000000006185
1.3789500279880578,3,100,1000,5,9000,A3,Tracy,0.5700000000006185
11.289314941864978,3,100,1000,5,9000,core,Tracy_Olga,0.5700000000006185
2.0956432685322635,3,100,4996,5,9000,A1,NTD,159.5610000000006
0.8456861219589124,3,100,4996,5,9000,A2,NTD,159.5610000000006
4993.018231551949,3,100,4996,5,9000,A3,NTD,159.5610000000006
9.04686227141137,3,100,4996,5,9000,core,NTD,159.5610000000006
1.8142946442554275,3,100,4996,5,9000,A1,Ours,5.712999999999738
0.013369875566321658,3,100,4996,5,9000,A2,Ours,5.712999999999738
2.60868393399128,3,100,4996,5,9000,A3,Ours,5.712999999999738
12.981447102008127,3,100,4996,5,9000,core,Ours,5.712999999999738
1.8142946442554275,3,100,4996,5,9000,A1,HOSVD,1.855000000000473
0.013369875566321658,3,100,4996,5,9000,A2,HOSVD,1.855000000000473
2.602704663689357,3,100,4996,5,9000,A3,HOSVD,1.855000000000473
13.13975823197476,3,100,4996,5,9000,core,HOSVD,1.855000000000473
1.8158312346853784,3,100,4996,5,9000,A1,HOOI,4.5330000000003565
0.01369008712102995,3,100,4996,5,9000,A2,HOOI,4.5330000000003565
2.6118082487636363,3,100,4996,5,9000,A3,HOOI,4.5330000000003565
12.731183675397252,3,100,4996,5,9000,core,HOOI,4.5330000000003565
1.7046024041866288,3,100,4996,5,9000,A1,Olga,2.7880000000004657
0.024492747795195252,3,100,4996,5,9000,A2,Olga,2.7880000000004657
2.870143399841712,3,100,4996,5,9000,A3,Tracy,2.7880000000004657
13.01622994214122,3,100,4996,5,9000,core,Tracy_Olga,2.7880000000004657
2.7743224681238585,3,100,9982,5,9000,A1,NTD,335.34899999999925
0.26071407127279533,3,100,9982,5,9000,A2,NTD,335.34899999999925
9979.041034275982,3,100,9982,5,9000,A3,NTD,335.34899999999925
11.965828307184113,3,100,9982,5,9000,core,NTD,335.34899999999925
2.1525506455196424,3,100,9982,5,9000,A1,Ours,14.164999999999964
0.02724411152774924,3,100,9982,5,9000,A2,Ours,14.164999999999964
2.658341192786983,3,100,9982,5,9000,A3,Ours,14.164999999999964
13.02987068320491,3,100,9982,5,9000,core,Ours,14.164999999999964
2.1525506455196424,3,100,9982,5,9000,A1,HOSVD,4.4080000000003565
0.02724411152774924,3,100,9982,5,9000,A2,HOSVD,4.4080000000003565
2.6468499228982343,3,100,9982,5,9000,A3,HOSVD,4.4080000000003565
13.00833523127695,3,100,9982,5,9000,core,HOSVD,4.4080000000003565
2.148857340337786,3,100,9982,5,9000,A1,HOOI,11.002999999999702
0.025856621521735443,3,100,9982,5,9000,A2,HOOI,11.002999999999702
2.6470488046137235,3,100,9982,5,9000,A3,HOOI,11.002999999999702
13.014921875719338,3,100,9982,5,9000,core,HOOI,11.002999999999702
2.0557792907023407,3,100,9982,5,9000,A1,Olga,6.680999999999585
0.09550882133432731,3,100,9982,5,9000,A2,Olga,6.680999999999585
2.834425896401942,3,100,9982,5,9000,A3,Tracy,6.680999999999585
13.026192075124111,3,100,9982,5,9000,core,Tracy_Olga,6.680999999999585
1.741307012961875,3,100,1000,5,10000,A1,NTD,28.065999999999804
0.4815040766898852,3,100,1000,5,10000,A2,NTD,28.065999999999804
997.0001115094407,3,100,1000,5,10000,A3,NTD,28.065999999999804
8.155175846532574,3,100,1000,5,10000,core,NTD,28.065999999999804
1.6687561723075548,3,100,1000,5,10000,A1,Ours,0.6639999999997599
0.01235235212496738,3,100,1000,5,10000,A2,Ours,0.6639999999997599
0.19366083765726913,3,100,1000,5,10000,A3,Ours,0.6639999999997599
10.917249877150683,3,100,1000,5,10000,core,Ours,0.6639999999997599
1.6687561723075548,3,100,1000,5,10000,A1,HOSVD,0.5339999999996508
0.01235235212496738,3,100,1000,5,10000,A2,HOSVD,0.5339999999996508
0.19346979490136698,3,100,1000,5,10000,A3,HOSVD,0.5339999999996508
10.916780044660856,3,100,1000,5,10000,core,HOSVD,0.5339999999996508
1.6650416328988564,3,100,1000,5,10000,A1,HOOI,1.0739999999996144
0.01298329096110402,3,100,1000,5,10000,A2,HOOI,1.0739999999996144
0.1896027649003223,3,100,1000,5,10000,A3,HOOI,1.0739999999996144
10.911693034661504,3,100,1000,5,10000,core,HOOI,1.0739999999996144
1.7585100360034511,3,100,1000,5,10000,A1,Olga,0.5820000000003347
0.03405982178429531,3,100,1000,5,10000,A2,Olga,0.5820000000003347
1.3491834856039564,3,100,1000,5,10000,A3,Tracy,0.5820000000003347
11.080962694486853,3,100,1000,5,10000,core,Tracy_Olga,0.5820000000003347
4.255189615243327,3,100,4997,5,10000,A1,NTD,158.5039999999999
0.6584834861695023,3,100,4997,5,10000,A2,NTD,158.5039999999999
4994.005326546612,3,100,4997,5,10000,A3,NTD,158.5039999999999
11.488706366169763,3,100,4997,5,10000,core,NTD,158.5039999999999
1.645663445129493,3,100,4997,5,10000,A1,Ours,5.036000000000058
0.02862819661441766,3,100,4997,5,10000,A2,Ours,5.036000000000058
2.5960197788722095,3,100,4997,5,10000,A3,Ours,5.036000000000058
12.97266645063432,3,100,4997,5,10000,core,Ours,5.036000000000058
1.645663445129493,3,100,4997,5,10000,A1,HOSVD,1.930000000000291
0.02862819661441766,3,100,4997,5,10000,A2,HOSVD,1.930000000000291
2.5934588617734846,3,100,4997,5,10000,A3,HOSVD,1.930000000000291
12.968841483933968,3,100,4997,5,10000,core,HOSVD,1.930000000000291
1.6465601998921724,3,100,4997,5,10000,A1,HOOI,4.349999999999454
0.02854626136704393,3,100,4997,5,10000,A2,HOOI,4.349999999999454
2.5934365528832535,3,100,4997,5,10000,A3,HOOI,4.349999999999454
12.96482190671803,3,100,4997,5,10000,core,HOOI,4.349999999999454
2.0865479533898355,3,100,4997,5,10000,A1,Olga,2.5010000000002037
0.04213390591339585,3,100,4997,5,10000,A2,Olga,2.5010000000002037
2.8449141996163987,3,100,4997,5,10000,A3,Tracy,2.5010000000002037
12.983428634276601,3,100,4997,5,10000,core,Tracy_Olga,2.5010000000002037
2.1379794584923277,3,100,9986,5,10000,A1,NTD,337.83600000000024
4.695143666849523,3,100,9986,5,10000,A2,NTD,337.83600000000024
9983.384876336277,3,100,9986,5,10000,A3,NTD,337.83600000000024
10.360125315733224,3,100,9986,5,10000,core,NTD,337.83600000000024
2.148772770978992,3,100,9986,5,10000,A1,Ours,13.65099999999984
0.011375787818071003,3,100,9986,5,10000,A2,Ours,13.65099999999984
2.6474015940505797,3,100,9986,5,10000,A3,Ours,13.65099999999984
13.027292150134175,3,100,9986,5,10000,core,Ours,13.65099999999984
2.148772770978992,3,100,9986,5,10000,A1,HOSVD,3.662000000000262
0.011375787818071003,3,100,9986,5,10000,A2,HOSVD,3.662000000000262
2.6377350747991684,3,100,9986,5,10000,A3,HOSVD,3.662000000000262
13.013006166370696,3,100,9986,5,10000,core,HOSVD,3.662000000000262
2.140818840974559,3,100,9986,5,10000,A1,HOOI,10.904999999999745
0.010946718591555367,3,100,9986,5,10000,A2,HOOI,10.904999999999745
2.6395918268958005,3,100,9986,5,10000,A3,HOOI,10.904999999999745
13.008064149071451,3,100,9986,5,10000,core,HOOI,10.904999999999745
1.503412204160579,3,100,9986,5,10000,A1,Olga,6.545000000000073
0.031082204517756947,3,100,9986,5,10000,A2,Olga,6.545000000000073
2.834755733912487,3,100,9986,5,10000,A3,Tracy,6.545000000000073
13.03034630231101,3,100,9986,5,10000,core,Tracy_Olga,6.545000000000073
