error,K,Q1,R,Q2,M,mode,method,time
62.766680498303145,3,100,100,5,100,A1,NTD,9.384
0.19920372416841117,3,100,100,5,100,A2,NTD,9.384
97.00231579399393,3,100,100,5,100,A3,NTD,9.384
11.680210541882861,3,100,100,5,100,core,NTD,9.384
53.5051640940742,3,100,100,5,100,A1,Ours,4.063000000000002
0.09345536836843836,3,100,100,5,100,A2,Ours,4.063000000000002
0.27860948348160214,3,100,100,5,100,A3,Ours,4.063000000000002
9.782182426168655,3,100,100,5,100,core,Ours,4.063000000000002
53.5051640940742,3,100,100,5,100,A1,HOSVD,3.0450000000000017
0.09345536836843836,3,100,100,5,100,A2,HOSVD,3.0450000000000017
0.282655482428145,3,100,100,5,100,A3,HOSVD,3.0450000000000017
9.787889999776517,3,100,100,5,100,core,HOSVD,3.0450000000000017
48.41716558599128,3,100,100,5,100,A1,HOOI,4.468999999999998
0.049969129800941633,3,100,100,5,100,A2,HOOI,4.468999999999998
0.2616039692372917,3,100,100,5,100,A3,HOOI,4.468999999999998
10.100357383589278,3,100,100,5,100,core,HOOI,4.468999999999998
85.38938535168955,3,100,100,5,100,A1,Olga,2.394999999999996
0.10414961598951858,3,100,100,5,100,A2,Olga,2.394999999999996
1.0487198256833576,3,100,100,5,100,A3,Tracy,2.394999999999996
10.251605526200855,3,100,100,5,100,core,Tracy_Olga,2.394999999999996
74.62883522989424,3,100,496,5,100,A1,NTD,43.83500000000001
1.9971780233380483,3,100,496,5,100,A2,NTD,43.83500000000001
493.2607394442287,3,100,496,5,100,A3,NTD,43.83500000000001
7.513706514152238,3,100,496,5,100,core,NTD,43.83500000000001
57.86104718129586,3,100,496,5,100,A1,Ours,0.5930000000000035
0.24065970695615196,3,100,496,5,100,A2,Ours,0.5930000000000035
2.8703348485922224,3,100,496,5,100,A3,Ours,0.5930000000000035
7.605387874554509,3,100,496,5,100,core,Ours,0.5930000000000035
57.86104718129586,3,100,496,5,100,A1,HOSVD,0.6030000000000086
0.24065970695615196,3,100,496,5,100,A2,HOSVD,0.6030000000000086
2.4474676357162233,3,100,496,5,100,A3,HOSVD,0.6030000000000086
8.77906843439191,3,100,496,5,100,core,HOSVD,0.6030000000000086
47.1647909728773,3,100,496,5,100,A1,HOOI,1.2450000000000045
0.16782978167552481,3,100,496,5,100,A2,HOOI,1.2450000000000045
2.444915421888009,3,100,496,5,100,A3,HOOI,1.2450000000000045
8.731467082712685,3,100,496,5,100,core,HOOI,1.2450000000000045
87.3845944673624,3,100,496,5,100,A1,Olga,0.5699999999999932
0.24099812053300804,3,100,496,5,100,A2,Olga,0.5699999999999932
2.8491255643391806,3,100,496,5,100,A3,Tracy,0.5699999999999932
15.495641549310475,3,100,496,5,100,core,Tracy_Olga,0.5699999999999932
60.19793173908762,3,100,981,5,100,A1,NTD,80.80300000000001
2.232114426036753,3,100,981,5,100,A2,NTD,80.80300000000001
978.3361096711898,3,100,981,5,100,A3,NTD,80.80300000000001
15.524113771012072,3,100,981,5,100,core,NTD,80.80300000000001
62.99280894916808,3,100,981,5,100,A1,Ours,1.342000000000013
0.0912290835718103,3,100,981,5,100,A2,Ours,1.342000000000013
3.393586944046715,3,100,981,5,100,A3,Ours,1.342000000000013
11.54315349342043,3,100,981,5,100,core,Ours,1.342000000000013
62.99280894916808,3,100,981,5,100,A1,HOSVD,0.981000000000023
0.0912290835718103,3,100,981,5,100,A2,HOSVD,0.981000000000023
2.6587132802348927,3,100,981,5,100,A3,HOSVD,0.981000000000023
13.344326484117122,3,100,981,5,100,core,HOSVD,0.981000000000023
44.8546178336618,3,100,981,5,100,A1,HOOI,3.804000000000002
0.052845927948198215,3,100,981,5,100,A2,HOOI,3.804000000000002
2.652591386621991,3,100,981,5,100,A3,HOOI,3.804000000000002
13.07387577820333,3,100,981,5,100,core,HOOI,3.804000000000002
79.74540838840203,3,100,981,5,100,A1,Olga,1.0289999999999964
1.8042164768727005,3,100,981,5,100,A2,Olga,1.0289999999999964
2.8548341381922997,3,100,981,5,100,A3,Tracy,1.0289999999999964
9.714746866968207,3,100,981,5,100,core,Tracy_Olga,1.0289999999999964
98.43221954515688,3,100,2377,5,100,A1,NTD,185.34800000000004
3.997100973914579,3,100,2377,5,100,A2,NTD,185.34800000000004
2374.4472928579567,3,100,2377,5,100,A3,NTD,185.34800000000004
11.13418600680881,3,100,2377,5,100,core,NTD,185.34800000000004
66.69328915894496,3,100,2377,5,100,A1,Ours,3.920000000000016
0.034617528092016604,3,100,2377,5,100,A2,Ours,3.920000000000016
5.332266460712979,3,100,2377,5,100,A3,Ours,3.920000000000016
9.611588090844938,3,100,2377,5,100,core,Ours,3.920000000000016
66.69328915894496,3,100,2377,5,100,A1,HOSVD,1.858000000000004
0.034617528092016604,3,100,2377,5,100,A2,HOSVD,1.858000000000004
2.6325013896269827,3,100,2377,5,100,A3,HOSVD,1.858000000000004
13.618920133609956,3,100,2377,5,100,core,HOSVD,1.858000000000004
53.6344154779191,3,100,2377,5,100,A1,HOOI,7.045000000000016
0.0926239274941446,3,100,2377,5,100,A2,HOOI,7.045000000000016
2.654353321985729,3,100,2377,5,100,A3,HOOI,7.045000000000016
12.973335096120966,3,100,2377,5,100,core,HOOI,7.045000000000016
86.86704846307488,3,100,2377,5,100,A1,Olga,2.6889999999999645
1.2716140155551316,3,100,2377,5,100,A2,Olga,2.6889999999999645
2.928402996767042,3,100,2377,5,100,A3,Tracy,2.6889999999999645
9.86774058749612,3,100,2377,5,100,core,Tracy_Olga,2.6889999999999645
124.96085806352639,3,100,4511,5,100,A1,NTD,328.546
2.8785311082231178,3,100,4511,5,100,A2,NTD,328.546
4508.561105078136,3,100,4511,5,100,A3,NTD,328.546
11.191661917174615,3,100,4511,5,100,core,NTD,328.546
55.038693776532384,3,100,4511,5,100,A1,Ours,17.28099999999995
0.04744048345404911,3,100,4511,5,100,A2,Ours,17.28099999999995
5.105012307792252,3,100,4511,5,100,A3,Ours,17.28099999999995
10.328892089306178,3,100,4511,5,100,core,Ours,17.28099999999995
55.038693776532384,3,100,4511,5,100,A1,HOSVD,5.0610000000000355
0.04744048345404911,3,100,4511,5,100,A2,HOSVD,5.0610000000000355
2.7336688376418783,3,100,4511,5,100,A3,HOSVD,5.0610000000000355
13.40510645986696,3,100,4511,5,100,core,HOSVD,5.0610000000000355
47.64165657209813,3,100,4511,5,100,A1,HOOI,15.177000000000021
0.027167112653800337,3,100,4511,5,100,A2,HOOI,15.177000000000021
3.978172129772697,3,100,4511,5,100,A3,HOOI,15.177000000000021
10.719416117783185,3,100,4511,5,100,core,HOOI,15.177000000000021
76.7181489164993,3,100,4511,5,100,A1,Olga,4.907000000000039
1.7572887930876722,3,100,4511,5,100,A2,Olga,4.907000000000039
4.309680685228653,3,100,4511,5,100,A3,Tracy,4.907000000000039
10.087118639857003,3,100,4511,5,100,core,Tracy_Olga,4.907000000000039
113.26650785876028,3,100,5292,5,100,A1,NTD,380.918
1.781831634021541,3,100,5292,5,100,A2,NTD,380.918
5289.511501810498,3,100,5292,5,100,A3,NTD,380.918
10.447096029966131,3,100,5292,5,100,core,NTD,380.918
58.42510822540337,3,100,5292,5,100,A1,Ours,10.921999999999798
0.1374664163008396,3,100,5292,5,100,A2,Ours,10.921999999999798
5.184714522874063,3,100,5292,5,100,A3,Ours,10.921999999999798
10.43088274431208,3,100,5292,5,100,core,Ours,10.921999999999798
58.42510822540337,3,100,5292,5,100,A1,HOSVD,4.1590000000001055
0.1374664163008396,3,100,5292,5,100,A2,HOSVD,4.1590000000001055
2.7922782855756316,3,100,5292,5,100,A3,HOSVD,4.1590000000001055
9.785472059161979,3,100,5292,5,100,core,HOSVD,4.1590000000001055
59.75579192812951,3,100,5292,5,100,A1,HOOI,37.093000000000075
0.16364444851785886,3,100,5292,5,100,A2,HOOI,37.093000000000075
4.845243999561985,3,100,5292,5,100,A3,HOOI,37.093000000000075
9.834547860736519,3,100,5292,5,100,core,HOOI,37.093000000000075
85.89966941042559,3,100,5292,5,100,A1,Olga,5.860999999999876
1.0459189622507987,3,100,5292,5,100,A2,Olga,5.860999999999876
3.115762683665282,3,100,5292,5,100,A3,Tracy,5.860999999999876
10.096334930399454,3,100,5292,5,100,core,Tracy_Olga,5.860999999999876
130.7710026415065,3,100,6025,5,100,A1,NTD,440.6750000000002
3.3397064946238957,3,100,6025,5,100,A2,NTD,440.6750000000002
6022.506844679982,3,100,6025,5,100,A3,NTD,440.6750000000002
11.611604183843882,3,100,6025,5,100,core,NTD,440.6750000000002
59.66571684407232,3,100,6025,5,100,A1,Ours,14.411999999999807
0.07973307446740499,3,100,6025,5,100,A2,Ours,14.411999999999807
5.203181276790371,3,100,6025,5,100,A3,Ours,14.411999999999807
11.720919284740718,3,100,6025,5,100,core,Ours,14.411999999999807
59.66571684407232,3,100,6025,5,100,A1,HOSVD,4.4060000000001764
0.07973307446740499,3,100,6025,5,100,A2,HOSVD,4.4060000000001764
4.004827451068214,3,100,6025,5,100,A3,HOSVD,4.4060000000001764
9.908419576398478,3,100,6025,5,100,core,HOSVD,4.4060000000001764
52.547026109727966,3,100,6025,5,100,A1,HOOI,20.569999999999936
0.11280566312042824,3,100,6025,5,100,A2,HOOI,20.569999999999936
3.3927723835356502,3,100,6025,5,100,A3,HOOI,20.569999999999936
10.389422067951896,3,100,6025,5,100,core,HOOI,20.569999999999936
83.87615597673819,3,100,6025,5,100,A1,Olga,6.901999999999816
4.010865544649806,3,100,6025,5,100,A2,Olga,6.901999999999816
3.113259284954768,3,100,6025,5,100,A3,Tracy,6.901999999999816
10.031337621780034,3,100,6025,5,100,core,Tracy_Olga,6.901999999999816
122.6782688340642,3,100,6799,5,100,A1,NTD,471.404
2.663274053052218,3,100,6799,5,100,A2,NTD,471.404
6796.60781228561,3,100,6799,5,100,A3,NTD,471.404
10.57261402049671,3,100,6799,5,100,core,NTD,471.404
66.8504114422386,3,100,6799,5,100,A1,Ours,17.125
0.16198761044404142,3,100,6799,5,100,A2,Ours,17.125
5.309356576280368,3,100,6799,5,100,A3,Ours,17.125
10.055597564908144,3,100,6799,5,100,core,Ours,17.125
66.8504114422386,3,100,6799,5,100,A1,HOSVD,4.541000000000167
0.16198761044404142,3,100,6799,5,100,A2,HOSVD,4.541000000000167
2.835418510595434,3,100,6799,5,100,A3,HOSVD,4.541000000000167
9.805466243327878,3,100,6799,5,100,core,HOSVD,4.541000000000167
53.10400978933042,3,100,6799,5,100,A1,HOOI,21.052999999999884
0.1645801834988921,3,100,6799,5,100,A2,HOOI,21.052999999999884
3.8647499750364616,3,100,6799,5,100,A3,HOOI,21.052999999999884
12.030749484591917,3,100,6799,5,100,core,HOOI,21.052999999999884
80.22420252686435,3,100,6799,5,100,A1,Olga,7.972999999999956
1.7495104870669103,3,100,6799,5,100,A2,Olga,7.972999999999956
3.9973463084184178,3,100,6799,5,100,A3,Tracy,7.972999999999956
13.458689722423825,3,100,6799,5,100,core,Tracy_Olga,7.972999999999956
120.14053917277845,3,100,7498,5,100,A1,NTD,492.7629999999999
3.997042174688166,3,100,7498,5,100,A2,NTD,492.7629999999999
7495.585969970362,3,100,7498,5,100,A3,NTD,492.7629999999999
11.511408503036051,3,100,7498,5,100,core,NTD,492.7629999999999
46.908351492711105,3,100,7498,5,100,A1,Ours,19.64099999999962
0.1826350048555221,3,100,7498,5,100,A2,Ours,19.64099999999962
5.296354475855001,3,100,7498,5,100,A3,Ours,19.64099999999962
12,3,100,7498,5,100,core,Ours,19.64099999999962
46.908351492711105,3,100,7498,5,100,A1,HOSVD,5.463999999999942
0.1826350048555221,3,100,7498,5,100,A2,HOSVD,5.463999999999942
4.264479978174256,3,100,7498,5,100,A3,HOSVD,5.463999999999942
13.956638179399867,3,100,7498,5,100,core,HOSVD,5.463999999999942
44.0228786133421,3,100,7498,5,100,A1,HOOI,30.065000000000055
0.16006320727144666,3,100,7498,5,100,A2,HOOI,30.065000000000055
3.414057298361675,3,100,7498,5,100,A3,HOOI,30.065000000000055
10.403220695867859,3,100,7498,5,100,core,HOOI,30.065000000000055
80.44332283123136,3,100,7498,5,100,A1,Olga,10.309999999999945
0.5995942403418458,3,100,7498,5,100,A2,Olga,10.309999999999945
4.0015161267733,3,100,7498,5,100,A3,Tracy,10.309999999999945
8.727656527104912,3,100,7498,5,100,core,Tracy_Olga,10.309999999999945
119.05354710703728,3,100,8146,5,100,A1,NTD,542.75
3.781809696063661,3,100,8146,5,100,A2,NTD,542.75
8143.696065014507,3,100,8146,5,100,A3,NTD,542.75
11.649250321573293,3,100,8146,5,100,core,NTD,542.75
52.40717675498008,3,100,8146,5,100,A1,Ours,23.008000000000266
0.1325858129618761,3,100,8146,5,100,A2,Ours,23.008000000000266
5.361425980056326,3,100,8146,5,100,A3,Ours,23.008000000000266
11.000000025374915,3,100,8146,5,100,core,Ours,23.008000000000266
52.40717675498008,3,100,8146,5,100,A1,HOSVD,5.660000000000309
0.1325858129618761,3,100,8146,5,100,A2,HOSVD,5.660000000000309
4.6201039281853635,3,100,8146,5,100,A3,HOSVD,5.660000000000309
9.428822998336447,3,100,8146,5,100,core,HOSVD,5.660000000000309
44.15809932514896,3,100,8146,5,100,A1,HOOI,32.45399999999972
0.08903848283203789,3,100,8146,5,100,A2,HOOI,32.45399999999972
3.3951135348165087,3,100,8146,5,100,A3,HOOI,32.45399999999972
10.27080998149976,3,100,8146,5,100,core,HOOI,32.45399999999972
89.00200578229966,3,100,8146,5,100,A1,Olga,10.666999999999916
1.8391754693637985,3,100,8146,5,100,A2,Olga,10.666999999999916
4.875943995542761,3,100,8146,5,100,A3,Tracy,10.666999999999916
13.276545887987483,3,100,8146,5,100,core,Tracy_Olga,10.666999999999916
77.62627735299164,3,100,100,5,3000,A1,NTD,7.830999999999676
0.18506420825308334,3,100,100,5,3000,A2,NTD,7.830999999999676
97.00029486952893,3,100,100,5,3000,A3,NTD,7.830999999999676
11.301043779807499,3,100,100,5,3000,core,NTD,7.830999999999676
10.898768667782287,3,100,100,5,3000,A1,Ours,0.34600000000000364
0.0177715367267907,3,100,100,5,3000,A2,Ours,0.34600000000000364
0.044519023437555726,3,100,100,5,3000,A3,Ours,0.34600000000000364
13.176278778679734,3,100,100,5,3000,core,Ours,0.34600000000000364
10.898768667782287,3,100,100,5,3000,A1,HOSVD,0.14199999999982538
0.0177715367267907,3,100,100,5,3000,A2,HOSVD,0.14199999999982538
0.04452041218486266,3,100,100,5,3000,A3,HOSVD,0.14199999999982538
13.176268509122274,3,100,100,5,3000,core,HOSVD,0.14199999999982538
10.818611940273675,3,100,100,5,3000,A1,HOOI,0.22699999999986176
0.016786396825898067,3,100,100,5,3000,A2,HOOI,0.22699999999986176
0.044668389857245486,3,100,100,5,3000,A3,HOOI,0.22699999999986176
13.17927843419913,3,100,100,5,3000,core,HOOI,0.22699999999986176
10.505833430098377,3,100,100,5,3000,A1,Olga,0.4250000000001819
0.012517170813690708,3,100,100,5,3000,A2,Olga,0.4250000000001819
0.9947060497370087,3,100,100,5,3000,A3,Tracy,0.4250000000001819
13.1696653946475,3,100,100,5,3000,core,Tracy_Olga,0.4250000000001819
26.55628371886458,3,100,500,5,3000,A1,NTD,32.73100000000022
0.23717698055858974,3,100,500,5,3000,A2,NTD,32.73100000000022
497.00020216249595,3,100,500,5,3000,A3,NTD,32.73100000000022
13.329665793725923,3,100,500,5,3000,core,NTD,32.73100000000022
13.4881401882163,3,100,500,5,3000,A1,Ours,0.7829999999999018
0.014519176077709802,3,100,500,5,3000,A2,Ours,0.7829999999999018
0.09626551961232924,3,100,500,5,3000,A3,Ours,0.7829999999999018
13.156342942953021,3,100,500,5,3000,core,Ours,0.7829999999999018
13.4881401882163,3,100,500,5,3000,A1,HOSVD,0.8000000000001819
0.014519176077709802,3,100,500,5,3000,A2,HOSVD,0.8000000000001819
0.0962587957363327,3,100,500,5,3000,A3,HOSVD,0.8000000000001819
13.156162230241671,3,100,500,5,3000,core,HOSVD,0.8000000000001819
12.907851782951518,3,100,500,5,3000,A1,HOOI,0.8840000000000146
0.016125714839546404,3,100,500,5,3000,A2,HOOI,0.8840000000000146
0.09630059813964513,3,100,500,5,3000,A3,HOOI,0.8840000000000146
13.157880148965756,3,100,500,5,3000,core,HOOI,0.8840000000000146
10.286016498759446,3,100,500,5,3000,A1,Olga,0.8099999999999454
0.018960744796912437,3,100,500,5,3000,A2,Olga,0.8099999999999454
1.2591668349435534,3,100,500,5,3000,A3,Tracy,0.8099999999999454
13.163152428778073,3,100,500,5,3000,core,Tracy_Olga,0.8099999999999454
25.090706395001543,3,100,1000,5,3000,A1,NTD,73.18299999999999
0.0642305171882582,3,100,1000,5,3000,A2,NTD,73.18299999999999
997.0010982256435,3,100,1000,5,3000,A3,NTD,73.18299999999999
12.940324472043566,3,100,1000,5,3000,core,NTD,73.18299999999999
15.361404506304522,3,100,1000,5,3000,A1,Ours,1.318000000000211
0.012252502540903975,3,100,1000,5,3000,A2,Ours,1.318000000000211
0.41399529419215636,3,100,1000,5,3000,A3,Ours,1.318000000000211
8.686037299037508,3,100,1000,5,3000,core,Ours,1.318000000000211
15.361404506304522,3,100,1000,5,3000,A1,HOSVD,1.0450000000000728
0.012252502540903975,3,100,1000,5,3000,A2,HOSVD,1.0450000000000728
0.41334301650419486,3,100,1000,5,3000,A3,HOSVD,1.0450000000000728
8.685252813039574,3,100,1000,5,3000,core,HOSVD,1.0450000000000728
14.662451438757607,3,100,1000,5,3000,A1,HOOI,1.749000000000251
0.012303719104034872,3,100,1000,5,3000,A2,HOOI,1.749000000000251
0.42964539372039273,3,100,1000,5,3000,A3,HOOI,1.749000000000251
8.682439469825216,3,100,1000,5,3000,core,HOOI,1.749000000000251
13.300796034451182,3,100,1000,5,3000,A1,Olga,0.9919999999997344
0.037406098691377176,3,100,1000,5,3000,A2,Olga,0.9919999999997344
1.4619857441070958,3,100,1000,5,3000,A3,Tracy,0.9919999999997344
8.655156780372897,3,100,1000,5,3000,core,Tracy_Olga,0.9919999999997344
37.120282151134894,3,100,2499,5,3000,A1,NTD,176.09299999999985
0.16204627503872357,3,100,2499,5,3000,A2,NTD,176.09299999999985
2496.037368505262,3,100,2499,5,3000,A3,NTD,176.09299999999985
12.432219548821157,3,100,2499,5,3000,core,NTD,176.09299999999985
15.288178643629335,3,100,2499,5,3000,A1,Ours,4.049999999999727
0.015870124482054108,3,100,2499,5,3000,A2,Ours,4.049999999999727
2.600908283936305,3,100,2499,5,3000,A3,Ours,4.049999999999727
8.27393755813662,3,100,2499,5,3000,core,Ours,4.049999999999727
15.288178643629335,3,100,2499,5,3000,A1,HOSVD,1.9600000000000364
0.015870124482054108,3,100,2499,5,3000,A2,HOSVD,1.9600000000000364
2.598843175295019,3,100,2499,5,3000,A3,HOSVD,1.9600000000000364
8.27106397806594,3,100,2499,5,3000,core,HOSVD,1.9600000000000364
14.996763271641749,3,100,2499,5,3000,A1,HOOI,4.696999999999662
0.013753014132188601,3,100,2499,5,3000,A2,HOOI,4.696999999999662
2.5847805046883483,3,100,2499,5,3000,A3,HOOI,4.696999999999662
8.268510437724625,3,100,2499,5,3000,core,HOOI,4.696999999999662
15.198665618232306,3,100,2499,5,3000,A1,Olga,3.257000000000062
0.07298080437536218,3,100,2499,5,3000,A2,Olga,3.257000000000062
2.8520110691109513,3,100,2499,5,3000,A3,Tracy,3.257000000000062
12.811582931312737,3,100,2499,5,3000,core,Tracy_Olga,3.257000000000062
39.1047250926937,3,100,4985,5,3000,A1,NTD,357.37300000000005
3.779815857292979,3,100,4985,5,3000,A2,NTD,357.37300000000005
4982.06786842773,3,100,4985,5,3000,A3,NTD,357.37300000000005
14.790050200267906,3,100,4985,5,3000,core,NTD,357.37300000000005
17.64039908643157,3,100,4985,5,3000,A1,Ours,9.800000000000182
0.017211577611811184,3,100,4985,5,3000,A2,Ours,9.800000000000182
2.5680567010657076,3,100,4985,5,3000,A3,Ours,9.800000000000182
13.240633827540018,3,100,4985,5,3000,core,Ours,9.800000000000182
17.64039908643157,3,100,4985,5,3000,A1,HOSVD,3.8409999999998945
0.017211577611811184,3,100,4985,5,3000,A2,HOSVD,3.8409999999998945
2.540110901665381,3,100,4985,5,3000,A3,HOSVD,3.8409999999998945
13.241033428571507,3,100,4985,5,3000,core,HOSVD,3.8409999999998945
17.86311105776289,3,100,4985,5,3000,A1,HOOI,8.554000000000087
0.01827782867240176,3,100,4985,5,3000,A2,HOOI,8.554000000000087
2.5339176810010295,3,100,4985,5,3000,A3,HOOI,8.554000000000087
13.253534734834323,3,100,4985,5,3000,core,HOOI,8.554000000000087
28.869658293535085,3,100,4985,5,3000,A1,Olga,5.699999999999818
0.11178772871284799,3,100,4985,5,3000,A2,Olga,5.699999999999818
2.8811834850147315,3,100,4985,5,3000,A3,Tracy,5.699999999999818
12.90136060665224,3,100,4985,5,3000,core,Tracy_Olga,5.699999999999818
39.16096022427553,3,100,5977,5,3000,A1,NTD,412.92099999999937
4.086783452522034,3,100,5977,5,3000,A2,NTD,412.92099999999937
5974.092655925832,3,100,5977,5,3000,A3,NTD,412.92099999999937
14.239718159590522,3,100,5977,5,3000,core,NTD,412.92099999999937
19.511002879163883,3,100,5977,5,3000,A1,Ours,13.614999999999782
0.025103946496207116,3,100,5977,5,3000,A2,Ours,13.614999999999782
2.6030795469533277,3,100,5977,5,3000,A3,Ours,13.614999999999782
13.2731835252768,3,100,5977,5,3000,core,Ours,13.614999999999782
19.511002879163883,3,100,5977,5,3000,A1,HOSVD,3.6429999999991196
0.025103946496207116,3,100,5977,5,3000,A2,HOSVD,3.6429999999991196
2.5684245387228115,3,100,5977,5,3000,A3,HOSVD,3.6429999999991196
13.202347376210357,3,100,5977,5,3000,core,HOSVD,3.6429999999991196
19.32156321679808,3,100,5977,5,3000,A1,HOOI,10.530999999999949
0.023448388411980037,3,100,5977,5,3000,A2,HOOI,10.530999999999949
2.568002360447811,3,100,5977,5,3000,A3,HOOI,10.530999999999949
13.215131049039993,3,100,5977,5,3000,core,HOOI,10.530999999999949
25.232296995188126,3,100,5977,5,3000,A1,Olga,6.548999999999978
0.1543503314893679,3,100,5977,5,3000,A2,Olga,6.548999999999978
2.8804807361810414,3,100,5977,5,3000,A3,Tracy,6.548999999999978
12.754379563291156,3,100,5977,5,3000,core,Tracy_Olga,6.548999999999978
43.79586281092732,3,100,6961,5,3000,A1,NTD,456.9450000000006
4.488429673445356,3,100,6961,5,3000,A2,NTD,456.9450000000006
6958.095308734235,3,100,6961,5,3000,A3,NTD,456.9450000000006
10.495776236377303,3,100,6961,5,3000,core,NTD,456.9450000000006
14.953506701208529,3,100,6961,5,3000,A1,Ours,16.639000000000124
0.009356385912434812,3,100,6961,5,3000,A2,Ours,16.639000000000124
2.600115740222877,3,100,6961,5,3000,A3,Ours,16.639000000000124
13.245881375228207,3,100,6961,5,3000,core,Ours,16.639000000000124
14.953506701208529,3,100,6961,5,3000,A1,HOSVD,4.378000000000611
0.009356385912434812,3,100,6961,5,3000,A2,HOSVD,4.378000000000611
2.558613993397854,3,100,6961,5,3000,A3,HOSVD,4.378000000000611
13.264961151687135,3,100,6961,5,3000,core,HOSVD,4.378000000000611
15.058345389023401,3,100,6961,5,3000,A1,HOOI,11.86999999999989
0.010627203874714386,3,100,6961,5,3000,A2,HOOI,11.86999999999989
2.560172426590187,3,100,6961,5,3000,A3,HOOI,11.86999999999989
13.267467440891052,3,100,6961,5,3000,core,HOOI,11.86999999999989
73.18355428881512,3,100,6961,5,3000,A1,Olga,7.868999999999687
0.17875231075639106,3,100,6961,5,3000,A2,Olga,7.868999999999687
2.8660873113484495,3,100,6961,5,3000,A3,Tracy,7.868999999999687
10.046440698252741,3,100,6961,5,3000,core,Tracy_Olga,7.868999999999687
46.118643997302854,3,100,7956,5,3000,A1,NTD,517.7350000000006
1.279865067222902,3,100,7956,5,3000,A2,NTD,517.7350000000006
7953.088994112314,3,100,7956,5,3000,A3,NTD,517.7350000000006
11.848334366776271,3,100,7956,5,3000,core,NTD,517.7350000000006
13.91870316709575,3,100,7956,5,3000,A1,Ours,20.858000000000175
0.026296482799828904,3,100,7956,5,3000,A2,Ours,20.858000000000175
2.630083685568604,3,100,7956,5,3000,A3,Ours,20.858000000000175
13.281494126536918,3,100,7956,5,3000,core,Ours,20.858000000000175
13.91870316709575,3,100,7956,5,3000,A1,HOSVD,5.188000000000102
0.026296482799828904,3,100,7956,5,3000,A2,HOSVD,5.188000000000102
2.575014353654405,3,100,7956,5,3000,A3,HOSVD,5.188000000000102
13.306319202617935,3,100,7956,5,3000,core,HOSVD,5.188000000000102
13.376815326425504,3,100,7956,5,3000,A1,HOOI,15.230000000000473
0.02391794457776864,3,100,7956,5,3000,A2,HOOI,15.230000000000473
2.5726850505339036,3,100,7956,5,3000,A3,HOOI,15.230000000000473
13.328001990574869,3,100,7956,5,3000,core,HOOI,15.230000000000473
83.49665290831817,3,100,7956,5,3000,A1,Olga,9.554000000000087
0.2635723386547303,3,100,7956,5,3000,A2,Olga,9.554000000000087
2.882878690938691,3,100,7956,5,3000,A3,Tracy,9.554000000000087
13.81496854162068,3,100,7956,5,3000,core,Tracy_Olga,9.554000000000087
59.42535519468344,3,100,8944,5,3000,A1,NTD,597.518
1.9930027730925137,3,100,8944,5,3000,A2,NTD,597.518
8941.1086094822,3,100,8944,5,3000,A3,NTD,597.518
9.330618197130923,3,100,8944,5,3000,core,NTD,597.518
13.927311892264523,3,100,8944,5,3000,A1,Ours,25.25799999999981
0.02531395603928459,3,100,8944,5,3000,A2,Ours,25.25799999999981
2.929572083456561,3,100,8944,5,3000,A3,Ours,25.25799999999981
9.513932555284303,3,100,8944,5,3000,core,Ours,25.25799999999981
13.927311892264523,3,100,8944,5,3000,A1,HOSVD,5.568000000000211
0.02531395603928459,3,100,8944,5,3000,A2,HOSVD,5.568000000000211
2.5809854914704355,3,100,8944,5,3000,A3,HOSVD,5.568000000000211
13.293339306317002,3,100,8944,5,3000,core,HOSVD,5.568000000000211
13.481339535420794,3,100,8944,5,3000,A1,HOOI,20.725000000000364
0.025243811924155823,3,100,8944,5,3000,A2,HOOI,20.725000000000364
2.580766213676993,3,100,8944,5,3000,A3,HOOI,20.725000000000364
13.298138532408137,3,100,8944,5,3000,core,HOOI,20.725000000000364
77.47232877994185,3,100,8944,5,3000,A1,Olga,11.368999999999687
0.26557730304273214,3,100,8944,5,3000,A2,Olga,11.368999999999687
2.8930273751081885,3,100,8944,5,3000,A3,Tracy,11.368999999999687
10.085914863748304,3,100,8944,5,3000,core,Tracy_Olga,11.368999999999687
80.78995278526726,3,100,9935,5,3000,A1,NTD,651.2419999999993
3.781800409744313,3,100,9935,5,3000,A2,NTD,651.2419999999993
9932.128718456099,3,100,9935,5,3000,A3,NTD,651.2419999999993
11.07239337594983,3,100,9935,5,3000,core,NTD,651.2419999999993
17.97887304336002,3,100,9935,5,3000,A1,Ours,31.519000000000233
0.008148082049633437,3,100,9935,5,3000,A2,Ours,31.519000000000233
2.9179655678664114,3,100,9935,5,3000,A3,Ours,31.519000000000233
9.47017215151404,3,100,9935,5,3000,core,Ours,31.519000000000233
17.97887304336002,3,100,9935,5,3000,A1,HOSVD,6.66399999999976
0.008148082049633437,3,100,9935,5,3000,A2,HOSVD,6.66399999999976
2.56711675601926,3,100,9935,5,3000,A3,HOSVD,6.66399999999976
13.263320435762605,3,100,9935,5,3000,core,HOSVD,6.66399999999976
18.531220487549902,3,100,9935,5,3000,A1,HOOI,29.217000000000553
0.008058389096821958,3,100,9935,5,3000,A2,HOOI,29.217000000000553
2.5660819069539715,3,100,9935,5,3000,A3,HOOI,29.217000000000553
13.272014756889634,3,100,9935,5,3000,core,HOOI,29.217000000000553
73.47894197087025,3,100,9935,5,3000,A1,Olga,14.487999999999374
0.29246352491563454,3,100,9935,5,3000,A2,Olga,14.487999999999374
2.8750766028850117,3,100,9935,5,3000,A3,Tracy,14.487999999999374
10.096334930449336,3,100,9935,5,3000,core,Tracy_Olga,14.487999999999374
28.894942117948037,3,100,100,5,10000,A1,NTD,8.297999999999774
0.42128351156572674,3,100,100,5,10000,A2,NTD,8.297999999999774
97.0000452095262,3,100,100,5,10000,A3,NTD,8.297999999999774
13.644049887603167,3,100,100,5,10000,core,NTD,8.297999999999774
5.90013303902088,3,100,100,5,10000,A1,Ours,0.14099999999962165
0.004120837945927286,3,100,100,5,10000,A2,Ours,0.14099999999962165
0.025043990536882242,3,100,100,5,10000,A3,Ours,0.14099999999962165
12.413323053935727,3,100,100,5,10000,core,Ours,0.14099999999962165
5.90013303902088,3,100,100,5,10000,A1,HOSVD,0.13100000000031287
0.004120837945927286,3,100,100,5,10000,A2,HOSVD,0.13100000000031287
0.025044304290585292,3,100,100,5,10000,A3,HOSVD,0.13100000000031287
12.413323919224634,3,100,100,5,10000,core,HOSVD,0.13100000000031287
5.604172947525891,3,100,100,5,10000,A1,HOOI,0.20599999999922147
0.004169442694775539,3,100,100,5,10000,A2,HOOI,0.20599999999922147
0.024868785294119403,3,100,100,5,10000,A3,HOOI,0.20599999999922147
12.40631383584663,3,100,100,5,10000,core,HOOI,0.20599999999922147
4.019455363257421,3,100,100,5,10000,A1,Olga,0.13700000000062573
0.004133468482163038,3,100,100,5,10000,A2,Olga,0.13700000000062573
0.9850149640929882,3,100,100,5,10000,A3,Tracy,0.13700000000062573
12.390269438299164,3,100,100,5,10000,core,Tracy_Olga,0.13700000000062573
29.280522841638298,3,100,500,5,10000,A1,NTD,31.867999999999483
0.24797401165113853,3,100,500,5,10000,A2,NTD,31.867999999999483
497.00004325401545,3,100,500,5,10000,A3,NTD,31.867999999999483
6.836941617706314,3,100,500,5,10000,core,NTD,31.867999999999483
8.592594564281834,3,100,500,5,10000,A1,Ours,0.5450000000000728
0.002426382636830101,3,100,500,5,10000,A2,Ours,0.5450000000000728
0.054445645296047576,3,100,500,5,10000,A3,Ours,0.5450000000000728
13.182986390711463,3,100,500,5,10000,core,Ours,0.5450000000000728
8.592594564281834,3,100,500,5,10000,A1,HOSVD,0.49499999999989086
0.002426382636830101,3,100,500,5,10000,A2,HOSVD,0.49499999999989086
0.0544467901227917,3,100,500,5,10000,A3,HOSVD,0.49499999999989086
13.182970798617259,3,100,500,5,10000,core,HOSVD,0.49499999999989086
8.62075994917956,3,100,500,5,10000,A1,HOOI,0.7929999999996653
0.002486362211214811,3,100,500,5,10000,A2,HOOI,0.7929999999996653
0.05456761172605057,3,100,500,5,10000,A3,HOOI,0.7929999999996653
13.181280699734625,3,100,500,5,10000,core,HOOI,0.7929999999996653
5.875746030071519,3,100,500,5,10000,A1,Olga,0.5320000000001528
0.004017991205846247,3,100,500,5,10000,A2,Olga,0.5320000000001528
1.2536934854909765,3,100,500,5,10000,A3,Tracy,0.5320000000001528
12.39703793094929,3,100,500,5,10000,core,Tracy_Olga,0.5320000000001528
26.965747876779638,3,100,1000,5,10000,A1,NTD,67.07499999999982
0.14289049008581553,3,100,1000,5,10000,A2,NTD,67.07499999999982
997.0001244082707,3,100,1000,5,10000,A3,NTD,67.07499999999982
8.618750443504213,3,100,1000,5,10000,core,NTD,67.07499999999982
8.25420721121127,3,100,1000,5,10000,A1,Ours,1.0600000000004002
0.008861757007503591,3,100,1000,5,10000,A2,Ours,1.0600000000004002
0.08573071732287194,3,100,1000,5,10000,A3,Ours,1.0600000000004002
13.081584833561893,3,100,1000,5,10000,core,Ours,1.0600000000004002
8.25420721121127,3,100,1000,5,10000,A1,HOSVD,0.8600000000005821
0.008861757007503591,3,100,1000,5,10000,A2,HOSVD,0.8600000000005821
0.08572538163436927,3,100,1000,5,10000,A3,HOSVD,0.8600000000005821
13.08141017785343,3,100,1000,5,10000,core,HOSVD,0.8600000000005821
8.07786085013398,3,100,1000,5,10000,A1,HOOI,1.8710000000000946
0.008991616280650093,3,100,1000,5,10000,A2,HOOI,1.8710000000000946
0.08535886250542915,3,100,1000,5,10000,A3,HOOI,1.8710000000000946
13.08304093369237,3,100,1000,5,10000,core,HOOI,1.8710000000000946
7.515294573557485,3,100,1000,5,10000,A1,Olga,0.9589999999998327
0.013768969731395218,3,100,1000,5,10000,A2,Olga,0.9589999999998327
1.3859751998340937,3,100,1000,5,10000,A3,Tracy,0.9589999999998327
13.043648528697714,3,100,1000,5,10000,core,Tracy_Olga,0.9589999999998327
60.97183598758259,3,100,2500,5,10000,A1,NTD,186.29699999999957
0.1466974056351474,3,100,2500,5,10000,A2,NTD,186.29699999999957
2497.0007441363214,3,100,2500,5,10000,A3,NTD,186.29699999999957
8.672993315639282,3,100,2500,5,10000,core,NTD,186.29699999999957
9.609093707140241,3,100,2500,5,10000,A1,Ours,3.712999999999738
0.010119732740179287,3,100,2500,5,10000,A2,Ours,3.712999999999738
0.46655620051982777,3,100,2500,5,10000,A3,Ours,3.712999999999738
12.915422090670516,3,100,2500,5,10000,core,Ours,3.712999999999738
9.609093707140241,3,100,2500,5,10000,A1,HOSVD,1.7909999999992579
0.010119732740179287,3,100,2500,5,10000,A2,HOSVD,1.7909999999992579
0.46628011472366315,3,100,2500,5,10000,A3,HOSVD,1.7909999999992579
12.915022640321544,3,100,2500,5,10000,core,HOSVD,1.7909999999992579
9.584002823153186,3,100,2500,5,10000,A1,HOOI,4.373000000000502
0.010309727057610775,3,100,2500,5,10000,A2,HOOI,4.373000000000502
0.4689783629394748,3,100,2500,5,10000,A3,HOOI,4.373000000000502
12.910905378553196,3,100,2500,5,10000,core,HOOI,4.373000000000502
5.274510120550729,3,100,2500,5,10000,A1,Olga,2.3350000000000364
0.030139283614153873,3,100,2500,5,10000,A2,Olga,2.3350000000000364
1.5706604157545498,3,100,2500,5,10000,A3,Tracy,2.3350000000000364
12.983694083740227,3,100,2500,5,10000,core,Tracy_Olga,2.3350000000000364
57.29643824186786,3,100,4997,5,10000,A1,NTD,360.2020000000002
0.18093208433492178,3,100,4997,5,10000,A2,NTD,360.2020000000002
4994.022898042127,3,100,4997,5,10000,A3,NTD,360.2020000000002
8.866563738044901,3,100,4997,5,10000,core,NTD,360.2020000000002
9.760734057576155,3,100,4997,5,10000,A1,Ours,9.590000000000146
0.007826667073569262,3,100,4997,5,10000,A2,Ours,9.590000000000146
2.5190258742347766,3,100,4997,5,10000,A3,Ours,9.590000000000146
7.877583809040572,3,100,4997,5,10000,core,Ours,9.590000000000146
9.760734057576155,3,100,4997,5,10000,A1,HOSVD,3.3980000000001382
0.007826667073569262,3,100,4997,5,10000,A2,HOSVD,3.3980000000001382
2.5168249840419143,3,100,4997,5,10000,A3,HOSVD,3.3980000000001382
7.883448090435786,3,100,4997,5,10000,core,HOSVD,3.3980000000001382
9.821807017958328,3,100,4997,5,10000,A1,HOOI,8.30999999999949
0.008094302537345275,3,100,4997,5,10000,A2,HOOI,8.30999999999949
2.518702630058578,3,100,4997,5,10000,A3,HOOI,8.30999999999949
7.894359462770479,3,100,4997,5,10000,core,HOOI,8.30999999999949
6.704347009096809,3,100,4997,5,10000,A1,Olga,5.1469999999999345
0.04241074927332315,3,100,4997,5,10000,A2,Olga,5.1469999999999345
2.878149581771798,3,100,4997,5,10000,A3,Tracy,5.1469999999999345
12.509385247581863,3,100,4997,5,10000,core,Tracy_Olga,5.1469999999999345
34.42299055470565,3,100,5996,5,10000,A1,NTD,407.5770000000002
1.1038493386929789,3,100,5996,5,10000,A2,NTD,407.5770000000002
5993.032801405713,3,100,5996,5,10000,A3,NTD,407.5770000000002
13.129540670896873,3,100,5996,5,10000,core,NTD,407.5770000000002
8.718973818234137,3,100,5996,5,10000,A1,Ours,11.954000000000633
0.004912018666561254,3,100,5996,5,10000,A2,Ours,11.954000000000633
2.507588786111779,3,100,5996,5,10000,A3,Ours,11.954000000000633
13.323503875150664,3,100,5996,5,10000,core,Ours,11.954000000000633
8.718973818234137,3,100,5996,5,10000,A1,HOSVD,3.7269999999998618
0.004912018666561254,3,100,5996,5,10000,A2,HOSVD,3.7269999999998618
2.504058930856926,3,100,5996,5,10000,A3,HOSVD,3.7269999999998618
13.323354438162827,3,100,5996,5,10000,core,HOSVD,3.7269999999998618
9.014459040303006,3,100,5996,5,10000,A1,HOOI,9.497999999999593
0.005415843953038289,3,100,5996,5,10000,A2,HOOI,9.497999999999593
2.5393897604821007,3,100,5996,5,10000,A3,HOOI,9.497999999999593
13.292484126479545,3,100,5996,5,10000,core,HOOI,9.497999999999593
9.726207672412656,3,100,5996,5,10000,A1,Olga,6.492000000000189
0.048296848054902614,3,100,5996,5,10000,A2,Olga,6.492000000000189
2.934450031772078,3,100,5996,5,10000,A3,Tracy,6.492000000000189
12.562061671714833,3,100,5996,5,10000,core,Tracy_Olga,6.492000000000189
33.71104190081782,3,100,6995,5,10000,A1,NTD,474.21299999999974
0.2898881935813226,3,100,6995,5,10000,A2,NTD,474.21299999999974
6992.064479562756,3,100,6995,5,10000,A3,NTD,474.21299999999974
13.143909118022664,3,100,6995,5,10000,core,NTD,474.21299999999974
5.0124008974744045,3,100,6995,5,10000,A1,Ours,17.29199999999946
0.01070163279624812,3,100,6995,5,10000,A2,Ours,17.29199999999946
2.5932914677083283,3,100,6995,5,10000,A3,Ours,17.29199999999946
11.790720233281913,3,100,6995,5,10000,core,Ours,17.29199999999946
5.0124008974744045,3,100,6995,5,10000,A1,HOSVD,4.506999999999607
0.01070163279624812,3,100,6995,5,10000,A2,HOSVD,4.506999999999607
2.5895904292743666,3,100,6995,5,10000,A3,HOSVD,4.506999999999607
11.793952184406084,3,100,6995,5,10000,core,HOSVD,4.506999999999607
4.718980850188519,3,100,6995,5,10000,A1,HOOI,14.98699999999917
0.010828262127518183,3,100,6995,5,10000,A2,HOOI,14.98699999999917
2.591831300758196,3,100,6995,5,10000,A3,HOOI,14.98699999999917
11.79768640202645,3,100,6995,5,10000,core,HOOI,14.98699999999917
8.127601227959847,3,100,6995,5,10000,A1,Olga,7.944999999999709
0.06346928659067173,3,100,6995,5,10000,A2,Olga,7.944999999999709
2.8737721292997445,3,100,6995,5,10000,A3,Tracy,7.944999999999709
13.42284047903838,3,100,6995,5,10000,core,Tracy_Olga,7.944999999999709
36.90667769500694,3,100,7990,5,10000,A1,NTD,533.018
0.1680657547983753,3,100,7990,5,10000,A2,NTD,533.018
7987.037897173455,3,100,7990,5,10000,A3,NTD,533.018
12.409368654411896,3,100,7990,5,10000,core,NTD,533.018
7.873460061778179,3,100,7990,5,10000,A1,Ours,21.134000000000015
0.0019857334773277263,3,100,7990,5,10000,A2,Ours,21.134000000000015
2.5644206613759866,3,100,7990,5,10000,A3,Ours,21.134000000000015
13.43772836534482,3,100,7990,5,10000,core,Ours,21.134000000000015
7.873460061778179,3,100,7990,5,10000,A1,HOSVD,5.074999999998909
0.0019857334773277263,3,100,7990,5,10000,A2,HOSVD,5.074999999998909
2.55959306367514,3,100,7990,5,10000,A3,HOSVD,5.074999999998909
13.437763762030087,3,100,7990,5,10000,core,HOSVD,5.074999999998909
7.735269114413111,3,100,7990,5,10000,A1,HOOI,17.27900000000045
0.0021124554622365854,3,100,7990,5,10000,A2,HOOI,17.27900000000045
2.560388506446122,3,100,7990,5,10000,A3,HOOI,17.27900000000045
13.439427096330206,3,100,7990,5,10000,core,HOOI,17.27900000000045
11.947946849608188,3,100,7990,5,10000,A1,Olga,9.854000000001179
0.07221498063800602,3,100,7990,5,10000,A2,Olga,9.854000000001179
2.8553700285211008,3,100,7990,5,10000,A3,Tracy,9.854000000001179
12.611801810347703,3,100,7990,5,10000,core,Tracy_Olga,9.854000000001179
36.680076185561404,3,100,8987,5,10000,A1,NTD,589.893
2.4229350564279994,3,100,8987,5,10000,A2,NTD,589.893
8984.056594109938,3,100,8987,5,10000,A3,NTD,589.893
12.183818818288458,3,100,8987,5,10000,core,NTD,589.893
8.760826428618103,3,100,8987,5,10000,A1,Ours,26.537000000000262
0.00985678748312739,3,100,8987,5,10000,A2,Ours,26.537000000000262
2.5729695770194856,3,100,8987,5,10000,A3,Ours,26.537000000000262
13.405979561249438,3,100,8987,5,10000,core,Ours,26.537000000000262
8.760826428618103,3,100,8987,5,10000,A1,HOSVD,5.480999999999767
0.00985678748312739,3,100,8987,5,10000,A2,HOSVD,5.480999999999767
2.5667927084535465,3,100,8987,5,10000,A3,HOSVD,5.480999999999767
13.40643985172175,3,100,8987,5,10000,core,HOSVD,5.480999999999767
8.790920610505916,3,100,8987,5,10000,A1,HOOI,21.71600000000035
0.009717351498058297,3,100,8987,5,10000,A2,HOOI,21.71600000000035
2.567364119956052,3,100,8987,5,10000,A3,HOOI,21.71600000000035
13.405097597626114,3,100,8987,5,10000,core,HOOI,21.71600000000035
11.341844331582108,3,100,8987,5,10000,A1,Olga,11.328999999999724
0.07953694995929286,3,100,8987,5,10000,A2,Olga,11.328999999999724
2.8635028028344225,3,100,8987,5,10000,A3,Tracy,11.328999999999724
13.399953738314466,3,100,8987,5,10000,core,Tracy_Olga,11.328999999999724
41.75343763343724,3,100,9980,5,10000,A1,NTD,643.9650000000001
2.2532774125243344,3,100,9980,5,10000,A2,NTD,643.9650000000001
9977.033247009353,3,100,9980,5,10000,A3,NTD,643.9650000000001
8.347789765882412,3,100,9980,5,10000,core,NTD,643.9650000000001
10.015611641493859,3,100,9980,5,10000,A1,Ours,29.95600000000013
0.0049821082586630466,3,100,9980,5,10000,A2,Ours,29.95600000000013
2.5625900622509312,3,100,9980,5,10000,A3,Ours,29.95600000000013
13.479569903396753,3,100,9980,5,10000,core,Ours,29.95600000000013
10.015611641493859,3,100,9980,5,10000,A1,HOSVD,5.935999999999694
0.0049821082586630466,3,100,9980,5,10000,A2,HOSVD,5.935999999999694
2.5528651792478874,3,100,9980,5,10000,A3,HOSVD,5.935999999999694
13.480708723159143,3,100,9980,5,10000,core,HOSVD,5.935999999999694
10.367562830409303,3,100,9980,5,10000,A1,HOOI,27.55199999999968
0.005596616943625881,3,100,9980,5,10000,A2,HOOI,27.55199999999968
2.5555532325132546,3,100,9980,5,10000,A3,HOOI,27.55199999999968
13.47422900723124,3,100,9980,5,10000,core,HOOI,27.55199999999968
8.421436832620595,3,100,9980,5,10000,A1,Olga,13.424000000000888
0.07850750555919553,3,100,9980,5,10000,A2,Olga,13.424000000000888
2.869843796835771,3,100,9980,5,10000,A3,Tracy,13.424000000000888
11.775385450770433,3,100,9980,5,10000,core,Tracy_Olga,13.424000000000888
