error,K,Q1,R,Q2,M,mode,method,time
60.19793173908762,3,100,981,5,100,A1,NTD,37.987
2.232114426036753,3,100,981,5,100,A2,NTD,37.987
978.3361096711898,3,100,981,5,100,A3,NTD,37.987
15.524113771012072,3,100,981,5,100,core,NTD,37.987
62.99280894916808,3,100,981,5,100,A1,Ours,7.364999999999995
0.0912290835718103,3,100,981,5,100,A2,Ours,7.364999999999995
3.393586944046715,3,100,981,5,100,A3,Ours,7.364999999999995
11.54315349342043,3,100,981,5,100,core,Ours,7.364999999999995
62.99280894916808,3,100,981,5,100,A1,HOSVD,5.6129999999999995
0.0912290835718103,3,100,981,5,100,A2,HOSVD,5.6129999999999995
2.6587132802348927,3,100,981,5,100,A3,HOSVD,5.6129999999999995
13.344326484117122,3,100,981,5,100,core,HOSVD,5.6129999999999995
44.8546178336618,3,100,981,5,100,A1,HOOI,6.18
0.052845927948198215,3,100,981,5,100,A2,HOOI,6.18
2.652591386621991,3,100,981,5,100,A3,HOOI,6.18
13.07387577820333,3,100,981,5,100,core,HOOI,6.18
79.74540838840203,3,100,981,5,100,A1,Olga,3.242999999999995
1.8042164768727005,3,100,981,5,100,A2,Olga,3.242999999999995
2.8548341381922997,3,100,981,5,100,A3,Tracy,3.242999999999995
9.714746866968207,3,100,981,5,100,core,Tracy_Olga,3.242999999999995
124.96085806352639,3,100,4511,5,100,A1,NTD,160.288
2.8785311082231178,3,100,4511,5,100,A2,NTD,160.288
4508.561105078136,3,100,4511,5,100,A3,NTD,160.288
11.191661917174615,3,100,4511,5,100,core,NTD,160.288
55.038693776532384,3,100,4511,5,100,A1,Ours,11.554000000000002
0.04744048345404911,3,100,4511,5,100,A2,Ours,11.554000000000002
5.105012307792252,3,100,4511,5,100,A3,Ours,11.554000000000002
10.328892089306178,3,100,4511,5,100,core,Ours,11.554000000000002
55.038693776532384,3,100,4511,5,100,A1,HOSVD,9.847999999999985
0.04744048345404911,3,100,4511,5,100,A2,HOSVD,9.847999999999985
2.7336688376418783,3,100,4511,5,100,A3,HOSVD,9.847999999999985
13.40510645986696,3,100,4511,5,100,core,HOSVD,9.847999999999985
47.64165657209813,3,100,4511,5,100,A1,HOOI,19.061999999999983
0.027167112653800337,3,100,4511,5,100,A2,HOOI,19.061999999999983
3.978172129772697,3,100,4511,5,100,A3,HOOI,19.061999999999983
10.719416117783185,3,100,4511,5,100,core,HOOI,19.061999999999983
76.7181489164993,3,100,4511,5,100,A1,Olga,14.86099999999999
1.7572887930876722,3,100,4511,5,100,A2,Olga,14.86099999999999
4.309680685228653,3,100,4511,5,100,A3,Tracy,14.86099999999999
10.087118639857003,3,100,4511,5,100,core,Tracy_Olga,14.86099999999999
119.05354710703728,3,100,8146,5,100,A1,NTD,287.01
3.781809696063661,3,100,8146,5,100,A2,NTD,287.01
8143.696065014507,3,100,8146,5,100,A3,NTD,287.01
11.649250321573293,3,100,8146,5,100,core,NTD,287.01
52.40717675498008,3,100,8146,5,100,A1,Ours,27.307999999999993
0.1325858129618761,3,100,8146,5,100,A2,Ours,27.307999999999993
5.361425980056326,3,100,8146,5,100,A3,Ours,27.307999999999993
11.000000025374915,3,100,8146,5,100,core,Ours,27.307999999999993
52.40717675498008,3,100,8146,5,100,A1,HOSVD,22.372999999999934
0.1325858129618761,3,100,8146,5,100,A2,HOSVD,22.372999999999934
4.6201039281853635,3,100,8146,5,100,A3,HOSVD,22.372999999999934
9.428822998336447,3,100,8146,5,100,core,HOSVD,22.372999999999934
44.15809932514896,3,100,8146,5,100,A1,HOOI,16.502000000000066
0.08903848283203789,3,100,8146,5,100,A2,HOOI,16.502000000000066
3.3951135348165087,3,100,8146,5,100,A3,HOOI,16.502000000000066
10.27080998149976,3,100,8146,5,100,core,HOOI,16.502000000000066
89.00200578229966,3,100,8146,5,100,A1,Olga,9.668000000000006
1.8391754693637985,3,100,8146,5,100,A2,Olga,9.668000000000006
4.875943995542761,3,100,8146,5,100,A3,Tracy,9.668000000000006
13.276545887987483,3,100,8146,5,100,core,Tracy_Olga,9.668000000000006
45.23868735768842,3,100,999,5,500,A1,NTD,28.249000000000024
3.7705824111014365,3,100,999,5,500,A2,NTD,28.249000000000024
996.1379443781592,3,100,999,5,500,A3,NTD,28.249000000000024
12.605377963502463,3,100,999,5,500,core,NTD,28.249000000000024
42.94854316063003,3,100,999,5,500,A1,Ours,1.9660000000000082
0.009569103661139005,3,100,999,5,500,A2,Ours,1.9660000000000082
2.5691990806724596,3,100,999,5,500,A3,Ours,1.9660000000000082
15.644193851339933,3,100,999,5,500,core,Ours,1.9660000000000082
42.94854316063003,3,100,999,5,500,A1,HOSVD,1.7450000000000045
0.009569103661139005,3,100,999,5,500,A2,HOSVD,1.7450000000000045
2.5367570610856864,3,100,999,5,500,A3,HOSVD,1.7450000000000045
15.601872786126815,3,100,999,5,500,core,HOSVD,1.7450000000000045
27.9876202407417,3,100,999,5,500,A1,HOOI,1.5610000000000355
0.0456289069495998,3,100,999,5,500,A2,HOOI,1.5610000000000355
2.547076239093054,3,100,999,5,500,A3,HOOI,1.5610000000000355
9.702694138988917,3,100,999,5,500,core,HOOI,1.5610000000000355
82.02708170528648,3,100,999,5,500,A1,Olga,1.9509999999999081
0.20963644949256052,3,100,999,5,500,A2,Olga,1.9509999999999081
2.888503689458987,3,100,999,5,500,A3,Tracy,1.9509999999999081
10.95228548015755,3,100,999,5,500,core,Tracy_Olga,1.9509999999999081
65.02658561852012,3,100,4906,5,500,A1,NTD,165.23400000000004
4.8894433271768705,3,100,4906,5,500,A2,NTD,165.23400000000004
4903.239719512255,3,100,4906,5,500,A3,NTD,165.23400000000004
11.168914745520112,3,100,4906,5,500,core,NTD,165.23400000000004
27.41330445002506,3,100,4906,5,500,A1,Ours,14.687999999999988
0.027666244054657493,3,100,4906,5,500,A2,Ours,14.687999999999988
4.079035724007962,3,100,4906,5,500,A3,Ours,14.687999999999988
13.393125653669143,3,100,4906,5,500,core,Ours,14.687999999999988
27.41330445002506,3,100,4906,5,500,A1,HOSVD,9.34800000000007
0.027666244054657493,3,100,4906,5,500,A2,HOSVD,9.34800000000007
2.6074137097479815,3,100,4906,5,500,A3,HOSVD,9.34800000000007
13.246741831141717,3,100,4906,5,500,core,HOSVD,9.34800000000007
27.78812721283538,3,100,4906,5,500,A1,HOOI,6.853999999999928
0.02911587796947131,3,100,4906,5,500,A2,HOOI,6.853999999999928
2.6126338134487574,3,100,4906,5,500,A3,HOOI,6.853999999999928
13.265594295643625,3,100,4906,5,500,core,HOOI,6.853999999999928
81.67846843060629,3,100,4906,5,500,A1,Olga,4.177999999999997
0.17647975450999148,3,100,4906,5,500,A2,Olga,4.177999999999997
2.8947867411047845,3,100,4906,5,500,A3,Tracy,4.177999999999997
10.096334928517413,3,100,4906,5,500,core,Tracy_Olga,4.177999999999997
67.31694750706541,3,100,9596,5,500,A1,NTD,312.02
2.663271109708356,3,100,9596,5,500,A2,NTD,312.02
9593.335961059995,3,100,9596,5,500,A3,NTD,312.02
13.399712206673431,3,100,9596,5,500,core,NTD,312.02
27.042013953662686,3,100,9596,5,500,A1,Ours,13.557000000000016
0.03095103317970626,3,100,9596,5,500,A2,Ours,13.557000000000016
5.4417994501052,3,100,9596,5,500,A3,Ours,13.557000000000016
8.747071028851868,3,100,9596,5,500,core,Ours,13.557000000000016
27.042013953662686,3,100,9596,5,500,A1,HOSVD,3.2360000000001037
0.03095103317970626,3,100,9596,5,500,A2,HOSVD,3.2360000000001037
2.657525235763644,3,100,9596,5,500,A3,HOSVD,3.2360000000001037
10.046127722822641,3,100,9596,5,500,core,HOSVD,3.2360000000001037
28.892894371961432,3,100,9596,5,500,A1,HOOI,19.115999999999985
0.024093636375570264,3,100,9596,5,500,A2,HOOI,19.115999999999985
2.661457250821915,3,100,9596,5,500,A3,HOOI,19.115999999999985
9.993953800220092,3,100,9596,5,500,core,HOOI,19.115999999999985
74.48807264391682,3,100,9596,5,500,A1,Olga,9.569999999999936
1.4322350756738476,3,100,9596,5,500,A2,Olga,9.569999999999936
3.7581099173152315,3,100,9596,5,500,A3,Tracy,9.569999999999936
9.40431508036347,3,100,9596,5,500,core,Tracy_Olga,9.569999999999936
62.419497188822525,3,100,1000,5,1000,A1,NTD,27.520999999999958
0.9307085435750679,3,100,1000,5,1000,A2,NTD,27.520999999999958
997.0050784585918,3,100,1000,5,1000,A3,NTD,27.520999999999958
9.97318251544263,3,100,1000,5,1000,core,NTD,27.520999999999958
26.669363004556928,3,100,1000,5,1000,A1,Ours,3.4409999999998035
0.023458525375567554,3,100,1000,5,1000,A2,Ours,3.4409999999998035
0.7857408517192332,3,100,1000,5,1000,A3,Ours,3.4409999999998035
9.735525448664434,3,100,1000,5,1000,core,Ours,3.4409999999998035
26.669363004556928,3,100,1000,5,1000,A1,HOSVD,3.880000000000109
0.023458525375567554,3,100,1000,5,1000,A2,HOSVD,3.880000000000109
0.7843598493080519,3,100,1000,5,1000,A3,HOSVD,3.880000000000109
9.729540817273326,3,100,1000,5,1000,core,HOSVD,3.880000000000109
26.79412450004357,3,100,1000,5,1000,A1,HOOI,4.365000000000009
0.03346544633185884,3,100,1000,5,1000,A2,HOOI,4.365000000000009
0.6766949816021434,3,100,1000,5,1000,A3,HOOI,4.365000000000009
9.72790555959665,3,100,1000,5,1000,core,HOOI,4.365000000000009
26.74567695763179,3,100,1000,5,1000,A1,Olga,3.2269999999998618
0.11440128406831018,3,100,1000,5,1000,A2,Olga,3.2269999999998618
1.644312290181467,3,100,1000,5,1000,A3,Tracy,3.2269999999998618
13.446100153802513,3,100,1000,5,1000,core,Tracy_Olga,3.2269999999998618
58.084147460539164,3,100,4950,5,1000,A1,NTD,155.1769999999999
2.2320516805297457,3,100,4950,5,1000,A2,NTD,155.1769999999999
4947.185133320533,3,100,4950,5,1000,A3,NTD,155.1769999999999
11.50804883088786,3,100,4950,5,1000,core,NTD,155.1769999999999
23.20769513091438,3,100,4950,5,1000,A1,Ours,4.951000000000022
0.015096363063931285,3,100,4950,5,1000,A2,Ours,4.951000000000022
2.986647210943407,3,100,4950,5,1000,A3,Ours,4.951000000000022
9.621454693002077,3,100,4950,5,1000,core,Ours,4.951000000000022
23.20769513091438,3,100,4950,5,1000,A1,HOSVD,1.9829999999999472
0.015096363063931285,3,100,4950,5,1000,A2,HOSVD,1.9829999999999472
2.596059306819992,3,100,4950,5,1000,A3,HOSVD,1.9829999999999472
13.275189652820025,3,100,4950,5,1000,core,HOSVD,1.9829999999999472
25.02162177577469,3,100,4950,5,1000,A1,HOOI,5.713999999999942
0.018700720771626083,3,100,4950,5,1000,A2,HOOI,5.713999999999942
2.599909775904858,3,100,4950,5,1000,A3,HOOI,5.713999999999942
13.278356060906468,3,100,4950,5,1000,core,HOOI,5.713999999999942
83.57814398651033,3,100,4950,5,1000,A1,Olga,2.6720000000000255
0.2817984813074903,3,100,4950,5,1000,A2,Olga,2.6720000000000255
2.870454077319759,3,100,4950,5,1000,A3,Tracy,2.6720000000000255
10.096334930449336,3,100,4950,5,1000,core,Tracy_Olga,2.6720000000000255
57.014996841985436,3,100,9798,5,1000,A1,NTD,325.62699999999995
2.8785204331393492,3,100,9798,5,1000,A2,NTD,325.62699999999995
9795.24845622554,3,100,9798,5,1000,A3,NTD,325.62699999999995
11.73375519499265,3,100,9798,5,1000,core,NTD,325.62699999999995
17.682639748583984,3,100,9798,5,1000,A1,Ours,12.600999999999885
0.050840066244164005,3,100,9798,5,1000,A2,Ours,12.600999999999885
4.509050919446363,3,100,9798,5,1000,A3,Ours,12.600999999999885
11.263123407836103,3,100,9798,5,1000,core,Ours,12.600999999999885
17.682639748583984,3,100,9798,5,1000,A1,HOSVD,3.1620000000000346
0.050840066244164005,3,100,9798,5,1000,A2,HOSVD,3.1620000000000346
2.5987106903358717,3,100,9798,5,1000,A3,HOSVD,3.1620000000000346
13.318353758911433,3,100,9798,5,1000,core,HOSVD,3.1620000000000346
23.510709073807995,3,100,9798,5,1000,A1,HOOI,13.812000000000126
0.05432274030372281,3,100,9798,5,1000,A2,HOOI,13.812000000000126
2.604105745512979,3,100,9798,5,1000,A3,HOOI,13.812000000000126
13.901883825540423,3,100,9798,5,1000,core,HOOI,13.812000000000126
83.1734803121122,3,100,9798,5,1000,A1,Olga,8.883000000000038
0.7756745556027849,3,100,9798,5,1000,A2,Olga,8.883000000000038
2.9079285465397184,3,100,9798,5,1000,A3,Tracy,8.883000000000038
10.096334930449336,3,100,9798,5,1000,core,Tracy_Olga,8.883000000000038
23.97900571349798,3,100,1000,5,2500,A1,NTD,27.194000000000187
0.40415058480154015,3,100,1000,5,2500,A2,NTD,27.194000000000187
997.0069703720087,3,100,1000,5,2500,A3,NTD,27.194000000000187
11.287953777637163,3,100,1000,5,2500,core,NTD,27.194000000000187
14.670140609491401,3,100,1000,5,2500,A1,Ours,3.782000000000153
0.005213227455636376,3,100,1000,5,2500,A2,Ours,3.782000000000153
0.14930336840195055,3,100,1000,5,2500,A3,Ours,3.782000000000153
13.158665824403991,3,100,1000,5,2500,core,Ours,3.782000000000153
14.670140609491401,3,100,1000,5,2500,A1,HOSVD,5.199000000000069
0.005213227455636376,3,100,1000,5,2500,A2,HOSVD,5.199000000000069
0.1496354426511004,3,100,1000,5,2500,A3,HOSVD,5.199000000000069
13.158182119555358,3,100,1000,5,2500,core,HOSVD,5.199000000000069
13.926825519430805,3,100,1000,5,2500,A1,HOOI,5.351000000000113
0.00403554078101843,3,100,1000,5,2500,A2,HOOI,5.351000000000113
0.14890248936946945,3,100,1000,5,2500,A3,HOOI,5.351000000000113
13.161129987429291,3,100,1000,5,2500,core,HOOI,5.351000000000113
17.284869689974865,3,100,1000,5,2500,A1,Olga,3.6749999999999545
0.05564589551194318,3,100,1000,5,2500,A2,Olga,3.6749999999999545
1.4720623479239563,3,100,1000,5,2500,A3,Tracy,3.6749999999999545
12.840097127048717,3,100,1000,5,2500,core,Tracy_Olga,3.6749999999999545
44.02075003106371,3,100,4985,5,2500,A1,NTD,157.789
1.997066318105844,3,100,4985,5,2500,A2,NTD,157.789
4982.109707723505,3,100,4985,5,2500,A3,NTD,157.789
9.200708956845366,3,100,4985,5,2500,core,NTD,157.789
15.825485733067133,3,100,4985,5,2500,A1,Ours,5.524000000000115
0.038160980350084216,3,100,4985,5,2500,A2,Ours,5.524000000000115
2.602799985488686,3,100,4985,5,2500,A3,Ours,5.524000000000115
13.30170239999926,3,100,4985,5,2500,core,Ours,5.524000000000115
15.825485733067133,3,100,4985,5,2500,A1,HOSVD,2.186000000000149
0.038160980350084216,3,100,4985,5,2500,A2,HOSVD,2.186000000000149
2.572581822213361,3,100,4985,5,2500,A3,HOSVD,2.186000000000149
13.313767280160041,3,100,4985,5,2500,core,HOSVD,2.186000000000149
15.108046043442197,3,100,4985,5,2500,A1,HOOI,4.8659999999999854
0.03432346752076625,3,100,4985,5,2500,A2,HOOI,4.8659999999999854
2.575397958927889,3,100,4985,5,2500,A3,HOOI,4.8659999999999854
13.314502407534338,3,100,4985,5,2500,core,HOOI,4.8659999999999854
67.69754412390444,3,100,4985,5,2500,A1,Olga,2.6829999999999927
0.18708708529160883,3,100,4985,5,2500,A2,Olga,2.6829999999999927
2.848815886368469,3,100,4985,5,2500,A3,Tracy,2.6829999999999927
10.180383965544792,3,100,4985,5,2500,core,Tracy_Olga,2.6829999999999927
52.30720140583521,3,100,9927,5,2500,A1,NTD,332.40200000000004
3.3396831622682233,3,100,9927,5,2500,A2,NTD,332.40200000000004
9924.160509322226,3,100,9927,5,2500,A3,NTD,332.40200000000004
12.972613013651761,3,100,9927,5,2500,core,NTD,332.40200000000004
15.414942888058514,3,100,9927,5,2500,A1,Ours,15.034000000000106
0.020993747633617714,3,100,9927,5,2500,A2,Ours,15.034000000000106
2.9296715093269246,3,100,9927,5,2500,A3,Ours,15.034000000000106
9.6501578531052985,3,100,9927,5,2500,core,Ours,15.034000000000106
15.414942888058514,3,100,9927,5,2500,A1,HOSVD,3.436000000000149
0.020993747633617714,3,100,9927,5,2500,A2,HOSVD,3.436000000000149
2.5785576546434394,3,100,9927,5,2500,A3,HOSVD,3.436000000000149
13.307832347883698,3,100,9927,5,2500,core,HOSVD,3.436000000000149
15.032609581761134,3,100,9927,5,2500,A1,HOOI,10.769999999999982
0.019273613805771868,3,100,9927,5,2500,A2,HOOI,10.769999999999982
2.579397162131758,3,100,9927,5,2500,A3,HOOI,10.769999999999982
13.305770779307663,3,100,9927,5,2500,core,HOOI,10.769999999999982
79.49659665692963,3,100,9927,5,2500,A1,Olga,6.322000000000116
0.37082424826317134,3,100,9927,5,2500,A2,Olga,6.322000000000116
2.8851179054653993,3,100,9927,5,2500,A3,Tracy,6.322000000000116
10.085914863748304,3,100,9927,5,2500,core,Tracy_Olga,6.322000000000116
46.57195665016191,3,100,1000,5,5000,A1,NTD,26.87400000000025
0.4263418897725337,3,100,1000,5,5000,A2,NTD,26.87400000000025
997.0004434899363,3,100,1000,5,5000,A3,NTD,26.87400000000025
8.893024661124063,3,100,1000,5,5000,core,NTD,26.87400000000025
13.092788394758067,3,100,1000,5,5000,A1,Ours,0.54300000000012
0.012773452221318881,3,100,1000,5,5000,A2,Ours,0.54300000000012
0.12417184847054683,3,100,1000,5,5000,A3,Ours,0.54300000000012
13.366912077609317,3,100,1000,5,5000,core,Ours,0.54300000000012
13.092788394758067,3,100,1000,5,5000,A1,HOSVD,0.5369999999998072
0.012773452221318881,3,100,1000,5,5000,A2,HOSVD,0.5369999999998072
0.12401645255082168,3,100,1000,5,5000,A3,HOSVD,0.5369999999998072
13.366860475270418,3,100,1000,5,5000,core,HOSVD,0.5369999999998072
10.90911386867019,3,100,1000,5,5000,A1,HOOI,0.7529999999997017
0.011796318438873129,3,100,1000,5,5000,A2,HOOI,0.7529999999997017
0.1249089972803303,3,100,1000,5,5000,A3,HOOI,0.7529999999997017
13.088986091538114,3,100,1000,5,5000,core,HOOI,0.7529999999997017
6.798633412396397,3,100,1000,5,5000,A1,Olga,0.43100000000004
0.011613164841510539,3,100,1000,5,5000,A2,Olga,0.43100000000004
1.3864094706247687,3,100,1000,5,5000,A3,Tracy,0.43100000000004
12.413738694335215,3,100,1000,5,5000,core,Tracy_Olga,0.43100000000004
58.354900508517474,3,100,4994,5,5000,A1,NTD,153.69500000000016
2.5000300170782825,3,100,4994,5,5000,A2,NTD,153.69500000000016
4991.0239737725315,3,100,4994,5,5000,A3,NTD,153.69500000000016
13.553365812894823,3,100,4994,5,5000,core,NTD,153.69500000000016
10.559732972881362,3,100,4994,5,5000,A1,Ours,4.730000000000018
0.0023701984410203656,3,100,4994,5,5000,A2,Ours,4.730000000000018
2.531413084546351,3,100,4994,5,5000,A3,Ours,4.730000000000018
8.684739564372496,3,100,4994,5,5000,core,Ours,4.730000000000018
10.559732972881362,3,100,4994,5,5000,A1,HOSVD,1.724999999999909
0.0023701984410203656,3,100,4994,5,5000,A2,HOSVD,1.724999999999909
2.5220461736584885,3,100,4994,5,5000,A3,HOSVD,1.724999999999909
8.68185778413766,3,100,4994,5,5000,core,HOSVD,1.724999999999909
10.382944807065687,3,100,4994,5,5000,A1,HOOI,4.6159999999999854
0.002802568287340151,3,100,4994,5,5000,A2,HOOI,4.6159999999999854
2.524805377123584,3,100,4994,5,5000,A3,HOOI,4.6159999999999854
8.680639177674403,3,100,4994,5,5000,core,HOOI,4.6159999999999854
17.143001731136728,3,100,4994,5,5000,A1,Olga,2.5709999999999127
0.06450318810919134,3,100,4994,5,5000,A2,Olga,2.5709999999999127
2.9015059076373793,3,100,4994,5,5000,A3,Tracy,2.5709999999999127
13.08062911395903,3,100,4994,5,5000,core,Tracy_Olga,2.5709999999999127
46.119209927762306,3,100,9957,5,5000,A1,NTD,337.46100000000024
1.132758060344333,3,100,9957,5,5000,A2,NTD,337.46100000000024
9954.08519064876,3,100,9957,5,5000,A3,NTD,337.46100000000024
10.615265188076528,3,100,9957,5,5000,core,NTD,337.46100000000024
11.68865650642761,3,100,9957,5,5000,A1,Ours,14.484999999999673
0.012945872308899533,3,100,9957,5,5000,A2,Ours,14.484999999999673
2.5999304551978892,3,100,9957,5,5000,A3,Ours,14.484999999999673
13.332252729915727,3,100,9957,5,5000,core,Ours,14.484999999999673
11.68865650642761,3,100,9957,5,5000,A1,HOSVD,3.0900000000001455
0.012945872308899533,3,100,9957,5,5000,A2,HOSVD,3.0900000000001455
2.5697474861465404,3,100,9957,5,5000,A3,HOSVD,3.0900000000001455
13.341995884818395,3,100,9957,5,5000,core,HOSVD,3.0900000000001455
11.57313920735601,3,100,9957,5,5000,A1,HOOI,11.184000000000196
0.012174735797125441,3,100,9957,5,5000,A2,HOOI,11.184000000000196
2.5693172080845472,3,100,9957,5,5000,A3,HOOI,11.184000000000196
13.349849744775211,3,100,9957,5,5000,core,HOOI,11.184000000000196
26.342521371192436,3,100,9957,5,5000,A1,Olga,6.1840000000001965
0.15053811377939155,3,100,9957,5,5000,A2,Olga,6.1840000000001965
2.86276969040086,3,100,9957,5,5000,A3,Tracy,6.1840000000001965
12.439220520902241,3,100,9957,5,5000,core,Tracy_Olga,6.1840000000001965
32.3428334589033,3,100,1000,5,6000,A1,NTD,28.28099999999995
0.21099937984109415,3,100,1000,5,6000,A2,NTD,28.28099999999995
997.0002374970935,3,100,1000,5,6000,A3,NTD,28.28099999999995
13.685899842764439,3,100,1000,5,6000,core,NTD,28.28099999999995
9.75893809280833,3,100,1000,5,6000,A1,Ours,0.5940000000000509
0.01644136810736413,3,100,1000,5,6000,A2,Ours,0.5940000000000509
0.09391105839301832,3,100,1000,5,6000,A3,Ours,0.5940000000000509
11.959778114390534,3,100,1000,5,6000,core,Ours,0.5940000000000509
9.75893809280833,3,100,1000,5,6000,A1,HOSVD,0.6179999999999382
0.01644136810736413,3,100,1000,5,6000,A2,HOSVD,0.6179999999999382
0.09381361965300537,3,100,1000,5,6000,A3,HOSVD,0.6179999999999382
11.959744921082015,3,100,1000,5,6000,core,HOSVD,0.6179999999999382
10.051506079961934,3,100,1000,5,6000,A1,HOOI,0.7399999999997817
0.015643561003817495,3,100,1000,5,6000,A2,HOOI,0.7399999999997817
0.09429274609123614,3,100,1000,5,6000,A3,HOOI,0.7399999999997817
11.959037966895918,3,100,1000,5,6000,core,HOOI,0.7399999999997817
7.874119012158348,3,100,1000,5,6000,A1,Olga,0.43699999999989814
0.012367745715697627,3,100,1000,5,6000,A2,Olga,0.43699999999989814
1.3843307361117436,3,100,1000,5,6000,A3,Tracy,0.43699999999989814
12.445410187696886,3,100,1000,5,6000,core,Tracy_Olga,0.43699999999989814
41.76104760771742,3,100,4990,5,6000,A1,NTD,151.0359999999996
0.6105613491070051,3,100,4990,5,6000,A2,NTD,151.0359999999996
4987.041338870018,3,100,4990,5,6000,A3,NTD,151.0359999999996
12.389957375490585,3,100,4990,5,6000,core,NTD,151.0359999999996
7.9257622413479085,3,100,4990,5,6000,A1,Ours,4.8289999999997235
0.009212294097643077,3,100,4990,5,6000,A2,Ours,4.8289999999997235
2.5375185929342337,3,100,4990,5,6000,A3,Ours,4.8289999999997235
9.1905054047204,3,100,4990,5,6000,core,Ours,4.8289999999997235
7.9257622413479085,3,100,4990,5,6000,A1,HOSVD,2.1279999999997017
0.009212294097643077,3,100,4990,5,6000,A2,HOSVD,2.1279999999997017
2.531574793769735,3,100,4990,5,6000,A3,HOSVD,2.1279999999997017
9.18992887037717,3,100,4990,5,6000,core,HOSVD,2.1279999999997017
8.143781141902828,3,100,4990,5,6000,A1,HOOI,4.23700000000008
0.008353440967407517,3,100,4990,5,6000,A2,HOOI,4.23700000000008
2.530747582753795,3,100,4990,5,6000,A3,HOOI,4.23700000000008
9.180557787795776,3,100,4990,5,6000,core,HOOI,4.23700000000008
9.08101065428456,3,100,4990,5,6000,A1,Olga,2.6239999999997963
0.05698704507451132,3,100,4990,5,6000,A2,Olga,2.6239999999997963
2.873958434183223,3,100,4990,5,6000,A3,Tracy,2.6239999999997963
12.866078998847918,3,100,4990,5,6000,core,Tracy_Olga,2.6239999999997963
37.81998209811365,3,100,9967,5,6000,A1,NTD,334.7369999999996
3.781267839470451,3,100,9967,5,6000,A2,NTD,334.7369999999996
9964.083534769868,3,100,9967,5,6000,A3,NTD,334.7369999999996
12.764587479665405,3,100,9967,5,6000,core,NTD,334.7369999999996
12.099002460365792,3,100,9967,5,6000,A1,Ours,15.128999999999905
0.016382894084753057,3,100,9967,5,6000,A2,Ours,15.128999999999905
2.5982865139969653,3,100,9967,5,6000,A3,Ours,15.128999999999905
13.297565049205671,3,100,9967,5,6000,core,Ours,15.128999999999905
12.099002460365792,3,100,9967,5,6000,A1,HOSVD,3.4440000000004147
0.016382894084753057,3,100,9967,5,6000,A2,HOSVD,3.4440000000004147
2.5772632226195675,3,100,9967,5,6000,A3,HOSVD,3.4440000000004147
13.306164252084386,3,100,9967,5,6000,core,HOSVD,3.4440000000004147
12.329356877571128,3,100,9967,5,6000,A1,HOOI,11.322999999999865
0.014913211721766158,3,100,9967,5,6000,A2,HOOI,11.322999999999865
2.5798982150266645,3,100,9967,5,6000,A3,HOOI,11.322999999999865
13.299106423774603,3,100,9967,5,6000,core,HOOI,11.322999999999865
18.527163311723786,3,100,9967,5,6000,A1,Olga,6.751999999999953
0.14229904622517459,3,100,9967,5,6000,A2,Olga,6.751999999999953
2.873120298657599,3,100,9967,5,6000,A3,Tracy,6.751999999999953
13.380187218918019,3,100,9967,5,6000,core,Tracy_Olga,6.751999999999953
21.749995517531712,3,100,1000,5,7000,A1,NTD,28.278999999999996
0.17475913612524574,3,100,1000,5,7000,A2,NTD,28.278999999999996
997.0629788263739,3,100,1000,5,7000,A3,NTD,28.278999999999996
11.271662561647236,3,100,1000,5,7000,core,NTD,28.278999999999996
9.72052610074395,3,100,1000,5,7000,A1,Ours,0.46400000000039654
0.009349355292519573,3,100,1000,5,7000,A2,Ours,0.46400000000039654
0.09050224616460328,3,100,1000,5,7000,A3,Ours,0.46400000000039654
13.169377017039082,3,100,1000,5,7000,core,Ours,0.46400000000039654
9.72052610074395,3,100,1000,5,7000,A1,HOSVD,0.4079999999999018
0.009349355292519573,3,100,1000,5,7000,A2,HOSVD,0.4079999999999018
0.09048911935489881,3,100,1000,5,7000,A3,HOSVD,0.4079999999999018
13.169305068212193,3,100,1000,5,7000,core,HOSVD,0.4079999999999018
9.625022009727026,3,100,1000,5,7000,A1,HOOI,0.7539999999999054
0.008811435900309111,3,100,1000,5,7000,A2,HOOI,0.7539999999999054
0.09064163639156705,3,100,1000,5,7000,A3,HOOI,0.7539999999999054
13.167363157402358,3,100,1000,5,7000,core,HOOI,0.7539999999999054
9.039866121225497,3,100,1000,5,7000,A1,Olga,0.7240000000001601
0.008976939511385451,3,100,1000,5,7000,A2,Olga,0.7240000000001601
1.3809103869413861,3,100,1000,5,7000,A3,Tracy,0.7240000000001601
11.952866485507723,3,100,1000,5,7000,core,Tracy_Olga,0.7240000000001601
28.705636031279457,3,100,4995,5,7000,A1,NTD,160.721
1.8726657206536677,3,100,4995,5,7000,A2,NTD,160.721
4992.053420815644,3,100,4995,5,7000,A3,NTD,160.721
13.188518400042948,3,100,4995,5,7000,core,NTD,160.721
9.884569130111469,3,100,4995,5,7000,A1,Ours,15.332000000000335
0.01135578044076558,3,100,4995,5,7000,A2,Ours,15.332000000000335
2.5616079445964326,3,100,4995,5,7000,A3,Ours,15.332000000000335
13.364281400608723,3,100,4995,5,7000,core,Ours,15.332000000000335
9.884569130111469,3,100,4995,5,7000,A1,HOSVD,14.57400000000007
0.01135578044076558,3,100,4995,5,7000,A2,HOSVD,14.57400000000007
2.5568725969463295,3,100,4995,5,7000,A3,HOSVD,14.57400000000007
13.364878280889773,3,100,4995,5,7000,core,HOSVD,14.57400000000007
9.628970725620984,3,100,4995,5,7000,A1,HOOI,15.668999999999869
0.011922393411063437,3,100,4995,5,7000,A2,HOOI,15.668999999999869
2.559469719496906,3,100,4995,5,7000,A3,HOOI,15.668999999999869
13.232385761362641,3,100,4995,5,7000,core,HOOI,15.668999999999869
8.581089624611582,3,100,4995,5,7000,A1,Olga,12.041000000000167
0.05501032398466292,3,100,4995,5,7000,A2,Olga,12.041000000000167
2.909064737055708,3,100,4995,5,7000,A3,Tracy,12.041000000000167
12.347634505719684,3,100,4995,5,7000,core,Tracy_Olga,12.041000000000167
26.096334819066154,3,100,9973,5,7000,A1,NTD,329.2320000000004
0.955520121764387,3,100,9973,5,7000,A2,NTD,329.2320000000004
9970.050109839718,3,100,9973,5,7000,A3,NTD,329.2320000000004
11.282070834779118,3,100,9973,5,7000,core,NTD,329.2320000000004
11.998291567840942,3,100,9973,5,7000,A1,Ours,14.537000000000262
9.653829236654527e-4,3,100,9973,5,7000,A2,Ours,14.537000000000262
2.5934848451734362,3,100,9973,5,7000,A3,Ours,14.537000000000262
13.327146784439872,3,100,9973,5,7000,core,Ours,14.537000000000262
11.998291567840942,3,100,9973,5,7000,A1,HOSVD,2.9880000000002838
9.653829236654527e-4,3,100,9973,5,7000,A2,HOSVD,2.9880000000002838
2.578067937563058,3,100,9973,5,7000,A3,HOSVD,2.9880000000002838
13.332398064644627,3,100,9973,5,7000,core,HOSVD,2.9880000000002838
11.750169781257682,3,100,9973,5,7000,A1,HOOI,10.693999999999505
6.29455727623913e-4,3,100,9973,5,7000,A2,HOOI,10.693999999999505
2.5788403633568464,3,100,9973,5,7000,A3,HOOI,10.693999999999505
13.331373438255445,3,100,9973,5,7000,core,HOOI,10.693999999999505
15.729485896799929,3,100,9973,5,7000,A1,Olga,6.173000000000684
0.14148134741087562,3,100,9973,5,7000,A2,Olga,6.173000000000684
2.8711111548996304,3,100,9973,5,7000,A3,Tracy,6.173000000000684
12.614053352590794,3,100,9973,5,7000,core,Tracy_Olga,6.173000000000684
34.436449181158366,3,100,1000,5,8000,A1,NTD,28.279999999999745
0.1921854577120213,3,100,1000,5,8000,A2,NTD,28.279999999999745
997.0006506081196,3,100,1000,5,8000,A3,NTD,28.279999999999745
12.682256734686863,3,100,1000,5,8000,core,NTD,28.279999999999745
7.061134446053952,3,100,1000,5,8000,A1,Ours,0.6630000000004657
0.0018120896110167483,3,100,1000,5,8000,A2,Ours,0.6630000000004657
0.08289955122504677,3,100,1000,5,8000,A3,Ours,0.6630000000004657
12.368912184471725,3,100,1000,5,8000,core,Ours,0.6630000000004657
7.061134446053952,3,100,1000,5,8000,A1,HOSVD,0.6390000000001237
0.0018120896110167483,3,100,1000,5,8000,A2,HOSVD,0.6390000000001237
0.08292711163182338,3,100,1000,5,8000,A3,HOSVD,0.6390000000001237
12.368888045220755,3,100,1000,5,8000,core,HOSVD,0.6390000000001237
6.990849199514071,3,100,1000,5,8000,A1,HOOI,0.6739999999999782
0.001993645872444372,3,100,1000,5,8000,A2,HOOI,0.6739999999999782
0.08271644914823707,3,100,1000,5,8000,A3,HOOI,0.6739999999999782
12.367672780814518,3,100,1000,5,8000,core,HOOI,0.6739999999999782
5.747374815845427,3,100,1000,5,8000,A1,Olga,0.8770000000004075
0.010711406374660224,3,100,1000,5,8000,A2,Olga,0.8770000000004075
1.3832709474193627,3,100,1000,5,8000,A3,Tracy,0.8770000000004075
11.941834788654177,3,100,1000,5,8000,core,Tracy_Olga,0.8770000000004075
30.477076469353833,3,100,4998,5,8000,A1,NTD,149.4449999999997
0.7993533984437148,3,100,4998,5,8000,A2,NTD,149.4449999999997
4995.174339165731,3,100,4998,5,8000,A3,NTD,149.4449999999997
12.16356705370677,3,100,4998,5,8000,core,NTD,149.4449999999997
11.233064048455333,3,100,4998,5,8000,A1,Ours,4.6229999999995925
0.005444742387820647,3,100,4998,5,8000,A2,Ours,4.6229999999995925
2.593573907370462,3,100,4998,5,8000,A3,Ours,4.6229999999995925
13.385370362549427,3,100,4998,5,8000,core,Ours,4.6229999999995925
11.233064048455333,3,100,4998,5,8000,A1,HOSVD,2.0560000000004948
0.005444742387820647,3,100,4998,5,8000,A2,HOSVD,2.0560000000004948
2.5891370919496515,3,100,4998,5,8000,A3,HOSVD,2.0560000000004948
13.385046139348153,3,100,4998,5,8000,core,HOSVD,2.0560000000004948
11.606549300955702,3,100,4998,5,8000,A1,HOOI,4.6030000000000655
0.006200277317941948,3,100,4998,5,8000,A2,HOOI,4.6030000000000655
2.5844521261004427,3,100,4998,5,8000,A3,HOOI,4.6030000000000655
13.382516809906905,3,100,4998,5,8000,core,HOOI,4.6030000000000655
7.017936697611965,3,100,4998,5,8000,A1,Olga,2.4840000000003783
0.04042990443085985,3,100,4998,5,8000,A2,Olga,2.4840000000003783
2.9145541344745345,3,100,4998,5,8000,A3,Tracy,2.4840000000003783
11.43775146380492,3,100,4998,5,8000,core,Tracy_Olga,2.4840000000003783
52.514228748741395,3,100,9985,5,8000,A1,NTD,334.72699999999986
0.6342815877851126,3,100,9985,5,8000,A2,NTD,334.72699999999986
9982.083506969038,3,100,9985,5,8000,A3,NTD,334.72699999999986
11.446846605595955,3,100,9985,5,8000,core,NTD,334.72699999999986
9.624762003915238,3,100,9985,5,8000,A1,Ours,14.639000000000124
0.015335500987588983,3,100,9985,5,8000,A2,Ours,14.639000000000124
2.5726086306491234,3,100,9985,5,8000,A3,Ours,14.639000000000124
12.570249939407729,3,100,9985,5,8000,core,Ours,14.639000000000124
9.624762003915238,3,100,9985,5,8000,A1,HOSVD,3.2379999999993743
0.015335500987588983,3,100,9985,5,8000,A2,HOSVD,3.2379999999993743
2.5608064377437096,3,100,9985,5,8000,A3,HOSVD,3.2379999999993743
12.573203258754992,3,100,9985,5,8000,core,HOSVD,3.2379999999993743
9.6484717800628,3,100,9985,5,8000,A1,HOOI,13.186000000000604
0.01503410268950278,3,100,9985,5,8000,A2,HOOI,13.186000000000604
2.5605199876026727,3,100,9985,5,8000,A3,HOOI,13.186000000000604
12.57906109662156,3,100,9985,5,8000,core,HOOI,13.186000000000604
10.890760975848066,3,100,9985,5,8000,A1,Olga,6.269000000000233
0.10513849667199947,3,100,9985,5,8000,A2,Olga,6.269000000000233
2.856609483305462,3,100,9985,5,8000,A3,Tracy,6.269000000000233
13.303325198660653,3,100,9985,5,8000,core,Tracy_Olga,6.269000000000233
37.82028192830017,3,100,1000,5,9000,A1,NTD,27.532000000000153
0.1565783832800739,3,100,1000,5,9000,A2,NTD,27.532000000000153
997.0003747022131,3,100,1000,5,9000,A3,NTD,27.532000000000153
13.849780131754063,3,100,1000,5,9000,core,NTD,27.532000000000153
9.080565614230393,3,100,1000,5,9000,A1,Ours,0.48399999999946886
0.008998587969916072,3,100,1000,5,9000,A2,Ours,0.48399999999946886
0.07738385193488626,3,100,1000,5,9000,A3,Ours,0.48399999999946886
13.168231005577352,3,100,1000,5,9000,core,Ours,0.48399999999946886
9.080565614230393,3,100,1000,5,9000,A1,HOSVD,0.4390000000003056
0.008998587969916072,3,100,1000,5,9000,A2,HOSVD,0.4390000000003056
0.07739565103102086,3,100,1000,5,9000,A3,HOSVD,0.4390000000003056
13.168181709660576,3,100,1000,5,9000,core,HOSVD,0.4390000000003056
9.104543838325379,3,100,1000,5,9000,A1,HOOI,0.6739999999999782
0.0093836326417389,3,100,1000,5,9000,A2,HOOI,0.6739999999999782
0.07748051992752772,3,100,1000,5,9000,A3,HOOI,0.6739999999999782
13.167980339021506,3,100,1000,5,9000,core,HOOI,0.6739999999999782
6.210330854054272,3,100,1000,5,9000,A1,Olga,0.42300000000068394
0.003745683507893777,3,100,1000,5,9000,A2,Olga,0.42300000000068394
1.3820670938698114,3,100,1000,5,9000,A3,Tracy,0.42300000000068394
13.042797648712117,3,100,1000,5,9000,core,Tracy_Olga,0.42300000000068394
34.914245972743686,3,100,4998,5,9000,A1,NTD,149.1869999999999
1.3452583704222243,3,100,4998,5,9000,A2,NTD,149.1869999999999
4995.0332763704155,3,100,4998,5,9000,A3,NTD,149.1869999999999
8.76626599382318,3,100,4998,5,9000,core,NTD,149.1869999999999
7.382181472173401,3,100,4998,5,9000,A1,Ours,5.537000000000262
0.006210720602405567,3,100,4998,5,9000,A2,Ours,5.537000000000262
2.6395837145973697,3,100,4998,5,9000,A3,Ours,5.537000000000262
10.471363934156305,3,100,4998,5,9000,core,Ours,5.537000000000262
7.382181472173401,3,100,4998,5,9000,A1,HOSVD,1.9700000000002547
0.006210720602405567,3,100,4998,5,9000,A2,HOSVD,1.9700000000002547
2.6385574715161186,3,100,4998,5,9000,A3,HOSVD,1.9700000000002547
10.47272097245795,3,100,4998,5,9000,core,HOSVD,1.9700000000002547
7.643217974937053,3,100,4998,5,9000,A1,HOOI,4.722999999999956
0.006791858465695373,3,100,4998,5,9000,A2,HOOI,4.722999999999956
2.6363520588590705,3,100,4998,5,9000,A3,HOOI,4.722999999999956
10.460923499429548,3,100,4998,5,9000,core,HOOI,4.722999999999956
7.947667465026855,3,100,4998,5,9000,A1,Olga,2.620999999999185
0.032318255846703905,3,100,4998,5,9000,A2,Olga,2.620999999999185
2.8696229145341077,3,100,4998,5,9000,A3,Tracy,2.620999999999185
12.940012165912766,3,100,4998,5,9000,core,Tracy_Olga,2.620999999999185
31.16206625728283,3,100,9980,5,9000,A1,NTD,317.71699999999964
1.978368155121863,3,100,9980,5,9000,A2,NTD,317.71699999999964
9977.045660301681,3,100,9980,5,9000,A3,NTD,317.71699999999964
11.005702549039459,3,100,9980,5,9000,core,NTD,317.71699999999964
9.182917022948796,3,100,9980,5,9000,A1,Ours,14.037000000000262
0.013216190832113379,3,100,9980,5,9000,A2,Ours,14.037000000000262
2.5420180385160456,3,100,9980,5,9000,A3,Ours,14.037000000000262
11.82428199834765,3,100,9980,5,9000,core,Ours,14.037000000000262
9.182917022948796,3,100,9980,5,9000,A1,HOSVD,3.3989999999994325
0.013216190832113379,3,100,9980,5,9000,A2,HOSVD,3.3989999999994325
2.5307387116650917,3,100,9980,5,9000,A3,HOSVD,3.3989999999994325
11.829808029659985,3,100,9980,5,9000,core,HOSVD,3.3989999999994325
7.73768860749196,3,100,9980,5,9000,A1,HOOI,12.297999999999774
0.013540708747924683,3,100,9980,5,9000,A2,HOOI,12.297999999999774
2.5299650880972897,3,100,9980,5,9000,A3,HOOI,12.297999999999774
11.811666828999677,3,100,9980,5,9000,core,HOOI,12.297999999999774
9.227611157367347,3,100,9980,5,9000,A1,Olga,5.934999999999491
0.10480849239644037,3,100,9980,5,9000,A2,Olga,5.934999999999491
2.865223916090187,3,100,9980,5,9000,A3,Tracy,5.934999999999491
12.573592436735503,3,100,9980,5,9000,core,Tracy_Olga,5.934999999999491
26.965747876779638,3,100,1000,5,10000,A1,NTD,27.26299999999992
0.14289049008581553,3,100,1000,5,10000,A2,NTD,27.26299999999992
997.0001244082707,3,100,1000,5,10000,A3,NTD,27.26299999999992
8.618750443504213,3,100,1000,5,10000,core,NTD,27.26299999999992
8.25420721121127,3,100,1000,5,10000,A1,Ours,1.5039999999999054
0.008861757007503591,3,100,1000,5,10000,A2,Ours,1.5039999999999054
0.08573071732287194,3,100,1000,5,10000,A3,Ours,1.5039999999999054
13.081584833561893,3,100,1000,5,10000,core,Ours,1.5039999999999054
8.25420721121127,3,100,1000,5,10000,A1,HOSVD,1.0320000000001528
0.008861757007503591,3,100,1000,5,10000,A2,HOSVD,1.0320000000001528
0.08572538163436927,3,100,1000,5,10000,A3,HOSVD,1.0320000000001528
13.08141017785343,3,100,1000,5,10000,core,HOSVD,1.0320000000001528
8.07786085013398,3,100,1000,5,10000,A1,HOOI,0.9700000000002547
0.008991616280650093,3,100,1000,5,10000,A2,HOOI,0.9700000000002547
0.08535886250542915,3,100,1000,5,10000,A3,HOOI,0.9700000000002547
13.08304093369237,3,100,1000,5,10000,core,HOOI,0.9700000000002547
7.515294573557485,3,100,1000,5,10000,A1,Olga,0.43800000000010186
0.013768969731395218,3,100,1000,5,10000,A2,Olga,0.43800000000010186
1.3859751998340937,3,100,1000,5,10000,A3,Tracy,0.43800000000010186
13.043648528697714,3,100,1000,5,10000,core,Tracy_Olga,0.43800000000010186
57.29643824186786,3,100,4997,5,10000,A1,NTD,154.31900000000041
0.18093208433492178,3,100,4997,5,10000,A2,NTD,154.31900000000041
4994.022898042127,3,100,4997,5,10000,A3,NTD,154.31900000000041
8.866563738044901,3,100,4997,5,10000,core,NTD,154.31900000000041
9.760734057576155,3,100,4997,5,10000,A1,Ours,4.891000000000531
0.007826667073569262,3,100,4997,5,10000,A2,Ours,4.891000000000531
2.5190258742347766,3,100,4997,5,10000,A3,Ours,4.891000000000531
7.877583809040572,3,100,4997,5,10000,core,Ours,4.891000000000531
9.760734057576155,3,100,4997,5,10000,A1,HOSVD,2.1159999999999854
0.007826667073569262,3,100,4997,5,10000,A2,HOSVD,2.1159999999999854
2.5168249840419143,3,100,4997,5,10000,A3,HOSVD,2.1159999999999854
7.883448090435786,3,100,4997,5,10000,core,HOSVD,2.1159999999999854
9.821807017958328,3,100,4997,5,10000,A1,HOOI,5.3400000000001455
0.008094302537345275,3,100,4997,5,10000,A2,HOOI,5.3400000000001455
2.518702630058578,3,100,4997,5,10000,A3,HOOI,5.3400000000001455
7.894359462770479,3,100,4997,5,10000,core,HOOI,5.3400000000001455
6.704347009096809,3,100,4997,5,10000,A1,Olga,2.5909999999994398
0.04241074927332315,3,100,4997,5,10000,A2,Olga,2.5909999999994398
2.878149581771798,3,100,4997,5,10000,A3,Tracy,2.5909999999994398
12.509385247581863,3,100,4997,5,10000,core,Tracy_Olga,2.5909999999994398
41.75343763343724,3,100,9980,5,10000,A1,NTD,318.08100000000013
2.2532774125243344,3,100,9980,5,10000,A2,NTD,318.08100000000013
9977.033247009353,3,100,9980,5,10000,A3,NTD,318.08100000000013
8.347789765882412,3,100,9980,5,10000,core,NTD,318.08100000000013
10.015611641493859,3,100,9980,5,10000,A1,Ours,14.296000000000276
0.0049821082586630466,3,100,9980,5,10000,A2,Ours,14.296000000000276
2.5625900622509312,3,100,9980,5,10000,A3,Ours,14.296000000000276
13.479569903396753,3,100,9980,5,10000,core,Ours,14.296000000000276
10.015611641493859,3,100,9980,5,10000,A1,HOSVD,3.313000000000102
0.0049821082586630466,3,100,9980,5,10000,A2,HOSVD,3.313000000000102
2.5528651792478874,3,100,9980,5,10000,A3,HOSVD,3.313000000000102
13.480708723159143,3,100,9980,5,10000,core,HOSVD,3.313000000000102
10.367562830409303,3,100,9980,5,10000,A1,HOOI,13.003999999999905
0.005596616943625881,3,100,9980,5,10000,A2,HOOI,13.003999999999905
2.5555532325132546,3,100,9980,5,10000,A3,HOOI,13.003999999999905
13.47422900723124,3,100,9980,5,10000,core,HOOI,13.003999999999905
8.421436832620595,3,100,9980,5,10000,A1,Olga,5.984000000000378
0.07850750555919553,3,100,9980,5,10000,A2,Olga,5.984000000000378
2.869843796835771,3,100,9980,5,10000,A3,Tracy,5.984000000000378
11.775385450770433,3,100,9980,5,10000,core,Tracy_Olga,5.984000000000378
