error,K,Q1,R,Q2,M,mode,method,time
13.024892999331348,3,100,100,5,100,A1,NTD,4.437000000000001
0.4158999437433431,3,100,100,5,100,A2,NTD,4.437000000000001
97.0124205078827,3,100,100,5,100,A3,NTD,4.437000000000001
8.53823795095385,3,100,100,5,100,core,NTD,4.437000000000001
18.890130816207893,3,100,100,5,100,A1,Ours,0.8110000000000017
0.06605356492577712,3,100,100,5,100,A2,Ours,0.8110000000000017
0.2917449345691062,3,100,100,5,100,A3,Ours,0.8110000000000017
11.296816249299496,3,100,100,5,100,core,Ours,0.8110000000000017
18.890130816207893,3,100,100,5,100,A1,HOSVD,2.2189999999999994
0.06605356492577712,3,100,100,5,100,A2,HOSVD,2.2189999999999994
0.30685369703126136,3,100,100,5,100,A3,HOSVD,2.2189999999999994
11.302618013795993,3,100,100,5,100,core,HOSVD,2.2189999999999994
23.903221345934544,3,100,100,5,100,A1,HOOI,3.552999999999999
0.05037490062355273,3,100,100,5,100,A2,HOOI,3.552999999999999
0.25673312155153716,3,100,100,5,100,A3,HOOI,3.552999999999999
11.696886036634044,3,100,100,5,100,core,HOOI,3.552999999999999
17.982113469576785,3,100,100,5,100,A1,Olga,2.096
0.20443497354632503,3,100,100,5,100,A2,Olga,2.096
1.1099688879242926,3,100,100,5,100,A3,Tracy,2.096
11.402579947130205,3,100,100,5,100,core,Tracy_Olga,2.096
11.161712615018429,3,100,497,5,100,A1,NTD,20.320000000000004
3.1406473570913214,3,100,497,5,100,A2,NTD,20.320000000000004
494.3476342905862,3,100,497,5,100,A3,NTD,20.320000000000004
10.692579225929169,3,100,497,5,100,core,NTD,20.320000000000004
25.973572550900716,3,100,497,5,100,A1,Ours,0.5919999999999987
0.12917735048643952,3,100,497,5,100,A2,Ours,0.5919999999999987
2.8170207512801224,3,100,497,5,100,A3,Ours,0.5919999999999987
9.760295697697657,3,100,497,5,100,core,Ours,0.5919999999999987
25.973572550900716,3,100,497,5,100,A1,HOSVD,2.661999999999999
0.12917735048643952,3,100,497,5,100,A2,HOSVD,2.661999999999999
2.5365111274861847,3,100,497,5,100,A3,HOSVD,2.661999999999999
9.83907792088053,3,100,497,5,100,core,HOSVD,2.661999999999999
23.78183479127537,3,100,497,5,100,A1,HOOI,5.037000000000006
0.14916894636574238,3,100,497,5,100,A2,HOOI,5.037000000000006
2.5698542309494012,3,100,497,5,100,A3,HOOI,5.037000000000006
9.735701489396185,3,100,497,5,100,core,HOOI,5.037000000000006
29.196590390551766,3,100,497,5,100,A1,Olga,4.494
0.2855298792024378,3,100,497,5,100,A2,Olga,4.494
2.8158554531327655,3,100,497,5,100,A3,Tracy,4.494
11.98125182538342,3,100,497,5,100,core,Tracy_Olga,4.494
33.992796140659955,3,100,985,5,100,A1,NTD,37.089
3.230447084782084,3,100,985,5,100,A2,NTD,37.089
982.2359151597495,3,100,985,5,100,A3,NTD,37.089
9.985068486791253,3,100,985,5,100,core,NTD,37.089
31.057911019800372,3,100,985,5,100,A1,Ours,7.3489999999999895
0.16751560963321493,3,100,985,5,100,A2,Ours,7.3489999999999895
3.3097939653297335,3,100,985,5,100,A3,Ours,7.3489999999999895
12.664153780062755,3,100,985,5,100,core,Ours,7.3489999999999895
31.057911019800372,3,100,985,5,100,A1,HOSVD,10.844999999999999
0.16751560963321493,3,100,985,5,100,A2,HOSVD,10.844999999999999
2.579925417736195,3,100,985,5,100,A3,HOSVD,10.844999999999999
7.732824603768628,3,100,985,5,100,core,HOSVD,10.844999999999999
29.655621871197404,3,100,985,5,100,A1,HOOI,11.582999999999998
0.13679657658181005,3,100,985,5,100,A2,HOOI,11.582999999999998
2.5732158678229546,3,100,985,5,100,A3,HOOI,11.582999999999998
11.6332972648472,3,100,985,5,100,core,HOOI,11.582999999999998
34.73568043250369,3,100,985,5,100,A1,Olga,11.28500000000001
0.8776857200068161,3,100,985,5,100,A2,Olga,11.28500000000001
2.8534260818649795,3,100,985,5,100,A3,Tracy,11.28500000000001
11.806616783667318,3,100,985,5,100,core,Tracy_Olga,11.28500000000001
107.31576774460494,3,100,2376,5,100,A1,NTD,89.447
1.7859142979756528,3,100,2376,5,100,A2,NTD,89.447
2373.3643856021445,3,100,2376,5,100,A3,NTD,89.447
10.401384088227086,3,100,2376,5,100,core,NTD,89.447
26.817290344961027,3,100,2376,5,100,A1,Ours,2.173000000000002
0.1298528974300837,3,100,2376,5,100,A2,Ours,2.173000000000002
5.097559402063764,3,100,2376,5,100,A3,Ours,2.173000000000002
8.119555305189737,3,100,2376,5,100,core,Ours,2.173000000000002
26.817290344961027,3,100,2376,5,100,A1,HOSVD,2.8940000000000055
0.1298528974300837,3,100,2376,5,100,A2,HOSVD,2.8940000000000055
2.639695841577462,3,100,2376,5,100,A3,HOSVD,2.8940000000000055
11.79079692774081,3,100,2376,5,100,core,HOSVD,2.8940000000000055
26.343245486235453,3,100,2376,5,100,A1,HOOI,8.309000000000026
0.16052010753195808,3,100,2376,5,100,A2,HOOI,8.309000000000026
2.674148152964627,3,100,2376,5,100,A3,HOOI,8.309000000000026
12.000296320512959,3,100,2376,5,100,core,HOOI,8.309000000000026
38.020281394362826,3,100,2376,5,100,A1,Olga,4.052000000000021
0.7809476186695401,3,100,2376,5,100,A2,Olga,4.052000000000021
2.912924923964355,3,100,2376,5,100,A3,Tracy,4.052000000000021
11.517897896839413,3,100,2376,5,100,core,Tracy_Olga,4.052000000000021
115.72896404423234,3,100,4513,5,100,A1,NTD,161.964
3.230448836350057,3,100,4513,5,100,A2,NTD,161.964
4510.595361895323,3,100,4513,5,100,A3,NTD,161.964
10.599056836834441,3,100,4513,5,100,core,NTD,161.964
29.90499788686964,3,100,4513,5,100,A1,Ours,6.4879999999999995
0.08287060277641153,3,100,4513,5,100,A2,Ours,6.4879999999999995
5.354794245674905,3,100,4513,5,100,A3,Ours,6.4879999999999995
11.973726745089223,3,100,4513,5,100,core,Ours,6.4879999999999995
29.90499788686964,3,100,4513,5,100,A1,HOSVD,8.774000000000001
0.08287060277641153,3,100,4513,5,100,A2,HOSVD,8.774000000000001
2.741374554806199,3,100,4513,5,100,A3,HOSVD,8.774000000000001
11.776576902111143,3,100,4513,5,100,core,HOSVD,8.774000000000001
23.271450886198007,3,100,4513,5,100,A1,HOOI,18.38100000000003
0.07545335328462759,3,100,4513,5,100,A2,HOOI,18.38100000000003
3.686490155471144,3,100,4513,5,100,A3,HOOI,18.38100000000003
9.847497166837309,3,100,4513,5,100,core,HOOI,18.38100000000003
77.36655380740824,3,100,4513,5,100,A1,Olga,14.828000000000031
1.208745224919805,3,100,4513,5,100,A2,Olga,14.828000000000031
3.922412509502106,3,100,4513,5,100,A3,Tracy,14.828000000000031
12.105863751313473,3,100,4513,5,100,core,Tracy_Olga,14.828000000000031
115.04949460083456,3,100,5272,5,100,A1,NTD,179.35399999999998
3.130645822282571,3,100,5272,5,100,A2,NTD,179.35399999999998
5269.592870550428,3,100,5272,5,100,A3,NTD,179.35399999999998
9.78774754965791,3,100,5272,5,100,core,NTD,179.35399999999998
25.007249191167134,3,100,5272,5,100,A1,Ours,5.277000000000044
0.061105006727528714,3,100,5272,5,100,A2,Ours,5.277000000000044
5.275814362402802,3,100,5272,5,100,A3,Ours,5.277000000000044
11.760409723895878,3,100,5272,5,100,core,Ours,5.277000000000044
21.001564529560596,3,100,5272,5,100,A1,HOOI,6.3419999999999845
0.04787599904718647,3,100,5272,5,100,A2,HOOI,6.3419999999999845
3.4486797386728867,3,100,5272,5,100,A3,HOOI,6.3419999999999845
7.356660222582303,3,100,5272,5,100,core,HOOI,6.3419999999999845
68.80953421157675,3,100,5272,5,100,A1,Olga,3.3079999999999927
2.7403645052908945,3,100,5272,5,100,A2,Olga,3.3079999999999927
3.0753507768327872,3,100,5272,5,100,A3,Tracy,3.3079999999999927
7.879847942115088,3,100,5272,5,100,core,Tracy_Olga,3.3079999999999927
107.03701043568816,3,100,6083,5,100,A1,NTD,201.29000000000008
3.2304195774650832,3,100,6083,5,100,A2,NTD,201.29000000000008
6080.580739244053,3,100,6083,5,100,A3,NTD,201.29000000000008
10.666457928428215,3,100,6083,5,100,core,NTD,201.29000000000008
26.031687739040958,3,100,6083,5,100,A1,Ours,6.980000000000018
0.10081358018339075,3,100,6083,5,100,A2,Ours,6.980000000000018
5.331988816627818,3,100,6083,5,100,A3,Ours,6.980000000000018
12.024997433962096,3,100,6083,5,100,core,Ours,6.980000000000018
26.031687739040958,3,100,6083,5,100,A1,HOSVD,2.1059999999999945
0.10081358018339075,3,100,6083,5,100,A2,HOSVD,2.1059999999999945
3.9558057453489552,3,100,6083,5,100,A3,HOSVD,2.1059999999999945
7.735715351257686,3,100,6083,5,100,core,HOSVD,2.1059999999999945
25.613020900025596,3,100,6083,5,100,A1,HOOI,9.022000000000048
0.07208653974274185,3,100,6083,5,100,A2,HOOI,9.022000000000048
3.627784165553255,3,100,6083,5,100,A3,HOOI,9.022000000000048
12.993069198847571,3,100,6083,5,100,core,HOOI,9.022000000000048
119.70937299336225,3,100,6812,5,100,A1,NTD,216.957
1.2304393672178424,3,100,6812,5,100,A2,NTD,216.957
6809.616269879191,3,100,6812,5,100,A3,NTD,216.957
8.845449135114041,3,100,6812,5,100,core,NTD,216.957
25.34389289433782,3,100,6812,5,100,A1,Ours,11.354000000000042
0.139697295380471,3,100,6812,5,100,A2,Ours,11.354000000000042
5.357117854191621,3,100,6812,5,100,A3,Ours,11.354000000000042
9.179673499593992,3,100,6812,5,100,core,Ours,11.354000000000042
25.34389289433782,3,100,6812,5,100,A1,HOSVD,7.857999999999947
0.139697295380471,3,100,6812,5,100,A2,HOSVD,7.857999999999947
2.8357058382435847,3,100,6812,5,100,A3,HOSVD,7.857999999999947
12.000264010657363,3,100,6812,5,100,core,HOSVD,7.857999999999947
25.087052010789574,3,100,6812,5,100,A1,HOOI,16.455999999999904
0.13579473256554442,3,100,6812,5,100,A2,HOOI,16.455999999999904
3.969482689354885,3,100,6812,5,100,A3,HOOI,16.455999999999904
10.268790278651686,3,100,6812,5,100,core,HOOI,16.455999999999904
119.73028886528053,3,100,7452,5,100,A1,NTD,227.3409999999999
3.2304413904406437,3,100,7452,5,100,A2,NTD,227.3409999999999
7449.58873565708,3,100,7452,5,100,A3,NTD,227.3409999999999
9.883180008513731,3,100,7452,5,100,core,NTD,227.3409999999999
28.723506248027455,3,100,7452,5,100,A1,Ours,8.56899999999996
0.05973513966450886,3,100,7452,5,100,A2,Ours,8.56899999999996
5.274623012046782,3,100,7452,5,100,A3,Ours,8.56899999999996
10.802757641575756,3,100,7452,5,100,core,Ours,8.56899999999996
106.69867998719809,3,100,7452,5,100,A1,Olga,4.531999999999925
0.9064851275374736,3,100,7452,5,100,A2,Olga,4.531999999999925
4.920892947384029,3,100,7452,5,100,A3,Tracy,4.531999999999925
8.857325653563302,3,100,7452,5,100,core,Tracy_Olga,4.531999999999925
125.56435327172218,3,100,8165,5,100,A1,NTD,264.3599999999999
1.2304350033615876,3,100,8165,5,100,A2,NTD,264.3599999999999
8162.633705566017,3,100,8165,5,100,A3,NTD,264.3599999999999
8.764285445023559,3,100,8165,5,100,core,NTD,264.3599999999999
25.89213614123842,3,100,8165,5,100,A1,Ours,13.39799999999991
0.08089930673680001,3,100,8165,5,100,A2,Ours,13.39799999999991
5.211153405173689,3,100,8165,5,100,A3,Ours,13.39799999999991
10.823376144603658,3,100,8165,5,100,core,Ours,13.39799999999991
25.89213614123842,3,100,8165,5,100,A1,HOSVD,6.080999999999904
0.08089930673680001,3,100,8165,5,100,A2,HOSVD,6.080999999999904
2.913143422747145,3,100,8165,5,100,A3,HOSVD,6.080999999999904
11.466411368124025,3,100,8165,5,100,core,HOSVD,6.080999999999904
73.56129223007748,3,100,8165,5,100,A1,Olga,12.992999999999938
2.3293700417449914,3,100,8165,5,100,A2,Olga,12.992999999999938
3.9741083831836868,3,100,8165,5,100,A3,Tracy,12.992999999999938
9.647248851802827,3,100,8165,5,100,core,Tracy_Olga,12.992999999999938
4.138905218152977,3,100,100,5,3000,A1,NTD,3.6130000000000564
0.5261109664368792,3,100,100,5,3000,A2,NTD,3.6130000000000564
97.0000599883728,3,100,100,5,3000,A3,NTD,3.6130000000000564
12.52671204507196,3,100,100,5,3000,core,NTD,3.6130000000000564
5.935293152883159,3,100,100,5,3000,A1,Ours,3.3329999999998563
0.010249464729800076,3,100,100,5,3000,A2,Ours,3.3329999999998563
0.04119201047982802,3,100,100,5,3000,A3,Ours,3.3329999999998563
11.187178835554136,3,100,100,5,3000,core,Ours,3.3329999999998563
5.935293152883159,3,100,100,5,3000,A1,HOSVD,3.634999999999991
0.010249464729800076,3,100,100,5,3000,A2,HOSVD,3.634999999999991
0.04119264308776599,3,100,100,5,3000,A3,HOSVD,3.634999999999991
11.187188797764351,3,100,100,5,3000,core,HOSVD,3.634999999999991
5.8975199225042765,3,100,100,5,3000,A1,HOOI,4.063000000000102
0.00981960681939919,3,100,100,5,3000,A2,HOOI,4.063000000000102
0.04107371727497624,3,100,100,5,3000,A3,HOOI,4.063000000000102
11.18755965535217,3,100,100,5,3000,core,HOOI,4.063000000000102
4.400770750433038,3,100,100,5,3000,A1,Olga,3.58400000000006
0.013967015629480689,3,100,100,5,3000,A2,Olga,3.58400000000006
1.0582996059904437,3,100,100,5,3000,A3,Tracy,3.58400000000006
11.229641633900991,3,100,100,5,3000,core,Tracy_Olga,3.58400000000006
5.6522145473268814,3,100,500,5,3000,A1,NTD,14.778999999999996
0.23238013655561607,3,100,500,5,3000,A2,NTD,14.778999999999996
497.000091284394,3,100,500,5,3000,A3,NTD,14.778999999999996
9.63859273869813,3,100,500,5,3000,core,NTD,14.778999999999996
5.609428299635778,3,100,500,5,3000,A1,Ours,5.364000000000033
0.009232769163674534,3,100,500,5,3000,A2,Ours,5.364000000000033
0.20437607885670372,3,100,500,5,3000,A3,Ours,5.364000000000033
11.116888873744445,3,100,500,5,3000,core,Ours,5.364000000000033
5.609428299635778,3,100,500,5,3000,A1,HOSVD,6.414999999999964
0.009232769163674534,3,100,500,5,3000,A2,HOSVD,6.414999999999964
0.20426118601684545,3,100,500,5,3000,A3,HOSVD,6.414999999999964
11.11649686906418,3,100,500,5,3000,core,HOSVD,6.414999999999964
5.618350120873051,3,100,500,5,3000,A1,HOOI,5.257000000000062
0.008116256282483233,3,100,500,5,3000,A2,HOOI,5.257000000000062
0.20277671423502705,3,100,500,5,3000,A3,HOOI,5.257000000000062
11.114171430820978,3,100,500,5,3000,core,HOOI,5.257000000000062
3.97472359983587,3,100,500,5,3000,A1,Olga,8.024000000000115
0.010432082570157014,3,100,500,5,3000,A2,Olga,8.024000000000115
1.2982055859361414,3,100,500,5,3000,A3,Tracy,8.024000000000115
11.190303476059354,3,100,500,5,3000,core,Tracy_Olga,8.024000000000115
8.789775001233869,3,100,1000,5,3000,A1,NTD,32.423
0.2206732032643917,3,100,1000,5,3000,A2,NTD,32.423
997.0006465631749,3,100,1000,5,3000,A3,NTD,32.423
12.372187144353754,3,100,1000,5,3000,core,NTD,32.423
5.796181799114002,3,100,1000,5,3000,A1,Ours,6.032000000000153
0.02078901739475466,3,100,1000,5,3000,A2,Ours,6.032000000000153
0.6370824042620169,3,100,1000,5,3000,A3,Ours,6.032000000000153
11.864361519921763,3,100,1000,5,3000,core,Ours,6.032000000000153
5.796181799114002,3,100,1000,5,3000,A1,HOSVD,5.499000000000024
0.02078901739475466,3,100,1000,5,3000,A2,HOSVD,5.499000000000024
0.6360724891914277,3,100,1000,5,3000,A3,HOSVD,5.499000000000024
11.86260982738888,3,100,1000,5,3000,core,HOSVD,5.499000000000024
5.796014642284764,3,100,1000,5,3000,A1,HOOI,9.706000000000131
0.020307406357911423,3,100,1000,5,3000,A2,HOOI,9.706000000000131
0.6288252100158441,3,100,1000,5,3000,A3,HOOI,9.706000000000131
11.86252743617368,3,100,1000,5,3000,core,HOOI,9.706000000000131
3.793250235842874,3,100,1000,5,3000,A1,Olga,7.213999999999942
0.020247745018838432,3,100,1000,5,3000,A2,Olga,7.213999999999942
1.4883703321054975,3,100,1000,5,3000,A3,Tracy,7.213999999999942
11.856222749236407,3,100,1000,5,3000,core,Tracy_Olga,7.213999999999942
2.8114905458017065,3,100,2499,5,3000,A1,NTD,82.41999999999985
0.94396705841596,3,100,2499,5,3000,A2,NTD,82.41999999999985
2496.0963683480436,3,100,2499,5,3000,A3,NTD,82.41999999999985
7.753149574372364,3,100,2499,5,3000,core,NTD,82.41999999999985
5.423029164341609,3,100,2499,5,3000,A1,Ours,2.313000000000102
0.02806274159449395,3,100,2499,5,3000,A2,Ours,2.313000000000102
2.5340723018375653,3,100,2499,5,3000,A3,Ours,2.313000000000102
11.735319960761137,3,100,2499,5,3000,core,Ours,2.313000000000102
5.423029164341609,3,100,2499,5,3000,A1,HOSVD,1.0190000000000055
0.02806274159449395,3,100,2499,5,3000,A2,HOSVD,1.0190000000000055
2.528425183566063,3,100,2499,5,3000,A3,HOSVD,1.0190000000000055
11.72649643586717,3,100,2499,5,3000,core,HOSVD,1.0190000000000055
5.392489177460086,3,100,2499,5,3000,A1,HOOI,2.258000000000038
0.02663415560845649,3,100,2499,5,3000,A2,HOOI,2.258000000000038
2.529890901752325,3,100,2499,5,3000,A3,HOOI,2.258000000000038
11.747450383979814,3,100,2499,5,3000,core,HOOI,2.258000000000038
3.5901360003609835,3,100,2499,5,3000,A1,Olga,1.2290000000000418
0.03213495815878708,3,100,2499,5,3000,A2,Olga,1.2290000000000418
2.794295569413229,3,100,2499,5,3000,A3,Tracy,1.2290000000000418
11.756135459858609,3,100,2499,5,3000,core,Tracy_Olga,1.2290000000000418
2.181203564050588,3,100,4985,5,3000,A1,NTD,169.84899999999993
0.5109331274943597,3,100,4985,5,3000,A2,NTD,169.84899999999993
4982.088019475984,3,100,4985,5,3000,A3,NTD,169.84899999999993
10.736845536890183,3,100,4985,5,3000,core,NTD,169.84899999999993
6.738789665378077,3,100,4985,5,3000,A1,Ours,4.946000000000367
0.013741021993974043,3,100,4985,5,3000,A2,Ours,4.946000000000367
2.5824119457930763,3,100,4985,5,3000,A3,Ours,4.946000000000367
11.705651092880618,3,100,4985,5,3000,core,Ours,4.946000000000367
6.738789665378077,3,100,4985,5,3000,A1,HOSVD,1.6149999999997817
0.013741021993974043,3,100,4985,5,3000,A2,HOSVD,1.6149999999997817
2.5589292649063973,3,100,4985,5,3000,A3,HOSVD,1.6149999999997817
11.682995134691588,3,100,4985,5,3000,core,HOSVD,1.6149999999997817
6.730819404135622,3,100,4985,5,3000,A1,HOOI,4.440000000000055
0.011122490116116737,3,100,4985,5,3000,A2,HOOI,4.440000000000055
2.5661041300607335,3,100,4985,5,3000,A3,HOOI,4.440000000000055
11.742020866005344,3,100,4985,5,3000,core,HOOI,4.440000000000055
3.564255621632359,3,100,4985,5,3000,A1,Olga,2.36600000000044
0.08725770056003823,3,100,4985,5,3000,A2,Olga,2.36600000000044
2.844847354642979,3,100,4985,5,3000,A3,Tracy,2.36600000000044
11.584780004551785,3,100,4985,5,3000,core,Tracy_Olga,2.36600000000044
3.640433668697313,3,100,5974,5,3000,A1,NTD,193.66800000000012
0.9640246783230166,3,100,5974,5,3000,A2,NTD,193.66800000000012
5971.077865558535,3,100,5974,5,3000,A3,NTD,193.66800000000012
11.513573343039429,3,100,5974,5,3000,core,NTD,193.66800000000012
5.710769589636987,3,100,5974,5,3000,A1,Ours,6.085999999999785
0.019393258729000152,3,100,5974,5,3000,A2,Ours,6.085999999999785
2.5982932687539915,3,100,5974,5,3000,A3,Ours,6.085999999999785
11.720111329489281,3,100,5974,5,3000,core,Ours,6.085999999999785
5.710769589636987,3,100,5974,5,3000,A1,HOSVD,1.9559999999996762
0.019393258729000152,3,100,5974,5,3000,A2,HOSVD,1.9559999999996762
2.566814367300193,3,100,5974,5,3000,A3,HOSVD,1.9559999999996762
11.672393824837993,3,100,5974,5,3000,core,HOSVD,1.9559999999996762
5.718321103190046,3,100,5974,5,3000,A1,HOOI,5.313999999999851
0.020696415532175223,3,100,5974,5,3000,A2,HOOI,5.313999999999851
2.574206886845245,3,100,5974,5,3000,A3,HOOI,5.313999999999851
11.738449171976113,3,100,5974,5,3000,core,HOOI,5.313999999999851
3.747028518843192,3,100,5974,5,3000,A1,Olga,3.0549999999998363
0.10709139873843475,3,100,5974,5,3000,A2,Olga,3.0549999999998363
2.8354071386793995,3,100,5974,5,3000,A3,Tracy,3.0549999999998363
11.669976970398796,3,100,5974,5,3000,core,Tracy_Olga,3.0549999999998363
2.3966417588661657,3,100,6972,5,3000,A1,NTD,214.66799999999967
1.2523975564712306,3,100,6972,5,3000,A2,NTD,214.66799999999967
6969.096120624121,3,100,6972,5,3000,A3,NTD,214.66799999999967
11.1377664320767,3,100,6972,5,3000,core,NTD,214.66799999999967
6.688382169850007,3,100,6972,5,3000,A1,Ours,7.474999999999909
0.016682766233145373,3,100,6972,5,3000,A2,Ours,7.474999999999909
2.6417620480172106,3,100,6972,5,3000,A3,Ours,7.474999999999909
11.696962779430992,3,100,6972,5,3000,core,Ours,7.474999999999909
6.688382169850007,3,100,6972,5,3000,A1,HOSVD,2.34900000000016
0.016682766233145373,3,100,6972,5,3000,A2,HOSVD,2.34900000000016
2.5989660104960683,3,100,6972,5,3000,A3,HOSVD,2.34900000000016
11.629636282987612,3,100,6972,5,3000,core,HOSVD,2.34900000000016
6.64823464029063,3,100,6972,5,3000,A1,HOOI,5.881000000000313
0.0144593549690566,3,100,6972,5,3000,A2,HOOI,5.881000000000313
2.6058803656269793,3,100,6972,5,3000,A3,HOOI,5.881000000000313
11.698521682327906,3,100,6972,5,3000,core,HOOI,5.881000000000313
4.345597662323125,3,100,6972,5,3000,A1,Olga,3.688999999999851
0.10456537622860254,3,100,6972,5,3000,A2,Olga,3.688999999999851
2.8638512082931564,3,100,6972,5,3000,A3,Tracy,3.688999999999851
11.64443840659583,3,100,6972,5,3000,core,Tracy_Olga,3.688999999999851
2.5911152376234354,3,100,7957,5,3000,A1,NTD,246.34299999999985
2.282023062160623,3,100,7957,5,3000,A2,NTD,246.34299999999985
7954.08196034061,3,100,7957,5,3000,A3,NTD,246.34299999999985
9.709584453461918,3,100,7957,5,3000,core,NTD,246.34299999999985
5.3564555896005706,3,100,7957,5,3000,A1,Ours,10.398000000000138
0.014619244504954833,3,100,7957,5,3000,A2,Ours,10.398000000000138
2.637672471983427,3,100,7957,5,3000,A3,Ours,10.398000000000138
11.758185479481059,3,100,7957,5,3000,core,Ours,10.398000000000138
5.3564555896005706,3,100,7957,5,3000,A1,HOSVD,2.6210000000000946
0.014619244504954833,3,100,7957,5,3000,A2,HOSVD,2.6210000000000946
2.5782390073076815,3,100,7957,5,3000,A3,HOSVD,2.6210000000000946
11.681033341892887,3,100,7957,5,3000,core,HOSVD,2.6210000000000946
5.3329530720731695,3,100,7957,5,3000,A1,HOOI,7.820999999999913
0.013921646887358084,3,100,7957,5,3000,A2,HOOI,7.820999999999913
2.5846418678408196,3,100,7957,5,3000,A3,HOOI,7.820999999999913
11.765347403890706,3,100,7957,5,3000,core,HOOI,7.820999999999913
3.950926309645041,3,100,7957,5,3000,A1,Olga,4.706000000000131
0.14557517404863046,3,100,7957,5,3000,A2,Olga,4.706000000000131
2.8534376269641384,3,100,7957,5,3000,A3,Tracy,4.706000000000131
11.649095992560055,3,100,7957,5,3000,core,Tracy_Olga,4.706000000000131
4.939651323522304,3,100,8943,5,3000,A1,NTD,274.9290000000001
3.7288944081517315,3,100,8943,5,3000,A2,NTD,274.9290000000001
8940.088912527006,3,100,8943,5,3000,A3,NTD,274.9290000000001
10.42512343626533,3,100,8943,5,3000,core,NTD,274.9290000000001
6.246767911136685,3,100,8943,5,3000,A1,Ours,12.947000000000116
0.00988716052412347,3,100,8943,5,3000,A2,Ours,12.947000000000116
2.8486185590737665,3,100,8943,5,3000,A3,Ours,12.947000000000116
8.7978456849359,3,100,8943,5,3000,core,Ours,12.947000000000116
6.246767911136685,3,100,8943,5,3000,A1,HOSVD,2.85799999999972
0.00988716052412347,3,100,8943,5,3000,A2,HOSVD,2.85799999999972
2.5917022925869135,3,100,8943,5,3000,A3,HOSVD,2.85799999999972
11.755269855636872,3,100,8943,5,3000,core,HOSVD,2.85799999999972
6.272907048712946,3,100,8943,5,3000,A1,HOOI,9.576000000000022
0.009519723165450822,3,100,8943,5,3000,A2,HOOI,9.576000000000022
2.5957449086143076,3,100,8943,5,3000,A3,HOOI,9.576000000000022
11.79853497872653,3,100,8943,5,3000,core,HOOI,9.576000000000022
4.46044929705497,3,100,8943,5,3000,A1,Olga,5.652000000000044
0.10202083779262786,3,100,8943,5,3000,A2,Olga,5.652000000000044
2.858993617764543,3,100,8943,5,3000,A3,Tracy,5.652000000000044
11.694814774332581,3,100,8943,5,3000,core,Tracy_Olga,5.652000000000044
7.439191965269425,3,100,9938,5,3000,A1,NTD,316.6999999999998
1.02759968147575,3,100,9938,5,3000,A2,NTD,316.6999999999998
9935.09924139466,3,100,9938,5,3000,A3,NTD,316.6999999999998
12.713367233711507,3,100,9938,5,3000,core,NTD,316.6999999999998
6.931904832521453,3,100,9938,5,3000,A1,Ours,15.49200000000019
0.029763880340508777,3,100,9938,5,3000,A2,Ours,15.49200000000019
2.846904507729629,3,100,9938,5,3000,A3,Ours,15.49200000000019
8.835028544333356,3,100,9938,5,3000,core,Ours,15.49200000000019
6.931904832521453,3,100,9938,5,3000,A1,HOSVD,3.951999999999771
0.029763880340508777,3,100,9938,5,3000,A2,HOSVD,3.951999999999771
2.5821382771180814,3,100,9938,5,3000,A3,HOSVD,3.951999999999771
11.767692739001472,3,100,9938,5,3000,core,HOSVD,3.951999999999771
7.000377089097531,3,100,9938,5,3000,A1,HOOI,14.465000000000146
0.031673271693821795,3,100,9938,5,3000,A2,HOOI,14.465000000000146
4.841803255470587,3,100,9938,5,3000,A3,HOOI,14.465000000000146
9.000299482494755,3,100,9938,5,3000,core,HOOI,14.465000000000146
4.558095908268658,3,100,9938,5,3000,A1,Olga,8.023000000000138
0.1323838697014572,3,100,9938,5,3000,A2,Olga,8.023000000000138
2.8639350395867527,3,100,9938,5,3000,A3,Tracy,8.023000000000138
11.701862399865233,3,100,9938,5,3000,core,Tracy_Olga,8.023000000000138
6.161485273427183,3,100,100,5,10000,A1,NTD,3.6149999999997817
0.3856970856448569,3,100,100,5,10000,A2,NTD,3.6149999999997817
97.0000116900571,3,100,100,5,10000,A3,NTD,3.6149999999997817
10.061908790593801,3,100,100,5,10000,core,NTD,3.6149999999997817
2.578094203223945,3,100,100,5,10000,A1,Ours,0.07799999999997453
0.006607486642300325,3,100,100,5,10000,A2,Ours,0.07799999999997453
0.02377826405951269,3,100,100,5,10000,A3,Ours,0.07799999999997453
11.159673714409356,3,100,100,5,10000,core,Ours,0.07799999999997453
2.578094203223945,3,100,100,5,10000,A1,HOSVD,0.07300000000032014
0.006607486642300325,3,100,100,5,10000,A2,HOSVD,0.07300000000032014
0.023778070408739846,3,100,100,5,10000,A3,HOSVD,0.07300000000032014
11.159674655811697,3,100,100,5,10000,core,HOSVD,0.07300000000032014
2.5858915464248704,3,100,100,5,10000,A1,HOOI,0.2650000000003274
0.006122819378786959,3,100,100,5,10000,A2,HOOI,0.2650000000003274
0.023871474152362588,3,100,100,5,10000,A3,HOOI,0.2650000000003274
11.159618188183089,3,100,100,5,10000,core,HOOI,0.2650000000003274
2.5807809101108328,3,100,100,5,10000,A1,Olga,0.08100000000013097
0.0028274732256771884,3,100,100,5,10000,A2,Olga,0.08100000000013097
1.0579052230944332,3,100,100,5,10000,A3,Tracy,0.08100000000013097
11.218676723684789,3,100,100,5,10000,core,Tracy_Olga,0.08100000000013097
4.092129946693446,3,100,500,5,10000,A1,NTD,15.780999999999949
0.43796265788797023,3,100,500,5,10000,A2,NTD,15.780999999999949
497.0000048665436,3,100,500,5,10000,A3,NTD,15.780999999999949
7.752151293815117,3,100,500,5,10000,core,NTD,15.780999999999949
3.3858989427174504,3,100,500,5,10000,A1,Ours,0.3829999999998108
0.008724740233598823,3,100,500,5,10000,A2,Ours,0.3829999999998108
0.054536679260741794,3,100,500,5,10000,A3,Ours,0.3829999999998108
11.166584284716931,3,100,500,5,10000,core,Ours,0.3829999999998108
3.3858989427174504,3,100,500,5,10000,A1,HOSVD,0.3170000000000073
0.008724740233598823,3,100,500,5,10000,A2,HOSVD,0.3170000000000073
0.05453682587630542,3,100,500,5,10000,A3,HOSVD,0.3170000000000073
11.16659197933288,3,100,500,5,10000,core,HOSVD,0.3170000000000073
3.384881388555853,3,100,500,5,10000,A1,HOOI,0.38999999999987267
0.008660803993053402,3,100,500,5,10000,A2,HOOI,0.38999999999987267
0.05439214639272575,3,100,500,5,10000,A3,HOOI,0.38999999999987267
11.166706608533037,3,100,500,5,10000,core,HOOI,0.38999999999987267
2.5985133202663975,3,100,500,5,10000,A1,Olga,0.3170000000000073
0.005451380564327191,3,100,500,5,10000,A2,Olga,0.3170000000000073
1.2884383089126812,3,100,500,5,10000,A3,Tracy,0.3170000000000073
11.195689370855558,3,100,500,5,10000,core,Tracy_Olga,0.3170000000000073
3.2092142750117714,3,100,1000,5,10000,A1,NTD,33.753999999999905
0.5136169692499257,3,100,1000,5,10000,A2,NTD,33.753999999999905
997.0000223036125,3,100,1000,5,10000,A3,NTD,33.753999999999905
12.984047695172977,3,100,1000,5,10000,core,NTD,33.753999999999905
3.0483090545675755,3,100,1000,5,10000,A1,Ours,2.10799999999972
0.01567860201193634,3,100,1000,5,10000,A2,Ours,2.10799999999972
0.08393774938463382,3,100,1000,5,10000,A3,Ours,2.10799999999972
11.145578649240283,3,100,1000,5,10000,core,Ours,2.10799999999972
3.0483090545675755,3,100,1000,5,10000,A1,HOSVD,3.26299999999992
0.01567860201193634,3,100,1000,5,10000,A2,HOSVD,3.26299999999992
0.08388634099346107,3,100,1000,5,10000,A3,HOSVD,3.26299999999992
11.145424965931904,3,100,1000,5,10000,core,HOSVD,3.26299999999992
3.016068222640989,3,100,1000,5,10000,A1,HOOI,3.286000000000058
0.015283515720412658,3,100,1000,5,10000,A2,HOOI,3.286000000000058
0.08314929117293213,3,100,1000,5,10000,A3,HOOI,3.286000000000058
11.147467902134325,3,100,1000,5,10000,core,HOOI,3.286000000000058
1.9591692158167004,3,100,1000,5,10000,A1,Olga,2.525000000000091
0.01223384956081473,3,100,1000,5,10000,A2,Olga,2.525000000000091
1.335789335824937,3,100,1000,5,10000,A3,Tracy,2.525000000000091
11.199309112939524,3,100,1000,5,10000,core,Tracy_Olga,2.525000000000091
3.1160037220183927,3,100,2500,5,10000,A1,NTD,90.85899999999992
0.18132459423666963,3,100,2500,5,10000,A2,NTD,90.85899999999992
2497.0003256126515,3,100,2500,5,10000,A3,NTD,90.85899999999992
10.826130318007571,3,100,2500,5,10000,core,NTD,90.85899999999992
2.8270161699099035,3,100,2500,5,10000,A1,Ours,12.765000000000327
0.008133979905857926,3,100,2500,5,10000,A2,Ours,12.765000000000327
0.5420838219336431,3,100,2500,5,10000,A3,Ours,12.765000000000327
11.307678238916168,3,100,2500,5,10000,core,Ours,12.765000000000327
2.8270161699099035,3,100,2500,5,10000,A1,HOSVD,11.059999999999945
0.008133979905857926,3,100,2500,5,10000,A2,HOSVD,11.059999999999945
0.5417735336618609,3,100,2500,5,10000,A3,HOSVD,11.059999999999945
11.307120226409928,3,100,2500,5,10000,core,HOSVD,11.059999999999945
2.8349578133435305,3,100,2500,5,10000,A1,HOOI,9.070000000000164
0.008171064590810472,3,100,2500,5,10000,A2,HOOI,9.070000000000164
0.5685261084467522,3,100,2500,5,10000,A3,HOOI,9.070000000000164
11.246649890835814,3,100,2500,5,10000,core,HOOI,9.070000000000164
2.351731736779343,3,100,2500,5,10000,A1,Olga,10.585999999999785
0.016914136052888478,3,100,2500,5,10000,A2,Olga,10.585999999999785
1.4992510418129232,3,100,2500,5,10000,A3,Tracy,10.585999999999785
11.308033389780467,3,100,2500,5,10000,core,Tracy_Olga,10.585999999999785
7.530034540636164,3,100,4997,5,10000,A1,NTD,177.76200000000017
0.2362907469674318,3,100,4997,5,10000,A2,NTD,177.76200000000017
4994.02808119072,3,100,4997,5,10000,A3,NTD,177.76200000000017
14.628065723290025,3,100,4997,5,10000,core,NTD,177.76200000000017
3.81264899524093,3,100,4997,5,10000,A1,Ours,6.902000000000044
0.014408575966732886,3,100,4997,5,10000,A2,Ours,6.902000000000044
2.5749078854751106,3,100,4997,5,10000,A3,Ours,6.902000000000044
11.564437343540797,3,100,4997,5,10000,core,Ours,6.902000000000044
3.81264899524093,3,100,4997,5,10000,A1,HOSVD,1.7270000000003165
0.014408575966732886,3,100,4997,5,10000,A2,HOSVD,1.7270000000003165
2.5726738318237077,3,100,4997,5,10000,A3,HOSVD,1.7270000000003165
11.562758660208946,3,100,4997,5,10000,core,HOSVD,1.7270000000003165
3.8110630842920363,3,100,4997,5,10000,A1,HOOI,4.436000000000149
0.013970757898501093,3,100,4997,5,10000,A2,HOOI,4.436000000000149
2.5692159423823,3,100,4997,5,10000,A3,HOOI,4.436000000000149
11.538745689285038,3,100,4997,5,10000,core,HOOI,4.436000000000149
1.8871620434062661,3,100,4997,5,10000,A1,Olga,2.5329999999999018
0.025919672401888704,3,100,4997,5,10000,A2,Olga,2.5329999999999018
2.855489498251908,3,100,4997,5,10000,A3,Tracy,2.5329999999999018
11.347110798671455,3,100,4997,5,10000,core,Tracy_Olga,2.5329999999999018
9.214606960873365,3,100,5997,5,10000,A1,NTD,206.12300000000005
2.477796421117668,3,100,5997,5,10000,A2,NTD,206.12300000000005
5994.043011711518,3,100,5997,5,10000,A3,NTD,206.12300000000005
10.013733906239656,3,100,5997,5,10000,core,NTD,206.12300000000005
3.779198746760473,3,100,5997,5,10000,A1,Ours,6.293000000000575
0.019480550941400485,3,100,5997,5,10000,A2,Ours,6.293000000000575
2.5810026038467764,3,100,5997,5,10000,A3,Ours,6.293000000000575
11.689390373819345,3,100,5997,5,10000,core,Ours,6.293000000000575
3.779198746760473,3,100,5997,5,10000,A1,HOSVD,1.8729999999995925
0.019480550941400485,3,100,5997,5,10000,A2,HOSVD,1.8729999999995925
2.5779742312080534,3,100,5997,5,10000,A3,HOSVD,1.8729999999995925
11.686756663424415,3,100,5997,5,10000,core,HOSVD,1.8729999999995925
3.756251455235463,3,100,5997,5,10000,A1,HOOI,5.408999999999651
0.0194811187811162,3,100,5997,5,10000,A2,HOOI,5.408999999999651
2.581228558776717,3,100,5997,5,10000,A3,HOOI,5.408999999999651
11.711369463349072,3,100,5997,5,10000,core,HOOI,5.408999999999651
2.406515818398945,3,100,5997,5,10000,A1,Olga,3.076000000000022
0.02780302507517344,3,100,5997,5,10000,A2,Olga,3.076000000000022
2.9424761345447177,3,100,5997,5,10000,A3,Tracy,3.076000000000022
11.693719769423115,3,100,5997,5,10000,core,Tracy_Olga,3.076000000000022
3.2697325839768436,3,100,6991,5,10000,A1,NTD,227.70500000000084
0.09330655685404028,3,100,6991,5,10000,A2,NTD,227.70500000000084
6988.0391798795545,3,100,6991,5,10000,A3,NTD,227.70500000000084
12.696126148306693,3,100,6991,5,10000,core,NTD,227.70500000000084
3.448650998473285,3,100,6991,5,10000,A1,Ours,8.538000000000466
0.01717211935901537,3,100,6991,5,10000,A2,Ours,8.538000000000466
2.5617530362303524,3,100,6991,5,10000,A3,Ours,8.538000000000466
11.738882681102622,3,100,6991,5,10000,core,Ours,8.538000000000466
3.448650998473285,3,100,6991,5,10000,A1,HOSVD,2.331000000000131
0.01717211935901537,3,100,6991,5,10000,A2,HOSVD,2.331000000000131
2.557571530869574,3,100,6991,5,10000,A3,HOSVD,2.331000000000131
11.734662876736266,3,100,6991,5,10000,core,HOSVD,2.331000000000131
3.4650188801671034,3,100,6991,5,10000,A1,HOOI,6.378999999999905
0.017243181102456765,3,100,6991,5,10000,A2,HOOI,6.378999999999905
2.559266418122233,3,100,6991,5,10000,A3,HOOI,6.378999999999905
11.756274745091382,3,100,6991,5,10000,core,HOOI,6.378999999999905
2.4566558944152552,3,100,6991,5,10000,A1,Olga,3.7150000000001455
0.04270390254188155,3,100,6991,5,10000,A2,Olga,3.7150000000001455
2.8434224034741242,3,100,6991,5,10000,A3,Tracy,3.7150000000001455
11.596399063547691,3,100,6991,5,10000,core,Tracy_Olga,3.7150000000001455
3.9785944971855702,3,100,7989,5,10000,A1,NTD,259.1720000000005
0.962414422286853,3,100,7989,5,10000,A2,NTD,259.1720000000005
7986.03145944495,3,100,7989,5,10000,A3,NTD,259.1720000000005
10.30004539344377,3,100,7989,5,10000,core,NTD,259.1720000000005
2.402670041163897,3,100,7989,5,10000,A1,Ours,10.444000000000415
0.014602525755207575,3,100,7989,5,10000,A2,Ours,10.444000000000415
2.572397855901054,3,100,7989,5,10000,A3,Ours,10.444000000000415
11.758013929036473,3,100,7989,5,10000,core,Ours,10.444000000000415
2.402670041163897,3,100,7989,5,10000,A1,HOSVD,3.029000000000451
0.014602525755207575,3,100,7989,5,10000,A2,HOSVD,3.029000000000451
2.5671122894189256,3,100,7989,5,10000,A3,HOSVD,3.029000000000451
11.75317108391511,3,100,7989,5,10000,core,HOSVD,3.029000000000451
2.3996210949845946,3,100,7989,5,10000,A1,HOOI,8.182999999999993
0.015234370672244082,3,100,7989,5,10000,A2,HOOI,8.182999999999993
2.569766105559999,3,100,7989,5,10000,A3,HOOI,8.182999999999993
11.77088082476844,3,100,7989,5,10000,core,HOOI,8.182999999999993
1.9311079169013305,3,100,7989,5,10000,A1,Olga,5.292999999999665
0.04758556715521462,3,100,7989,5,10000,A2,Olga,5.292999999999665
2.864350186492819,3,100,7989,5,10000,A3,Tracy,5.292999999999665
11.706759037716699,3,100,7989,5,10000,core,Tracy_Olga,5.292999999999665
3.2513718697774276,3,100,8986,5,10000,A1,NTD,297.83100000000013
0.5348224992687292,3,100,8986,5,10000,A2,NTD,297.83100000000013
8983.068485411683,3,100,8986,5,10000,A3,NTD,297.83100000000013
12.98048973874751,3,100,8986,5,10000,core,NTD,297.83100000000013
2.5460511697079546,3,100,8986,5,10000,A1,Ours,13.646999999999935
0.005090130637864313,3,100,8986,5,10000,A2,Ours,13.646999999999935
2.5705928120508363,3,100,8986,5,10000,A3,Ours,13.646999999999935
11.66615606014299,3,100,8986,5,10000,core,Ours,13.646999999999935
2.5460511697079546,3,100,8986,5,10000,A1,HOSVD,3.0529999999998836
0.005090130637864313,3,100,8986,5,10000,A2,HOSVD,3.0529999999998836
2.5641083818127908,3,100,8986,5,10000,A3,HOSVD,3.0529999999998836
11.657378176463352,3,100,8986,5,10000,core,HOSVD,3.0529999999998836
2.544542104697612,3,100,8986,5,10000,A1,HOOI,10.105000000000473
0.005964321768459886,3,100,8986,5,10000,A2,HOOI,10.105000000000473
2.5647818291200344,3,100,8986,5,10000,A3,HOOI,10.105000000000473
11.659838236226074,3,100,8986,5,10000,core,HOOI,10.105000000000473
1.9111684586215092,3,100,8986,5,10000,A1,Olga,5.581000000000131
0.045604029101413215,3,100,8986,5,10000,A2,Olga,5.581000000000131
2.8333514439038927,3,100,8986,5,10000,A3,Tracy,5.581000000000131
11.66236669006272,3,100,8986,5,10000,core,Tracy_Olga,5.581000000000131
5.0777688459260455,3,100,9976,5,10000,A1,NTD,316.64900000000034
1.428645140210948,3,100,9976,5,10000,A2,NTD,316.64900000000034
9973.039606595179,3,100,9976,5,10000,A3,NTD,316.64900000000034
9.519998559998632,3,100,9976,5,10000,core,NTD,316.64900000000034
3.0317677799156497,3,100,9976,5,10000,A1,Ours,14.971000000000458
0.010529310835623385,3,100,9976,5,10000,A2,Ours,14.971000000000458
2.5723657109610674,3,100,9976,5,10000,A3,Ours,14.971000000000458
11.689420569643781,3,100,9976,5,10000,core,Ours,14.971000000000458
3.0317677799156497,3,100,9976,5,10000,A1,HOSVD,3.5560000000004948
0.010529310835623385,3,100,9976,5,10000,A2,HOSVD,3.5560000000004948
2.5640048473932406,3,100,9976,5,10000,A3,HOSVD,3.5560000000004948
11.681824761510953,3,100,9976,5,10000,core,HOSVD,3.5560000000004948
3.0272347537194393,3,100,9976,5,10000,A1,HOOI,15.059000000000196
0.010242059196155333,3,100,9976,5,10000,A2,HOOI,15.059000000000196
2.5709860478399205,3,100,9976,5,10000,A3,HOOI,15.059000000000196
11.712071327193938,3,100,9976,5,10000,core,HOOI,15.059000000000196
1.8230872288287339,3,100,9976,5,10000,A1,Olga,6.587999999999738
0.038852852751908015,3,100,9976,5,10000,A2,Olga,6.587999999999738
2.8505380891483063,3,100,9976,5,10000,A3,Tracy,6.587999999999738
11.552725497364278,3,100,9976,5,10000,core,Tracy_Olga,6.587999999999738
