error,K,Q1,R,Q2,M,mode,method,time
30.782155609527365,3,100,979,5,100,A1,NTD,37.297
2.5051565009367045,3,100,979,5,100,A2,NTD,37.297
976.6771289278593,3,100,979,5,100,A3,NTD,37.297
9.206288802220513,3,100,979,5,100,core,NTD,37.297
23.376597401170923,3,100,979,5,100,A1,Ours,4.5
0.10275270753624911,3,100,979,5,100,A2,Ours,4.5
3.372759336289734,3,100,979,5,100,A3,Ours,4.5
9.702694730345826,3,100,979,5,100,core,Ours,4.5
23.376597401170923,3,100,979,5,100,A1,HOSVD,6.981999999999999
0.10275270753624911,3,100,979,5,100,A2,HOSVD,6.981999999999999
2.526608298214288,3,100,979,5,100,A3,HOSVD,6.981999999999999
10.801693323451486,3,100,979,5,100,core,HOSVD,6.981999999999999
21.844217598859817,3,100,979,5,100,A1,HOOI,6.616999999999997
0.06213773501672339,3,100,979,5,100,A2,HOOI,6.616999999999997
2.5925415587107885,3,100,979,5,100,A3,HOOI,6.616999999999997
9.261969578160917,3,100,979,5,100,core,HOOI,6.616999999999997
27.72801662371963,3,100,979,5,100,A1,Olga,4.695999999999998
0.3466401453184469,3,100,979,5,100,A2,Olga,4.695999999999998
2.857506714195506,3,100,979,5,100,A3,Tracy,4.695999999999998
10.801693323451486,3,100,979,5,100,core,Tracy_Olga,4.695999999999998
116.39417376371718,3,100,4513,5,100,A1,NTD,162.84300000000002
2.4725682269287605,3,100,4513,5,100,A2,NTD,162.84300000000002
4510.472544071895,3,100,4513,5,100,A3,NTD,162.84300000000002
9.927540973012464,3,100,4513,5,100,core,NTD,162.84300000000002
22.181005238533615,3,100,4513,5,100,A1,Ours,9.840000000000003
0.051402251912634374,3,100,4513,5,100,A2,Ours,9.840000000000003
5.209071315578907,3,100,4513,5,100,A3,Ours,9.840000000000003
6.632976155900095,3,100,4513,5,100,core,Ours,9.840000000000003
22.181005238533615,3,100,4513,5,100,A1,HOSVD,9.841999999999985
0.051402251912634374,3,100,4513,5,100,A2,HOSVD,9.841999999999985
2.718404564738837,3,100,4513,5,100,A3,HOSVD,9.841999999999985
13.281451968071984,3,100,4513,5,100,core,HOSVD,9.841999999999985
22.029568802147846,3,100,4513,5,100,A1,HOOI,21.968999999999994
0.04331272822020426,3,100,4513,5,100,A2,HOOI,21.968999999999994
3.3334818853891317,3,100,4513,5,100,A3,HOOI,21.968999999999994
10.098975908933443,3,100,4513,5,100,core,HOOI,21.968999999999994
93.25684218426167,3,100,4513,5,100,A1,Olga,13.906999999999982
0.660666297311835,3,100,4513,5,100,A2,Olga,13.906999999999982
3.058219806751829,3,100,4513,5,100,A3,Tracy,13.906999999999982
10.244202385104652,3,100,4513,5,100,core,Tracy_Olga,13.906999999999982
123.43479513068169,3,100,8129,5,100,A1,NTD,272.37199999999996
4.472575464800616,3,100,8129,5,100,A2,NTD,272.37199999999996
8126.5502459864065,3,100,8129,5,100,A3,NTD,272.37199999999996
10.109770461557003,3,100,8129,5,100,core,NTD,272.37199999999996
27.444042709398627,3,100,8129,5,100,A1,Ours,20.19799999999998
0.12729084016210543,3,100,8129,5,100,A2,Ours,20.19799999999998
5.40541917771518,3,100,8129,5,100,A3,Ours,20.19799999999998
11.891170171914757,3,100,8129,5,100,core,Ours,20.19799999999998
27.444042709398627,3,100,8129,5,100,A1,HOSVD,23.75
0.12729084016210543,3,100,8129,5,100,A2,HOSVD,23.75
4.036805673604473,3,100,8129,5,100,A3,HOSVD,23.75
10.937580625366577,3,100,8129,5,100,core,HOSVD,23.75
97.55417916167983,3,100,8129,5,100,A1,Olga,8.444999999999936
1.1740974222085232,3,100,8129,5,100,A2,Olga,8.444999999999936
4.839601445567977,3,100,8129,5,100,A3,Tracy,8.444999999999936
12.720817739477507,3,100,8129,5,100,core,Tracy_Olga,8.444999999999936
7.607562529459474,3,100,998,5,500,A1,NTD,28.880999999999972
2.702539835091819,3,100,998,5,500,A2,NTD,28.880999999999972
995.0907625451042,3,100,998,5,500,A3,NTD,28.880999999999972
10.234273502982466,3,100,998,5,500,core,NTD,28.880999999999972
7.903782069888906,3,100,998,5,500,A1,Ours,0.4920000000000755
0.024515930827815644,3,100,998,5,500,A2,Ours,0.4920000000000755
2.725131645215994,3,100,998,5,500,A3,Ours,0.4920000000000755
8.663269135714378,3,100,998,5,500,core,Ours,0.4920000000000755
7.903782069888906,3,100,998,5,500,A1,HOSVD,0.40599999999994907
0.024515930827815644,3,100,998,5,500,A2,HOSVD,0.40599999999994907
2.6952100753225614,3,100,998,5,500,A3,HOSVD,0.40599999999994907
8.645614870640689,3,100,998,5,500,core,HOSVD,0.40599999999994907
7.858310760834652,3,100,998,5,500,A1,HOOI,0.8260000000000218
0.07067270575580019,3,100,998,5,500,A2,HOOI,0.8260000000000218
2.6939125317337926,3,100,998,5,500,A3,HOOI,0.8260000000000218
8.672560780426544,3,100,998,5,500,core,HOOI,0.8260000000000218
10.618709359798132,3,100,998,5,500,A1,Olga,0.4460000000000264
0.12292638442081205,3,100,998,5,500,A2,Olga,0.4460000000000264
3.1241589175215028,3,100,998,5,500,A3,Tracy,0.4460000000000264
8.561393491412792,3,100,998,5,500,core,Tracy_Olga,0.4460000000000264
49.95566996593573,3,100,4909,5,500,A1,NTD,159.73900000000003
3.6355531542155104,3,100,4909,5,500,A2,NTD,159.73900000000003
4906.193918024611,3,100,4909,5,500,A3,NTD,159.73900000000003
9.562892968537248,3,100,4909,5,500,core,NTD,159.73900000000003
10.632093136450187,3,100,4909,5,500,A1,Ours,11.641999999999939
0.0586021463966158,3,100,4909,5,500,A2,Ours,11.641999999999939
3.313798150379551,3,100,4909,5,500,A3,Ours,11.641999999999939
10.110062432301506,3,100,4909,5,500,core,Ours,11.641999999999939
10.632093136450187,3,100,4909,5,500,A1,HOSVD,5.8829999999999245
0.0586021463966158,3,100,4909,5,500,A2,HOSVD,5.8829999999999245
2.5653099997485156,3,100,4909,5,500,A3,HOSVD,5.8829999999999245
9.616448218738507,3,100,4909,5,500,core,HOSVD,5.8829999999999245
10.584200255921111,3,100,4909,5,500,A1,HOOI,13.397000000000048
0.05189182649395545,3,100,4909,5,500,A2,HOOI,13.397000000000048
3.865685608632188,3,100,4909,5,500,A3,HOOI,13.397000000000048
13.944207703763196,3,100,4909,5,500,core,HOOI,13.397000000000048
11.986448841227903,3,100,4909,5,500,A1,Olga,10.418999999999983
0.33902475786833985,3,100,4909,5,500,A2,Olga,10.418999999999983
2.8910882067501213,3,100,4909,5,500,A3,Tracy,10.418999999999983
10.801693323451486,3,100,4909,5,500,core,Tracy_Olga,10.418999999999983
80.78194136951583,3,100,9567,5,500,A1,NTD,316.52600000000007
1.9237076382872575,3,100,9567,5,500,A2,NTD,316.52600000000007
9564.311904190956,3,100,9567,5,500,A3,NTD,316.52600000000007
8.340065211970016,3,100,9567,5,500,core,NTD,316.52600000000007
11.63750449303027,3,100,9567,5,500,A1,Ours,12.944000000000187
0.06023853952699179,3,100,9567,5,500,A2,Ours,12.944000000000187
5.318259273343418,3,100,9567,5,500,A3,Ours,12.944000000000187
10.103419367709355,3,100,9567,5,500,core,Ours,12.944000000000187
11.63750449303027,3,100,9567,5,500,A1,HOSVD,3.229000000000042
0.06023853952699179,3,100,9567,5,500,A2,HOSVD,3.229000000000042
2.6214045695651893,3,100,9567,5,500,A3,HOSVD,3.229000000000042
10.699451006977714,3,100,9567,5,500,core,HOSVD,3.229000000000042
11.727743966031811,3,100,9567,5,500,A1,HOOI,15.113000000000056
0.05597128553723144,3,100,9567,5,500,A2,HOOI,15.113000000000056
2.6352078057283777,3,100,9567,5,500,A3,HOOI,15.113000000000056
10.708644870616519,3,100,9567,5,500,core,HOOI,15.113000000000056
19.84093446899904,3,100,9567,5,500,A1,Olga,6.116999999999962
0.4360145415375709,3,100,9567,5,500,A2,Olga,6.116999999999962
2.948847408478121,3,100,9567,5,500,A3,Tracy,6.116999999999962
11.005209545060831,3,100,9567,5,500,core,Tracy_Olga,6.116999999999962
10.554000136134006,3,100,1000,5,1000,A1,NTD,28.156999999999925
0.2793684000470136,3,100,1000,5,1000,A2,NTD,28.156999999999925
997.0335458238079,3,100,1000,5,1000,A3,NTD,28.156999999999925
9.480453491028168,3,100,1000,5,1000,core,NTD,28.156999999999925
7.331311675766695,3,100,1000,5,1000,A1,Ours,1.9429999999999836
0.010345675451292119,3,100,1000,5,1000,A2,Ours,1.9429999999999836
0.5567322649553968,3,100,1000,5,1000,A3,Ours,1.9429999999999836
10.512610394291718,3,100,1000,5,1000,core,Ours,1.9429999999999836
7.331311675766695,3,100,1000,5,1000,A1,HOSVD,2.2840000000001055
0.010345675451292119,3,100,1000,5,1000,A2,HOSVD,2.2840000000001055
0.5519800512664833,3,100,1000,5,1000,A3,HOSVD,2.2840000000001055
10.492964602060344,3,100,1000,5,1000,core,HOSVD,2.2840000000001055
7.454525495403056,3,100,1000,5,1000,A1,HOOI,4.501999999999953
0.011955389709725692,3,100,1000,5,1000,A2,HOOI,4.501999999999953
0.483889992859615,3,100,1000,5,1000,A3,HOOI,4.501999999999953
10.26138818809564,3,100,1000,5,1000,core,HOOI,4.501999999999953
7.858752684237094,3,100,1000,5,1000,A1,Olga,1.0139999999998963
0.06504879300002842,3,100,1000,5,1000,A2,Olga,1.0139999999998963
1.431740795615305,3,100,1000,5,1000,A3,Tracy,1.0139999999998963
10.273797010808568,3,100,1000,5,1000,core,Tracy_Olga,1.0139999999998963
14.703373276639589,3,100,4944,5,1000,A1,NTD,150.40099999999984
2.440741795340742,3,100,4944,5,1000,A2,NTD,150.40099999999984
4941.109153233407,3,100,4944,5,1000,A3,NTD,150.40099999999984
10.78588823113229,3,100,4944,5,1000,core,NTD,150.40099999999984
7.647580228021869,3,100,4944,5,1000,A1,Ours,4.510999999999967
0.005824355048705014,3,100,4944,5,1000,A2,Ours,4.510999999999967
2.8770408622265733,3,100,4944,5,1000,A3,Ours,4.510999999999967
11.678571580128363,3,100,4944,5,1000,core,Ours,4.510999999999967
7.647580228021869,3,100,4944,5,1000,A1,HOSVD,1.9139999999999873
0.005824355048705014,3,100,4944,5,1000,A2,HOSVD,1.9139999999999873
2.5345089275557733,3,100,4944,5,1000,A3,HOSVD,1.9139999999999873
10.708820980477608,3,100,4944,5,1000,core,HOSVD,1.9139999999999873
7.682101614815165,3,100,4944,5,1000,A1,HOOI,4.1099999999999
0.0036652650426771054,3,100,4944,5,1000,A2,HOOI,4.1099999999999
2.541130462686975,3,100,4944,5,1000,A3,HOOI,4.1099999999999
10.698200177473677,3,100,4944,5,1000,core,HOOI,4.1099999999999
8.323755827740857,3,100,4944,5,1000,A1,Olga,2.5150000000001
0.257107876021974,3,100,4944,5,1000,A2,Olga,2.5150000000001
2.8583944299459243,3,100,4944,5,1000,A3,Tracy,2.5150000000001
10.807003614603655,3,100,4944,5,1000,core,Tracy_Olga,2.5150000000001
15.864802201386317,3,100,9804,5,1000,A1,NTD,328.26
3.668092722712797,3,100,9804,5,1000,A2,NTD,328.26
9801.166538581212,3,100,9804,5,1000,A3,NTD,328.26
9.158605447148473,3,100,9804,5,1000,core,NTD,328.26
8.425418802127172,3,100,9804,5,1000,A1,Ours,13.347999999999956
0.026832441346763544,3,100,9804,5,1000,A2,Ours,13.347999999999956
3.8506773102675727,3,100,9804,5,1000,A3,Ours,13.347999999999956
11.8514591201881,3,100,9804,5,1000,core,Ours,13.347999999999956
8.425418802127172,3,100,9804,5,1000,A1,HOSVD,3.2280000000000655
0.026832441346763544,3,100,9804,5,1000,A2,HOSVD,3.2280000000000655
2.587218414047668,3,100,9804,5,1000,A3,HOSVD,3.2280000000000655
10.799569948333476,3,100,9804,5,1000,core,HOSVD,3.2280000000000655
8.495308014534913,3,100,9804,5,1000,A1,HOOI,10.495999999999867
0.022965432552375663,3,100,9804,5,1000,A2,HOOI,10.495999999999867
3.8937371135992462,3,100,9804,5,1000,A3,HOOI,10.495999999999867
7.947033589183328,3,100,9804,5,1000,core,HOOI,10.495999999999867
9.232593728261099,3,100,9804,5,1000,A1,Olga,7.185999999999922
0.35532817434407765,3,100,9804,5,1000,A2,Olga,7.185999999999922
2.9133503999800787,3,100,9804,5,1000,A3,Tracy,7.185999999999922
10.834933973260672,3,100,9804,5,1000,core,Tracy_Olga,7.185999999999922
39.776100704105865,3,100,1000,5,2500,A1,NTD,28.505999999999858
0.41805230701193746,3,100,1000,5,2500,A2,NTD,28.505999999999858
997.0005570388943,3,100,1000,5,2500,A3,NTD,28.505999999999858
13.372123630022376,3,100,1000,5,2500,core,NTD,28.505999999999858
3.951964444003023,3,100,1000,5,2500,A1,Ours,2.2929999999998927
0.0073282052494588685,3,100,1000,5,2500,A2,Ours,2.2929999999998927
0.22931285538525026,3,100,1000,5,2500,A3,Ours,2.2929999999998927
10.027098718812617,3,100,1000,5,2500,core,Ours,2.2929999999998927
3.951964444003023,3,100,1000,5,2500,A1,HOSVD,2.020000000000209
0.0073282052494588685,3,100,1000,5,2500,A2,HOSVD,2.020000000000209
0.22939491850243973,3,100,1000,5,2500,A3,HOSVD,2.020000000000209
10.025566164671408,3,100,1000,5,2500,core,HOSVD,2.020000000000209
3.949330037459672,3,100,1000,5,2500,A1,HOOI,1.79300000000012
0.006551939295217678,3,100,1000,5,2500,A2,HOOI,1.79300000000012
0.22434297624870664,3,100,1000,5,2500,A3,HOOI,1.79300000000012
10.018454528532457,3,100,1000,5,2500,core,HOOI,1.79300000000012
3.5801096577158535,3,100,1000,5,2500,A1,Olga,4.18100000000004
0.02639751528616707,3,100,1000,5,2500,A2,Olga,4.18100000000004
1.420948646530443,3,100,1000,5,2500,A3,Tracy,4.18100000000004
10.232014283020499,3,100,1000,5,2500,core,Tracy_Olga,4.18100000000004
8.226306999865848,3,100,4985,5,2500,A1,NTD,158.03599999999983
0.8001289593728637,3,100,4985,5,2500,A2,NTD,158.03599999999983
4982.079825413592,3,100,4985,5,2500,A3,NTD,158.03599999999983
10.268989958781766,3,100,4985,5,2500,core,NTD,158.03599999999983
5.757613278946473,3,100,4985,5,2500,A1,Ours,13.859000000000151
0.023681638293164275,3,100,4985,5,2500,A2,Ours,13.859000000000151
2.7502444316343997,3,100,4985,5,2500,A3,Ours,13.859000000000151
9.438515605029846,3,100,4985,5,2500,core,Ours,13.859000000000151
5.757613278946473,3,100,4985,5,2500,A1,HOSVD,5.2309999999999945
0.023681638293164275,3,100,4985,5,2500,A2,HOSVD,5.2309999999999945
2.7392076299271344,3,100,4985,5,2500,A3,HOSVD,5.2309999999999945
9.362006972100005,3,100,4985,5,2500,core,HOSVD,5.2309999999999945
5.757411381031492,3,100,4985,5,2500,A1,HOOI,4.962999999999965
0.024524364114156875,3,100,4985,5,2500,A2,HOOI,4.962999999999965
2.677689420412971,3,100,4985,5,2500,A3,HOOI,4.962999999999965
9.269596839068296,3,100,4985,5,2500,core,HOOI,4.962999999999965
4.576592080369761,3,100,4985,5,2500,A1,Olga,2.7029999999999745
0.09899582494504168,3,100,4985,5,2500,A2,Olga,2.7029999999999745
2.858421801029046,3,100,4985,5,2500,A3,Tracy,2.7029999999999745
10.739513984191898,3,100,4985,5,2500,core,Tracy_Olga,2.7029999999999745
6.7864628505300075,3,100,9932,5,2500,A1,NTD,336.72900000000004
2.5051142459779085,3,100,9932,5,2500,A2,NTD,336.72900000000004
9929.142514119501,3,100,9932,5,2500,A3,NTD,336.72900000000004
12.288318672451233,3,100,9932,5,2500,core,NTD,336.72900000000004
5.165590179032946,3,100,9932,5,2500,A1,Ours,13.836999999999989
0.011377593413605228,3,100,9932,5,2500,A2,Ours,13.836999999999989
2.867227315292918,3,100,9932,5,2500,A3,Ours,13.836999999999989
11.678300450710301,3,100,9932,5,2500,core,Ours,13.836999999999989
5.165590179032946,3,100,9932,5,2500,A1,HOSVD,3.8220000000001164
0.011377593413605228,3,100,9932,5,2500,A2,HOSVD,3.8220000000001164
2.5354310625365017,3,100,9932,5,2500,A3,HOSVD,3.8220000000001164
10.723174362209484,3,100,9932,5,2500,core,HOSVD,3.8220000000001164
5.145052711149645,3,100,9932,5,2500,A1,HOOI,10.092999999999847
0.010978712843885626,3,100,9932,5,2500,A2,HOOI,10.092999999999847
2.542078913716165,3,100,9932,5,2500,A3,HOOI,10.092999999999847
10.801693323451486,3,100,9932,5,2500,core,HOOI,10.092999999999847
7.873998298071203,3,100,9932,5,2500,A1,Olga,6.255999999999858
0.2589129359178077,3,100,9932,5,2500,A2,Olga,6.255999999999858
2.8668995436313534,3,100,9932,5,2500,A3,Tracy,6.255999999999858
10.637204302511714,3,100,9932,5,2500,core,Tracy_Olga,6.255999999999858
9.705959649624555,3,100,1000,5,5000,A1,NTD,28.083000000000084
0.20062031886532822,3,100,1000,5,5000,A2,NTD,28.083000000000084
997.0000612031515,3,100,1000,5,5000,A3,NTD,28.083000000000084
10.639544680597337,3,100,1000,5,5000,core,NTD,28.083000000000084
4.50491105532808,3,100,1000,5,5000,A1,Ours,0.4819999999999709
0.003123895917402163,3,100,1000,5,5000,A2,Ours,0.4819999999999709
0.11730619916200351,3,100,1000,5,5000,A3,Ours,0.4819999999999709
9.87391439898721,3,100,1000,5,5000,core,Ours,0.4819999999999709
4.50491105532808,3,100,1000,5,5000,A1,HOSVD,0.49000000000023647
0.003123895917402163,3,100,1000,5,5000,A2,HOSVD,0.49000000000023647
0.11722965101570874,3,100,1000,5,5000,A3,HOSVD,0.49000000000023647
9.873311195696132,3,100,1000,5,5000,core,HOSVD,0.49000000000023647
4.499102980156745,3,100,1000,5,5000,A1,HOOI,0.7100000000000364
0.003813648923605627,3,100,1000,5,5000,A2,HOOI,0.7100000000000364
0.11471541818021913,3,100,1000,5,5000,A3,HOOI,0.7100000000000364
9.889388144742755,3,100,1000,5,5000,core,HOOI,0.7100000000000364
2.9085454007786034,3,100,1000,5,5000,A1,Olga,0.4519999999997708
0.01506326920657536,3,100,1000,5,5000,A2,Olga,0.4519999999997708
1.3647629996918362,3,100,1000,5,5000,A3,Tracy,0.4519999999997708
9.870983897377892,3,100,1000,5,5000,core,Tracy_Olga,0.4519999999997708
11.462479430947006,3,100,4994,5,5000,A1,NTD,159.21099999999979
0.5553032125810988,3,100,4994,5,5000,A2,NTD,159.21099999999979
4991.032631512009,3,100,4994,5,5000,A3,NTD,159.21099999999979
11.095961641604958,3,100,4994,5,5000,core,NTD,159.21099999999979
3.638963823106274,3,100,4994,5,5000,A1,Ours,4.811999999999898
0.004607067764400984,3,100,4994,5,5000,A2,Ours,4.811999999999898
2.6069269098463543,3,100,4994,5,5000,A3,Ours,4.811999999999898
8.72582508932452,3,100,4994,5,5000,core,Ours,4.811999999999898
3.638963823106274,3,100,4994,5,5000,A1,HOSVD,1.625
0.004607067764400984,3,100,4994,5,5000,A2,HOSVD,1.625
2.6038273933767577,3,100,4994,5,5000,A3,HOSVD,1.625
8.72384940401462,3,100,4994,5,5000,core,HOSVD,1.625
3.6679642580772707,3,100,4994,5,5000,A1,HOOI,4.568000000000211
0.005817356849272994,3,100,4994,5,5000,A2,HOOI,4.568000000000211
2.621179472993041,3,100,4994,5,5000,A3,HOOI,4.568000000000211
8.665505107546315,3,100,4994,5,5000,core,HOOI,4.568000000000211
5.084273826136571,3,100,4994,5,5000,A1,Olga,2.693000000000211
0.05760035379633381,3,100,4994,5,5000,A2,Olga,2.693000000000211
2.8617101344480345,3,100,4994,5,5000,A3,Tracy,2.693000000000211
10.724752513876712,3,100,4994,5,5000,core,Tracy_Olga,2.693000000000211
10.403090110679631,3,100,9967,5,5000,A1,NTD,327.31500000000005
4.4407446068557865,3,100,9967,5,5000,A2,NTD,327.31500000000005
9964.073107234462,3,100,9967,5,5000,A3,NTD,327.31500000000005
12.13563185493167,3,100,9967,5,5000,core,NTD,327.31500000000005
4.037291283536966,3,100,9967,5,5000,A1,Ours,15.320999999999913
0.023650160389445684,3,100,9967,5,5000,A2,Ours,15.320999999999913
2.5650054595102656,3,100,9967,5,5000,A3,Ours,15.320999999999913
10.756409949168331,3,100,9967,5,5000,core,Ours,15.320999999999913
4.037291283536966,3,100,9967,5,5000,A1,HOSVD,4.739000000000033
0.023650160389445684,3,100,9967,5,5000,A2,HOSVD,4.739000000000033
2.534292955802929,3,100,9967,5,5000,A3,HOSVD,4.739000000000033
10.705287325279265,3,100,9967,5,5000,core,HOSVD,4.739000000000033
4.010071417331742,3,100,9967,5,5000,A1,HOOI,10.828999999999724
0.022263924231243192,3,100,9967,5,5000,A2,HOOI,10.828999999999724
2.5364346647478557,3,100,9967,5,5000,A3,HOOI,10.828999999999724
10.683940837972065,3,100,9967,5,5000,core,HOOI,10.828999999999724
4.221427697172079,3,100,9967,5,5000,A1,Olga,6.461999999999989
0.13464440158027738,3,100,9967,5,5000,A2,Olga,6.461999999999989
2.8567111390916757,3,100,9967,5,5000,A3,Tracy,6.461999999999989
10.71588042470528,3,100,9967,5,5000,core,Tracy_Olga,6.461999999999989
9.395043624920225,3,100,1000,5,6000,A1,NTD,27.81899999999996
0.6877388833567303,3,100,1000,5,6000,A2,NTD,27.81899999999996
997.0002121568103,3,100,1000,5,6000,A3,NTD,27.81899999999996
9.929535259328528,3,100,1000,5,6000,core,NTD,27.81899999999996
3.949377053985497,3,100,1000,5,6000,A1,Ours,0.6320000000000618
0.012054568848376315,3,100,1000,5,6000,A2,Ours,0.6320000000000618
0.09714159534820788,3,100,1000,5,6000,A3,Ours,0.6320000000000618
9.885561856094878,3,100,1000,5,6000,core,Ours,0.6320000000000618
3.949377053985497,3,100,1000,5,6000,A1,HOSVD,0.43699999999989814
0.012054568848376315,3,100,1000,5,6000,A2,HOSVD,0.43699999999989814
0.0971349076336494,3,100,1000,5,6000,A3,HOSVD,0.43699999999989814
9.885331421699746,3,100,1000,5,6000,core,HOSVD,0.43699999999989814
3.973807210013886,3,100,1000,5,6000,A1,HOOI,0.7020000000002256
0.011723201210240628,3,100,1000,5,6000,A2,HOOI,0.7020000000002256
0.09611887680454698,3,100,1000,5,6000,A3,HOOI,0.7020000000002256
9.883597482141838,3,100,1000,5,6000,core,HOOI,0.7020000000002256
3.3366733559989075,3,100,1000,5,6000,A1,Olga,0.44299999999975626
0.010056007458128874,3,100,1000,5,6000,A2,Olga,0.44299999999975626
1.3529538991008747,3,100,1000,5,6000,A3,Tracy,0.44299999999975626
9.958840761869448,3,100,1000,5,6000,core,Tracy_Olga,0.44299999999975626
10.608907064899933,3,100,4996,5,6000,A1,NTD,157.29899999999998
0.17330608687597426,3,100,4996,5,6000,A2,NTD,157.29899999999998
4993.032986829509,3,100,4996,5,6000,A3,NTD,157.29899999999998
6.992857239384623,3,100,4996,5,6000,core,NTD,157.29899999999998
3.394504647615396,3,100,4996,5,6000,A1,Ours,4.839999999999691
0.0051577585037767566,3,100,4996,5,6000,A2,Ours,4.839999999999691
2.5423151739350107,3,100,4996,5,6000,A3,Ours,4.839999999999691
10.730942086140274,3,100,4996,5,6000,core,Ours,4.839999999999691
3.394504647615396,3,100,4996,5,6000,A1,HOSVD,2.111000000000331
0.0051577585037767566,3,100,4996,5,6000,A2,HOSVD,2.111000000000331
2.5368099027572835,3,100,4996,5,6000,A3,HOSVD,2.111000000000331
10.722170713233437,3,100,4996,5,6000,core,HOSVD,2.111000000000331
3.400176567064861,3,100,4996,5,6000,A1,HOOI,4.597999999999956
0.005563329721662131,3,100,4996,5,6000,A2,HOOI,4.597999999999956
2.5376234174733368,3,100,4996,5,6000,A3,HOOI,4.597999999999956
10.691665136325136,3,100,4996,5,6000,core,HOOI,4.597999999999956
2.9143601938332067,3,100,4996,5,6000,A1,Olga,3.4909999999999854
0.05098257632025598,3,100,4996,5,6000,A2,Olga,3.4909999999999854
2.859538630421474,3,100,4996,5,6000,A3,Tracy,3.4909999999999854
10.76884056306643,3,100,4996,5,6000,core,Tracy_Olga,3.4909999999999854
19.323408331863952,3,100,9977,5,6000,A1,NTD,335.953
1.727104656873482,3,100,9977,5,6000,A2,NTD,335.953
9974.08549510597,3,100,9977,5,6000,A3,NTD,335.953
10.098605968161646,3,100,9977,5,6000,core,NTD,335.953
3.232183012880265,3,100,9977,5,6000,A1,Ours,14.302999999999884
0.0212719964657072,3,100,9977,5,6000,A2,Ours,14.302999999999884
2.5462398193157996,3,100,9977,5,6000,A3,Ours,14.302999999999884
10.757321621429396,3,100,9977,5,6000,core,Ours,14.302999999999884
3.232183012880265,3,100,9977,5,6000,A1,HOSVD,6.189000000000306
0.0212719964657072,3,100,9977,5,6000,A2,HOSVD,6.189000000000306
2.5245839705261965,3,100,9977,5,6000,A3,HOSVD,6.189000000000306
10.721529175278164,3,100,9977,5,6000,core,HOSVD,6.189000000000306
3.2437008251400794,3,100,9977,5,6000,A1,HOOI,11.460000000000036
0.020705562127674056,3,100,9977,5,6000,A2,HOOI,11.460000000000036
2.526894229497101,3,100,9977,5,6000,A3,HOOI,11.460000000000036
10.714892540763957,3,100,9977,5,6000,core,HOOI,11.460000000000036
2.489820127685965,3,100,9977,5,6000,A1,Olga,6.614000000000033
0.09930570547354688,3,100,9977,5,6000,A2,Olga,6.614000000000033
2.8539116426268554,3,100,9977,5,6000,A3,Tracy,6.614000000000033
10.704310225033115,3,100,9977,5,6000,core,Tracy_Olga,6.614000000000033
9.901601557249496,3,100,1000,5,7000,A1,NTD,27.478000000000065
0.24521479942247512,3,100,1000,5,7000,A2,NTD,27.478000000000065
997.0007284400635,3,100,1000,5,7000,A3,NTD,27.478000000000065
13.011242442306227,3,100,1000,5,7000,core,NTD,27.478000000000065
2.497839568446266,3,100,1000,5,7000,A1,Ours,0.5149999999998727
0.008665043738336575,3,100,1000,5,7000,A2,Ours,0.5149999999998727
0.08484051621860542,3,100,1000,5,7000,A3,Ours,0.5149999999998727
9.890793519704237,3,100,1000,5,7000,core,Ours,0.5149999999998727
2.497839568446266,3,100,1000,5,7000,A1,HOSVD,0.443000000000211
0.008665043738336575,3,100,1000,5,7000,A2,HOSVD,0.443000000000211
0.08483871013270418,3,100,1000,5,7000,A3,HOSVD,0.443000000000211
9.890815073205175,3,100,1000,5,7000,core,HOSVD,0.443000000000211
2.517809717717849,3,100,1000,5,7000,A1,HOOI,0.9600000000000364
0.008027309173006564,3,100,1000,5,7000,A2,HOOI,0.9600000000000364
0.08492603460697552,3,100,1000,5,7000,A3,HOOI,0.9600000000000364
9.890990705263842,3,100,1000,5,7000,core,HOOI,0.9600000000000364
2.3119908292621405,3,100,1000,5,7000,A1,Olga,0.455000000000382
0.01599524325798176,3,100,1000,5,7000,A2,Olga,0.455000000000382
1.349300023829949,3,100,1000,5,7000,A3,Tracy,0.455000000000382
9.985550064260872,3,100,1000,5,7000,core,Tracy_Olga,0.455000000000382
10.743976933783447,3,100,4998,5,7000,A1,NTD,155.02700000000004
0.4066571934905181,3,100,4998,5,7000,A2,NTD,155.02700000000004
4995.038808581207,3,100,4998,5,7000,A3,NTD,155.02700000000004
9.230118660344171,3,100,4998,5,7000,core,NTD,155.02700000000004
2.532803573535536,3,100,4998,5,7000,A1,Ours,16.929000000000087
0.004332441047419744,3,100,4998,5,7000,A2,Ours,16.929000000000087
2.5262340544912583,3,100,4998,5,7000,A3,Ours,16.929000000000087
10.627785065814164,3,100,4998,5,7000,core,Ours,16.929000000000087
2.532803573535536,3,100,4998,5,7000,A1,HOSVD,13.814000000000306
0.004332441047419744,3,100,4998,5,7000,A2,HOSVD,13.814000000000306
2.5222600600216025,3,100,4998,5,7000,A3,HOSVD,13.814000000000306
10.621945970050556,3,100,4998,5,7000,core,HOSVD,13.814000000000306
2.530212150783901,3,100,4998,5,7000,A1,HOOI,16.115000000000236
0.0050287719360501935,3,100,4998,5,7000,A2,HOOI,16.115000000000236
2.522774799639708,3,100,4998,5,7000,A3,HOOI,16.115000000000236
10.647485641233828,3,100,4998,5,7000,core,HOOI,16.115000000000236
2.199641821675998,3,100,4998,5,7000,A1,Olga,14.349999999999909
0.048501931150585785,3,100,4998,5,7000,A2,Olga,14.349999999999909
2.840358322757774,3,100,4998,5,7000,A3,Tracy,14.349999999999909
10.632883937708423,3,100,4998,5,7000,core,Tracy_Olga,14.349999999999909
6.124884611342361,3,100,9977,5,7000,A1,NTD,338.0880000000002
0.7541156316886611,3,100,9977,5,7000,A2,NTD,338.0880000000002
9974.055635418232,3,100,9977,5,7000,A3,NTD,338.0880000000002
11.795855253146888,3,100,9977,5,7000,core,NTD,338.0880000000002
2.940937921615737,3,100,9977,5,7000,A1,Ours,17.322000000000116
0.007987926793684793,3,100,9977,5,7000,A2,Ours,17.322000000000116
2.5411340986173405,3,100,9977,5,7000,A3,Ours,17.322000000000116
10.762487552261192,3,100,9977,5,7000,core,Ours,17.322000000000116
2.940937921615737,3,100,9977,5,7000,A1,HOSVD,3.7849999999998545
0.007987926793684793,3,100,9977,5,7000,A2,HOSVD,3.7849999999998545
2.525457208359782,3,100,9977,5,7000,A3,HOSVD,3.7849999999998545
10.737092317274964,3,100,9977,5,7000,core,HOSVD,3.7849999999998545
2.961631940404289,3,100,9977,5,7000,A1,HOOI,14.576000000000022
0.008346467283496167,3,100,9977,5,7000,A2,HOOI,14.576000000000022
2.531942907732901,3,100,9977,5,7000,A3,HOOI,14.576000000000022
10.801693323451486,3,100,9977,5,7000,core,HOOI,14.576000000000022
2.801803444805644,3,100,9977,5,7000,A1,Olga,6.460000000000036
0.10580108822510839,3,100,9977,5,7000,A2,Olga,6.460000000000036
2.848516913728266,3,100,9977,5,7000,A3,Tracy,6.460000000000036
10.698935471587347,3,100,9977,5,7000,core,Tracy_Olga,6.460000000000036
11.855735684222747,3,100,1000,5,8000,A1,NTD,28.840000000000146
0.985649689057448,3,100,1000,5,8000,A2,NTD,28.840000000000146
997.0000743455727,3,100,1000,5,8000,A3,NTD,28.840000000000146
10.078028779568667,3,100,1000,5,8000,core,NTD,28.840000000000146
2.284935489557279,3,100,1000,5,8000,A1,Ours,0.5709999999999127
0.007062579740466804,3,100,1000,5,8000,A2,Ours,0.5709999999999127
0.07781308611507849,3,100,1000,5,8000,A3,Ours,0.5709999999999127
9.863422880484142,3,100,1000,5,8000,core,Ours,0.5709999999999127
2.284935489557279,3,100,1000,5,8000,A1,HOSVD,0.4760000000005675
0.007062579740466804,3,100,1000,5,8000,A2,HOSVD,0.4760000000005675
0.07781408781160323,3,100,1000,5,8000,A3,HOSVD,0.4760000000005675
9.863427826735506,3,100,1000,5,8000,core,HOSVD,0.4760000000005675
2.2790051503646054,3,100,1000,5,8000,A1,HOOI,0.8249999999998181
0.007044807991059393,3,100,1000,5,8000,A2,HOOI,0.8249999999998181
0.07784912643733909,3,100,1000,5,8000,A3,HOOI,0.8249999999998181
9.86298369884615,3,100,1000,5,8000,core,HOOI,0.8249999999998181
2.3947159120183485,3,100,1000,5,8000,A1,Olga,1.0960000000004584
0.004843201999574105,3,100,1000,5,8000,A2,Olga,1.0960000000004584
1.351183519651231,3,100,1000,5,8000,A3,Tracy,1.0960000000004584
9.964774039639973,3,100,1000,5,8000,core,Tracy_Olga,1.0960000000004584
10.796844687371433,3,100,4998,5,8000,A1,NTD,156.64500000000044
0.17582578732032625,3,100,4998,5,8000,A2,NTD,156.64500000000044
4995.0258416851575,3,100,4998,5,8000,A3,NTD,156.64500000000044
6.788942173003777,3,100,4998,5,8000,core,NTD,156.64500000000044
2.482808539598012,3,100,4998,5,8000,A1,Ours,5.012000000000626
0.01193031243998603,3,100,4998,5,8000,A2,Ours,5.012000000000626
2.513912932217339,3,100,4998,5,8000,A3,Ours,5.012000000000626
10.734783742760012,3,100,4998,5,8000,core,Ours,5.012000000000626
2.482808539598012,3,100,4998,5,8000,A1,HOSVD,1.8589999999994689
0.01193031243998603,3,100,4998,5,8000,A2,HOSVD,1.8589999999994689
2.5105831785459687,3,100,4998,5,8000,A3,HOSVD,1.8589999999994689
10.730340026374007,3,100,4998,5,8000,core,HOSVD,1.8589999999994689
2.482048965764543,3,100,4998,5,8000,A1,HOOI,5.186999999999898
0.012242434621191301,3,100,4998,5,8000,A2,HOOI,5.186999999999898
2.513318802687066,3,100,4998,5,8000,A3,HOOI,5.186999999999898
10.741267155730924,3,100,4998,5,8000,core,HOOI,5.186999999999898
2.4850782159648297,3,100,4998,5,8000,A1,Olga,2.5560000000004948
0.04230773017077392,3,100,4998,5,8000,A2,Olga,2.5560000000004948
2.8665251977751747,3,100,4998,5,8000,A3,Tracy,2.5560000000004948
10.726113620923536,3,100,4998,5,8000,core,Tracy_Olga,2.5560000000004948
7.768034361443202,3,100,9977,5,8000,A1,NTD,356.85499999999956
2.353558259935973,3,100,9977,5,8000,A2,NTD,356.85499999999956
9974.050872101283,3,100,9977,5,8000,A3,NTD,356.85499999999956
10.627349477564529,3,100,9977,5,8000,core,NTD,356.85499999999956
3.513051617681765,3,100,9977,5,8000,A1,Ours,16.444000000000415
0.01346842497943657,3,100,9977,5,8000,A2,Ours,16.444000000000415
2.534161976645613,3,100,9977,5,8000,A3,Ours,16.444000000000415
10.76662773542562,3,100,9977,5,8000,core,Ours,16.444000000000415
3.513051617681765,3,100,9977,5,8000,A1,HOSVD,3.5410000000001673
0.01346842497943657,3,100,9977,5,8000,A2,HOSVD,3.5410000000001673
2.5220537896355197,3,100,9977,5,8000,A3,HOSVD,3.5410000000001673
10.746908242056593,3,100,9977,5,8000,core,HOSVD,3.5410000000001673
3.4995982025100645,3,100,9977,5,8000,A1,HOOI,14.298999999999978
0.014081753208238963,3,100,9977,5,8000,A2,HOOI,14.298999999999978
2.5188741999201607,3,100,9977,5,8000,A3,HOOI,14.298999999999978
10.65827986067422,3,100,9977,5,8000,core,HOOI,14.298999999999978
3.306704940269292,3,100,9977,5,8000,A1,Olga,6.808999999999287
0.07608273011154833,3,100,9977,5,8000,A2,Olga,6.808999999999287
2.851680339526373,3,100,9977,5,8000,A3,Tracy,6.808999999999287
10.6860673101165,3,100,9977,5,8000,core,Tracy_Olga,6.808999999999287
7.930656315479781,3,100,1000,5,9000,A1,NTD,29.21599999999944
0.46438008845165185,3,100,1000,5,9000,A2,NTD,29.21599999999944
997.0000717720965,3,100,1000,5,9000,A3,NTD,29.21599999999944
9.870534867040469,3,100,1000,5,9000,core,NTD,29.21599999999944
2.160791044401261,3,100,1000,5,9000,A1,Ours,0.6350000000002183
0.012037428733601094,3,100,1000,5,9000,A2,Ours,0.6350000000002183
0.08795138437736509,3,100,1000,5,9000,A3,Ours,0.6350000000002183
9.793721205052128,3,100,1000,5,9000,core,Ours,0.6350000000002183
2.160791044401261,3,100,1000,5,9000,A1,HOSVD,0.4389999999993961
0.012037428733601094,3,100,1000,5,9000,A2,HOSVD,0.4389999999993961
0.08792066651446204,3,100,1000,5,9000,A3,HOSVD,0.4389999999993961
9.793527756471208,3,100,1000,5,9000,core,HOSVD,0.4389999999993961
2.168860970762261,3,100,1000,5,9000,A1,HOOI,0.6950000000006185
0.012294434791604822,3,100,1000,5,9000,A2,HOOI,0.6950000000006185
0.08927220256066475,3,100,1000,5,9000,A3,HOOI,0.6950000000006185
9.789356868778794,3,100,1000,5,9000,core,HOOI,0.6950000000006185
1.7663457533496385,3,100,1000,5,9000,A1,Olga,0.7640000000001237
0.014039293768125356,3,100,1000,5,9000,A2,Olga,0.7640000000001237
1.3586485058348092,3,100,1000,5,9000,A3,Tracy,0.7640000000001237
9.87845506927587,3,100,1000,5,9000,core,Tracy_Olga,0.7640000000001237
9.986121155402978,3,100,4995,5,9000,A1,NTD,164.9960000000001
0.20577014565332857,3,100,4995,5,9000,A2,NTD,164.9960000000001
4992.20887372497,3,100,4995,5,9000,A3,NTD,164.9960000000001
10.756871527825133,3,100,4995,5,9000,core,NTD,164.9960000000001
2.356245415349308,3,100,4995,5,9000,A1,Ours,5.222000000000662
0.004524047980024456,3,100,4995,5,9000,A2,Ours,5.222000000000662
2.5108406897496955,3,100,4995,5,9000,A3,Ours,5.222000000000662
10.149016183204107,3,100,4995,5,9000,core,Ours,5.222000000000662
2.356245415349308,3,100,4995,5,9000,A1,HOSVD,3.206000000000131
0.004524047980024456,3,100,4995,5,9000,A2,HOSVD,3.206000000000131
2.508052482096669,3,100,4995,5,9000,A3,HOSVD,3.206000000000131
10.140341635659587,3,100,4995,5,9000,core,HOSVD,3.206000000000131
2.3664060993224316,3,100,4995,5,9000,A1,HOOI,5.666000000000167
0.004549435417127875,3,100,4995,5,9000,A2,HOOI,5.666000000000167
2.5083556685252866,3,100,4995,5,9000,A3,HOOI,5.666000000000167
10.157206622909602,3,100,4995,5,9000,core,HOOI,5.666000000000167
3.101579079487334,3,100,4995,5,9000,A1,Olga,2.6940000000004147
0.033042861773407255,3,100,4995,5,9000,A2,Olga,2.6940000000004147
2.9303606515082334,3,100,4995,5,9000,A3,Tracy,2.6940000000004147
10.122553814280833,3,100,4995,5,9000,core,Tracy_Olga,2.6940000000004147
7.546393595206243,3,100,9981,5,9000,A1,NTD,324.4529999999995
0.14496756348971881,3,100,9981,5,9000,A2,NTD,324.4529999999995
9978.038768588904,3,100,9981,5,9000,A3,NTD,324.4529999999995
11.732307850161622,3,100,9981,5,9000,core,NTD,324.4529999999995
3.199859040993225,3,100,9981,5,9000,A1,Ours,14.432999999999993
0.007571272163409364,3,100,9981,5,9000,A2,Ours,14.432999999999993
2.5210551104252783,3,100,9981,5,9000,A3,Ours,14.432999999999993
10.69672013288984,3,100,9981,5,9000,core,Ours,14.432999999999993
3.199859040993225,3,100,9981,5,9000,A1,HOSVD,3.6710000000002765
0.007571272163409364,3,100,9981,5,9000,A2,HOSVD,3.6710000000002765
2.5112263098999605,3,100,9981,5,9000,A3,HOSVD,3.6710000000002765
10.681282912612495,3,100,9981,5,9000,core,HOSVD,3.6710000000002765
3.18183364458035,3,100,9981,5,9000,A1,HOOI,10.99499999999989
0.00770132249503334,3,100,9981,5,9000,A2,HOOI,10.99499999999989
2.510046683533269,3,100,9981,5,9000,A3,HOOI,10.99499999999989
10.675172881348564,3,100,9981,5,9000,core,HOOI,10.99499999999989
2.3015448137599996,3,100,9981,5,9000,A1,Olga,6.609999999999673
0.07317625717566606,3,100,9981,5,9000,A2,Olga,6.609999999999673
2.8488228345286504,3,100,9981,5,9000,A3,Tracy,6.609999999999673
10.643839839517288,3,100,9981,5,9000,core,Tracy_Olga,6.609999999999673
10.311327233560197,3,100,1000,5,10000,A1,NTD,27.71600000000035
2.5994060543625244,3,100,1000,5,10000,A2,NTD,27.71600000000035
997.0002388216045,3,100,1000,5,10000,A3,NTD,27.71600000000035
11.828048210957826,3,100,1000,5,10000,core,NTD,27.71600000000035
2.0088630490486388,3,100,1000,5,10000,A1,Ours,0.5640000000003056
0.004771538310903017,3,100,1000,5,10000,A2,Ours,0.5640000000003056
0.06980851332107231,3,100,1000,5,10000,A3,Ours,0.5640000000003056
9.865373024528694,3,100,1000,5,10000,core,Ours,0.5640000000003056
2.0088630490486388,3,100,1000,5,10000,A1,HOSVD,0.5060000000003129
0.004771538310903017,3,100,1000,5,10000,A2,HOSVD,0.5060000000003129
0.06981133214414176,3,100,1000,5,10000,A3,HOSVD,0.5060000000003129
9.865383746698667,3,100,1000,5,10000,core,HOSVD,0.5060000000003129
1.9864049693534314,3,100,1000,5,10000,A1,HOOI,0.7449999999998909
0.0050886569030484255,3,100,1000,5,10000,A2,HOOI,0.7449999999998909
0.0698517737655982,3,100,1000,5,10000,A3,HOOI,0.7449999999998909
9.8649975729759,3,100,1000,5,10000,core,HOOI,0.7449999999998909
2.067561429469411,3,100,1000,5,10000,A1,Olga,0.5419999999994616
0.0066716668342522165,3,100,1000,5,10000,A2,Olga,0.5419999999994616
1.3504583036254443,3,100,1000,5,10000,A3,Tracy,0.5419999999994616
9.935611152990234,3,100,1000,5,10000,core,Tracy_Olga,0.5419999999994616
12.547389771976585,3,100,4998,5,10000,A1,NTD,152.39900000000034
2.960578681147206,3,100,4998,5,10000,A2,NTD,152.39900000000034
4995.030345819651,3,100,4998,5,10000,A3,NTD,152.39900000000034
12.75814250106263,3,100,4998,5,10000,core,NTD,152.39900000000034
2.5835142055894207,3,100,4998,5,10000,A1,Ours,5.005999999999403
0.005198446276516345,3,100,4998,5,10000,A2,Ours,5.005999999999403
2.502716378111206,3,100,4998,5,10000,A3,Ours,5.005999999999403
10.678090880882232,3,100,4998,5,10000,core,Ours,5.005999999999403
2.5835142055894207,3,100,4998,5,10000,A1,HOSVD,1.90099999999984
0.005198446276516345,3,100,4998,5,10000,A2,HOSVD,1.90099999999984
2.500581334540631,3,100,4998,5,10000,A3,HOSVD,1.90099999999984
10.674720772335688,3,100,4998,5,10000,core,HOSVD,1.90099999999984
2.5921863384473416,3,100,4998,5,10000,A1,HOOI,4.471999999999753
0.005411759701796646,3,100,4998,5,10000,A2,HOOI,4.471999999999753
2.4991945023520428,3,100,4998,5,10000,A3,HOOI,4.471999999999753
10.667833096594439,3,100,4998,5,10000,core,HOOI,4.471999999999753
2.6138341669623926,3,100,4998,5,10000,A1,Olga,2.5059999999994034
0.03282581105791591,3,100,4998,5,10000,A2,Olga,2.5059999999994034
2.8627481327285493,3,100,4998,5,10000,A3,Tracy,2.5059999999994034
10.667516966622795,3,100,4998,5,10000,core,Tracy_Olga,2.5059999999994034
5.706808347254307,3,100,9986,5,10000,A1,NTD,322.7370000000001
0.15040630949932102,3,100,9986,5,10000,A2,NTD,322.7370000000001
9983.037756017626,3,100,9986,5,10000,A3,NTD,322.7370000000001
11.03753027625487,3,100,9986,5,10000,core,NTD,322.7370000000001
2.10967755636689,3,100,9986,5,10000,A1,Ours,12.493000000000393
0.010911850893631978,3,100,9986,5,10000,A2,Ours,12.493000000000393
2.547412564423751,3,100,9986,5,10000,A3,Ours,12.493000000000393
10.739287939807767,3,100,9986,5,10000,core,Ours,12.493000000000393
2.10967755636689,3,100,9986,5,10000,A1,HOSVD,3.155000000000655
0.010911850893631978,3,100,9986,5,10000,A2,HOSVD,3.155000000000655
2.5396831789902876,3,100,9986,5,10000,A3,HOSVD,3.155000000000655
10.727028781627928,3,100,9986,5,10000,core,HOSVD,3.155000000000655
2.0991552404150617,3,100,9986,5,10000,A1,HOOI,10.610999999999876
0.011270222261674467,3,100,9986,5,10000,A2,HOOI,10.610999999999876
2.541005931809272,3,100,9986,5,10000,A3,HOOI,10.610999999999876
10.72371775694893,3,100,9986,5,10000,core,HOOI,10.610999999999876
2.0673181995600993,3,100,9986,5,10000,A1,Olga,5.8530000000000655
0.06533844338296939,3,100,9986,5,10000,A2,Olga,5.8530000000000655
2.861125595938062,3,100,9986,5,10000,A3,Tracy,5.8530000000000655
10.757044402108646,3,100,9986,5,10000,core,Tracy_Olga,5.8530000000000655
