error,K,Q1,R,Q2,M,mode,method,time
4.837857440929118,3,100,100,5,100,A1,NTD,4.169
0.8984310464308717,3,100,100,5,100,A2,NTD,4.169
97.00631099218246,3,100,100,5,100,A3,NTD,4.169
12.953428125255078,3,100,100,5,100,core,NTD,4.169
11.91131796535339,3,100,100,5,100,A1,Ours,0.7889999999999997
0.03563992383395521,3,100,100,5,100,A2,Ours,0.7889999999999997
0.20133748273421403,3,100,100,5,100,A3,Ours,0.7889999999999997
11.91920544805836,3,100,100,5,100,core,Ours,0.7889999999999997
11.91131796535339,3,100,100,5,100,A1,HOSVD,1.9539999999999988
0.03563992383395521,3,100,100,5,100,A2,HOSVD,1.9539999999999988
0.2027636967172934,3,100,100,5,100,A3,HOSVD,1.9539999999999988
11.920000554749777,3,100,100,5,100,core,HOSVD,1.9539999999999988
11.894691450686521,3,100,100,5,100,A1,HOOI,2.2669999999999995
0.009750179603010273,3,100,100,5,100,A2,HOOI,2.2669999999999995
0.19806390219125036,3,100,100,5,100,A3,HOOI,2.2669999999999995
13.014883472032794,3,100,100,5,100,core,HOOI,2.2669999999999995
13.570563391639684,3,100,100,5,100,A1,Olga,2.4080000000000013
0.07964020550525373,3,100,100,5,100,A2,Olga,2.4080000000000013
0.9816418611274697,3,100,100,5,100,A3,Tracy,2.4080000000000013
12.003609037048578,3,100,100,5,100,core,Tracy_Olga,2.4080000000000013
3.5412904165241854,3,100,496,5,100,A1,NTD,20.314
4.139829624865819,3,100,496,5,100,A2,NTD,20.314
493.1761972210779,3,100,496,5,100,A3,NTD,20.314
11.301149435155395,3,100,496,5,100,core,NTD,20.314
9.25674450096003,3,100,496,5,100,A1,Ours,0.3190000000000026
0.13651749345855924,3,100,496,5,100,A2,Ours,0.3190000000000026
2.5790207834373224,3,100,496,5,100,A3,Ours,0.3190000000000026
13.026180298069887,3,100,496,5,100,core,Ours,0.3190000000000026
9.25674450096003,3,100,496,5,100,A1,HOSVD,0.3089999999999975
0.13651749345855924,3,100,496,5,100,A2,HOSVD,0.3089999999999975
2.4073509074721344,3,100,496,5,100,A3,HOSVD,0.3089999999999975
13.026180298069887,3,100,496,5,100,core,HOSVD,0.3089999999999975
9.197106388850925,3,100,496,5,100,A1,HOOI,0.6419999999999959
0.06380557450731489,3,100,496,5,100,A2,HOOI,0.6419999999999959
2.4386943855628647,3,100,496,5,100,A3,HOOI,0.6419999999999959
13.026180298069887,3,100,496,5,100,core,HOOI,0.6419999999999959
13.933205384120107,3,100,496,5,100,A1,Olga,0.7260000000000062
4.338557669012882,3,100,496,5,100,A2,Olga,0.7260000000000062
2.763411898029418,3,100,496,5,100,A3,Tracy,0.7260000000000062
13.872495422572689,3,100,496,5,100,core,Tracy_Olga,0.7260000000000062
4.358768449966548,3,100,980,5,100,A1,NTD,35.62400000000001
2.156816125313171,3,100,980,5,100,A2,NTD,35.62400000000001
977.1712990216947,3,100,980,5,100,A3,NTD,35.62400000000001
14.859935868446499,3,100,980,5,100,core,NTD,35.62400000000001
17.467431707934903,3,100,980,5,100,A1,Ours,3.521000000000001
0.10486060437516326,3,100,980,5,100,A2,Ours,3.521000000000001
4.638667742473013,3,100,980,5,100,A3,Ours,3.521000000000001
11.659658406365727,3,100,980,5,100,core,Ours,3.521000000000001
17.467431707934903,3,100,980,5,100,A1,HOSVD,3.4380000000000024
0.10486060437516326,3,100,980,5,100,A2,HOSVD,3.4380000000000024
2.421301134970716,3,100,980,5,100,A3,HOSVD,3.4380000000000024
13.026180298069887,3,100,980,5,100,core,HOSVD,3.4380000000000024
17.374043623503137,3,100,980,5,100,A1,HOOI,4.802000000000007
0.10168213143524868,3,100,980,5,100,A2,HOOI,4.802000000000007
2.4757044664632972,3,100,980,5,100,A3,HOOI,4.802000000000007
13.026180298069887,3,100,980,5,100,core,HOOI,4.802000000000007
15.09221256498434,3,100,980,5,100,A1,Olga,7.591999999999999
4.547711841110362,3,100,980,5,100,A2,Olga,7.591999999999999
2.8080431120928298,3,100,980,5,100,A3,Tracy,7.591999999999999
12.531488269863287,3,100,980,5,100,core,Tracy_Olga,7.591999999999999
17.02886918736384,3,100,2396,5,100,A1,NTD,86.211
4.017190206848873,3,100,2396,5,100,A2,NTD,86.211
2393.382077192882,3,100,2396,5,100,A3,NTD,86.211
11.769987833213444,3,100,2396,5,100,core,NTD,86.211
10.114225717724263,3,100,2396,5,100,A1,Ours,2.164999999999992
0.11689902660695975,3,100,2396,5,100,A2,Ours,2.164999999999992
5.203066703388845,3,100,2396,5,100,A3,Ours,2.164999999999992
13.997799500696013,3,100,2396,5,100,core,Ours,2.164999999999992
10.114225717724263,3,100,2396,5,100,A1,HOSVD,1.1200000000000045
0.11689902660695975,3,100,2396,5,100,A2,HOSVD,1.1200000000000045
2.5497934579714845,3,100,2396,5,100,A3,HOSVD,1.1200000000000045
13.026180298069887,3,100,2396,5,100,core,HOSVD,1.1200000000000045
13.552263590194455,3,100,2396,5,100,A1,HOOI,2.8029999999999973
0.1423916018796304,3,100,2396,5,100,A2,HOOI,2.8029999999999973
2.5937820091940114,3,100,2396,5,100,A3,HOOI,2.8029999999999973
13.026180298069887,3,100,2396,5,100,core,HOOI,2.8029999999999973
21.11107150933337,3,100,2396,5,100,A1,Olga,1.3009999999999877
4.181502049419682,3,100,2396,5,100,A2,Olga,1.3009999999999877
2.986806534360522,3,100,2396,5,100,A3,Tracy,1.3009999999999877
13.9994562900516,3,100,2396,5,100,core,Tracy_Olga,1.3009999999999877
33.369148162748665,3,100,4525,5,100,A1,NTD,153.58600000000004
2.1398047315615765,3,100,4525,5,100,A2,NTD,153.58600000000004
4522.7127814114565,3,100,4525,5,100,A3,NTD,153.58600000000004
10.481512652388465,3,100,4525,5,100,core,NTD,153.58600000000004
15.044564704619651,3,100,4525,5,100,A1,Ours,5.481999999999971
0.12214956787497773,3,100,4525,5,100,A2,Ours,5.481999999999971
5.441648567767707,3,100,4525,5,100,A3,Ours,5.481999999999971
13.998101320642524,3,100,4525,5,100,core,Ours,5.481999999999971
15.044564704619651,3,100,4525,5,100,A1,HOSVD,1.6449999999999818
0.12214956787497773,3,100,4525,5,100,A2,HOSVD,1.6449999999999818
4.240094727982736,3,100,4525,5,100,A3,HOSVD,1.6449999999999818
9.027145544375506,3,100,4525,5,100,core,HOSVD,1.6449999999999818
15.244799005939251,3,100,4525,5,100,A1,HOOI,6.033999999999992
0.11205627912853329,3,100,4525,5,100,A2,HOOI,6.033999999999992
2.694504933328255,3,100,4525,5,100,A3,HOOI,6.033999999999992
13.026180298069887,3,100,4525,5,100,core,HOOI,6.033999999999992
123.44855007016591,3,100,5328,5,100,A1,NTD,178.03300000000002
2.0171257099921394,3,100,5328,5,100,A2,NTD,178.03300000000002
5325.538775438068,3,100,5328,5,100,A3,NTD,178.03300000000002
10.668901081620307,3,100,5328,5,100,core,NTD,178.03300000000002
15.198139558419305,3,100,5328,5,100,A1,Ours,5.808999999999969
0.32633933900043766,3,100,5328,5,100,A2,Ours,5.808999999999969
5.268345637777119,3,100,5328,5,100,A3,Ours,5.808999999999969
9.159487463320225,3,100,5328,5,100,core,Ours,5.808999999999969
15.198139558419305,3,100,5328,5,100,A1,HOSVD,2.43100000000004
0.32633933900043766,3,100,5328,5,100,A2,HOSVD,2.43100000000004
2.7255610073940075,3,100,5328,5,100,A3,HOSVD,2.43100000000004
13.026180298069887,3,100,5328,5,100,core,HOSVD,2.43100000000004
15.28935670610237,3,100,5328,5,100,A1,HOOI,7.724000000000046
0.26428392451288624,3,100,5328,5,100,A2,HOOI,7.724000000000046
3.609523695784586,3,100,5328,5,100,A3,HOOI,7.724000000000046
8.470438882833516,3,100,5328,5,100,core,HOOI,7.724000000000046
33.74256430400166,3,100,5328,5,100,A1,Olga,3.369000000000028
6.525025827957698,3,100,5328,5,100,A2,Olga,3.369000000000028
4.651447643464962,3,100,5328,5,100,A3,Tracy,3.369000000000028
9.999353639631988,3,100,5328,5,100,core,Tracy_Olga,3.369000000000028
124.77065776581256,3,100,6096,5,100,A1,NTD,205.7249999999999
4.122688264767706,3,100,6096,5,100,A2,NTD,205.7249999999999
6093.617736793263,3,100,6096,5,100,A3,NTD,205.7249999999999
11.342602042261388,3,100,6096,5,100,core,NTD,205.7249999999999
12.775956155338363,3,100,6096,5,100,A1,Ours,6.95799999999997
0.06470135410031659,3,100,6096,5,100,A2,Ours,6.95799999999997
5.213556588808123,3,100,6096,5,100,A3,Ours,6.95799999999997
11.99971342695466,3,100,6096,5,100,core,Ours,6.95799999999997
12.775956155338363,3,100,6096,5,100,A1,HOSVD,1.98599999999999
0.06470135410031659,3,100,6096,5,100,A2,HOSVD,1.98599999999999
3.658440086720088,3,100,6096,5,100,A3,HOSVD,1.98599999999999
8.470438882833516,3,100,6096,5,100,core,HOSVD,1.98599999999999
34.049633999565245,3,100,6096,5,100,A1,Olga,3.2649999999999864
4.051873794487498,3,100,6096,5,100,A2,Olga,3.2649999999999864
3.1826138240397843,3,100,6096,5,100,A3,Tracy,3.2649999999999864
13.9994562900516,3,100,6096,5,100,core,Tracy_Olga,3.2649999999999864
120.57969553785028,3,100,6867,5,100,A1,NTD,215.591
3.8601926656788703,3,100,6867,5,100,A2,NTD,215.591
6864.597289893483,3,100,6867,5,100,A3,NTD,215.591
12.058050883089173,3,100,6867,5,100,core,NTD,215.591
10.57085266043107,3,100,6867,5,100,A1,Ours,8.621999999999957
0.0616285318126515,3,100,6867,5,100,A2,Ours,8.621999999999957
5.277969695238376,3,100,6867,5,100,A3,Ours,8.621999999999957
13.99781477796469,3,100,6867,5,100,core,Ours,8.621999999999957
10.57085266043107,3,100,6867,5,100,A1,HOSVD,2.3999999999999773
0.0616285318126515,3,100,6867,5,100,A2,HOSVD,2.3999999999999773
3.7362560647871685,3,100,6867,5,100,A3,HOSVD,2.3999999999999773
8.470438882833518,3,100,6867,5,100,core,HOSVD,2.3999999999999773
125.94643251245225,3,100,7549,5,100,A1,NTD,228.99599999999987
4.017122634299471,3,100,7549,5,100,A2,NTD,228.99599999999987
7546.579699070873,3,100,7549,5,100,A3,NTD,228.99599999999987
9.681148566891016,3,100,7549,5,100,core,NTD,228.99599999999987
15.40731074661217,3,100,7549,5,100,A1,Ours,9.653999999999996
0.19822907921101904,3,100,7549,5,100,A2,Ours,9.653999999999996
5.27789315317125,3,100,7549,5,100,A3,Ours,9.653999999999996
11.262264151379922,3,100,7549,5,100,core,Ours,9.653999999999996
15.40731074661217,3,100,7549,5,100,A1,HOSVD,2.564000000000078
0.19822907921101904,3,100,7549,5,100,A2,HOSVD,2.564000000000078
2.7828763983396425,3,100,7549,5,100,A3,HOSVD,2.564000000000078
13.026180298069887,3,100,7549,5,100,core,HOSVD,2.564000000000078
14.964354215136881,3,100,7549,5,100,A1,HOOI,13.138000000000147
0.16711055895070548,3,100,7549,5,100,A2,HOOI,13.138000000000147
4.033148055953519,3,100,7549,5,100,A3,HOOI,13.138000000000147
11.447448597242467,3,100,7549,5,100,core,HOOI,13.138000000000147
71.00654672842302,3,100,7549,5,100,A1,Olga,4.191000000000031
3.8686054133264856,3,100,7549,5,100,A2,Olga,4.191000000000031
3.2255288090413483,3,100,7549,5,100,A3,Tracy,4.191000000000031
13.258308259824805,3,100,7549,5,100,core,Tracy_Olga,4.191000000000031
123.55430536448931,3,100,8213,5,100,A1,NTD,259.56600000000003
4.122659828463763,3,100,8213,5,100,A2,NTD,259.56600000000003
8210.596090075278,3,100,8213,5,100,A3,NTD,259.56600000000003
9.914212257344351,3,100,8213,5,100,core,NTD,259.56600000000003
13.257255799298653,3,100,8213,5,100,A1,Ours,11.458999999999833
0.14691325568843555,3,100,8213,5,100,A2,Ours,11.458999999999833
5.335292362473329,3,100,8213,5,100,A3,Ours,11.458999999999833
12.008786460240156,3,100,8213,5,100,core,Ours,11.458999999999833
13.621808815559032,3,100,8213,5,100,A1,HOOI,12.210000000000036
0.10081405688040818,3,100,8213,5,100,A2,HOOI,12.210000000000036
3.807650115867109,3,100,8213,5,100,A3,HOOI,12.210000000000036
9.469895371677136,3,100,8213,5,100,core,HOOI,12.210000000000036
42.22426720166636,3,100,8213,5,100,A1,Olga,5.45900000000006
4.203775156671383,3,100,8213,5,100,A2,Olga,5.45900000000006
4.046718805340966,3,100,8213,5,100,A3,Tracy,5.45900000000006
9.958465582751229,3,100,8213,5,100,core,Tracy_Olga,5.45900000000006
2.708894627924778,3,100,100,5,3000,A1,NTD,3.6340000000000146
0.28711569034273143,3,100,100,5,3000,A2,NTD,3.6340000000000146
97,3,100,100,5,3000,A3,NTD,3.6340000000000146
12.463116962373729,3,100,100,5,3000,core,NTD,3.6340000000000146
2.2298049987359674,3,100,100,5,3000,A1,Ours,0.07400000000006912
0.017440041485145975,3,100,100,5,3000,A2,Ours,0.07400000000006912
0.034876784781908816,3,100,100,5,3000,A3,Ours,0.07400000000006912
13.022916022124507,3,100,100,5,3000,core,Ours,0.07400000000006912
2.2298049987359674,3,100,100,5,3000,A1,HOSVD,0.06199999999989814
0.017440041485145975,3,100,100,5,3000,A2,HOSVD,0.06199999999989814
0.03487774788543231,3,100,100,5,3000,A3,HOSVD,0.06199999999989814
13.022915211375105,3,100,100,5,3000,core,HOSVD,0.06199999999989814
2.263744060777972,3,100,100,5,3000,A1,HOOI,0.17499999999995453
0.018249970444411096,3,100,100,5,3000,A2,HOOI,0.17499999999995453
0.034778255504103295,3,100,100,5,3000,A3,HOOI,0.17499999999995453
13.022993540632687,3,100,100,5,3000,core,HOOI,0.17499999999995453
2.431769569080309,3,100,100,5,3000,A1,Olga,0.06400000000007822
0.023187091563764067,3,100,100,5,3000,A2,Olga,0.06400000000007822
0.9613498681166335,3,100,100,5,3000,A3,Tracy,0.06400000000007822
13.022732616970309,3,100,100,5,3000,core,Tracy_Olga,0.06400000000007822
2.416728599451115,3,100,500,5,3000,A1,NTD,14.57400000000007
0.1714560787968403,3,100,500,5,3000,A2,NTD,14.57400000000007
497.0004169666829,3,100,500,5,3000,A3,NTD,14.57400000000007
9.962292003030537,3,100,500,5,3000,core,NTD,14.57400000000007
1.4996986693043917,3,100,500,5,3000,A1,Ours,0.27899999999999636
0.037176924873239134,3,100,500,5,3000,A2,Ours,0.27899999999999636
0.0739168094012675,3,100,500,5,3000,A3,Ours,0.27899999999999636
13.014196569809839,3,100,500,5,3000,core,Ours,0.27899999999999636
1.4996986693043917,3,100,500,5,3000,A1,HOSVD,0.5160000000000764
0.037176924873239134,3,100,500,5,3000,A2,HOSVD,0.5160000000000764
0.07395774843270868,3,100,500,5,3000,A3,HOSVD,0.5160000000000764
13.014099246693132,3,100,500,5,3000,core,HOSVD,0.5160000000000764
1.572918867790936,3,100,500,5,3000,A1,HOOI,0.6190000000001419
0.03299229088555735,3,100,500,5,3000,A2,HOOI,0.6190000000001419
0.07378928295442622,3,100,500,5,3000,A3,HOOI,0.6190000000001419
13.007771827793732,3,100,500,5,3000,core,HOOI,0.6190000000001419
2.4178970010535408,3,100,500,5,3000,A1,Olga,0.5090000000000146
0.04213439031372414,3,100,500,5,3000,A2,Olga,0.5090000000000146
1.2733645412858872,3,100,500,5,3000,A3,Tracy,0.5090000000000146
13.014172147927336,3,100,500,5,3000,core,Tracy_Olga,0.5090000000000146
2.3949012466717314,3,100,1000,5,3000,A1,NTD,33.218000000000075
3.1073686056332415,3,100,1000,5,3000,A2,NTD,33.218000000000075
997.00017114277,3,100,1000,5,3000,A3,NTD,33.218000000000075
11.500704779873846,3,100,1000,5,3000,core,NTD,33.218000000000075
2.490124936852271,3,100,1000,5,3000,A1,Ours,0.8689999999999145
0.029536439916106945,3,100,1000,5,3000,A2,Ours,0.8689999999999145
0.13655784677194438,3,100,1000,5,3000,A3,Ours,0.8689999999999145
13.02294290201521,3,100,1000,5,3000,core,Ours,0.8689999999999145
2.490124936852271,3,100,1000,5,3000,A1,HOSVD,0.48900000000003274
0.029536439916106945,3,100,1000,5,3000,A2,HOSVD,0.48900000000003274
0.13654433832922006,3,100,1000,5,3000,A3,HOSVD,0.48900000000003274
13.022469808922054,3,100,1000,5,3000,core,HOSVD,0.48900000000003274
2.4790379663724296,3,100,1000,5,3000,A1,HOOI,1.4759999999998854
0.02931376648003562,3,100,1000,5,3000,A2,HOOI,1.4759999999998854
0.13616161621985523,3,100,1000,5,3000,A3,HOOI,1.4759999999998854
13.02262607118938,3,100,1000,5,3000,core,HOOI,1.4759999999998854
2.6960088731854537,3,100,1000,5,3000,A1,Olga,1.5199999999999818
0.014863409166740392,3,100,1000,5,3000,A2,Olga,1.5199999999999818
1.3418208904735847,3,100,1000,5,3000,A3,Tracy,1.5199999999999818
13.024266902265271,3,100,1000,5,3000,core,Tracy_Olga,1.5199999999999818
2.2925355883014347,3,100,2498,5,3000,A1,NTD,80.67599999999993
4.490851279849101,3,100,2498,5,3000,A2,NTD,80.67599999999993
2495.0408107868607,3,100,2498,5,3000,A3,NTD,80.67599999999993
12.70494192507978,3,100,2498,5,3000,core,NTD,80.67599999999993
2.5916743591866016,3,100,2498,5,3000,A1,Ours,7.367999999999938
0.019928313205056256,3,100,2498,5,3000,A2,Ours,7.367999999999938
2.504309354372204,3,100,2498,5,3000,A3,Ours,7.367999999999938
12.993166513244336,3,100,2498,5,3000,core,Ours,7.367999999999938
2.5916743591866016,3,100,2498,5,3000,A1,HOSVD,6.830999999999904
0.019928313205056256,3,100,2498,5,3000,A2,HOSVD,6.830999999999904
2.4984031591450053,3,100,2498,5,3000,A3,HOSVD,6.830999999999904
12.989456866839681,3,100,2498,5,3000,core,HOSVD,6.830999999999904
2.6024843133411633,3,100,2498,5,3000,A1,HOOI,11.332000000000107
0.01799344842241315,3,100,2498,5,3000,A2,HOOI,11.332000000000107
2.5006125946724196,3,100,2498,5,3000,A3,HOOI,11.332000000000107
12.986618665530365,3,100,2498,5,3000,core,HOOI,11.332000000000107
2.283246723902498,3,100,2498,5,3000,A1,Olga,8.93600000000015
0.01991873355934736,3,100,2498,5,3000,A2,Olga,8.93600000000015
3.0558664509480518,3,100,2498,5,3000,A3,Tracy,8.93600000000015
12.887427274137767,3,100,2498,5,3000,core,Tracy_Olga,8.93600000000015
2.3175580379764487,3,100,4989,5,3000,A1,NTD,176.45899999999983
2.122606294451679,3,100,4989,5,3000,A2,NTD,176.45899999999983
4986.032947562637,3,100,4989,5,3000,A3,NTD,176.45899999999983
12.909376589138187,3,100,4989,5,3000,core,NTD,176.45899999999983
1.5777606410747183,3,100,4989,5,3000,A1,Ours,6.086999999999989
0.004717918157486627,3,100,4989,5,3000,A2,Ours,6.086999999999989
2.5101510431811205,3,100,4989,5,3000,A3,Ours,6.086999999999989
13.026180298069887,3,100,4989,5,3000,core,Ours,6.086999999999989
1.5777606410747183,3,100,4989,5,3000,A1,HOSVD,2.27599999999984
0.004717918157486627,3,100,4989,5,3000,A2,HOSVD,2.27599999999984
2.4900028162293055,3,100,4989,5,3000,A3,HOSVD,2.27599999999984
13.026180298069887,3,100,4989,5,3000,core,HOSVD,2.27599999999984
1.5670721986867098,3,100,4989,5,3000,A1,HOOI,5.262000000000171
0.0061085251456289985,3,100,4989,5,3000,A2,HOOI,5.262000000000171
2.4900843103882226,3,100,4989,5,3000,A3,HOOI,5.262000000000171
13.026180298069887,3,100,4989,5,3000,core,HOOI,5.262000000000171
2.2923673632967674,3,100,4989,5,3000,A1,Olga,4.039999999999964
0.038655328919030466,3,100,4989,5,3000,A2,Olga,4.039999999999964
2.934247755840899,3,100,4989,5,3000,A3,Tracy,4.039999999999964
13.026180298069887,3,100,4989,5,3000,core,Tracy_Olga,4.039999999999964
2.132799583027243,3,100,5983,5,3000,A1,NTD,191.66100000000029
4.117545745448443,3,100,5983,5,3000,A2,NTD,191.66100000000029
5980.05538372319,3,100,5983,5,3000,A3,NTD,191.66100000000029
11.941419555515099,3,100,5983,5,3000,core,NTD,191.66100000000029
2.89571501941384,3,100,5983,5,3000,A1,Ours,6.768999999999778
0.0040401040089872026,3,100,5983,5,3000,A2,Ours,6.768999999999778
2.514806760668653,3,100,5983,5,3000,A3,Ours,6.768999999999778
13.026180298069887,3,100,5983,5,3000,core,Ours,6.768999999999778
2.89571501941384,3,100,5983,5,3000,A1,HOSVD,2.23700000000008
0.0040401040089872026,3,100,5983,5,3000,A2,HOSVD,2.23700000000008
2.4844018975135818,3,100,5983,5,3000,A3,HOSVD,2.23700000000008
13.026180298069887,3,100,5983,5,3000,core,HOSVD,2.23700000000008
2.8934026015451058,3,100,5983,5,3000,A1,HOOI,5.961999999999989
0.007369957015065884,3,100,5983,5,3000,A2,HOOI,5.961999999999989
2.486176127008065,3,100,5983,5,3000,A3,HOOI,5.961999999999989
13.026180298069887,3,100,5983,5,3000,core,HOOI,5.961999999999989
2.213283882139791,3,100,5983,5,3000,A1,Olga,3.2390000000000327
0.0015723661291617193,3,100,5983,5,3000,A2,Olga,3.2390000000000327
2.955296541548134,3,100,5983,5,3000,A3,Tracy,3.2390000000000327
13.026180298069887,3,100,5983,5,3000,core,Tracy_Olga,3.2390000000000327
2.091585461093239,3,100,6970,5,3000,A1,NTD,214.0999999999999
1.0394029847650257,3,100,6970,5,3000,A2,NTD,214.0999999999999
6967.057239833577,3,100,6970,5,3000,A3,NTD,214.0999999999999
13.128570577495852,3,100,6970,5,3000,core,NTD,214.0999999999999
2.342363995772122,3,100,6970,5,3000,A1,Ours,8.199999999999818
0.017560953142512766,3,100,6970,5,3000,A2,Ours,8.199999999999818
2.5122727946962278,3,100,6970,5,3000,A3,Ours,8.199999999999818
13.026180298069887,3,100,6970,5,3000,core,Ours,8.199999999999818
2.342363995772122,3,100,6970,5,3000,A1,HOSVD,4.203000000000429
0.017560953142512766,3,100,6970,5,3000,A2,HOSVD,4.203000000000429
2.471862064322552,3,100,6970,5,3000,A3,HOSVD,4.203000000000429
13.026180298069887,3,100,6970,5,3000,core,HOSVD,4.203000000000429
2.34569359562238,3,100,6970,5,3000,A1,HOOI,6.550000000000182
0.01625735229995737,3,100,6970,5,3000,A2,HOOI,6.550000000000182
2.4771536197020727,3,100,6970,5,3000,A3,HOOI,6.550000000000182
13.026180298069887,3,100,6970,5,3000,core,HOOI,6.550000000000182
2.1886495056433977,3,100,6970,5,3000,A1,Olga,4.083999999999833
0.033639874538687886,3,100,6970,5,3000,A2,Olga,4.083999999999833
2.9225230300797196,3,100,6970,5,3000,A3,Tracy,4.083999999999833
13.026180298069887,3,100,6970,5,3000,core,Tracy_Olga,4.083999999999833
2.1425182208739186,3,100,7959,5,3000,A1,NTD,242.99199999999973
3.8773460601637777,3,100,7959,5,3000,A2,NTD,242.99199999999973
7956.0696499939995,3,100,7959,5,3000,A3,NTD,242.99199999999973
8.759603533492983,3,100,7959,5,3000,core,NTD,242.99199999999973
1.8322410724981544,3,100,7959,5,3000,A1,Ours,10.797000000000025
0.016635320110736204,3,100,7959,5,3000,A2,Ours,10.797000000000025
2.544339745616938,3,100,7959,5,3000,A3,Ours,10.797000000000025
13.026180298069887,3,100,7959,5,3000,core,Ours,10.797000000000025
1.8322410724981544,3,100,7959,5,3000,A1,HOSVD,3.0160000000000764
0.016635320110736204,3,100,7959,5,3000,A2,HOSVD,3.0160000000000764
2.492003833168012,3,100,7959,5,3000,A3,HOSVD,3.0160000000000764
13.026180298069887,3,100,7959,5,3000,core,HOSVD,3.0160000000000764
1.829546541322598,3,100,7959,5,3000,A1,HOOI,9.693000000000211
0.016490067028879368,3,100,7959,5,3000,A2,HOOI,9.693000000000211
2.495304844987882,3,100,7959,5,3000,A3,HOOI,9.693000000000211
13.026180298069887,3,100,7959,5,3000,core,HOOI,9.693000000000211
2.7549393339437778,3,100,7959,5,3000,A1,Olga,5.288000000000011
0.01648033511693436,3,100,7959,5,3000,A2,Olga,5.288000000000011
2.9604516829697407,3,100,7959,5,3000,A3,Tracy,5.288000000000011
13.026180298069887,3,100,7959,5,3000,core,Tracy_Olga,5.288000000000011
2.135002760169462,3,100,8954,5,3000,A1,NTD,275.40499999999975
1.3235298111229319,3,100,8954,5,3000,A2,NTD,275.40499999999975
8951.070037885005,3,100,8954,5,3000,A3,NTD,275.40499999999975
10.563069515375076,3,100,8954,5,3000,core,NTD,275.40499999999975
2.151901390912834,3,100,8954,5,3000,A1,Ours,15.134999999999764
0.03593241043877584,3,100,8954,5,3000,A2,Ours,15.134999999999764
2.5535751494521404,3,100,8954,5,3000,A3,Ours,15.134999999999764
13.026180298069887,3,100,8954,5,3000,core,Ours,15.134999999999764
2.151901390912834,3,100,8954,5,3000,A1,HOSVD,4.443000000000211
0.03593241043877584,3,100,8954,5,3000,A2,HOSVD,4.443000000000211
2.487412274666445,3,100,8954,5,3000,A3,HOSVD,4.443000000000211
13.026180298069887,3,100,8954,5,3000,core,HOSVD,4.443000000000211
2.1557721078440575,3,100,8954,5,3000,A1,HOOI,14.298999999999978
0.03599590820884499,3,100,8954,5,3000,A2,HOOI,14.298999999999978
2.4928602823399655,3,100,8954,5,3000,A3,HOOI,14.298999999999978
13.026180298069887,3,100,8954,5,3000,core,HOOI,14.298999999999978
2.5228364019872798,3,100,8954,5,3000,A1,Olga,5.98700000000008
0.0799665858355809,3,100,8954,5,3000,A2,Olga,5.98700000000008
2.9364087461841084,3,100,8954,5,3000,A3,Tracy,5.98700000000008
13.026180298069887,3,100,8954,5,3000,core,Tracy_Olga,5.98700000000008
2.661314351226051,3,100,9940,5,3000,A1,NTD,309.451
3.3130295951052022,3,100,9940,5,3000,A2,NTD,309.451
9937.07642098175,3,100,9940,5,3000,A3,NTD,309.451
11.348077580788475,3,100,9940,5,3000,core,NTD,309.451
2.1964282323931417,3,100,9940,5,3000,A1,Ours,15.984999999999673
0.03326738353095625,3,100,9940,5,3000,A2,Ours,15.984999999999673
2.564029783802209,3,100,9940,5,3000,A3,Ours,15.984999999999673
13.026180298069887,3,100,9940,5,3000,core,Ours,15.984999999999673
2.1964282323931417,3,100,9940,5,3000,A1,HOSVD,3.7729999999996835
0.03326738353095625,3,100,9940,5,3000,A2,HOSVD,3.7729999999996835
2.4813867514940053,3,100,9940,5,3000,A3,HOSVD,3.7729999999996835
13.026180298069887,3,100,9940,5,3000,core,HOSVD,3.7729999999996835
2.1888270059422332,3,100,9940,5,3000,A1,HOOI,15.167999999999665
0.03335242955592437,3,100,9940,5,3000,A2,HOOI,15.167999999999665
2.4854424139877715,3,100,9940,5,3000,A3,HOOI,15.167999999999665
13.026180298069887,3,100,9940,5,3000,core,HOOI,15.167999999999665
2.643661608374505,3,100,9940,5,3000,A1,Olga,6.588999999999942
0.1170049151267171,3,100,9940,5,3000,A2,Olga,6.588999999999942
2.9453160307506354,3,100,9940,5,3000,A3,Tracy,6.588999999999942
13.026180298069887,3,100,9940,5,3000,core,Tracy_Olga,6.588999999999942
2.786820258959468,3,100,100,5,10000,A1,NTD,3.5230000000001382
0.3737808170449036,3,100,100,5,10000,A2,NTD,3.5230000000001382
97,3,100,100,5,10000,A3,NTD,3.5230000000001382
11.94286733857868,3,100,100,5,10000,core,NTD,3.5230000000001382
1.3989656879968593,3,100,100,5,10000,A1,Ours,0.12199999999984357
0.002277848656673118,3,100,100,5,10000,A2,Ours,0.12199999999984357
0.017375527285973795,3,100,100,5,10000,A3,Ours,0.12199999999984357
13.025863479002334,3,100,100,5,10000,core,Ours,0.12199999999984357
1.3989656879968593,3,100,100,5,10000,A1,HOSVD,0.08500000000003638
0.002277848656673118,3,100,100,5,10000,A2,HOSVD,0.08500000000003638
0.017375384845737453,3,100,100,5,10000,A3,HOSVD,0.08500000000003638
13.025863479002334,3,100,100,5,10000,core,HOSVD,0.08500000000003638
1.3992491788099328,3,100,100,5,10000,A1,HOOI,0.2929999999996653
0.0028770137188368705,3,100,100,5,10000,A2,HOOI,0.2929999999996653
0.01747747221402427,3,100,100,5,10000,A3,HOOI,0.2929999999996653
13.025863479002334,3,100,100,5,10000,core,HOOI,0.2929999999996653
1.2880894933431086,3,100,100,5,10000,A1,Olga,0.25700000000006185
0.0031576674143844693,3,100,100,5,10000,A2,Olga,0.25700000000006185
0.9606645179743637,3,100,100,5,10000,A3,Tracy,0.25700000000006185
13.025878356073195,3,100,100,5,10000,core,Tracy_Olga,0.25700000000006185
2.0739403446772102,3,100,500,5,10000,A1,NTD,14.167999999999665
0.3782724501546443,3,100,500,5,10000,A2,NTD,14.167999999999665
497.00000998634056,3,100,500,5,10000,A3,NTD,14.167999999999665
10.369682736078031,3,100,500,5,10000,core,NTD,14.167999999999665
1.4554250296955764,3,100,500,5,10000,A1,Ours,1.4989999999997963
0.007505575030728847,3,100,500,5,10000,A2,Ours,1.4989999999997963
0.04072869353373615,3,100,500,5,10000,A3,Ours,1.4989999999997963
13.025863479002334,3,100,500,5,10000,core,Ours,1.4989999999997963
1.4554250296955764,3,100,500,5,10000,A1,HOSVD,1.1470000000003893
0.007505575030728847,3,100,500,5,10000,A2,HOSVD,1.1470000000003893
0.040729477404462616,3,100,500,5,10000,A3,HOSVD,1.1470000000003893
13.025863479002334,3,100,500,5,10000,core,HOSVD,1.1470000000003893
1.4568423509578452,3,100,500,5,10000,A1,HOOI,0.9640000000003965
0.007344832564693468,3,100,500,5,10000,A2,HOOI,0.9640000000003965
0.04076308175124734,3,100,500,5,10000,A3,HOOI,0.9640000000003965
13.025863479002334,3,100,500,5,10000,core,HOOI,0.9640000000003965
1.6189584754388593,3,100,500,5,10000,A1,Olga,0.7599999999997635
0.009520027707215814,3,100,500,5,10000,A2,Olga,0.7599999999997635
1.2715363252393863,3,100,500,5,10000,A3,Tracy,0.7599999999997635
13.02581830055196,3,100,500,5,10000,core,Tracy_Olga,0.7599999999997635
2.0767827423904426,3,100,1000,5,10000,A1,NTD,30.16899999999987
0.28708530155839324,3,100,1000,5,10000,A2,NTD,30.16899999999987
997.0000561496611,3,100,1000,5,10000,A3,NTD,30.16899999999987
11.978802767017699,3,100,1000,5,10000,core,NTD,30.16899999999987
1.0535736090849452,3,100,1000,5,10000,A1,Ours,1.0979999999999563
0.0096656961472289,3,100,1000,5,10000,A2,Ours,1.0979999999999563
0.05577083536394589,3,100,1000,5,10000,A3,Ours,1.0979999999999563
13.020784869917808,3,100,1000,5,10000,core,Ours,1.0979999999999563
1.0535736090849452,3,100,1000,5,10000,A1,HOSVD,0.5960000000000036
0.0096656961472289,3,100,1000,5,10000,A2,HOSVD,0.5960000000000036
0.05579329754221559,3,100,1000,5,10000,A3,HOSVD,0.5960000000000036
13.020768370301925,3,100,1000,5,10000,core,HOSVD,0.5960000000000036
1.0558845112997473,3,100,1000,5,10000,A1,HOOI,0.7709999999997308
0.009059353224162589,3,100,1000,5,10000,A2,HOOI,0.7709999999997308
0.05567727979553571,3,100,1000,5,10000,A3,HOOI,0.7709999999997308
13.020894550369759,3,100,1000,5,10000,core,HOOI,0.7709999999997308
0.9322524960226689,3,100,1000,5,10000,A1,Olga,0.43100000000004
0.006634333901381456,3,100,1000,5,10000,A2,Olga,0.43100000000004
1.3264499636543359,3,100,1000,5,10000,A3,Tracy,0.43100000000004
13.023872299416766,3,100,1000,5,10000,core,Tracy_Olga,0.43100000000004
2.2958895733978717,3,100,2500,5,10000,A1,NTD,87.59999999999991
0.20917113210863514,3,100,2500,5,10000,A2,NTD,87.59999999999991
2497.0001391183328,3,100,2500,5,10000,A3,NTD,87.59999999999991
13.014907477070631,3,100,2500,5,10000,core,NTD,87.59999999999991
1.2470784824672658,3,100,2500,5,10000,A1,Ours,2.1340000000000146
0.0032494671457224825,3,100,2500,5,10000,A2,Ours,2.1340000000000146
0.29188470382375237,3,100,2500,5,10000,A3,Ours,2.1340000000000146
12.694909722825736,3,100,2500,5,10000,core,Ours,2.1340000000000146
1.2470784824672658,3,100,2500,5,10000,A1,HOSVD,0.8029999999998836
0.0032494671457224825,3,100,2500,5,10000,A2,HOSVD,0.8029999999998836
0.29182077635242887,3,100,2500,5,10000,A3,HOSVD,0.8029999999998836
12.694357703225883,3,100,2500,5,10000,core,HOSVD,0.8029999999998836
1.247886352927751,3,100,2500,5,10000,A1,HOOI,2.2269999999998618
0.0027986809006712767,3,100,2500,5,10000,A2,HOOI,2.2269999999998618
0.2959517979678729,3,100,2500,5,10000,A3,HOOI,2.2269999999998618
12.687708260983815,3,100,2500,5,10000,core,HOOI,2.2269999999998618
1.085113631807302,3,100,2500,5,10000,A1,Olga,1.3010000000003856
0.00827826642840956,3,100,2500,5,10000,A2,Olga,1.3010000000003856
1.4012144263640176,3,100,2500,5,10000,A3,Tracy,1.3010000000003856
13.026175156646856,3,100,2500,5,10000,core,Tracy_Olga,1.3010000000003856
2.0664195564877286,3,100,4998,5,10000,A1,NTD,173.6500000000001
2.228792020702535,3,100,4998,5,10000,A2,NTD,173.6500000000001
4995.014452393872,3,100,4998,5,10000,A3,NTD,173.6500000000001
11.852281298500426,3,100,4998,5,10000,core,NTD,173.6500000000001
1.1475970544442065,3,100,4998,5,10000,A1,Ours,19.516000000000076
0.002415704359176056,3,100,4998,5,10000,A2,Ours,19.516000000000076
2.4826269196605804,3,100,4998,5,10000,A3,Ours,19.516000000000076
13.026180298069887,3,100,4998,5,10000,core,Ours,19.516000000000076
1.1475970544442065,3,100,4998,5,10000,A1,HOSVD,11.67199999999957
0.002415704359176056,3,100,4998,5,10000,A2,HOSVD,11.67199999999957
2.480686898560087,3,100,4998,5,10000,A3,HOSVD,11.67199999999957
13.026180298069887,3,100,4998,5,10000,core,HOSVD,11.67199999999957
1.146900080974806,3,100,4998,5,10000,A1,HOOI,11.818000000000211
0.0026022637973747696,3,100,4998,5,10000,A2,HOOI,11.818000000000211
2.481295388914474,3,100,4998,5,10000,A3,HOOI,11.818000000000211
13.026180298069887,3,100,4998,5,10000,core,HOOI,11.818000000000211
1.160116211051757,3,100,4998,5,10000,A1,Olga,10.628999999999905
0.012673176612322035,3,100,4998,5,10000,A2,Olga,10.628999999999905
2.967182481071033,3,100,4998,5,10000,A3,Tracy,10.628999999999905
13.026180298069887,3,100,4998,5,10000,core,Tracy_Olga,10.628999999999905
2.117851631200272,3,100,5996,5,10000,A1,NTD,198.10999999999967
0.04619526635478239,3,100,5996,5,10000,A2,NTD,198.10999999999967
5993.023717944707,3,100,5996,5,10000,A3,NTD,198.10999999999967
10.996797931626109,3,100,5996,5,10000,core,NTD,198.10999999999967
1.0410090111745345,3,100,5996,5,10000,A1,Ours,6.420000000000073
0.018191255232681152,3,100,5996,5,10000,A2,Ours,6.420000000000073
2.4779093863669055,3,100,5996,5,10000,A3,Ours,6.420000000000073
13.026180298069887,3,100,5996,5,10000,core,Ours,6.420000000000073
1.0410090111745345,3,100,5996,5,10000,A1,HOSVD,1.975999999999658
0.018191255232681152,3,100,5996,5,10000,A2,HOSVD,1.975999999999658
2.4752275973846523,3,100,5996,5,10000,A3,HOSVD,1.975999999999658
13.026180298069887,3,100,5996,5,10000,core,HOSVD,1.975999999999658
1.0410518811629232,3,100,5996,5,10000,A1,HOOI,5.3840000000000146
0.0181730944972797,3,100,5996,5,10000,A2,HOOI,5.3840000000000146
2.4751287237019373,3,100,5996,5,10000,A3,HOOI,5.3840000000000146
13.026180298069887,3,100,5996,5,10000,core,HOOI,5.3840000000000146
1.3857534732611636,3,100,5996,5,10000,A1,Olga,3.4079999999999018
0.008833013735874546,3,100,5996,5,10000,A2,Olga,3.4079999999999018
2.9395600689806525,3,100,5996,5,10000,A3,Tracy,3.4079999999999018
13.026180298069887,3,100,5996,5,10000,core,Tracy_Olga,3.4079999999999018
2.365313810850784,3,100,6995,5,10000,A1,NTD,222.28299999999945
0.33847028778866745,3,100,6995,5,10000,A2,NTD,222.28299999999945
6992.028143333549,3,100,6995,5,10000,A3,NTD,222.28299999999945
11.023223505656212,3,100,6995,5,10000,core,NTD,222.28299999999945
1.254438026755632,3,100,6995,5,10000,A1,Ours,8.84100000000035
0.006460537662025331,3,100,6995,5,10000,A2,Ours,8.84100000000035
2.4781862806326393,3,100,6995,5,10000,A3,Ours,8.84100000000035
13.026180298069887,3,100,6995,5,10000,core,Ours,8.84100000000035
1.254438026755632,3,100,6995,5,10000,A1,HOSVD,2.619999999999891
0.006460537662025331,3,100,6995,5,10000,A2,HOSVD,2.619999999999891
2.474508697832914,3,100,6995,5,10000,A3,HOSVD,2.619999999999891
13.026180298069887,3,100,6995,5,10000,core,HOSVD,2.619999999999891
1.2560001792229034,3,100,6995,5,10000,A1,HOOI,7.5
0.006427824376493884,3,100,6995,5,10000,A2,HOOI,7.5
2.474719653356522,3,100,6995,5,10000,A3,HOOI,7.5
13.026180298069887,3,100,6995,5,10000,core,HOOI,7.5
1.0898052774103124,3,100,6995,5,10000,A1,Olga,4.199999999999818
0.009401648359193042,3,100,6995,5,10000,A2,Olga,4.199999999999818
2.9423000213610475,3,100,6995,5,10000,A3,Tracy,4.199999999999818
13.026180298069887,3,100,6995,5,10000,core,Tracy_Olga,4.199999999999818
2.387667252879075,3,100,7989,5,10000,A1,NTD,251.4409999999998
0.36342462996248615,3,100,7989,5,10000,A2,NTD,251.4409999999998
7986.031370373879,3,100,7989,5,10000,A3,NTD,251.4409999999998
15.417607360739398,3,100,7989,5,10000,core,NTD,251.4409999999998
1.413004755614905,3,100,7989,5,10000,A1,Ours,11.648999999999432
0.00881029243677735,3,100,7989,5,10000,A2,Ours,11.648999999999432
2.480484323463625,3,100,7989,5,10000,A3,Ours,11.648999999999432
13.026180298069887,3,100,7989,5,10000,core,Ours,11.648999999999432
1.413004755614905,3,100,7989,5,10000,A1,HOSVD,3.105999999999767
0.00881029243677735,3,100,7989,5,10000,A2,HOSVD,3.105999999999767
2.4758024870294193,3,100,7989,5,10000,A3,HOSVD,3.105999999999767
13.026180298069887,3,100,7989,5,10000,core,HOSVD,3.105999999999767
1.4127453192371155,3,100,7989,5,10000,A1,HOOI,8.550000000000182
0.008808722028852137,3,100,7989,5,10000,A2,HOOI,8.550000000000182
2.476163827600265,3,100,7989,5,10000,A3,HOOI,8.550000000000182
13.026180298069887,3,100,7989,5,10000,core,HOOI,8.550000000000182
1.3011108380690546,3,100,7989,5,10000,A1,Olga,4.994000000000597
0.006823070292735327,3,100,7989,5,10000,A2,Olga,4.994000000000597
2.9346301733483493,3,100,7989,5,10000,A3,Tracy,4.994000000000597
13.026180298069887,3,100,7989,5,10000,core,Tracy_Olga,4.994000000000597
2.1094719466328975,3,100,8990,5,10000,A1,NTD,285.58400000000074
0.011230871619827748,3,100,8990,5,10000,A2,NTD,285.58400000000074
8987.135411475256,3,100,8990,5,10000,A3,NTD,285.58400000000074
11.960553574192291,3,100,8990,5,10000,core,NTD,285.58400000000074
1.1583534562330928,3,100,8990,5,10000,A1,Ours,16.01600000000053
0.003928561331971024,3,100,8990,5,10000,A2,Ours,16.01600000000053
2.4768754635236454,3,100,8990,5,10000,A3,Ours,16.01600000000053
13.026180298069887,3,100,8990,5,10000,core,Ours,16.01600000000053
1.1583534562330928,3,100,8990,5,10000,A1,HOSVD,3.42200000000048
0.003928561331971024,3,100,8990,5,10000,A2,HOSVD,3.42200000000048
2.47097677421948,3,100,8990,5,10000,A3,HOSVD,3.42200000000048
13.026180298069887,3,100,8990,5,10000,core,HOSVD,3.42200000000048
1.1621578020376846,3,100,8990,5,10000,A1,HOOI,13.458000000000538
0.0033900734855603722,3,100,8990,5,10000,A2,HOOI,13.458000000000538
2.472403267731236,3,100,8990,5,10000,A3,HOOI,13.458000000000538
13.026180298069887,3,100,8990,5,10000,core,HOOI,13.458000000000538
1.0956219812957462,3,100,8990,5,10000,A1,Olga,6.610000000000582
0.014499657809260194,3,100,8990,5,10000,A2,Olga,6.610000000000582
2.934706980606626,3,100,8990,5,10000,A3,Tracy,6.610000000000582
13.026180298069887,3,100,8990,5,10000,core,Tracy_Olga,6.610000000000582
2.0085919355403576,3,100,9981,5,10000,A1,NTD,328.7429999999995
0.8450234034346162,3,100,9981,5,10000,A2,NTD,328.7429999999995
9978.032999446124,3,100,9981,5,10000,A3,NTD,328.7429999999995
11.3801600849958,3,100,9981,5,10000,core,NTD,328.7429999999995
1.015321480831579,3,100,9981,5,10000,A1,Ours,18.339999999999236
0.023866432506989745,3,100,9981,5,10000,A2,Ours,18.339999999999236
2.4737849108831913,3,100,9981,5,10000,A3,Ours,18.339999999999236
13.026180298069887,3,100,9981,5,10000,core,Ours,18.339999999999236
1.015321480831579,3,100,9981,5,10000,A1,HOSVD,4.314000000000306
0.023866432506989745,3,100,9981,5,10000,A2,HOSVD,4.314000000000306
2.4661162696581695,3,100,9981,5,10000,A3,HOSVD,4.314000000000306
13.026180298069887,3,100,9981,5,10000,core,HOSVD,4.314000000000306
1.012979137731589,3,100,9981,5,10000,A1,HOOI,18.386000000000422
0.02391371508964152,3,100,9981,5,10000,A2,HOOI,18.386000000000422
2.4664571939587008,3,100,9981,5,10000,A3,HOOI,18.386000000000422
13.026180298069887,3,100,9981,5,10000,core,HOOI,18.386000000000422
1.2744739320944236,3,100,9981,5,10000,A1,Olga,6.9780000000000655
0.009802634784514347,3,100,9981,5,10000,A2,Olga,6.9780000000000655
2.945588322054839,3,100,9981,5,10000,A3,Tracy,6.9780000000000655
13.026180298069887,3,100,9981,5,10000,core,Tracy_Olga,6.9780000000000655
