error,K,Q1,R,Q2,M,mode,method,time
31.219623140374402,3,100,986,5,100,A1,NTD,41.550000000000004
2.0019733455686475,3,100,986,5,100,A2,NTD,41.550000000000004
983.2063512096234,3,100,986,5,100,A3,NTD,41.550000000000004
10.37079375633553,3,100,986,5,100,core,NTD,41.550000000000004
12.977937581420496,3,100,986,5,100,A1,Ours,7.776999999999994
0.3739363523741522,3,100,986,5,100,A2,Ours,7.776999999999994
3.438979067251552,3,100,986,5,100,A3,Ours,7.776999999999994
10.51165779975877,3,100,986,5,100,core,Ours,7.776999999999994
12.977937581420496,3,100,986,5,100,A1,HOSVD,5.141999999999996
0.3739363523741522,3,100,986,5,100,A2,HOSVD,5.141999999999996
2.5283900492359033,3,100,986,5,100,A3,HOSVD,5.141999999999996
12.598609023927754,3,100,986,5,100,core,HOSVD,5.141999999999996
12.972074111477044,3,100,986,5,100,A1,HOOI,5.698
0.2461724690764653,3,100,986,5,100,A2,HOOI,5.698
2.5684075910081665,3,100,986,5,100,A3,HOOI,5.698
12.473711531387549,3,100,986,5,100,core,HOOI,5.698
29.017830942624812,3,100,986,5,100,A1,Olga,1.6809999999999974
1.9626468780275341,3,100,986,5,100,A2,Olga,1.6809999999999974
2.857051574847883,3,100,986,5,100,A3,Tracy,1.6809999999999974
12.045721892889134,3,100,986,5,100,core,Tracy_Olga,1.6809999999999974
94.29254454333385,3,100,4522,5,100,A1,NTD,165.984
4.004268569288316,3,100,4522,5,100,A2,NTD,165.984
4519.475945420784,3,100,4522,5,100,A3,NTD,165.984
9.904250362667886,3,100,4522,5,100,core,NTD,165.984
15.045023617139313,3,100,4522,5,100,A1,Ours,11.575000000000017
0.1348146570775817,3,100,4522,5,100,A2,Ours,11.575000000000017
5.351748651972915,3,100,4522,5,100,A3,Ours,11.575000000000017
8.764028911949774,3,100,4522,5,100,core,Ours,11.575000000000017
15.045023617139313,3,100,4522,5,100,A1,HOSVD,15.196999999999974
0.1348146570775817,3,100,4522,5,100,A2,HOSVD,15.196999999999974
4.061949783812468,3,100,4522,5,100,A3,HOSVD,15.196999999999974
9.181538816921472,3,100,4522,5,100,core,HOSVD,15.196999999999974
14.497761678194609,3,100,4522,5,100,A1,HOOI,21.048000000000002
0.17608235382922527,3,100,4522,5,100,A2,HOOI,21.048000000000002
3.8108598220432777,3,100,4522,5,100,A3,HOOI,21.048000000000002
9.897229129316846,3,100,4522,5,100,core,HOOI,21.048000000000002
74.62364957370428,3,100,4522,5,100,A1,Olga,9.194000000000017
3.0528623922678144,3,100,4522,5,100,A2,Olga,9.194000000000017
3.0248573095411575,3,100,4522,5,100,A3,Tracy,9.194000000000017
13.742684319540038,3,100,4522,5,100,core,Tracy_Olga,9.194000000000017
114.48088892027354,3,100,8176,5,100,A1,NTD,286.14200000000005
0.006668943894492271,3,100,8176,5,100,A2,NTD,286.14200000000005
8173.563822551877,3,100,8176,5,100,A3,NTD,286.14200000000005
9.751104464813979,3,100,8176,5,100,core,NTD,286.14200000000005
17.53546161692159,3,100,8176,5,100,A1,Ours,29.168000000000006
0.4119263077280213,3,100,8176,5,100,A2,Ours,29.168000000000006
5.146574839584007,3,100,8176,5,100,A3,Ours,29.168000000000006
11.621833597595906,3,100,8176,5,100,core,Ours,29.168000000000006
17.53546161692159,3,100,8176,5,100,A1,HOSVD,19.0089999999999
0.4119263077280213,3,100,8176,5,100,A2,HOSVD,19.0089999999999
4.771939709496243,3,100,8176,5,100,A3,HOSVD,19.0089999999999
11.991339660356115,3,100,8176,5,100,core,HOSVD,19.0089999999999
15.83898987268795,3,100,8176,5,100,A1,HOOI,20.17999999999995
0.1912358871952484,3,100,8176,5,100,A2,HOOI,20.17999999999995
4.12126779349389,3,100,8176,5,100,A3,HOOI,20.17999999999995
13.185293892954304,3,100,8176,5,100,core,HOOI,20.17999999999995
91.51302963453682,3,100,997,5,500,A1,NTD,28.903999999999996
3.9933661297899965,3,100,997,5,500,A2,NTD,28.903999999999996
994.0362291072373,3,100,997,5,500,A3,NTD,28.903999999999996
11.644186661707735,3,100,997,5,500,core,NTD,28.903999999999996
7.023520071340755,3,100,997,5,500,A1,Ours,1.6690000000000964
0.2267957649548856,3,100,997,5,500,A2,Ours,1.6690000000000964
2.5698631885025387,3,100,997,5,500,A3,Ours,1.6690000000000964
12.462564113593082,3,100,997,5,500,core,Ours,1.6690000000000964
7.023520071340755,3,100,997,5,500,A1,HOSVD,0.7719999999999345
0.2267957649548856,3,100,997,5,500,A2,HOSVD,0.7719999999999345
2.5396269565112206,3,100,997,5,500,A3,HOSVD,0.7719999999999345
12.416239205089072,3,100,997,5,500,core,HOSVD,0.7719999999999345
6.907917237827278,3,100,997,5,500,A1,HOOI,1.3659999999999854
0.21091239030525769,3,100,997,5,500,A2,HOOI,1.3659999999999854
2.540870192458441,3,100,997,5,500,A3,HOOI,1.3659999999999854
12.321845011754446,3,100,997,5,500,core,HOOI,1.3659999999999854
9.660973226214972,3,100,997,5,500,A1,Olga,0.5299999999999727
0.3272658420834848,3,100,997,5,500,A2,Olga,0.5299999999999727
2.8402153719400993,3,100,997,5,500,A3,Tracy,0.5299999999999727
12.431942715126922,3,100,997,5,500,core,Tracy_Olga,0.5299999999999727
9.023046885391164,3,100,4894,5,500,A1,NTD,164.33799999999997
4.006647144590039,3,100,4894,5,500,A2,NTD,164.33799999999997
4891.1628047615895,3,100,4894,5,500,A3,NTD,164.33799999999997
10.84727837182994,3,100,4894,5,500,core,NTD,164.33799999999997
7.7542495775654965,3,100,4894,5,500,A1,Ours,15.240999999999985
0.07043007383875632,3,100,4894,5,500,A2,Ours,15.240999999999985
3.261505609317249,3,100,4894,5,500,A3,Ours,15.240999999999985
11.095951167242045,3,100,4894,5,500,core,Ours,15.240999999999985
7.7542495775654965,3,100,4894,5,500,A1,HOSVD,6.8279999999999745
0.07043007383875632,3,100,4894,5,500,A2,HOSVD,6.8279999999999745
2.560973440098556,3,100,4894,5,500,A3,HOSVD,6.8279999999999745
12.634700435820418,3,100,4894,5,500,core,HOSVD,6.8279999999999745
7.72948085764737,3,100,4894,5,500,A1,HOOI,6.442999999999984
0.09844958837007013,3,100,4894,5,500,A2,HOOI,6.442999999999984
2.5886515467269957,3,100,4894,5,500,A3,HOOI,6.442999999999984
12.40914611628102,3,100,4894,5,500,core,HOOI,6.442999999999984
9.743665795991921,3,100,4894,5,500,A1,Olga,4.630999999999972
4.020571946819498,3,100,4894,5,500,A2,Olga,4.630999999999972
2.896030858228348,3,100,4894,5,500,A3,Tracy,4.630999999999972
13.611957590596871,3,100,4894,5,500,core,Tracy_Olga,4.630999999999972
54.2530004403947,3,100,9597,5,500,A1,NTD,323.03099999999995
2.0019540450048465,3,100,9597,5,500,A2,NTD,323.03099999999995
9594.264254392165,3,100,9597,5,500,A3,NTD,323.03099999999995
11.459204239884736,3,100,9597,5,500,core,NTD,323.03099999999995
6.464022499128071,3,100,9597,5,500,A1,Ours,13.752999999999929
0.16929430411606025,3,100,9597,5,500,A2,Ours,13.752999999999929
5.43100346983451,3,100,9597,5,500,A3,Ours,13.752999999999929
10.48792596927632,3,100,9597,5,500,core,Ours,13.752999999999929
6.464022499128071,3,100,9597,5,500,A1,HOSVD,9.244000000000142
0.16929430411606025,3,100,9597,5,500,A2,HOSVD,9.244000000000142
2.6165913424252674,3,100,9597,5,500,A3,HOSVD,9.244000000000142
12.334604806380252,3,100,9597,5,500,core,HOSVD,9.244000000000142
11.711443161696815,3,100,9597,5,500,A1,Olga,10.405999999999949
3.7583650956260217,3,100,9597,5,500,A2,Olga,10.405999999999949
2.9650715696473795,3,100,9597,5,500,A3,Tracy,10.405999999999949
11.129331525548086,3,100,9597,5,500,core,Tracy_Olga,10.405999999999949
3.4598542202631175,3,100,999,5,1000,A1,NTD,28.99700000000007
3.995015999046021,3,100,999,5,1000,A2,NTD,28.99700000000007
996.0535272866526,3,100,999,5,1000,A3,NTD,28.99700000000007
11.397602358185944,3,100,999,5,1000,core,NTD,28.99700000000007
9.880683033194192,3,100,999,5,1000,A1,Ours,2.30600000000004
0.07034652995667892,3,100,999,5,1000,A2,Ours,2.30600000000004
2.5363269751687643,3,100,999,5,1000,A3,Ours,2.30600000000004
12.729885834744683,3,100,999,5,1000,core,Ours,2.30600000000004
9.880683033194192,3,100,999,5,1000,A1,HOSVD,2.88799999999992
0.07034652995667892,3,100,999,5,1000,A2,HOSVD,2.88799999999992
2.5281707938843625,3,100,999,5,1000,A3,HOSVD,2.88799999999992
12.705608238447704,3,100,999,5,1000,core,HOSVD,2.88799999999992
9.944113559530285,3,100,999,5,1000,A1,HOOI,3.95900000000006
0.08159242450845856,3,100,999,5,1000,A2,HOOI,3.95900000000006
2.5280008927031083,3,100,999,5,1000,A3,HOOI,3.95900000000006
12.660858377227378,3,100,999,5,1000,core,HOOI,3.95900000000006
5.54751127453973,3,100,999,5,1000,A1,Olga,4.011999999999944
0.17301763295110878,3,100,999,5,1000,A2,Olga,4.011999999999944
2.854396193864031,3,100,999,5,1000,A3,Tracy,4.011999999999944
7.893443123516364,3,100,999,5,1000,core,Tracy_Olga,4.011999999999944
2.466436876961303,3,100,4946,5,1000,A1,NTD,163.70600000000013
2.002348370473872,3,100,4946,5,1000,A2,NTD,163.70600000000013
4943.091375965534,3,100,4946,5,1000,A3,NTD,163.70600000000013
12.583727440386479,3,100,4946,5,1000,core,NTD,163.70600000000013
6.5907008279659545,3,100,4946,5,1000,A1,Ours,5.566000000000031
0.08074588150103808,3,100,4946,5,1000,A2,Ours,5.566000000000031
2.8844078700226636,3,100,4946,5,1000,A3,Ours,5.566000000000031
11.188189844918503,3,100,4946,5,1000,core,Ours,5.566000000000031
6.5907008279659545,3,100,4946,5,1000,A1,HOSVD,1.9670000000000982
0.08074588150103808,3,100,4946,5,1000,A2,HOSVD,1.9670000000000982
2.5333558141298727,3,100,4946,5,1000,A3,HOSVD,1.9670000000000982
12.314401989991984,3,100,4946,5,1000,core,HOSVD,1.9670000000000982
6.555910338988113,3,100,4946,5,1000,A1,HOOI,5.250999999999976
0.09917056499624873,3,100,4946,5,1000,A2,HOOI,5.250999999999976
2.541527350401839,3,100,4946,5,1000,A3,HOOI,5.250999999999976
12.634700435820418,3,100,4946,5,1000,core,HOOI,5.250999999999976
6.944782362941209,3,100,4946,5,1000,A1,Olga,2.4829999999999472
1.079516655559587,3,100,4946,5,1000,A2,Olga,2.4829999999999472
2.8738820618858147,3,100,4946,5,1000,A3,Tracy,2.4829999999999472
12.688168862787714,3,100,4946,5,1000,core,Tracy_Olga,2.4829999999999472
7.450044327383179,3,100,9799,5,1000,A1,NTD,328.21399999999994
4.000006425095656,3,100,9799,5,1000,A2,NTD,328.21399999999994
9796.165340920556,3,100,9799,5,1000,A3,NTD,328.21399999999994
11.669702192894178,3,100,9799,5,1000,core,NTD,328.21399999999994
8.475773857233873,3,100,9799,5,1000,A1,Ours,24.589999999999918
0.09899144035408389,3,100,9799,5,1000,A2,Ours,24.589999999999918
4.156240016742838,3,100,9799,5,1000,A3,Ours,24.589999999999918
12.271534738364753,3,100,9799,5,1000,core,Ours,24.589999999999918
8.475773857233873,3,100,9799,5,1000,A1,HOSVD,11.950000000000045
0.09899144035408389,3,100,9799,5,1000,A2,HOSVD,11.950000000000045
3.3379243325355286,3,100,9799,5,1000,A3,HOSVD,11.950000000000045
8.955079717246631,3,100,9799,5,1000,core,HOSVD,11.950000000000045
8.517988654860057,3,100,9799,5,1000,A1,HOOI,25.620999999999867
0.08530284428999622,3,100,9799,5,1000,A2,HOOI,25.620999999999867
3.7335120387157135,3,100,9799,5,1000,A3,HOOI,25.620999999999867
11.192945530703893,3,100,9799,5,1000,core,HOOI,25.620999999999867
8.30762728779407,3,100,9799,5,1000,A1,Olga,16.804999999999836
3.726768792357383,3,100,9799,5,1000,A2,Olga,16.804999999999836
2.9333574116935313,3,100,9799,5,1000,A3,Tracy,16.804999999999836
11.09098908437487,3,100,9799,5,1000,core,Tracy_Olga,16.804999999999836
3.8894927035203857,3,100,1000,5,2500,A1,NTD,28.5
1.857503566101873,3,100,1000,5,2500,A2,NTD,28.5
997.0001066680155,3,100,1000,5,2500,A3,NTD,28.5
11.208800278599083,3,100,1000,5,2500,core,NTD,28.5
3.3693416639388074,3,100,1000,5,2500,A1,Ours,7.033999999999878
0.01956963437061653,3,100,1000,5,2500,A2,Ours,7.033999999999878
0.7601469852669394,3,100,1000,5,2500,A3,Ours,7.033999999999878
12.112766886770881,3,100,1000,5,2500,core,Ours,7.033999999999878
3.3693416639388074,3,100,1000,5,2500,A1,HOSVD,8.240999999999985
0.01956963437061653,3,100,1000,5,2500,A2,HOSVD,8.240999999999985
0.7593124748118469,3,100,1000,5,2500,A3,HOSVD,8.240999999999985
12.11075647572701,3,100,1000,5,2500,core,HOSVD,8.240999999999985
3.365676890693719,3,100,1000,5,2500,A1,HOOI,8.5
0.02497464635414954,3,100,1000,5,2500,A2,HOOI,8.5
0.7611242022157235,3,100,1000,5,2500,A3,HOOI,8.5
12.199743176305672,3,100,1000,5,2500,core,HOOI,8.5
3.540538849172298,3,100,1000,5,2500,A1,Olga,5.301000000000158
0.08435841502730138,3,100,1000,5,2500,A2,Olga,5.301000000000158
1.5316624670487946,3,100,1000,5,2500,A3,Tracy,5.301000000000158
12.183401555565059,3,100,1000,5,2500,core,Tracy_Olga,5.301000000000158
3.4268064848165647,3,100,4982,5,2500,A1,NTD,160.95199999999977
3.99533278847878,3,100,4982,5,2500,A2,NTD,160.95199999999977
4979.044936972943,3,100,4982,5,2500,A3,NTD,160.95199999999977
12.185679507204068,3,100,4982,5,2500,core,NTD,160.95199999999977
3.1524955710089664,3,100,4982,5,2500,A1,Ours,5.358000000000175
0.02477513985637948,3,100,4982,5,2500,A2,Ours,5.358000000000175
2.5540442405016304,3,100,4982,5,2500,A3,Ours,5.358000000000175
12.408585403985018,3,100,4982,5,2500,core,Ours,5.358000000000175
3.1524955710089664,3,100,4982,5,2500,A1,HOSVD,2.074000000000069
0.02477513985637948,3,100,4982,5,2500,A2,HOSVD,2.074000000000069
2.5225548806714,3,100,4982,5,2500,A3,HOSVD,2.074000000000069
12.363791110005698,3,100,4982,5,2500,core,HOSVD,2.074000000000069
3.157709851479574,3,100,4982,5,2500,A1,HOOI,4.480000000000018
0.03301058578384564,3,100,4982,5,2500,A2,HOOI,4.480000000000018
2.519248415619416,3,100,4982,5,2500,A3,HOOI,4.480000000000018
12.593680422864391,3,100,4982,5,2500,core,HOOI,4.480000000000018
3.8746773595190285,3,100,4982,5,2500,A1,Olga,2.5830000000000837
0.11213977497636764,3,100,4982,5,2500,A2,Olga,2.5830000000000837
2.867230892981683,3,100,4982,5,2500,A3,Tracy,2.5830000000000837
12.345149557367568,3,100,4982,5,2500,core,Tracy_Olga,2.5830000000000837
2.788944067750307,3,100,9915,5,2500,A1,NTD,340.1959999999999
3.9933601671284737,3,100,9915,5,2500,A2,NTD,340.1959999999999
9912.090538761591,3,100,9915,5,2500,A3,NTD,340.1959999999999
12.371435101729436,3,100,9915,5,2500,core,NTD,340.1959999999999
4.343318932391143,3,100,9915,5,2500,A1,Ours,14.832000000000335
0.06788185006246097,3,100,9915,5,2500,A2,Ours,14.832000000000335
2.8767248489795443,3,100,9915,5,2500,A3,Ours,14.832000000000335
12.423305761532577,3,100,9915,5,2500,core,Ours,14.832000000000335
4.343318932391143,3,100,9915,5,2500,A1,HOSVD,3.5589999999997417
0.06788185006246097,3,100,9915,5,2500,A2,HOSVD,3.5589999999997417
2.5476521162145778,3,100,9915,5,2500,A3,HOSVD,3.5589999999997417
12.636087841548866,3,100,9915,5,2500,core,HOSVD,3.5589999999997417
4.36415445284488,3,100,9915,5,2500,A1,HOOI,12.141999999999825
0.05505386250100232,3,100,9915,5,2500,A2,HOOI,12.141999999999825
2.5492202455906847,3,100,9915,5,2500,A3,HOOI,12.141999999999825
12.631214148951363,3,100,9915,5,2500,core,HOOI,12.141999999999825
4.0611785704325865,3,100,9915,5,2500,A1,Olga,10.527000000000044
0.7316402250305326,3,100,9915,5,2500,A2,Olga,10.527000000000044
2.894728832217912,3,100,9915,5,2500,A3,Tracy,10.527000000000044
12.616118117758072,3,100,9915,5,2500,core,Tracy_Olga,10.527000000000044
3.515192186904747,3,100,1000,5,5000,A1,NTD,28.736999999999625
0.8671491007277978,3,100,1000,5,5000,A2,NTD,28.736999999999625
997.0001825608155,3,100,1000,5,5000,A3,NTD,28.736999999999625
14.123956076861589,3,100,1000,5,5000,core,NTD,28.736999999999625
3.007524589905189,3,100,1000,5,5000,A1,Ours,1.6269999999999527
0.014156209333844738,3,100,1000,5,5000,A2,Ours,1.6269999999999527
0.25520927885886185,3,100,1000,5,5000,A3,Ours,1.6269999999999527
11.970496960917915,3,100,1000,5,5000,core,Ours,1.6269999999999527
3.007524589905189,3,100,1000,5,5000,A1,HOSVD,0.79300000000012
0.014156209333844738,3,100,1000,5,5000,A2,HOSVD,0.79300000000012
0.2550843851807979,3,100,1000,5,5000,A3,HOSVD,0.79300000000012
11.970202636760035,3,100,1000,5,5000,core,HOSVD,0.79300000000012
3.0017419643232945,3,100,1000,5,5000,A1,HOOI,1.3240000000000691
0.01627142154478687,3,100,1000,5,5000,A2,HOOI,1.3240000000000691
0.2549143661997895,3,100,1000,5,5000,A3,HOOI,1.3240000000000691
11.907199709710412,3,100,1000,5,5000,core,HOOI,1.3240000000000691
2.5119053179234747,3,100,1000,5,5000,A1,Olga,1.3640000000000327
0.042197786948471795,3,100,1000,5,5000,A2,Olga,1.3640000000000327
1.4246017018589126,3,100,1000,5,5000,A3,Tracy,1.3640000000000327
11.973013487022882,3,100,1000,5,5000,core,Tracy_Olga,1.3640000000000327
3.364539476285373,3,100,4995,5,5000,A1,NTD,164.6550000000002
1.2590076442436138,3,100,4995,5,5000,A2,NTD,164.6550000000002
4992.027657469572,3,100,4995,5,5000,A3,NTD,164.6550000000002
11.840264580754916,3,100,4995,5,5000,core,NTD,164.6550000000002
3.160495440187526,3,100,4995,5,5000,A1,Ours,5.391999999999825
0.0234102310235946,3,100,4995,5,5000,A2,Ours,5.391999999999825
2.5225385675046095,3,100,4995,5,5000,A3,Ours,5.391999999999825
12.315768547247727,3,100,4995,5,5000,core,Ours,5.391999999999825
3.160495440187526,3,100,4995,5,5000,A1,HOSVD,1.6889999999998508
0.0234102310235946,3,100,4995,5,5000,A2,HOSVD,1.6889999999998508
2.51487731043579,3,100,4995,5,5000,A3,HOSVD,1.6889999999998508
12.30602487634519,3,100,4995,5,5000,core,HOSVD,1.6889999999998508
3.1739204167435395,3,100,4995,5,5000,A1,HOOI,4.39200000000028
0.018180850532565605,3,100,4995,5,5000,A2,HOOI,4.39200000000028
2.519160720852348,3,100,4995,5,5000,A3,HOOI,4.39200000000028
12.327748726431343,3,100,4995,5,5000,core,HOOI,4.39200000000028
2.9539707448467527,3,100,4995,5,5000,A1,Olga,2.5329999999999018
0.045283502768283995,3,100,4995,5,5000,A2,Olga,2.5329999999999018
2.8520576412541905,3,100,4995,5,5000,A3,Tracy,2.5329999999999018
12.629174197470515,3,100,4995,5,5000,core,Tracy_Olga,2.5329999999999018
3.5805510468397954,3,100,9960,5,5000,A1,NTD,336.4849999999997
3.8144339885448373,3,100,9960,5,5000,A2,NTD,336.4849999999997
9957.03836406054,3,100,9960,5,5000,A3,NTD,336.4849999999997
11.533334828632482,3,100,9960,5,5000,core,NTD,336.4849999999997
2.488948666025531,3,100,9960,5,5000,A1,Ours,16.184000000000196
0.02885088820992063,3,100,9960,5,5000,A2,Ours,16.184000000000196
2.572553409775417,3,100,9960,5,5000,A3,Ours,16.184000000000196
12.611464595200871,3,100,9960,5,5000,core,Ours,16.184000000000196
2.488948666025531,3,100,9960,5,5000,A1,HOSVD,3.7390000000000327
0.02885088820992063,3,100,9960,5,5000,A2,HOSVD,3.7390000000000327
2.541813873088837,3,100,9960,5,5000,A3,HOSVD,3.7390000000000327
12.584163084788564,3,100,9960,5,5000,core,HOSVD,3.7390000000000327
2.454560636441093,3,100,9960,5,5000,A1,HOOI,17.304000000000087
0.02866148969708865,3,100,9960,5,5000,A2,HOOI,17.304000000000087
2.543860578162193,3,100,9960,5,5000,A3,HOOI,17.304000000000087
12.578816968552,3,100,9960,5,5000,core,HOOI,17.304000000000087
2.378047308321488,3,100,9960,5,5000,A1,Olga,8.519999999999982
0.16691876450106463,3,100,9960,5,5000,A2,Olga,8.519999999999982
2.888495875699458,3,100,9960,5,5000,A3,Tracy,8.519999999999982
12.376015776542145,3,100,9960,5,5000,core,Tracy_Olga,8.519999999999982
4.294237067724397,3,100,1000,5,6000,A1,NTD,27.695999999999913
1.461564283376214,3,100,1000,5,6000,A2,NTD,27.695999999999913
997.0000774855628,3,100,1000,5,6000,A3,NTD,27.695999999999913
12.15510146555005,3,100,1000,5,6000,core,NTD,27.695999999999913
2.6476809634242233,3,100,1000,5,6000,A1,Ours,0.4580000000000837
0.0337042541237884,3,100,1000,5,6000,A2,Ours,0.4580000000000837
0.09348696821098183,3,100,1000,5,6000,A3,Ours,0.4580000000000837
11.86712950483223,3,100,1000,5,6000,core,Ours,0.4580000000000837
2.6476809634242233,3,100,1000,5,6000,A1,HOSVD,0.45100000000002183
0.0337042541237884,3,100,1000,5,6000,A2,HOSVD,0.45100000000002183
0.09350745480170254,3,100,1000,5,6000,A3,HOSVD,0.45100000000002183
11.867155236832163,3,100,1000,5,6000,core,HOSVD,0.45100000000002183
2.663092298727392,3,100,1000,5,6000,A1,HOOI,0.7559999999998581
0.03617155413228792,3,100,1000,5,6000,A2,HOOI,0.7559999999998581
0.09343714477229449,3,100,1000,5,6000,A3,HOOI,0.7559999999998581
11.867627451238953,3,100,1000,5,6000,core,HOOI,0.7559999999998581
2.131577068483767,3,100,1000,5,6000,A1,Olga,0.5960000000000036
0.059359494423989634,3,100,1000,5,6000,A2,Olga,0.5960000000000036
1.3576867565775321,3,100,1000,5,6000,A3,Tracy,0.5960000000000036
11.919054883143158,3,100,1000,5,6000,core,Tracy_Olga,0.5960000000000036
4.007841635266891,3,100,4992,5,6000,A1,NTD,162.9749999999999
1.6926381710524872,3,100,4992,5,6000,A2,NTD,162.9749999999999
4989.032192912249,3,100,4992,5,6000,A3,NTD,162.9749999999999
11.362543821138791,3,100,4992,5,6000,core,NTD,162.9749999999999
2.064498332486159,3,100,4992,5,6000,A1,Ours,5.246999999999844
0.011747024078481709,3,100,4992,5,6000,A2,Ours,5.246999999999844
2.5318833228725266,3,100,4992,5,6000,A3,Ours,5.246999999999844
12.602038154093457,3,100,4992,5,6000,core,Ours,5.246999999999844
2.064498332486159,3,100,4992,5,6000,A1,HOSVD,1.7279999999996107
0.011747024078481709,3,100,4992,5,6000,A2,HOSVD,1.7279999999996107
2.5262719474637545,3,100,4992,5,6000,A3,HOSVD,1.7279999999996107
12.599234814930886,3,100,4992,5,6000,core,HOSVD,1.7279999999996107
2.0697314930001065,3,100,4992,5,6000,A1,HOOI,4.291000000000167
0.01107373202551552,3,100,4992,5,6000,A2,HOOI,4.291000000000167
2.528268787692618,3,100,4992,5,6000,A3,HOOI,4.291000000000167
12.60284929495529,3,100,4992,5,6000,core,HOOI,4.291000000000167
1.8320709910829136,3,100,4992,5,6000,A1,Olga,2.5119999999997162
0.050672632032182585,3,100,4992,5,6000,A2,Olga,2.5119999999997162
2.872936511309047,3,100,4992,5,6000,A3,Tracy,2.5119999999997162
12.299010292342176,3,100,4992,5,6000,core,Tracy_Olga,2.5119999999997162
2.82658637536511,3,100,9971,5,6000,A1,NTD,335.8760000000002
0.00648533624063464,3,100,9971,5,6000,A2,NTD,335.8760000000002
9968.030340062887,3,100,9971,5,6000,A3,NTD,335.8760000000002
10.690402959245622,3,100,9971,5,6000,core,NTD,335.8760000000002
1.6158629333326133,3,100,9971,5,6000,A1,Ours,14.077999999999975
0.01904470246568592,3,100,9971,5,6000,A2,Ours,14.077999999999975
2.561057625546983,3,100,9971,5,6000,A3,Ours,14.077999999999975
12.634700435820418,3,100,9971,5,6000,core,Ours,14.077999999999975
1.6158629333326133,3,100,9971,5,6000,A1,HOSVD,3.543999999999869
0.01904470246568592,3,100,9971,5,6000,A2,HOSVD,3.543999999999869
2.5395784261586134,3,100,9971,5,6000,A3,HOSVD,3.543999999999869
12.629558779825576,3,100,9971,5,6000,core,HOSVD,3.543999999999869
1.6185294279165523,3,100,9971,5,6000,A1,HOOI,11.735000000000127
0.018911816143641614,3,100,9971,5,6000,A2,HOOI,11.735000000000127
2.5431636328834206,3,100,9971,5,6000,A3,HOOI,11.735000000000127
12.627591094006858,3,100,9971,5,6000,core,HOOI,11.735000000000127
2.1958341654322817,3,100,9971,5,6000,A1,Olga,12.099999999999909
0.1349628915216306,3,100,9971,5,6000,A2,Olga,12.099999999999909
2.8877841008244465,3,100,9971,5,6000,A3,Tracy,12.099999999999909
12.329990823430354,3,100,9971,5,6000,core,Tracy_Olga,12.099999999999909
3.8475216922970654,3,100,1000,5,7000,A1,NTD,29.271000000000186
0.8045548004086472,3,100,1000,5,7000,A2,NTD,29.271000000000186
997.0000554003209,3,100,1000,5,7000,A3,NTD,29.271000000000186
6.8892855398605946,3,100,1000,5,7000,core,NTD,29.271000000000186
3.487077249649678,3,100,1000,5,7000,A1,Ours,8.815999999999804
0.047850315607370617,3,100,1000,5,7000,A2,Ours,8.815999999999804
0.08431022899807321,3,100,1000,5,7000,A3,Ours,8.815999999999804
11.884972233655816,3,100,1000,5,7000,core,Ours,8.815999999999804
3.487077249649678,3,100,1000,5,7000,A1,HOSVD,11.374000000000251
0.047850315607370617,3,100,1000,5,7000,A2,HOSVD,11.374000000000251
0.0842233641759222,3,100,1000,5,7000,A3,HOSVD,11.374000000000251
11.884977588497636,3,100,1000,5,7000,core,HOSVD,11.374000000000251
3.4821722546827028,3,100,1000,5,7000,A1,HOOI,7.407999999999902
0.05257406528849998,3,100,1000,5,7000,A2,HOOI,7.407999999999902
0.08436616205551473,3,100,1000,5,7000,A3,HOOI,7.407999999999902
11.887076557958148,3,100,1000,5,7000,core,HOOI,7.407999999999902
1.9090118430023502,3,100,1000,5,7000,A1,Olga,7.4220000000000255
0.03900110927624942,3,100,1000,5,7000,A2,Olga,7.4220000000000255
1.3590946092522664,3,100,1000,5,7000,A3,Tracy,7.4220000000000255
11.906053538841485,3,100,1000,5,7000,core,Tracy_Olga,7.4220000000000255
3.4005097266771322,3,100,4998,5,7000,A1,NTD,165.8180000000002
1.1906444261983433,3,100,4998,5,7000,A2,NTD,165.8180000000002
4995.015353956003,3,100,4998,5,7000,A3,NTD,165.8180000000002
11.141198650992632,3,100,4998,5,7000,core,NTD,165.8180000000002
2.9295328453198635,3,100,4998,5,7000,A1,Ours,5.257000000000062
0.03004273735198178,3,100,4998,5,7000,A2,Ours,5.257000000000062
2.484238721738704,3,100,4998,5,7000,A3,Ours,5.257000000000062
12.175508432451643,3,100,4998,5,7000,core,Ours,5.257000000000062
2.9295328453198635,3,100,4998,5,7000,A1,HOSVD,1.8070000000002437
0.03004273735198178,3,100,4998,5,7000,A2,HOSVD,1.8070000000002437
2.479863231990202,3,100,4998,5,7000,A3,HOSVD,1.8070000000002437
12.166096098993341,3,100,4998,5,7000,core,HOSVD,1.8070000000002437
2.9230949858989153,3,100,4998,5,7000,A1,HOOI,4.735999999999876
0.0281061675815671,3,100,4998,5,7000,A2,HOOI,4.735999999999876
2.479833178253445,3,100,4998,5,7000,A3,HOOI,4.735999999999876
12.166445780294328,3,100,4998,5,7000,core,HOOI,4.735999999999876
2.129898512890937,3,100,4998,5,7000,A1,Olga,4.272000000000389
0.08473176594420877,3,100,4998,5,7000,A2,Olga,4.272000000000389
2.8527450046956067,3,100,4998,5,7000,A3,Tracy,4.272000000000389
12.17791699978712,3,100,4998,5,7000,core,Tracy_Olga,4.272000000000389
3.2345341487242294,3,100,9981,5,7000,A1,NTD,354.02900000000045
1.9981735704388293,3,100,9981,5,7000,A2,NTD,354.02900000000045
9978.023992025464,3,100,9981,5,7000,A3,NTD,354.02900000000045
10.64366194879551,3,100,9981,5,7000,core,NTD,354.02900000000045
2.2826598958651885,3,100,9981,5,7000,A1,Ours,14.550999999999476
0.030121552082243784,3,100,9981,5,7000,A2,Ours,14.550999999999476
2.5700995870081527,3,100,9981,5,7000,A3,Ours,14.550999999999476
12.318429912373892,3,100,9981,5,7000,core,Ours,14.550999999999476
2.2826598958651885,3,100,9981,5,7000,A1,HOSVD,3.6480000000001382
0.030121552082243784,3,100,9981,5,7000,A2,HOSVD,3.6480000000001382
2.553984470839078,3,100,9981,5,7000,A3,HOSVD,3.6480000000001382
12.281336847354087,3,100,9981,5,7000,core,HOSVD,3.6480000000001382
2.283658065038132,3,100,9981,5,7000,A1,HOOI,12.094000000000051
0.029234478013038988,3,100,9981,5,7000,A2,HOOI,12.094000000000051
2.5542142142245354,3,100,9981,5,7000,A3,HOOI,12.094000000000051
12.276660530988607,3,100,9981,5,7000,core,HOOI,12.094000000000051
2.1428768659083954,3,100,9981,5,7000,A1,Olga,8.028000000000247
0.0841996258729192,3,100,9981,5,7000,A2,Olga,8.028000000000247
2.904223836299299,3,100,9981,5,7000,A3,Tracy,8.028000000000247
12.634597117131134,3,100,9981,5,7000,core,Tracy_Olga,8.028000000000247
3.624292771448097,3,100,1000,5,8000,A1,NTD,29.09400000000005
0.8279119629555087,3,100,1000,5,8000,A2,NTD,29.09400000000005
997.0001959218329,3,100,1000,5,8000,A3,NTD,29.09400000000005
10.838891602298736,3,100,1000,5,8000,core,NTD,29.09400000000005
2.0123538329855304,3,100,1000,5,8000,A1,Ours,0.5120000000006257
0.03030004269001474,3,100,1000,5,8000,A2,Ours,0.5120000000006257
0.0789837520061343,3,100,1000,5,8000,A3,Ours,0.5120000000006257
12.078519661394196,3,100,1000,5,8000,core,Ours,0.5120000000006257
2.0123538329855304,3,100,1000,5,8000,A1,HOSVD,1.2249999999994543
0.03030004269001474,3,100,1000,5,8000,A2,HOSVD,1.2249999999994543
0.07898699386570215,3,100,1000,5,8000,A3,HOSVD,1.2249999999994543
12.07849250310122,3,100,1000,5,8000,core,HOSVD,1.2249999999994543
2.0190231418590194,3,100,1000,5,8000,A1,HOOI,0.7870000000002619
0.02634511607041257,3,100,1000,5,8000,A2,HOOI,0.7870000000002619
0.17533854436289642,3,100,1000,5,8000,A3,HOOI,0.7870000000002619
12.220409296191173,3,100,1000,5,8000,core,HOOI,0.7870000000002619
1.9239550551584386,3,100,1000,5,8000,A1,Olga,0.4669999999996435
0.009177577231730334,3,100,1000,5,8000,A2,Olga,0.4669999999996435
1.3853682585678377,3,100,1000,5,8000,A3,Tracy,0.4669999999996435
11.788875077719862,3,100,1000,5,8000,core,Tracy_Olga,0.4669999999996435
3.7974287907017534,3,100,4995,5,8000,A1,NTD,163.97499999999945
3.103250414007483,3,100,4995,5,8000,A2,NTD,163.97499999999945
4992.01858325774,3,100,4995,5,8000,A3,NTD,163.97499999999945
7.145738191506206,3,100,4995,5,8000,core,NTD,163.97499999999945
2.55261203951377,3,100,4995,5,8000,A1,Ours,4.912999999999556
0.018318424896229518,3,100,4995,5,8000,A2,Ours,4.912999999999556
2.6381445824051184,3,100,4995,5,8000,A3,Ours,4.912999999999556
12.224506692860023,3,100,4995,5,8000,core,Ours,4.912999999999556
2.55261203951377,3,100,4995,5,8000,A1,HOSVD,1.735000000000582
0.018318424896229518,3,100,4995,5,8000,A2,HOSVD,1.735000000000582
2.6367879683869875,3,100,4995,5,8000,A3,HOSVD,1.735000000000582
12.220312897810818,3,100,4995,5,8000,core,HOSVD,1.735000000000582
2.543453357683159,3,100,4995,5,8000,A1,HOOI,4.64600000000064
0.019525623981950086,3,100,4995,5,8000,A2,HOOI,4.64600000000064
2.576799681642921,3,100,4995,5,8000,A3,HOOI,4.64600000000064
11.981559561068332,3,100,4995,5,8000,core,HOOI,4.64600000000064
1.9338748444689218,3,100,4995,5,8000,A1,Olga,2.7399999999997817
0.03800574209854978,3,100,4995,5,8000,A2,Olga,2.7399999999997817
2.8866701802601136,3,100,4995,5,8000,A3,Tracy,2.7399999999997817
12.45359407129403,3,100,4995,5,8000,core,Tracy_Olga,2.7399999999997817
3.0918130631592016,3,100,9978,5,8000,A1,NTD,336.7569999999996
0.015304992193256844,3,100,9978,5,8000,A2,NTD,336.7569999999996
9975.03139392601,3,100,9978,5,8000,A3,NTD,336.7569999999996
10.176805803046152,3,100,9978,5,8000,core,NTD,336.7569999999996
2.3961795979322513,3,100,9978,5,8000,A1,Ours,13.735999999999876
0.017779315872101853,3,100,9978,5,8000,A2,Ours,13.735999999999876
2.5666751086032265,3,100,9978,5,8000,A3,Ours,13.735999999999876
12.304785854841493,3,100,9978,5,8000,core,Ours,13.735999999999876
2.3961795979322513,3,100,9978,5,8000,A1,HOSVD,3.5219999999999345
0.017779315872101853,3,100,9978,5,8000,A2,HOSVD,3.5219999999999345
2.5538091926015736,3,100,9978,5,8000,A3,HOSVD,3.5219999999999345
12.283260959503984,3,100,9978,5,8000,core,HOSVD,3.5219999999999345
2.3918547241577133,3,100,9978,5,8000,A1,HOOI,11.462000000000444
0.01774916049223058,3,100,9978,5,8000,A2,HOOI,11.462000000000444
2.552535330370841,3,100,9978,5,8000,A3,HOOI,11.462000000000444
12.292540369824588,3,100,9978,5,8000,core,HOOI,11.462000000000444
2.1030704097025263,3,100,9978,5,8000,A1,Olga,7.329999999999927
0.12828206401501227,3,100,9978,5,8000,A2,Olga,7.329999999999927
2.8921154566371547,3,100,9978,5,8000,A3,Tracy,7.329999999999927
12.372642720445123,3,100,9978,5,8000,core,Tracy_Olga,7.329999999999927
4.679347310808226,3,100,1000,5,9000,A1,NTD,29.50300000000061
2.0257756379513996,3,100,1000,5,9000,A2,NTD,29.50300000000061
997.0000730849528,3,100,1000,5,9000,A3,NTD,29.50300000000061
11.006447278067125,3,100,1000,5,9000,core,NTD,29.50300000000061
1.453978047711923,3,100,1000,5,9000,A1,Ours,0.4989999999997963
0.04242104849662505,3,100,1000,5,9000,A2,Ours,0.4989999999997963
0.07747953144246422,3,100,1000,5,9000,A3,Ours,0.4989999999997963
11.867547776415945,3,100,1000,5,9000,core,Ours,0.4989999999997963
1.453978047711923,3,100,1000,5,9000,A1,HOSVD,0.48800000000028376
0.04242104849662505,3,100,1000,5,9000,A2,HOSVD,0.48800000000028376
0.07750281571740693,3,100,1000,5,9000,A3,HOSVD,0.48800000000028376
11.867559884574876,3,100,1000,5,9000,core,HOSVD,0.48800000000028376
1.4528737000141316,3,100,1000,5,9000,A1,HOOI,0.9239999999999782
0.04286598171736894,3,100,1000,5,9000,A2,HOOI,0.9239999999999782
0.07731124441927903,3,100,1000,5,9000,A3,HOOI,0.9239999999999782
11.867599429731845,3,100,1000,5,9000,core,HOOI,0.9239999999999782
1.407866645843723,3,100,1000,5,9000,A1,Olga,0.6359999999995125
0.04218183920509103,3,100,1000,5,9000,A2,Olga,0.6359999999995125
1.3539536288086311,3,100,1000,5,9000,A3,Tracy,0.6359999999995125
11.915023345312573,3,100,1000,5,9000,core,Tracy_Olga,0.6359999999995125
5.469057475684677,3,100,4995,5,9000,A1,NTD,167.7550000000001
1.187851991013048,3,100,4995,5,9000,A2,NTD,167.7550000000001
4992.012410602777,3,100,4995,5,9000,A3,NTD,167.7550000000001
10.962293744941764,3,100,4995,5,9000,core,NTD,167.7550000000001
1.848320548943557,3,100,4995,5,9000,A1,Ours,5.206000000000131
0.03601367719517923,3,100,4995,5,9000,A2,Ours,5.206000000000131
2.5143494837426585,3,100,4995,5,9000,A3,Ours,5.206000000000131
12.295731096450124,3,100,4995,5,9000,core,Ours,5.206000000000131
1.848320548943557,3,100,4995,5,9000,A1,HOSVD,1.8499999999994543
0.03601367719517923,3,100,4995,5,9000,A2,HOSVD,1.8499999999994543
2.5119563685997393,3,100,4995,5,9000,A3,HOSVD,1.8499999999994543
12.291484710593334,3,100,4995,5,9000,core,HOSVD,1.8499999999994543
1.8494047738833197,3,100,4995,5,9000,A1,HOOI,4.44800000000032
0.035305952964022294,3,100,4995,5,9000,A2,HOOI,4.44800000000032
2.510419023149472,3,100,4995,5,9000,A3,HOOI,4.44800000000032
12.273863348912743,3,100,4995,5,9000,core,HOOI,4.44800000000032
1.5134473643546422,3,100,4995,5,9000,A1,Olga,2.6460000000006403
0.02540498803892847,3,100,4995,5,9000,A2,Olga,2.6460000000006403
2.8547631001261986,3,100,4995,5,9000,A3,Tracy,2.6460000000006403
12.30405828143873,3,100,4995,5,9000,core,Tracy_Olga,2.6460000000006403
2.463430514765949,3,100,9976,5,9000,A1,NTD,335.45899999999983
3.209541224800873,3,100,9976,5,9000,A2,NTD,335.45899999999983
9973.019494730856,3,100,9976,5,9000,A3,NTD,335.45899999999983
8.171901673058503,3,100,9976,5,9000,core,NTD,335.45899999999983
1.559695283575778,3,100,9976,5,9000,A1,Ours,14.114000000000487
0.027188484085733936,3,100,9976,5,9000,A2,Ours,14.114000000000487
2.5345894841747696,3,100,9976,5,9000,A3,Ours,14.114000000000487
12.258112102105276,3,100,9976,5,9000,core,Ours,14.114000000000487
1.559695283575778,3,100,9976,5,9000,A1,HOSVD,3.6950000000006185
0.027188484085733936,3,100,9976,5,9000,A2,HOSVD,3.6950000000006185
2.52428804055824,3,100,9976,5,9000,A3,HOSVD,3.6950000000006185
12.23458794899649,3,100,9976,5,9000,core,HOSVD,3.6950000000006185
1.5539266598098187,3,100,9976,5,9000,A1,HOOI,10.287000000000262
0.028671115044808973,3,100,9976,5,9000,A2,HOOI,10.287000000000262
2.5201530256285425,3,100,9976,5,9000,A3,HOOI,10.287000000000262
12.231408905226514,3,100,9976,5,9000,core,HOOI,10.287000000000262
1.718917396841226,3,100,9976,5,9000,A1,Olga,6.33600000000024
0.08661811213308507,3,100,9976,5,9000,A2,Olga,6.33600000000024
2.893493816272866,3,100,9976,5,9000,A3,Tracy,6.33600000000024
12.328994853271418,3,100,9976,5,9000,core,Tracy_Olga,6.33600000000024
2.5978716720990738,3,100,1000,5,10000,A1,NTD,29.061999999999898
0.98912263492104,3,100,1000,5,10000,A2,NTD,29.061999999999898
997.000013476133,3,100,1000,5,10000,A3,NTD,29.061999999999898
10.310166998874347,3,100,1000,5,10000,core,NTD,29.061999999999898
1.822050696833109,3,100,1000,5,10000,A1,Ours,0.4669999999996435
0.019260211341345944,3,100,1000,5,10000,A2,Ours,0.4669999999996435
0.07626249519023495,3,100,1000,5,10000,A3,Ours,0.4669999999996435
12.080396062579734,3,100,1000,5,10000,core,Ours,0.4669999999996435
1.822050696833109,3,100,1000,5,10000,A1,HOSVD,0.45600000000013097
0.019260211341345944,3,100,1000,5,10000,A2,HOSVD,0.45600000000013097
0.07624456166191855,3,100,1000,5,10000,A3,HOSVD,0.45600000000013097
12.08033917943324,3,100,1000,5,10000,core,HOSVD,0.45600000000013097
1.8252913501991366,3,100,1000,5,10000,A1,HOOI,0.7150000000001455
0.01962247700624123,3,100,1000,5,10000,A2,HOOI,0.7150000000001455
0.07649212954849571,3,100,1000,5,10000,A3,HOOI,0.7150000000001455
12.07916309209435,3,100,1000,5,10000,core,HOOI,0.7150000000001455
1.5154404424314598,3,100,1000,5,10000,A1,Olga,0.45600000000013097
0.03130319610125331,3,100,1000,5,10000,A2,Olga,0.45600000000013097
1.3581587992851003,3,100,1000,5,10000,A3,Tracy,0.45600000000013097
11.904747090625035,3,100,1000,5,10000,core,Tracy_Olga,0.45600000000013097
4.556002828657966,3,100,4996,5,10000,A1,NTD,164.67199999999957
1.8326214242707393,3,100,4996,5,10000,A2,NTD,164.67199999999957
4993.015575358762,3,100,4996,5,10000,A3,NTD,164.67199999999957
8.323793327906683,3,100,4996,5,10000,core,NTD,164.67199999999957
2.4550120542529608,3,100,4996,5,10000,A1,Ours,4.467999999999847
0.015921331786476145,3,100,4996,5,10000,A2,Ours,4.467999999999847
2.491445601673983,3,100,4996,5,10000,A3,Ours,4.467999999999847
12.402953391678846,3,100,4996,5,10000,core,Ours,4.467999999999847
2.4550120542529608,3,100,4996,5,10000,A1,HOSVD,1.824999999999818
0.015921331786476145,3,100,4996,5,10000,A2,HOSVD,1.824999999999818
2.489266646247894,3,100,4996,5,10000,A3,HOSVD,1.824999999999818
12.398230511887663,3,100,4996,5,10000,core,HOSVD,1.824999999999818
2.458103549512228,3,100,4996,5,10000,A1,HOOI,4.097999999999956
0.01565220116389525,3,100,4996,5,10000,A2,HOOI,4.097999999999956
2.4890579286660417,3,100,4996,5,10000,A3,HOOI,4.097999999999956
12.38319573637394,3,100,4996,5,10000,core,HOOI,4.097999999999956
2.0638526114361624,3,100,4996,5,10000,A1,Olga,2.456999999999425
0.044641255857964704,3,100,4996,5,10000,A2,Olga,2.456999999999425
2.9018652978413484,3,100,4996,5,10000,A3,Tracy,2.456999999999425
12.157999875739733,3,100,4996,5,10000,core,Tracy_Olga,2.456999999999425
90.74698291405649,3,100,9985,5,10000,A1,NTD,323.60699999999997
0.006529393491487301,3,100,9985,5,10000,A2,NTD,323.60699999999997
9982.022276595098,3,100,9985,5,10000,A3,NTD,323.60699999999997
11.660637936815483,3,100,9985,5,10000,core,NTD,323.60699999999997
2.358612378786126,3,100,9985,5,10000,A1,Ours,12.670000000000073
0.017815883983708602,3,100,9985,5,10000,A2,Ours,12.670000000000073
2.5428423950310384,3,100,9985,5,10000,A3,Ours,12.670000000000073
12.632094628079324,3,100,9985,5,10000,core,Ours,12.670000000000073
2.358612378786126,3,100,9985,5,10000,A1,HOSVD,2.962999999999738
0.017815883983708602,3,100,9985,5,10000,A2,HOSVD,2.962999999999738
2.5350317116363934,3,100,9985,5,10000,A3,HOSVD,2.962999999999738
12.627885015800688,3,100,9985,5,10000,core,HOSVD,2.962999999999738
2.35320808914298,3,100,9985,5,10000,A1,HOOI,11.127000000000407
0.017409626151489357,3,100,9985,5,10000,A2,HOOI,11.127000000000407
2.5350509957173197,3,100,9985,5,10000,A3,HOOI,11.127000000000407
12.624814866077141,3,100,9985,5,10000,core,HOOI,11.127000000000407
1.8132764012212375,3,100,9985,5,10000,A1,Olga,5.813000000000102
0.09592940744383463,3,100,9985,5,10000,A2,Olga,5.813000000000102
2.8836444340730023,3,100,9985,5,10000,A3,Tracy,5.813000000000102
12.335970065152948,3,100,9985,5,10000,core,Tracy_Olga,5.813000000000102
