error,K,Q1,R,Q2,M,mode,method,time
7.970975351515031,3,100,100,5,100,A1,NTD,4.226000000000001
0.0616171553665374,3,100,100,5,100,A2,NTD,4.226000000000001
97.03561453675914,3,100,100,5,100,A3,NTD,4.226000000000001
12.166040325345623,3,100,100,5,100,core,NTD,4.226000000000001
17.182152334284183,3,100,100,5,100,A1,Ours,2.808
0.1791937747994889,3,100,100,5,100,A2,Ours,2.808
0.2909325926624721,3,100,100,5,100,A3,Ours,2.808
12.068471860743072,3,100,100,5,100,core,Ours,2.808
17.182152334284183,3,100,100,5,100,A1,HOSVD,1.9890000000000008
0.1791937747994889,3,100,100,5,100,A2,HOSVD,1.9890000000000008
0.29697962799196664,3,100,100,5,100,A3,HOSVD,1.9890000000000008
12.065602038765311,3,100,100,5,100,core,HOSVD,1.9890000000000008
15.889363268028038,3,100,100,5,100,A1,HOOI,2.269000000000002
0.07624161816614564,3,100,100,5,100,A2,HOOI,2.269000000000002
0.2637239155663214,3,100,100,5,100,A3,HOOI,2.269000000000002
12.08032933436096,3,100,100,5,100,core,HOOI,2.269000000000002
20.093150096537112,3,100,100,5,100,A1,Olga,2.001999999999999
0.15978391132830166,3,100,100,5,100,A2,Olga,2.001999999999999
1.0480635602089292,3,100,100,5,100,A3,Tracy,2.001999999999999
12.09637627514794,3,100,100,5,100,core,Tracy_Olga,2.001999999999999
7.787098774333943,3,100,494,5,100,A1,NTD,21.867000000000004
3.106246151826403,3,100,494,5,100,A2,NTD,21.867000000000004
491.22829341182097,3,100,494,5,100,A3,NTD,21.867000000000004
10.440390599173359,3,100,494,5,100,core,NTD,21.867000000000004
20.48601823531635,3,100,494,5,100,A1,Ours,3.1840000000000046
0.4201100864211031,3,100,494,5,100,A2,Ours,3.1840000000000046
2.9183934085344703,3,100,494,5,100,A3,Ours,3.1840000000000046
10.392018970136439,3,100,494,5,100,core,Ours,3.1840000000000046
20.48601823531635,3,100,494,5,100,A1,HOSVD,4.116
0.4201100864211031,3,100,494,5,100,A2,HOSVD,4.116
2.5647406465125258,3,100,494,5,100,A3,HOSVD,4.116
11.890430198695947,3,100,494,5,100,core,HOSVD,4.116
20.607837351367987,3,100,494,5,100,A1,HOOI,4.008000000000003
0.1891126466622271,3,100,494,5,100,A2,HOOI,4.008000000000003
2.7775442396772285,3,100,494,5,100,A3,HOOI,4.008000000000003
12.298599492775242,3,100,494,5,100,core,HOOI,4.008000000000003
22.459685520243955,3,100,494,5,100,A1,Olga,3.0600000000000023
0.028880699211633394,3,100,494,5,100,A2,Olga,3.0600000000000023
2.8500635722325076,3,100,494,5,100,A3,Tracy,3.0600000000000023
11.925878225619352,3,100,494,5,100,core,Tracy_Olga,3.0600000000000023
19.096175345939372,3,100,985,5,100,A1,NTD,38.70700000000001
4.06012653367814,3,100,985,5,100,A2,NTD,38.70700000000001
982.2533618249346,3,100,985,5,100,A3,NTD,38.70700000000001
10.221357424368298,3,100,985,5,100,core,NTD,38.70700000000001
15.52382791679803,3,100,985,5,100,A1,Ours,10.385000000000005
0.4283047911738507,3,100,985,5,100,A2,Ours,10.385000000000005
4.5915873965347265,3,100,985,5,100,A3,Ours,10.385000000000005
12.040186174721384,3,100,985,5,100,core,Ours,10.385000000000005
15.52382791679803,3,100,985,5,100,A1,HOSVD,11.031000000000006
0.4283047911738507,3,100,985,5,100,A2,HOSVD,11.031000000000006
2.5686114277445613,3,100,985,5,100,A3,HOSVD,11.031000000000006
11.803412981724426,3,100,985,5,100,core,HOSVD,11.031000000000006
15.579395098931025,3,100,985,5,100,A1,HOOI,13.039999999999992
0.39686309173120066,3,100,985,5,100,A2,HOOI,13.039999999999992
2.606752230257422,3,100,985,5,100,A3,HOOI,13.039999999999992
11.593747813984669,3,100,985,5,100,core,HOOI,13.039999999999992
33.50618866999739,3,100,985,5,100,A1,Olga,6.508999999999986
0.061723197320833506,3,100,985,5,100,A2,Olga,6.508999999999986
2.8629039357314525,3,100,985,5,100,A3,Tracy,6.508999999999986
10.953816047386638,3,100,985,5,100,core,Tracy_Olga,6.508999999999986
73.34617962109428,3,100,2395,5,100,A1,NTD,92.58000000000001
2.060050744288097,3,100,2395,5,100,A2,NTD,92.58000000000001
2392.345055491242,3,100,2395,5,100,A3,NTD,92.58000000000001
9.544285409381363,3,100,2395,5,100,core,NTD,92.58000000000001
15.629605477798203,3,100,2395,5,100,A1,Ours,6.103000000000009
0.2624583583380848,3,100,2395,5,100,A2,Ours,6.103000000000009
5.023086136336347,3,100,2395,5,100,A3,Ours,6.103000000000009
7.508813071232348,3,100,2395,5,100,core,Ours,6.103000000000009
15.629605477798203,3,100,2395,5,100,A1,HOSVD,4.438000000000017
0.2624583583380848,3,100,2395,5,100,A2,HOSVD,4.438000000000017
2.655662948648053,3,100,2395,5,100,A3,HOSVD,4.438000000000017
13.771211207175131,3,100,2395,5,100,core,HOSVD,4.438000000000017
16.38131666609248,3,100,2395,5,100,A1,HOOI,5.843000000000018
0.19769702947295542,3,100,2395,5,100,A2,HOOI,5.843000000000018
3.3990464967140737,3,100,2395,5,100,A3,HOOI,5.843000000000018
10.487517556434527,3,100,2395,5,100,core,HOOI,5.843000000000018
40.52141806960408,3,100,2395,5,100,A1,Olga,2.059000000000026
0.6893442791858816,3,100,2395,5,100,A2,Olga,2.059000000000026
2.948362498827686,3,100,2395,5,100,A3,Tracy,2.059000000000026
10.64370039639016,3,100,2395,5,100,core,Tracy_Olga,2.059000000000026
118.64340160569151,3,100,4532,5,100,A1,NTD,156.211
3.9400162929994416,3,100,4532,5,100,A2,NTD,156.211
4529.477217654498,3,100,4532,5,100,A3,NTD,156.211
9.515842472676281,3,100,4532,5,100,core,NTD,156.211
15.44187866300462,3,100,4532,5,100,A1,Ours,12.867000000000019
0.11341062118154947,3,100,4532,5,100,A2,Ours,12.867000000000019
5.082805728298998,3,100,4532,5,100,A3,Ours,12.867000000000019
9.971769803579738,3,100,4532,5,100,core,Ours,12.867000000000019
15.44187866300462,3,100,4532,5,100,A1,HOSVD,15.501000000000033
0.11341062118154947,3,100,4532,5,100,A2,HOSVD,15.501000000000033
3.5562128624427705,3,100,4532,5,100,A3,HOSVD,15.501000000000033
10.834127901441988,3,100,4532,5,100,core,HOSVD,15.501000000000033
15.71880091532189,3,100,4532,5,100,A1,HOOI,19.47199999999998
0.0944185299641592,3,100,4532,5,100,A2,HOOI,19.47199999999998
3.886327009773773,3,100,4532,5,100,A3,HOOI,19.47199999999998
14.817791865362878,3,100,4532,5,100,core,HOOI,19.47199999999998
47.593649794083504,3,100,4532,5,100,A1,Olga,14.65500000000003
0.2759461898528943,3,100,4532,5,100,A2,Olga,14.65500000000003
3.881916737833368,3,100,4532,5,100,A3,Tracy,14.65500000000003
11.48135609087844,3,100,4532,5,100,core,Tracy_Olga,14.65500000000003
118.98507882242009,3,100,5327,5,100,A1,NTD,196.697
2.060035338966409,3,100,5327,5,100,A2,NTD,196.697
5324.465905058034,3,100,5327,5,100,A3,NTD,196.697
10.253797766483517,3,100,5327,5,100,core,NTD,196.697
15.505294196359047,3,100,5327,5,100,A1,Ours,13.552000000000021
0.11494124843895587,3,100,5327,5,100,A2,Ours,13.552000000000021
5.117515915812485,3,100,5327,5,100,A3,Ours,13.552000000000021
9.29568751914804,3,100,5327,5,100,core,Ours,13.552000000000021
15.505294196359047,3,100,5327,5,100,A1,HOSVD,10.048000000000002
0.11494124843895587,3,100,5327,5,100,A2,HOSVD,10.048000000000002
2.753075889668422,3,100,5327,5,100,A3,HOSVD,10.048000000000002
12.095971260324362,3,100,5327,5,100,core,HOSVD,10.048000000000002
66.88189906601241,3,100,5327,5,100,A1,Olga,12.172000000000025
0.3665717350369712,3,100,5327,5,100,A2,Olga,12.172000000000025
3.9113951002051657,3,100,5327,5,100,A3,Tracy,12.172000000000025
12.619019255816784,3,100,5327,5,100,core,Tracy_Olga,12.172000000000025
120.42751643894852,3,100,6111,5,100,A1,NTD,200.1110000000001
1.94002376284247,3,100,6111,5,100,A2,NTD,200.1110000000001
6108.561707218795,3,100,6111,5,100,A3,NTD,200.1110000000001
8.192402049741993,3,100,6111,5,100,core,NTD,200.1110000000001
16.438350174109207,3,100,6111,5,100,A1,Ours,7.886000000000081
0.09975595682787308,3,100,6111,5,100,A2,Ours,7.886000000000081
5.383601966633296,3,100,6111,5,100,A3,Ours,7.886000000000081
15.279657462685188,3,100,6111,5,100,core,Ours,7.886000000000081
16.438350174109207,3,100,6111,5,100,A1,HOSVD,2.453999999999951
0.09975595682787308,3,100,6111,5,100,A2,HOSVD,2.453999999999951
2.815668881934582,3,100,6111,5,100,A3,HOSVD,2.453999999999951
6.4695844471319965,3,100,6111,5,100,core,HOSVD,2.453999999999951
16.612943164070693,3,100,6111,5,100,A1,HOOI,8.718000000000075
0.19890151662396133,3,100,6111,5,100,A2,HOOI,8.718000000000075
4.832441654958926,3,100,6111,5,100,A3,HOOI,8.718000000000075
14.746848823251257,3,100,6111,5,100,core,HOOI,8.718000000000075
61.20215550501626,3,100,6111,5,100,A1,Olga,4.908999999999992
0.38961747374956973,3,100,6111,5,100,A2,Olga,4.908999999999992
4.865628150455482,3,100,6111,5,100,A3,Tracy,4.908999999999992
10.687309205969585,3,100,6111,5,100,core,Tracy_Olga,4.908999999999992
111.0501996213063,3,100,6838,5,100,A1,NTD,224.62099999999998
3.9399889134957395,3,100,6838,5,100,A2,NTD,224.62099999999998
6835.55769982115,3,100,6838,5,100,A3,NTD,224.62099999999998
9.61794998614462,3,100,6838,5,100,core,NTD,224.62099999999998
12.831186972731105,3,100,6838,5,100,A1,Ours,13.682999999999993
0.1662074433632456,3,100,6838,5,100,A2,Ours,13.682999999999993
5.219310844401365,3,100,6838,5,100,A3,Ours,13.682999999999993
11.24299094419821,3,100,6838,5,100,core,Ours,13.682999999999993
12.831186972731105,3,100,6838,5,100,A1,HOSVD,4.326000000000022
0.1662074433632456,3,100,6838,5,100,A2,HOSVD,4.326000000000022
3.554825900418823,3,100,6838,5,100,A3,HOSVD,4.326000000000022
12.193142643085816,3,100,6838,5,100,core,HOSVD,4.326000000000022
13.158166269196586,3,100,6838,5,100,A1,HOOI,12.123000000000047
0.17119207101671818,3,100,6838,5,100,A2,HOOI,12.123000000000047
3.601249112423455,3,100,6838,5,100,A3,HOOI,12.123000000000047
8.326744465017228,3,100,6838,5,100,core,HOOI,12.123000000000047
81.12106469992793,3,100,6838,5,100,A1,Olga,4.481999999999971
0.30466355410326346,3,100,6838,5,100,A2,Olga,4.481999999999971
3.942597297222482,3,100,6838,5,100,A3,Tracy,4.481999999999971
10.436930369094485,3,100,6838,5,100,core,Tracy_Olga,4.481999999999971
119.96506519418791,3,100,7552,5,100,A1,NTD,247.27099999999996
4.0600271894321205,3,100,7552,5,100,A2,NTD,247.27099999999996
7549.565747942573,3,100,7552,5,100,A3,NTD,247.27099999999996
9.1598205612491,3,100,7552,5,100,core,NTD,247.27099999999996
19.932742237822833,3,100,7552,5,100,A1,Ours,10.266000000000076
0.07223416586456335,3,100,7552,5,100,A2,Ours,10.266000000000076
5.319778854340475,3,100,7552,5,100,A3,Ours,10.266000000000076
11.693505890062475,3,100,7552,5,100,core,Ours,10.266000000000076
19.932742237822833,3,100,7552,5,100,A1,HOSVD,3.520999999999958
0.07223416586456335,3,100,7552,5,100,A2,HOSVD,3.520999999999958
4.756448348870098,3,100,7552,5,100,A3,HOSVD,3.520999999999958
7.439208732740016,3,100,7552,5,100,core,HOSVD,3.520999999999958
18.78097747329873,3,100,7552,5,100,A1,HOOI,10.604000000000042
0.1375775300368701,3,100,7552,5,100,A2,HOOI,10.604000000000042
4.728393350103937,3,100,7552,5,100,A3,HOOI,10.604000000000042
12.614565455765554,3,100,7552,5,100,core,HOOI,10.604000000000042
79.02013876533695,3,100,7552,5,100,A1,Olga,5.260999999999967
0.6965542967879619,3,100,7552,5,100,A2,Olga,5.260999999999967
4.464952616719591,3,100,7552,5,100,A3,Tracy,5.260999999999967
10.125092438884224,3,100,7552,5,100,core,Tracy_Olga,5.260999999999967
112.86344208217297,3,100,8247,5,100,A1,NTD,267.0129999999999
2.0600656353087587,3,100,8247,5,100,A2,NTD,267.0129999999999
8244.594002123022,3,100,8247,5,100,A3,NTD,267.0129999999999
9.904641188131775,3,100,8247,5,100,core,NTD,267.0129999999999
19.727595680328093,3,100,8247,5,100,A1,Ours,25.382000000000062
0.21929418658263072,3,100,8247,5,100,A2,Ours,25.382000000000062
5.376523890268786,3,100,8247,5,100,A3,Ours,25.382000000000062
13.628624684129079,3,100,8247,5,100,core,Ours,25.382000000000062
19.117989539541547,3,100,8247,5,100,A1,HOOI,25.353999999999814
0.14900267947053317,3,100,8247,5,100,A2,HOOI,25.353999999999814
4.446282651233496,3,100,8247,5,100,A3,HOOI,25.353999999999814
10.908935992359346,3,100,8247,5,100,core,HOOI,25.353999999999814
100.94932526364967,3,100,8247,5,100,A1,Olga,19.105999999999995
0.9073666085193147,3,100,8247,5,100,A2,Olga,19.105999999999995
4.213313575710986,3,100,8247,5,100,A3,Tracy,19.105999999999995
9.880923208150849,3,100,8247,5,100,core,Tracy_Olga,19.105999999999995
6.606152470516433,3,100,100,5,3000,A1,NTD,3.344000000000051
0.5395829331168781,3,100,100,5,3000,A2,NTD,3.344000000000051
97,3,100,100,5,3000,A3,NTD,3.344000000000051
6.269392825391414,3,100,100,5,3000,core,NTD,3.344000000000051
4.070980201677414,3,100,100,5,3000,A1,Ours,3.836999999999989
0.029064772712859545,3,100,100,5,3000,A2,Ours,3.836999999999989
0.047788573772166824,3,100,100,5,3000,A3,Ours,3.836999999999989
12.402818458318116,3,100,100,5,3000,core,Ours,3.836999999999989
4.070980201677414,3,100,100,5,3000,A1,HOSVD,4.514000000000124
0.029064772712859545,3,100,100,5,3000,A2,HOSVD,4.514000000000124
0.047795804028559846,3,100,100,5,3000,A3,HOSVD,4.514000000000124
12.402821073653607,3,100,100,5,3000,core,HOSVD,4.514000000000124
4.024200367535019,3,100,100,5,3000,A1,HOOI,1.6539999999999964
0.020388289942976204,3,100,100,5,3000,A2,HOOI,1.6539999999999964
0.046856340378360506,3,100,100,5,3000,A3,HOOI,1.6539999999999964
12.406264788001245,3,100,100,5,3000,core,HOOI,1.6539999999999964
3.7299820835802064,3,100,100,5,3000,A1,Olga,1.724999999999909
0.03174842191382953,3,100,100,5,3000,A2,Olga,1.724999999999909
0.9937793101301902,3,100,100,5,3000,A3,Tracy,1.724999999999909
12.410928056775779,3,100,100,5,3000,core,Tracy_Olga,1.724999999999909
3.0411300682004394,3,100,500,5,3000,A1,NTD,14.904000000000224
2.126631482950008,3,100,500,5,3000,A2,NTD,14.904000000000224
497.000350153578,3,100,500,5,3000,A3,NTD,14.904000000000224
12.609681228899069,3,100,500,5,3000,core,NTD,14.904000000000224
4.286196865694014,3,100,500,5,3000,A1,Ours,1.0299999999999727
0.01303900924218542,3,100,500,5,3000,A2,Ours,1.0299999999999727
0.10447213123006109,3,100,500,5,3000,A3,Ours,1.0299999999999727
11.348639117648295,3,100,500,5,3000,core,Ours,1.0299999999999727
4.286196865694014,3,100,500,5,3000,A1,HOSVD,1.5319999999999254
0.01303900924218542,3,100,500,5,3000,A2,HOSVD,1.5319999999999254
0.10450619912936202,3,100,500,5,3000,A3,HOSVD,1.5319999999999254
11.348597709898211,3,100,500,5,3000,core,HOSVD,1.5319999999999254
4.27016859751235,3,100,500,5,3000,A1,HOOI,0.5789999999999509
0.013975774174472143,3,100,500,5,3000,A2,HOOI,0.5789999999999509
0.10442348654596348,3,100,500,5,3000,A3,HOOI,0.5789999999999509
11.349369179139572,3,100,500,5,3000,core,HOOI,0.5789999999999509
3.1986863610788534,3,100,500,5,3000,A1,Olga,0.8299999999999272
0.017813569307255955,3,100,500,5,3000,A2,Olga,0.8299999999999272
1.3059398505203295,3,100,500,5,3000,A3,Tracy,0.8299999999999272
12.443868443410526,3,100,500,5,3000,core,Tracy_Olga,0.8299999999999272
4.918872797424218,3,100,1000,5,3000,A1,NTD,34.384000000000015
4.073868001634852,3,100,1000,5,3000,A2,NTD,34.384000000000015
997.0005105806138,3,100,1000,5,3000,A3,NTD,34.384000000000015
8.820331405774889,3,100,1000,5,3000,core,NTD,34.384000000000015
3.9564283205488695,3,100,1000,5,3000,A1,Ours,1.324999999999818
0.017343900045876326,3,100,1000,5,3000,A2,Ours,1.324999999999818
1.2645556353984602,3,100,1000,5,3000,A3,Ours,1.324999999999818
9.56853031377185,3,100,1000,5,3000,core,Ours,1.324999999999818
3.9564283205488695,3,100,1000,5,3000,A1,HOSVD,1.3250000000000455
0.017343900045876326,3,100,1000,5,3000,A2,HOSVD,1.3250000000000455
1.2629713185012685,3,100,1000,5,3000,A3,HOSVD,1.3250000000000455
9.567856482044604,3,100,1000,5,3000,core,HOSVD,1.3250000000000455
3.93852921161607,3,100,1000,5,3000,A1,HOOI,1.0240000000001146
0.018915898496255704,3,100,1000,5,3000,A2,HOOI,1.0240000000001146
1.3535907276511085,3,100,1000,5,3000,A3,HOOI,1.0240000000001146
9.513576949435896,3,100,1000,5,3000,core,HOOI,1.0240000000001146
4.4529519122157515,3,100,1000,5,3000,A1,Olga,0.6730000000000018
0.0391800388351008,3,100,1000,5,3000,A2,Olga,0.6730000000000018
1.3392637202992068,3,100,1000,5,3000,A3,Tracy,0.6730000000000018
12.507106230211058,3,100,1000,5,3000,core,Tracy_Olga,0.6730000000000018
4.565488906684899,3,100,2499,5,3000,A1,NTD,90.85799999999995
0.07141780246216212,3,100,2499,5,3000,A2,NTD,90.85799999999995
2496.0367252461956,3,100,2499,5,3000,A3,NTD,90.85799999999995
10.700393044216922,3,100,2499,5,3000,core,NTD,90.85799999999995
5.049314424793721,3,100,2499,5,3000,A1,Ours,2.4349999999999454
0.008418917504916607,3,100,2499,5,3000,A2,Ours,2.4349999999999454
2.560096773662898,3,100,2499,5,3000,A3,Ours,2.4349999999999454
11.83621915070896,3,100,2499,5,3000,core,Ours,2.4349999999999454
5.049314424793721,3,100,2499,5,3000,A1,HOSVD,1.8430000000000746
0.008418917504916607,3,100,2499,5,3000,A2,HOSVD,1.8430000000000746
2.553775971112393,3,100,2499,5,3000,A3,HOSVD,1.8430000000000746
11.830523484236613,3,100,2499,5,3000,core,HOSVD,1.8430000000000746
5.053088231621257,3,100,2499,5,3000,A1,HOOI,3.185999999999922
0.01049426680290651,3,100,2499,5,3000,A2,HOOI,3.185999999999922
2.5508715165782236,3,100,2499,5,3000,A3,HOOI,3.185999999999922
11.818226674300135,3,100,2499,5,3000,core,HOOI,3.185999999999922
3.605069806353548,3,100,2499,5,3000,A1,Olga,1.61200000000008
0.016010699297919317,3,100,2499,5,3000,A2,Olga,1.61200000000008
2.842012196866675,3,100,2499,5,3000,A3,Tracy,1.61200000000008
11.81489569681288,3,100,2499,5,3000,core,Tracy_Olga,1.61200000000008
6.1294821742136945,3,100,4982,5,3000,A1,NTD,176.72899999999981
3.0770018141633875,3,100,4982,5,3000,A2,NTD,176.72899999999981
4979.095757312703,3,100,4982,5,3000,A3,NTD,176.72899999999981
11.06628481427188,3,100,4982,5,3000,core,NTD,176.72899999999981
4.241387223459988,3,100,4982,5,3000,A1,Ours,5.445999999999913
0.04878123377421922,3,100,4982,5,3000,A2,Ours,5.445999999999913
2.6664657184104597,3,100,4982,5,3000,A3,Ours,5.445999999999913
10.619146805407928,3,100,4982,5,3000,core,Ours,5.445999999999913
4.241387223459988,3,100,4982,5,3000,A1,HOSVD,2.968999999999596
0.04878123377421922,3,100,4982,5,3000,A2,HOSVD,2.968999999999596
2.659596004806695,3,100,4982,5,3000,A3,HOSVD,2.968999999999596
10.512045565027812,3,100,4982,5,3000,core,HOSVD,2.968999999999596
4.314443936583931,3,100,4982,5,3000,A1,HOOI,4.679999999999836
0.04555784296027294,3,100,4982,5,3000,A2,HOOI,4.679999999999836
2.649441848981897,3,100,4982,5,3000,A3,HOOI,4.679999999999836
10.580233756466317,3,100,4982,5,3000,core,HOOI,4.679999999999836
3.9656108884742585,3,100,4982,5,3000,A1,Olga,3.84900000000016
0.041743802732582796,3,100,4982,5,3000,A2,Olga,3.84900000000016
2.859377908634287,3,100,4982,5,3000,A3,Tracy,3.84900000000016
11.538414974719867,3,100,4982,5,3000,core,Tracy_Olga,3.84900000000016
4.820248351655808,3,100,5983,5,3000,A1,NTD,200.23000000000002
0.06010893535997234,3,100,5983,5,3000,A2,NTD,200.23000000000002
5980.066108299564,3,100,5983,5,3000,A3,NTD,200.23000000000002
12.900293687617877,3,100,5983,5,3000,core,NTD,200.23000000000002
3.4949319634767293,3,100,5983,5,3000,A1,Ours,9.795000000000073
0.005065690614624035,3,100,5983,5,3000,A2,Ours,9.795000000000073
2.602668364388377,3,100,5983,5,3000,A3,Ours,9.795000000000073
11.515762003265118,3,100,5983,5,3000,core,Ours,9.795000000000073
3.4949319634767293,3,100,5983,5,3000,A1,HOSVD,3.119000000000142
0.005065690614624035,3,100,5983,5,3000,A2,HOSVD,3.119000000000142
2.566616893642656,3,100,5983,5,3000,A3,HOSVD,3.119000000000142
11.541834775891514,3,100,5983,5,3000,core,HOSVD,3.119000000000142
3.4991071693246503,3,100,5983,5,3000,A1,HOOI,6.322000000000116
0.0036110132423640877,3,100,5983,5,3000,A2,HOOI,6.322000000000116
2.5699943032445067,3,100,5983,5,3000,A3,HOOI,6.322000000000116
11.655227356082182,3,100,5983,5,3000,core,HOOI,6.322000000000116
4.513241313734363,3,100,5983,5,3000,A1,Olga,3.894000000000233
0.02241659543804296,3,100,5983,5,3000,A2,Olga,3.894000000000233
2.8550589108749014,3,100,5983,5,3000,A3,Tracy,3.894000000000233
11.537807517570553,3,100,5983,5,3000,core,Tracy_Olga,3.894000000000233
2.7107809772087434,3,100,6976,5,3000,A1,NTD,225.43499999999995
4.06002400111247,3,100,6976,5,3000,A2,NTD,225.43499999999995
6973.090747916989,3,100,6976,5,3000,A3,NTD,225.43499999999995
11.501425923924607,3,100,6976,5,3000,core,NTD,225.43499999999995
2.804412988940667,3,100,6976,5,3000,A1,Ours,8.233999999999924
0.026403289208122457,3,100,6976,5,3000,A2,Ours,8.233999999999924
2.594050035401728,3,100,6976,5,3000,A3,Ours,8.233999999999924
11.615308215397496,3,100,6976,5,3000,core,Ours,8.233999999999924
2.804412988940667,3,100,6976,5,3000,A1,HOSVD,2.836999999999989
0.026403289208122457,3,100,6976,5,3000,A2,HOSVD,2.836999999999989
2.5469639019413384,3,100,6976,5,3000,A3,HOSVD,2.836999999999989
11.612018227753968,3,100,6976,5,3000,core,HOSVD,2.836999999999989
2.796943484566671,3,100,6976,5,3000,A1,HOOI,6.951999999999771
0.02681403382947398,3,100,6976,5,3000,A2,HOOI,6.951999999999771
2.544939630203953,3,100,6976,5,3000,A3,HOOI,6.951999999999771
11.558451441333707,3,100,6976,5,3000,core,HOOI,6.951999999999771
3.532486428620174,3,100,6976,5,3000,A1,Olga,4.342000000000098
0.041397720213092855,3,100,6976,5,3000,A2,Olga,4.342000000000098
2.843511253206555,3,100,6976,5,3000,A3,Tracy,4.342000000000098
13.709813944685603,3,100,6976,5,3000,core,Tracy_Olga,4.342000000000098
3.175402353580347,3,100,7961,5,3000,A1,NTD,246.29199999999992
1.9400114889452564,3,100,7961,5,3000,A2,NTD,246.29199999999992
7958.04279927166,3,100,7961,5,3000,A3,NTD,246.29199999999992
12.063287026395967,3,100,7961,5,3000,core,NTD,246.29199999999992
3.1894664347085153,3,100,7961,5,3000,A1,Ours,18.63799999999992
0.04704422502423436,3,100,7961,5,3000,A2,Ours,18.63799999999992
2.8725687656659527,3,100,7961,5,3000,A3,Ours,18.63799999999992
12.066229603246239,3,100,7961,5,3000,core,Ours,18.63799999999992
3.1894664347085153,3,100,7961,5,3000,A1,HOSVD,7.200000000000273
0.04704422502423436,3,100,7961,5,3000,A2,HOSVD,7.200000000000273
2.559768465357234,3,100,7961,5,3000,A3,HOSVD,7.200000000000273
11.500706562200698,3,100,7961,5,3000,core,HOSVD,7.200000000000273
3.170556726218285,3,100,7961,5,3000,A1,HOOI,10.07300000000032
0.049043435043520336,3,100,7961,5,3000,A2,HOOI,10.07300000000032
2.556996941324412,3,100,7961,5,3000,A3,HOOI,10.07300000000032
11.41171003842671,3,100,7961,5,3000,core,HOOI,10.07300000000032
3.4789640935905815,3,100,7961,5,3000,A1,Olga,7.106999999999971
0.022212390058231835,3,100,7961,5,3000,A2,Olga,7.106999999999971
2.8718812059938617,3,100,7961,5,3000,A3,Tracy,7.106999999999971
13.705304383825906,3,100,7961,5,3000,core,Tracy_Olga,7.106999999999971
2.5324200139212585,3,100,8956,5,3000,A1,NTD,296.674
2.237277430889853,3,100,8956,5,3000,A2,NTD,296.674
8953.093206420346,3,100,8956,5,3000,A3,NTD,296.674
11.229885374640482,3,100,8956,5,3000,core,NTD,296.674
3.6004731117338302,3,100,8956,5,3000,A1,Ours,11.606000000000222
0.04348060093041232,3,100,8956,5,3000,A2,Ours,11.606000000000222
2.86175763622036,3,100,8956,5,3000,A3,Ours,11.606000000000222
12.406261391458962,3,100,8956,5,3000,core,Ours,11.606000000000222
3.6004731117338302,3,100,8956,5,3000,A1,HOSVD,3.770999999999731
0.04348060093041232,3,100,8956,5,3000,A2,HOSVD,3.770999999999731
2.5790623780595143,3,100,8956,5,3000,A3,HOSVD,3.770999999999731
11.506097330397585,3,100,8956,5,3000,core,HOSVD,3.770999999999731
3.42333427498304,3,100,8956,5,3000,A1,HOOI,10.275000000000091
0.041722792077713164,3,100,8956,5,3000,A2,HOOI,10.275000000000091
2.5801022681396755,3,100,8956,5,3000,A3,HOOI,10.275000000000091
11.558823773584292,3,100,8956,5,3000,core,HOOI,10.275000000000091
5.159592676260312,3,100,8956,5,3000,A1,Olga,6.039999999999964
0.04622127953974197,3,100,8956,5,3000,A2,Olga,6.039999999999964
2.871674486162558,3,100,8956,5,3000,A3,Tracy,6.039999999999964
11.455060926181737,3,100,8956,5,3000,core,Tracy_Olga,6.039999999999964
75.00056115274435,3,100,9934,5,3000,A1,NTD,325.4079999999999
1.0993907267387717,3,100,9934,5,3000,A2,NTD,325.4079999999999
9931.076810431487,3,100,9934,5,3000,A3,NTD,325.4079999999999
11.394305666501277,3,100,9934,5,3000,core,NTD,325.4079999999999
3.6044220068362116,3,100,9934,5,3000,A1,Ours,29.67099999999982
0.03368633598203939,3,100,9934,5,3000,A2,Ours,29.67099999999982
2.890851207346581,3,100,9934,5,3000,A3,Ours,29.67099999999982
9.630731371129967,3,100,9934,5,3000,core,Ours,29.67099999999982
3.6044220068362116,3,100,9934,5,3000,A1,HOSVD,23.58699999999999
0.03368633598203939,3,100,9934,5,3000,A2,HOSVD,23.58699999999999
2.5655369488161806,3,100,9934,5,3000,A3,HOSVD,23.58699999999999
11.546229689172682,3,100,9934,5,3000,core,HOSVD,23.58699999999999
3.5989854087993427,3,100,9934,5,3000,A1,HOOI,23.841999999999643
0.036138512431486525,3,100,9934,5,3000,A2,HOOI,23.841999999999643
2.568631978443452,3,100,9934,5,3000,A3,HOOI,23.841999999999643
11.767235009150452,3,100,9934,5,3000,core,HOOI,23.841999999999643
3.870432567663746,3,100,9934,5,3000,A1,Olga,18.514000000000124
0.04649874173559499,3,100,9934,5,3000,A2,Olga,18.514000000000124
2.867728503143598,3,100,9934,5,3000,A3,Tracy,18.514000000000124
11.599962847486065,3,100,9934,5,3000,core,Tracy_Olga,18.514000000000124
3.465077783808644,3,100,100,5,10000,A1,NTD,3.7070000000003347
0.42726310182339927,3,100,100,5,10000,A2,NTD,3.7070000000003347
97,3,100,100,5,10000,A3,NTD,3.7070000000003347
6.375081618883497,3,100,100,5,10000,core,NTD,3.7070000000003347
1.4742805359897462,3,100,100,5,10000,A1,Ours,2.0979999999999563
0.011360841532237589,3,100,100,5,10000,A2,Ours,2.0979999999999563
0.02964918952216432,3,100,100,5,10000,A3,Ours,2.0979999999999563
12.404029931724308,3,100,100,5,10000,core,Ours,2.0979999999999563
1.4742805359897462,3,100,100,5,10000,A1,HOSVD,2.661999999999807
0.011360841532237589,3,100,100,5,10000,A2,HOSVD,2.661999999999807
0.029649670374310485,3,100,100,5,10000,A3,HOSVD,2.661999999999807
12.40403041615095,3,100,100,5,10000,core,HOSVD,2.661999999999807
1.478212717306428,3,100,100,5,10000,A1,HOOI,2.580999999999676
0.011787628922806005,3,100,100,5,10000,A2,HOOI,2.580999999999676
0.029385344441422302,3,100,100,5,10000,A3,HOOI,2.580999999999676
12.403530113258645,3,100,100,5,10000,core,HOOI,2.580999999999676
1.4984657540822253,3,100,100,5,10000,A1,Olga,2.6409999999996217
0.013692933137719122,3,100,100,5,10000,A2,Olga,2.6409999999996217
0.991611918269582,3,100,100,5,10000,A3,Tracy,2.6409999999996217
12.38741919457615,3,100,100,5,10000,core,Tracy_Olga,2.6409999999996217
9.254123529838019,3,100,500,5,10000,A1,NTD,14.73700000000008
1.7427703511294028,3,100,500,5,10000,A2,NTD,14.73700000000008
497.0000833777568,3,100,500,5,10000,A3,NTD,14.73700000000008
12.434066278246625,3,100,500,5,10000,core,NTD,14.73700000000008
1.726061647719446,3,100,500,5,10000,A1,Ours,0.4790000000002692
0.0062887697830676095,3,100,500,5,10000,A2,Ours,0.4790000000002692
0.056789478009101446,3,100,500,5,10000,A3,Ours,0.4790000000002692
11.356358939318154,3,100,500,5,10000,core,Ours,0.4790000000002692
1.726061647719446,3,100,500,5,10000,A1,HOSVD,0.35199999999986176
0.0062887697830676095,3,100,500,5,10000,A2,HOSVD,0.35199999999986176
0.056786395131953736,3,100,500,5,10000,A3,HOSVD,0.35199999999986176
11.356348477899884,3,100,500,5,10000,core,HOSVD,0.35199999999986176
1.725241275747576,3,100,500,5,10000,A1,HOOI,0.6880000000001019
0.007237191340261436,3,100,500,5,10000,A2,HOOI,0.6880000000001019
0.05708249147658711,3,100,500,5,10000,A3,HOOI,0.6880000000001019
11.356291694967027,3,100,500,5,10000,core,HOOI,0.6880000000001019
1.7410524632243753,3,100,500,5,10000,A1,Olga,0.7029999999999745
0.005521168408151083,3,100,500,5,10000,A2,Olga,0.7029999999999745
1.2998470621457683,3,100,500,5,10000,A3,Tracy,0.7029999999999745
12.39807431008148,3,100,500,5,10000,core,Tracy_Olga,0.7029999999999745
5.951605883044111,3,100,1000,5,10000,A1,NTD,31.55099999999993
2.0852260142356913,3,100,1000,5,10000,A2,NTD,31.55099999999993
997.0001302768727,3,100,1000,5,10000,A3,NTD,31.55099999999993
10.841081686868632,3,100,1000,5,10000,core,NTD,31.55099999999993
2.668782510188835,3,100,1000,5,10000,A1,Ours,1.7660000000000764
0.01181610697102051,3,100,1000,5,10000,A2,Ours,1.7660000000000764
0.2691449676250897,3,100,1000,5,10000,A3,Ours,1.7660000000000764
11.268620160399502,3,100,1000,5,10000,core,Ours,1.7660000000000764
2.668782510188835,3,100,1000,5,10000,A1,HOSVD,1.5700000000001637
0.01181610697102051,3,100,1000,5,10000,A2,HOSVD,1.5700000000001637
0.2690335764507882,3,100,1000,5,10000,A3,HOSVD,1.5700000000001637
11.268639792898972,3,100,1000,5,10000,core,HOSVD,1.5700000000001637
2.6695363657725943,3,100,1000,5,10000,A1,HOOI,1.5300000000002
0.012563240540066821,3,100,1000,5,10000,A2,HOOI,1.5300000000002
0.27582913134896,3,100,1000,5,10000,A3,HOOI,1.5300000000002
11.266422441338326,3,100,1000,5,10000,core,HOOI,1.5300000000002
2.028895253512529,3,100,1000,5,10000,A1,Olga,0.8719999999998436
0.004723295449712109,3,100,1000,5,10000,A2,Olga,0.8719999999998436
1.3748654975706955,3,100,1000,5,10000,A3,Tracy,0.8719999999998436
11.256605450293732,3,100,1000,5,10000,core,Tracy_Olga,0.8719999999998436
4.1013579843641335,3,100,2500,5,10000,A1,NTD,88.60100000000011
2.58915079125452,3,100,2500,5,10000,A2,NTD,88.60100000000011
2497.0014589220164,3,100,2500,5,10000,A3,NTD,88.60100000000011
8.083878619352488,3,100,2500,5,10000,core,NTD,88.60100000000011
1.7785036679044393,3,100,2500,5,10000,A1,Ours,2.5670000000000073
0.009253940904027496,3,100,2500,5,10000,A2,Ours,2.5670000000000073
0.666563784807683,3,100,2500,5,10000,A3,Ours,2.5670000000000073
12.60975758257669,3,100,2500,5,10000,core,Ours,2.5670000000000073
1.7785036679044393,3,100,2500,5,10000,A1,HOSVD,1.8240000000000691
0.009253940904027496,3,100,2500,5,10000,A2,HOSVD,1.8240000000000691
0.66654857081466,3,100,2500,5,10000,A3,HOSVD,1.8240000000000691
12.606224945544328,3,100,2500,5,10000,core,HOSVD,1.8240000000000691
1.7765200885111818,3,100,2500,5,10000,A1,HOOI,2.80199999999968
0.009456223101949003,3,100,2500,5,10000,A2,HOOI,2.80199999999968
0.6889301980834899,3,100,2500,5,10000,A3,HOOI,2.80199999999968
12.530380761317986,3,100,2500,5,10000,core,HOOI,2.80199999999968
1.8135338190159682,3,100,2500,5,10000,A1,Olga,1.7409999999999854
0.0085337773425265,3,100,2500,5,10000,A2,Olga,1.7409999999999854
1.5933895211009026,3,100,2500,5,10000,A3,Tracy,1.7409999999999854
13.426373433457071,3,100,2500,5,10000,core,Tracy_Olga,1.7409999999999854
4.4813657632015245,3,100,4998,5,10000,A1,NTD,170.3399999999997
1.164336456496037,3,100,4998,5,10000,A2,NTD,170.3399999999997
4995.02478638378,3,100,4998,5,10000,A3,NTD,170.3399999999997
7.201216422140507,3,100,4998,5,10000,core,NTD,170.3399999999997
1.4784007492207667,3,100,4998,5,10000,A1,Ours,6.136000000000422
0.007231302739253765,3,100,4998,5,10000,A2,Ours,6.136000000000422
2.4719317498223816,3,100,4998,5,10000,A3,Ours,6.136000000000422
13.129321664276272,3,100,4998,5,10000,core,Ours,6.136000000000422
1.4784007492207667,3,100,4998,5,10000,A1,HOSVD,4.649000000000342
0.007231302739253765,3,100,4998,5,10000,A2,HOSVD,4.649000000000342
2.4682122828587527,3,100,4998,5,10000,A3,HOSVD,4.649000000000342
13.115323989169873,3,100,4998,5,10000,core,HOSVD,4.649000000000342
1.4864424079786485,3,100,4998,5,10000,A1,HOOI,7.725000000000364
0.007837234822757904,3,100,4998,5,10000,A2,HOOI,7.725000000000364
2.4633271462463426,3,100,4998,5,10000,A3,HOOI,7.725000000000364
13.147676583753244,3,100,4998,5,10000,core,HOOI,7.725000000000364
2.049984589550096,3,100,4998,5,10000,A1,Olga,4.845000000000255
0.013733060615732281,3,100,4998,5,10000,A2,Olga,4.845000000000255
2.8596630790942728,3,100,4998,5,10000,A3,Tracy,4.845000000000255
13.5764626108485,3,100,4998,5,10000,core,Tracy_Olga,4.845000000000255
5.4421757206933545,3,100,5994,5,10000,A1,NTD,200.1289999999999
0.09793617640911212,3,100,5994,5,10000,A2,NTD,200.1289999999999
5991.026985289637,3,100,5994,5,10000,A3,NTD,200.1289999999999
6.087921485363869,3,100,5994,5,10000,core,NTD,200.1289999999999
2.100402718318888,3,100,5994,5,10000,A1,Ours,8.342000000000553
0.0033728208036488006,3,100,5994,5,10000,A2,Ours,8.342000000000553
2.515297050589559,3,100,5994,5,10000,A3,Ours,8.342000000000553
13.520063424631589,3,100,5994,5,10000,core,Ours,8.342000000000553
2.100402718318888,3,100,5994,5,10000,A1,HOSVD,4.2280000000000655
0.0033728208036488006,3,100,5994,5,10000,A2,HOSVD,4.2280000000000655
2.511072809796259,3,100,5994,5,10000,A3,HOSVD,4.2280000000000655
13.508190198555061,3,100,5994,5,10000,core,HOSVD,4.2280000000000655
2.0912097602446633,3,100,5994,5,10000,A1,HOOI,6.7479999999995925
0.003459173158015482,3,100,5994,5,10000,A2,HOOI,6.7479999999995925
2.5059161992896257,3,100,5994,5,10000,A3,HOOI,6.7479999999995925
13.534151105905705,3,100,5994,5,10000,core,HOOI,6.7479999999995925
1.9007745793247919,3,100,5994,5,10000,A1,Olga,4.412999999999556
0.008270440185268646,3,100,5994,5,10000,A2,Olga,4.412999999999556
2.8716546237217324,3,100,5994,5,10000,A3,Tracy,4.412999999999556
13.550111058183411,3,100,5994,5,10000,core,Tracy_Olga,4.412999999999556
3.515687599662163,3,100,6990,5,10000,A1,NTD,222.9400000000005
3.189992734505581,3,100,6990,5,10000,A2,NTD,222.9400000000005
6987.0289651337725,3,100,6990,5,10000,A3,NTD,222.9400000000005
7.2716757829290195,3,100,6990,5,10000,core,NTD,222.9400000000005
1.3691786914789135,3,100,6990,5,10000,A1,Ours,9.038000000000466
0.026322496456002084,3,100,6990,5,10000,A2,Ours,9.038000000000466
2.521023477255234,3,100,6990,5,10000,A3,Ours,9.038000000000466
13.265409075922719,3,100,6990,5,10000,core,Ours,9.038000000000466
1.3691786914789135,3,100,6990,5,10000,A1,HOSVD,4.567000000000007
0.026322496456002084,3,100,6990,5,10000,A2,HOSVD,4.567000000000007
2.5147217888308795,3,100,6990,5,10000,A3,HOSVD,4.567000000000007
13.25040964030101,3,100,6990,5,10000,core,HOSVD,4.567000000000007
1.359711692297057,3,100,6990,5,10000,A1,HOOI,8.436000000000604
0.02570407523541087,3,100,6990,5,10000,A2,HOOI,8.436000000000604
2.517777395916106,3,100,6990,5,10000,A3,HOOI,8.436000000000604
13.256694533151105,3,100,6990,5,10000,core,HOOI,8.436000000000604
1.8039722331680008,3,100,6990,5,10000,A1,Olga,4.4650000000001455
0.024052698293086688,3,100,6990,5,10000,A2,Olga,4.4650000000001455
2.902776316258145,3,100,6990,5,10000,A3,Tracy,4.4650000000001455
13.32455859470937,3,100,6990,5,10000,core,Tracy_Olga,4.4650000000001455
5.521186397321432,3,100,7988,5,10000,A1,NTD,249.91100000000006
0.5523619029765483,3,100,7988,5,10000,A2,NTD,249.91100000000006
7985.044348350673,3,100,7988,5,10000,A3,NTD,249.91100000000006
10.417890117794013,3,100,7988,5,10000,core,NTD,249.91100000000006
1.613637519533943,3,100,7988,5,10000,A1,Ours,12.122999999999593
0.00972009972533815,3,100,7988,5,10000,A2,Ours,12.122999999999593
2.55694458152402,3,100,7988,5,10000,A3,Ours,12.122999999999593
10.97489553126823,3,100,7988,5,10000,core,Ours,12.122999999999593
1.613637519533943,3,100,7988,5,10000,A1,HOSVD,4.645999999999731
0.00972009972533815,3,100,7988,5,10000,A2,HOSVD,4.645999999999731
2.549387405979203,3,100,7988,5,10000,A3,HOSVD,4.645999999999731
10.98285861429267,3,100,7988,5,10000,core,HOSVD,4.645999999999731
1.6162579633995449,3,100,7988,5,10000,A1,HOOI,10.178000000000793
0.010295297485716105,3,100,7988,5,10000,A2,HOOI,10.178000000000793
2.549553699075329,3,100,7988,5,10000,A3,HOOI,10.178000000000793
10.965881855647035,3,100,7988,5,10000,core,HOOI,10.178000000000793
2.260925515466348,3,100,7988,5,10000,A1,Olga,6.704999999999927
0.02593655725481503,3,100,7988,5,10000,A2,Olga,6.704999999999927
2.9561211150641227,3,100,7988,5,10000,A3,Tracy,6.704999999999927
10.91078485642145,3,100,7988,5,10000,core,Tracy_Olga,6.704999999999927
7.033147187553395,3,100,8988,5,10000,A1,NTD,276.3200000000006
0.12879515927739008,3,100,8988,5,10000,A2,NTD,276.3200000000006
8985.043213431294,3,100,8988,5,10000,A3,NTD,276.3200000000006
9.696042979028428,3,100,8988,5,10000,core,NTD,276.3200000000006
2.5783310172593263,3,100,8988,5,10000,A1,Ours,12.931999999999789
0.0050499292638431685,3,100,8988,5,10000,A2,Ours,12.931999999999789
2.5732930622151553,3,100,8988,5,10000,A3,Ours,12.931999999999789
11.571134216714734,3,100,8988,5,10000,core,Ours,12.931999999999789
2.5783310172593263,3,100,8988,5,10000,A1,HOSVD,4.889000000000124
0.0050499292638431685,3,100,8988,5,10000,A2,HOSVD,4.889000000000124
2.5661481961423522,3,100,8988,5,10000,A3,HOSVD,4.889000000000124
11.574223370820688,3,100,8988,5,10000,core,HOSVD,4.889000000000124
2.5771113169259556,3,100,8988,5,10000,A1,HOOI,9.72900000000027
0.005089110483698175,3,100,8988,5,10000,A2,HOOI,9.72900000000027
2.5651283577053894,3,100,8988,5,10000,A3,HOOI,9.72900000000027
11.580047269850883,3,100,8988,5,10000,core,HOOI,9.72900000000027
1.7875414058891657,3,100,8988,5,10000,A1,Olga,8.816000000000713
0.01913170749150896,3,100,8988,5,10000,A2,Olga,8.816000000000713
2.859711354985309,3,100,8988,5,10000,A3,Tracy,8.816000000000713
11.511305220830002,3,100,8988,5,10000,core,Tracy_Olga,8.816000000000713
11.74396100255026,3,100,9981,5,10000,A1,NTD,315.40599999999995
3.3421764607902626,3,100,9981,5,10000,A2,NTD,315.40599999999995
9978.070425394057,3,100,9981,5,10000,A3,NTD,315.40599999999995
11.749589617373228,3,100,9981,5,10000,core,NTD,315.40599999999995
2.385972349521908,3,100,9981,5,10000,A1,Ours,14.872000000000298
0.0022292587760929026,3,100,9981,5,10000,A2,Ours,14.872000000000298
2.5325995061732542,3,100,9981,5,10000,A3,Ours,14.872000000000298
11.01056767672264,3,100,9981,5,10000,core,Ours,14.872000000000298
2.385972349521908,3,100,9981,5,10000,A1,HOSVD,4.73700000000008
0.0022292587760929026,3,100,9981,5,10000,A2,HOSVD,4.73700000000008
2.518914250350062,3,100,9981,5,10000,A3,HOSVD,4.73700000000008
11.030223694728033,3,100,9981,5,10000,core,HOSVD,4.73700000000008
2.3889745734448393,3,100,9981,5,10000,A1,HOOI,11.313999999999396
0.002633497227116402,3,100,9981,5,10000,A2,HOOI,11.313999999999396
2.521874694768893,3,100,9981,5,10000,A3,HOOI,11.313999999999396
11.036115655194248,3,100,9981,5,10000,core,HOOI,11.313999999999396
2.1071379469025664,3,100,9981,5,10000,A1,Olga,6.020999999999731
0.02245008455327286,3,100,9981,5,10000,A2,Olga,6.020999999999731
2.9724284493300743,3,100,9981,5,10000,A3,Tracy,6.020999999999731
11.01650203757119,3,100,9981,5,10000,core,Tracy_Olga,6.020999999999731
