error,K,Q1,R,Q2,M,mode,method,time
6.932922957112114,3,100,100,5,100,A1,NTD,9.552999999999999
0.40647537554860896,3,100,100,5,100,A2,NTD,9.552999999999999
97.01873587127925,3,100,100,5,100,A3,NTD,9.552999999999999
9.248865210115007,3,100,100,5,100,core,NTD,9.552999999999999
17.022519501207785,3,100,100,5,100,A1,Ours,1.3279999999999994
0.16077508163265797,3,100,100,5,100,A2,Ours,1.3279999999999994
0.24718576165650197,3,100,100,5,100,A3,Ours,1.3279999999999994
11.621951665526217,3,100,100,5,100,core,Ours,1.3279999999999994
17.022519501207785,3,100,100,5,100,A1,HOSVD,0.16100000000000136
0.16077508163265797,3,100,100,5,100,A2,HOSVD,0.16100000000000136
0.2497154902129594,3,100,100,5,100,A3,HOSVD,0.16100000000000136
11.61549741915275,3,100,100,5,100,core,HOSVD,0.16100000000000136
19.435211002949963,3,100,100,5,100,A1,HOOI,0.3039999999999985
0.11009945339418731,3,100,100,5,100,A2,HOOI,0.3039999999999985
0.2463495869328128,3,100,100,5,100,A3,HOOI,0.3039999999999985
12.516029828809673,3,100,100,5,100,core,HOOI,0.3039999999999985
17.001308339956342,3,100,100,5,100,A1,Olga,0.13999999999999702
0.1887821129886441,3,100,100,5,100,A2,Olga,0.13999999999999702
1.045232425924168,3,100,100,5,100,A3,Tracy,0.13999999999999702
12.291638244920977,3,100,100,5,100,core,Tracy_Olga,0.13999999999999702
17.945744518244425,3,100,499,5,100,A1,NTD,42.724
1.9867349605250046,3,100,499,5,100,A2,NTD,42.724
496.2344824736634,3,100,499,5,100,A3,NTD,42.724
8.47427774900416,3,100,499,5,100,core,NTD,42.724
18.748221347477184,3,100,499,5,100,A1,Ours,0.7040000000000077
0.07573536717956482,3,100,499,5,100,A2,Ours,0.7040000000000077
2.906835678176544,3,100,499,5,100,A3,Ours,0.7040000000000077
11.585427346769615,3,100,499,5,100,core,Ours,0.7040000000000077
18.748221347477184,3,100,499,5,100,A1,HOSVD,0.6450000000000102
0.07573536717956482,3,100,499,5,100,A2,HOSVD,0.6450000000000102
2.498199158806531,3,100,499,5,100,A3,HOSVD,0.6450000000000102
12.198569371839277,3,100,499,5,100,core,HOSVD,0.6450000000000102
18.28997018980124,3,100,499,5,100,A1,HOOI,1.2710000000000008
0.056815992938325295,3,100,499,5,100,A2,HOOI,1.2710000000000008
2.5255804260275956,3,100,499,5,100,A3,HOOI,1.2710000000000008
12.230518267866067,3,100,499,5,100,core,HOOI,1.2710000000000008
21.809194034885735,3,100,499,5,100,A1,Olga,0.7900000000000063
0.338084051304664,3,100,499,5,100,A2,Olga,0.7900000000000063
2.7908495279810857,3,100,499,5,100,A3,Tracy,0.7900000000000063
12.118914907928412,3,100,499,5,100,core,Tracy_Olga,0.7900000000000063
12.712144233263773,3,100,986,5,100,A1,NTD,80.28
4.09249185760306,3,100,986,5,100,A2,NTD,80.28
983.2986847501043,3,100,986,5,100,A3,NTD,80.28
10.069940933791896,3,100,986,5,100,core,NTD,80.28
14.831929548542291,3,100,986,5,100,A1,Ours,1.1069999999999993
0.20245567788445684,3,100,986,5,100,A2,Ours,1.1069999999999993
3.2438124920068656,3,100,986,5,100,A3,Ours,1.1069999999999993
12.248337256252821,3,100,986,5,100,core,Ours,1.1069999999999993
14.831929548542291,3,100,986,5,100,A1,HOSVD,0.8949999999999818
0.20245567788445684,3,100,986,5,100,A2,HOSVD,0.8949999999999818
2.5251739564048514,3,100,986,5,100,A3,HOSVD,0.8949999999999818
11.836005226355708,3,100,986,5,100,core,HOSVD,0.8949999999999818
15.022133622500089,3,100,986,5,100,A1,HOOI,2.022999999999996
0.18161908631637802,3,100,986,5,100,A2,HOOI,2.022999999999996
2.553608620003208,3,100,986,5,100,A3,HOOI,2.022999999999996
11.921664335632675,3,100,986,5,100,core,HOOI,2.022999999999996
23.008828712829093,3,100,986,5,100,A1,Olga,1.0150000000000148
0.4573564160686848,3,100,986,5,100,A2,Olga,1.0150000000000148
2.8003498898886408,3,100,986,5,100,A3,Tracy,1.0150000000000148
11.880590142225378,3,100,986,5,100,core,Tracy_Olga,1.0150000000000148
34.22730567836669,3,100,2368,5,100,A1,NTD,178.472
3.9867832827547254,3,100,2368,5,100,A2,NTD,178.472
2365.426142635881,3,100,2368,5,100,A3,NTD,178.472
9.914179817864643,3,100,2368,5,100,core,NTD,178.472
18.218948917574174,3,100,2368,5,100,A1,Ours,3.7029999999999745
0.08543456940641202,3,100,2368,5,100,A2,Ours,3.7029999999999745
4.963421121059266,3,100,2368,5,100,A3,Ours,3.7029999999999745
11.141137097747551,3,100,2368,5,100,core,Ours,3.7029999999999745
18.218948917574174,3,100,2368,5,100,A1,HOSVD,1.7830000000000155
0.08543456940641202,3,100,2368,5,100,A2,HOSVD,1.7830000000000155
2.673815329830626,3,100,2368,5,100,A3,HOSVD,1.7830000000000155
11.793562843971158,3,100,2368,5,100,core,HOSVD,1.7830000000000155
18.66248685094747,3,100,2368,5,100,A1,HOOI,5.6129999999999995
0.07777758754527692,3,100,2368,5,100,A2,HOOI,5.6129999999999995
2.6981750504556383,3,100,2368,5,100,A3,HOOI,5.6129999999999995
12.241049117462367,3,100,2368,5,100,core,HOOI,5.6129999999999995
33.06650114860297,3,100,2368,5,100,A1,Olga,2.302000000000021
1.727266003255356,3,100,2368,5,100,A2,Olga,2.302000000000021
2.989857989558573,3,100,2368,5,100,A3,Tracy,2.302000000000021
14.883860959612349,3,100,2368,5,100,core,Tracy_Olga,2.302000000000021
104.67771764787106,3,100,4528,5,100,A1,NTD,338.868
2.9925483468648637,3,100,4528,5,100,A2,NTD,338.868
4525.470570313519,3,100,4528,5,100,A3,NTD,338.868
9.907600871281572,3,100,4528,5,100,core,NTD,338.868
18.920858486071268,3,100,4528,5,100,A1,Ours,18.94900000000007
0.16442959408088895,3,100,4528,5,100,A2,Ours,18.94900000000007
5.365198782511826,3,100,4528,5,100,A3,Ours,18.94900000000007
11.141137673033858,3,100,4528,5,100,core,Ours,18.94900000000007
18.920858486071268,3,100,4528,5,100,A1,HOSVD,9.116999999999962
0.16442959408088895,3,100,4528,5,100,A2,HOSVD,9.116999999999962
2.7590497315305536,3,100,4528,5,100,A3,HOSVD,9.116999999999962
11.877936675114185,3,100,4528,5,100,core,HOSVD,9.116999999999962
77.37858520966482,3,100,4528,5,100,A1,Olga,5.024999999999977
1.2035087362723562,3,100,4528,5,100,A2,Olga,5.024999999999977
3.9720598800171927,3,100,4528,5,100,A3,Tracy,5.024999999999977
8.048190381138593,3,100,4528,5,100,core,Tracy_Olga,5.024999999999977
104.1354250848889,3,100,5315,5,100,A1,NTD,378.22000000000014
2.4896696749671343,3,100,5315,5,100,A2,NTD,378.22000000000014
5312.507477880963,3,100,5315,5,100,A3,NTD,378.22000000000014
10.66646624423341,3,100,5315,5,100,core,NTD,378.22000000000014
21.220505350914483,3,100,5315,5,100,A1,Ours,17.45699999999988
0.15526202121679097,3,100,5315,5,100,A2,Ours,17.45699999999988
5.329319812317218,3,100,5315,5,100,A3,Ours,17.45699999999988
11.141138774365931,3,100,5315,5,100,core,Ours,17.45699999999988
21.220505350914483,3,100,5315,5,100,A1,HOSVD,7.567999999999984
0.15526202121679097,3,100,5315,5,100,A2,HOSVD,7.567999999999984
3.965685735440871,3,100,5315,5,100,A3,HOSVD,7.567999999999984
9.38241098230683,3,100,5315,5,100,core,HOSVD,7.567999999999984
20.533302971634924,3,100,5315,5,100,A1,HOOI,21.307000000000016
0.1525154212502899,3,100,5315,5,100,A2,HOOI,21.307000000000016
3.961568048990143,3,100,5315,5,100,A3,HOOI,21.307000000000016
7.5488690140003865,3,100,5315,5,100,core,HOOI,21.307000000000016
84.63200403920735,3,100,5315,5,100,A1,Olga,9.394999999999982
1.0339344100334686,3,100,5315,5,100,A2,Olga,9.394999999999982
4.766033696178576,3,100,5315,5,100,A3,Tracy,9.394999999999982
13.93731845772948,3,100,5315,5,100,core,Tracy_Olga,9.394999999999982
113.31619181712841,3,100,6064,5,100,A1,NTD,449.32899999999995
3.9867603862400807,3,100,6064,5,100,A2,NTD,449.32899999999995
6061.585522958315,3,100,6064,5,100,A3,NTD,449.32899999999995
10.584060539591553,3,100,6064,5,100,core,NTD,449.32899999999995
22.550072439778727,3,100,6064,5,100,A1,Ours,17.339999999999918
0.08682106450118332,3,100,6064,5,100,A2,Ours,17.339999999999918
5.272253061994163,3,100,6064,5,100,A3,Ours,17.339999999999918
11.141137282731805,3,100,6064,5,100,core,Ours,17.339999999999918
22.550072439778727,3,100,6064,5,100,A1,HOSVD,4.889999999999873
0.08682106450118332,3,100,6064,5,100,A2,HOSVD,4.889999999999873
3.9118773511395184,3,100,6064,5,100,A3,HOSVD,4.889999999999873
10.396697231879267,3,100,6064,5,100,core,HOSVD,4.889999999999873
21.356420761635807,3,100,6064,5,100,A1,HOOI,22.922000000000025
0.08069118827094118,3,100,6064,5,100,A2,HOOI,22.922000000000025
3.4300266199919593,3,100,6064,5,100,A3,HOOI,22.922000000000025
10.793349964701061,3,100,6064,5,100,core,HOOI,22.922000000000025
115.68885995094301,3,100,6788,5,100,A1,NTD,473.1020000000001
4.992554241741435,3,100,6788,5,100,A2,NTD,473.1020000000001
6785.545566136826,3,100,6788,5,100,A3,NTD,473.1020000000001
9.73339860744506,3,100,6788,5,100,core,NTD,473.1020000000001
17.501520160178217,3,100,6788,5,100,A1,Ours,19.471999999999753
0.13729515132419773,3,100,6788,5,100,A2,Ours,19.471999999999753
5.262338100134489,3,100,6788,5,100,A3,Ours,19.471999999999753
9.0176336222796,3,100,6788,5,100,core,Ours,19.471999999999753
17.501520160178217,3,100,6788,5,100,A1,HOSVD,6.739000000000033
0.13729515132419773,3,100,6788,5,100,A2,HOSVD,6.739000000000033
2.8503652944252527,3,100,6788,5,100,A3,HOSVD,6.739000000000033
11.792363407045878,3,100,6788,5,100,core,HOSVD,6.739000000000033
16.813450542537762,3,100,6788,5,100,A1,HOOI,25.66000000000031
0.09690086678644394,3,100,6788,5,100,A2,HOOI,25.66000000000031
3.733116819672267,3,100,6788,5,100,A3,HOOI,25.66000000000031
9.347555979232782,3,100,6788,5,100,core,HOOI,25.66000000000031
115.9621203846814,3,100,7503,5,100,A1,NTD,509.50700000000006
3.98676301481579,3,100,7503,5,100,A2,NTD,509.50700000000006
7500.563981414371,3,100,7503,5,100,A3,NTD,509.50700000000006
9.403106718647336,3,100,7503,5,100,core,NTD,509.50700000000006
20.541887702284154,3,100,7503,5,100,A1,Ours,20.159999999999854
0.13641096492575402,3,100,7503,5,100,A2,Ours,20.159999999999854
5.385933449049307,3,100,7503,5,100,A3,Ours,20.159999999999854
10.14455941750906,3,100,7503,5,100,core,Ours,20.159999999999854
20.541887702284154,3,100,7503,5,100,A1,HOSVD,5.290999999999713
0.13641096492575402,3,100,7503,5,100,A2,HOSVD,5.290999999999713
4.88877035768179,3,100,7503,5,100,A3,HOSVD,5.290999999999713
11.419818551460303,3,100,7503,5,100,core,HOSVD,5.290999999999713
20.260835326240528,3,100,7503,5,100,A1,HOOI,26.417999999999665
0.1776475213922766,3,100,7503,5,100,A2,HOOI,26.417999999999665
3.9373390978407508,3,100,7503,5,100,A3,HOOI,26.417999999999665
9.85904748381737,3,100,7503,5,100,core,HOOI,26.417999999999665
89.76300183988286,3,100,7503,5,100,A1,Olga,9.485000000000127
1.2529599179859097,3,100,7503,5,100,A2,Olga,9.485000000000127
3.212344149207433,3,100,7503,5,100,A3,Tracy,9.485000000000127
7.54417007304282,3,100,7503,5,100,core,Tracy_Olga,9.485000000000127
106.66071724392897,3,100,8242,5,100,A1,NTD,561.4899999999998
4.423594674785919,3,100,8242,5,100,A2,NTD,561.4899999999998
8239.536075499236,3,100,8242,5,100,A3,NTD,561.4899999999998
10.511230600063666,3,100,8242,5,100,core,NTD,561.4899999999998
18.465406195932324,3,100,8242,5,100,A1,Ours,23.126999999999953
0.1855406997228442,3,100,8242,5,100,A2,Ours,23.126999999999953
5.404707980764854,3,100,8242,5,100,A3,Ours,23.126999999999953
10.14455936513671,3,100,8242,5,100,core,Ours,23.126999999999953
18.465406195932324,3,100,8242,5,100,A1,HOSVD,5.882000000000062
0.1855406997228442,3,100,8242,5,100,A2,HOSVD,5.882000000000062
3.9687758227156498,3,100,8242,5,100,A3,HOSVD,5.882000000000062
11.973012909996816,3,100,8242,5,100,core,HOSVD,5.882000000000062
82.68652380772112,3,100,8242,5,100,A1,Olga,10.671000000000276
1.8901507690979733,3,100,8242,5,100,A2,Olga,10.671000000000276
4.034880304208174,3,100,8242,5,100,A3,Tracy,10.671000000000276
10.697693561835377,3,100,8242,5,100,core,Tracy_Olga,10.671000000000276
2.5234671976217142,3,100,100,5,3000,A1,NTD,7.963999999999942
0.5569922315441903,3,100,100,5,3000,A2,NTD,7.963999999999942
97.00005410188258,3,100,100,5,3000,A3,NTD,7.963999999999942
12.008205052126174,3,100,100,5,3000,core,NTD,7.963999999999942
4.019319701873867,3,100,100,5,3000,A1,Ours,0.14899999999988722
0.008970997941823043,3,100,100,5,3000,A2,Ours,0.14899999999988722
0.04425504446062854,3,100,100,5,3000,A3,Ours,0.14899999999988722
12.608710664433294,3,100,100,5,3000,core,Ours,0.14899999999988722
4.019319701873867,3,100,100,5,3000,A1,HOSVD,0.5230000000001382
0.008970997941823043,3,100,100,5,3000,A2,HOSVD,0.5230000000001382
0.044258415076698206,3,100,100,5,3000,A3,HOSVD,0.5230000000001382
12.608695792603948,3,100,100,5,3000,core,HOSVD,0.5230000000001382
4.005232601630612,3,100,100,5,3000,A1,HOOI,0.7920000000003711
0.008961894306672047,3,100,100,5,3000,A2,HOOI,0.7920000000003711
0.04402225446327493,3,100,100,5,3000,A3,HOOI,0.7920000000003711
12.612216837290784,3,100,100,5,3000,core,HOOI,0.7920000000003711
3.597267375457969,3,100,100,5,3000,A1,Olga,0.3789999999999054
0.007136826117764864,3,100,100,5,3000,A2,Olga,0.3789999999999054
0.9610390977670279,3,100,100,5,3000,A3,Tracy,0.3789999999999054
12.458607406694718,3,100,100,5,3000,core,Tracy_Olga,0.3789999999999054
6.190157699505853,3,100,500,5,3000,A1,NTD,32.72699999999986
0.3721775920145844,3,100,500,5,3000,A2,NTD,32.72699999999986
497.0002087285018,3,100,500,5,3000,A3,NTD,32.72699999999986
12.11529999539552,3,100,500,5,3000,core,NTD,32.72699999999986
4.947114675014227,3,100,500,5,3000,A1,Ours,0.5760000000000218
0.012626599286678534,3,100,500,5,3000,A2,Ours,0.5760000000000218
0.09229236085841297,3,100,500,5,3000,A3,Ours,0.5760000000000218
12.598697033776228,3,100,500,5,3000,core,Ours,0.5760000000000218
4.947114675014227,3,100,500,5,3000,A1,HOSVD,0.5079999999998108
0.012626599286678534,3,100,500,5,3000,A2,HOSVD,0.5079999999998108
0.09229570798471386,3,100,500,5,3000,A3,HOSVD,0.5079999999998108
12.598492457284268,3,100,500,5,3000,core,HOSVD,0.5079999999998108
4.965769649386596,3,100,500,5,3000,A1,HOOI,0.8969999999999345
0.010234868160527735,3,100,500,5,3000,A2,HOOI,0.8969999999999345
0.09213606648719005,3,100,500,5,3000,A3,HOOI,0.8969999999999345
12.598023918676272,3,100,500,5,3000,core,HOOI,0.8969999999999345
4.5142377031423075,3,100,500,5,3000,A1,Olga,0.5429999999996653
0.015443613163334272,3,100,500,5,3000,A2,Olga,0.5429999999996653
1.2876328433943791,3,100,500,5,3000,A3,Tracy,0.5429999999996653
12.49783268755697,3,100,500,5,3000,core,Tracy_Olga,0.5429999999996653
2.247886708434597,3,100,1000,5,3000,A1,NTD,70.88400000000001
0.9793672554988191,3,100,1000,5,3000,A2,NTD,70.88400000000001
997.0004151948733,3,100,1000,5,3000,A3,NTD,70.88400000000001
9.764568905041902,3,100,1000,5,3000,core,NTD,70.88400000000001
3.4860361379373503,3,100,1000,5,3000,A1,Ours,3.0640000000003056
0.01077175752289244,3,100,1000,5,3000,A2,Ours,3.0640000000003056
0.7725654315955157,3,100,1000,5,3000,A3,Ours,3.0640000000003056
11.539577064923622,3,100,1000,5,3000,core,Ours,3.0640000000003056
3.4860361379373503,3,100,1000,5,3000,A1,HOSVD,3.438999999999851
0.01077175752289244,3,100,1000,5,3000,A2,HOSVD,3.438999999999851
0.7716500799988545,3,100,1000,5,3000,A3,HOSVD,3.438999999999851
11.539178742759832,3,100,1000,5,3000,core,HOSVD,3.438999999999851
3.5145827454798364,3,100,1000,5,3000,A1,HOOI,3.092999999999847
0.011022770036762249,3,100,1000,5,3000,A2,HOOI,3.092999999999847
0.7783300181477872,3,100,1000,5,3000,A3,HOOI,3.092999999999847
11.519848051455275,3,100,1000,5,3000,core,HOOI,3.092999999999847
2.847707004616163,3,100,1000,5,3000,A1,Olga,2.662000000000262
0.02102066383793746,3,100,1000,5,3000,A2,Olga,2.662000000000262
1.6020471192160601,3,100,1000,5,3000,A3,Tracy,2.662000000000262
11.481838267519322,3,100,1000,5,3000,core,Tracy_Olga,2.662000000000262
1.932743487281051,3,100,2496,5,3000,A1,NTD,176.01099999999997
0.20782989211242506,3,100,2496,5,3000,A2,NTD,176.01099999999997
2493.0290814035775,3,100,2496,5,3000,A3,NTD,176.01099999999997
14.168038060633963,3,100,2496,5,3000,core,NTD,176.01099999999997
3.870594833983876,3,100,2496,5,3000,A1,Ours,8.747000000000298
0.03759694317009635,3,100,2496,5,3000,A2,Ours,8.747000000000298
2.659530155421988,3,100,2496,5,3000,A3,Ours,8.747000000000298
11.680285072413142,3,100,2496,5,3000,core,Ours,8.747000000000298
3.870594833983876,3,100,2496,5,3000,A1,HOSVD,6.967000000000098
0.03759694317009635,3,100,2496,5,3000,A2,HOSVD,6.967000000000098
2.6574809286441097,3,100,2496,5,3000,A3,HOSVD,6.967000000000098
11.679241243863078,3,100,2496,5,3000,core,HOSVD,6.967000000000098
3.8383526141723077,3,100,2496,5,3000,A1,HOOI,4.994999999999891
0.0365316488900127,3,100,2496,5,3000,A2,HOOI,4.994999999999891
2.6691561575112726,3,100,2496,5,3000,A3,HOOI,4.994999999999891
11.655571554396571,3,100,2496,5,3000,core,HOOI,4.994999999999891
3.073538873189611,3,100,2496,5,3000,A1,Olga,2.5350000000003092
0.05992486125330201,3,100,2496,5,3000,A2,Olga,2.5350000000003092
2.8855061905511943,3,100,2496,5,3000,A3,Tracy,2.5350000000003092
11.797410217860413,3,100,2496,5,3000,core,Tracy_Olga,2.5350000000003092
2.0219101048924095,3,100,4989,5,3000,A1,NTD,376.8579999999997
2.2415179408414807,3,100,4989,5,3000,A2,NTD,376.8579999999997
4986.069078843842,3,100,4989,5,3000,A3,NTD,376.8579999999997
8.757216076412064,3,100,4989,5,3000,core,NTD,376.8579999999997
4.386078299854315,3,100,4989,5,3000,A1,Ours,12.148000000000138
0.020889498403226292,3,100,4989,5,3000,A2,Ours,12.148000000000138
2.5647257058198094,3,100,4989,5,3000,A3,Ours,12.148000000000138
11.793768334770176,3,100,4989,5,3000,core,Ours,12.148000000000138
4.386078299854315,3,100,4989,5,3000,A1,HOSVD,3.4420000000000073
0.020889498403226292,3,100,4989,5,3000,A2,HOSVD,3.4420000000000073
2.5412932784150675,3,100,4989,5,3000,A3,HOSVD,3.4420000000000073
11.800503413101028,3,100,4989,5,3000,core,HOSVD,3.4420000000000073
4.373104018739987,3,100,4989,5,3000,A1,HOOI,9.777000000000044
0.02009483731705107,3,100,4989,5,3000,A2,HOOI,9.777000000000044
2.5372527380517313,3,100,4989,5,3000,A3,HOOI,9.777000000000044
11.845330336911351,3,100,4989,5,3000,core,HOOI,9.777000000000044
4.2831991503433375,3,100,4989,5,3000,A1,Olga,5.878999999999905
0.11776791595799715,3,100,4989,5,3000,A2,Olga,5.878999999999905
2.8554792190211873,3,100,4989,5,3000,A3,Tracy,5.878999999999905
12.220887621457104,3,100,4989,5,3000,core,Tracy_Olga,5.878999999999905
4.3602783587055525,3,100,5982,5,3000,A1,NTD,419.46600000000035
2.3971479608672532,3,100,5982,5,3000,A2,NTD,419.46600000000035
5979.085482697592,3,100,5982,5,3000,A3,NTD,419.46600000000035
12.273513380048124,3,100,5982,5,3000,core,NTD,419.46600000000035
4.394602817437275,3,100,5982,5,3000,A1,Ours,14.194000000000415
0.01340182223909292,3,100,5982,5,3000,A2,Ours,14.194000000000415
2.600804202876538,3,100,5982,5,3000,A3,Ours,14.194000000000415
12.209948467215384,3,100,5982,5,3000,core,Ours,14.194000000000415
4.394602817437275,3,100,5982,5,3000,A1,HOSVD,3.7299999999995634
0.01340182223909292,3,100,5982,5,3000,A2,HOSVD,3.7299999999995634
2.570114908664543,3,100,5982,5,3000,A3,HOSVD,3.7299999999995634
12.213174455707307,3,100,5982,5,3000,core,HOSVD,3.7299999999995634
4.378903715182091,3,100,5982,5,3000,A1,HOOI,13.426000000000386
0.01268746548852518,3,100,5982,5,3000,A2,HOOI,13.426000000000386
2.5726745848752666,3,100,5982,5,3000,A3,HOOI,13.426000000000386
12.204807042856816,3,100,5982,5,3000,core,HOOI,13.426000000000386
3.985867734256821,3,100,5982,5,3000,A1,Olga,7.018000000000029
0.12731256831982762,3,100,5982,5,3000,A2,Olga,7.018000000000029
2.8389385920496304,3,100,5982,5,3000,A3,Tracy,7.018000000000029
12.134186383964611,3,100,5982,5,3000,core,Tracy_Olga,7.018000000000029
2.4482035056182325,3,100,6970,5,3000,A1,NTD,496.6909999999998
2.1413581416305263,3,100,6970,5,3000,A2,NTD,496.6909999999998
6967.103072011556,3,100,6970,5,3000,A3,NTD,496.6909999999998
13.582288376825417,3,100,6970,5,3000,core,NTD,496.6909999999998
4.322057981388314,3,100,6970,5,3000,A1,Ours,19.319000000000415
0.045054010686400324,3,100,6970,5,3000,A2,Ours,19.319000000000415
2.616545719959678,3,100,6970,5,3000,A3,Ours,19.319000000000415
12.211681978269793,3,100,6970,5,3000,core,Ours,19.319000000000415
4.322057981388314,3,100,6970,5,3000,A1,HOSVD,4.619000000000597
0.045054010686400324,3,100,6970,5,3000,A2,HOSVD,4.619000000000597
2.5747533294495937,3,100,6970,5,3000,A3,HOSVD,4.619000000000597
12.214731930230975,3,100,6970,5,3000,core,HOSVD,4.619000000000597
4.336558695717114,3,100,6970,5,3000,A1,HOOI,15.536999999999352
0.04641003392065173,3,100,6970,5,3000,A2,HOOI,15.536999999999352
2.5782917427107694,3,100,6970,5,3000,A3,HOOI,15.536999999999352
12.19380859684694,3,100,6970,5,3000,core,HOOI,15.536999999999352
4.416003122149403,3,100,6970,5,3000,A1,Olga,8.802999999999884
0.1652850719112304,3,100,6970,5,3000,A2,Olga,8.802999999999884
2.8580429854111262,3,100,6970,5,3000,A3,Tracy,8.802999999999884
12.212996509073442,3,100,6970,5,3000,core,Tracy_Olga,8.802999999999884
2.026467929388351,3,100,7960,5,3000,A1,NTD,543.009
1.9593216207951538,3,100,7960,5,3000,A2,NTD,543.009
7957.09092012608,3,100,7960,5,3000,A3,NTD,543.009
12.464262163113313,3,100,7960,5,3000,core,NTD,543.009
3.6817857992688863,3,100,7960,5,3000,A1,Ours,22.320999999999913
0.026586952646232336,3,100,7960,5,3000,A2,Ours,22.320999999999913
2.6061524895098716,3,100,7960,5,3000,A3,Ours,22.320999999999913
12.215798354971552,3,100,7960,5,3000,core,Ours,22.320999999999913
3.6817857992688863,3,100,7960,5,3000,A1,HOSVD,5.432999999999993
0.026586952646232336,3,100,7960,5,3000,A2,HOSVD,5.432999999999993
2.552058069819959,3,100,7960,5,3000,A3,HOSVD,5.432999999999993
12.220995383430534,3,100,7960,5,3000,core,HOSVD,5.432999999999993
3.6251745709694974,3,100,7960,5,3000,A1,HOOI,19.351000000000568
0.02479249759547188,3,100,7960,5,3000,A2,HOOI,19.351000000000568
2.5503364728628366,3,100,7960,5,3000,A3,HOOI,19.351000000000568
12.235276884098102,3,100,7960,5,3000,core,HOOI,19.351000000000568
3.231953689787012,3,100,7960,5,3000,A1,Olga,10.032999999999447
0.18272709761703504,3,100,7960,5,3000,A2,Olga,10.032999999999447
2.830700756546383,3,100,7960,5,3000,A3,Tracy,10.032999999999447
12.183983345334791,3,100,7960,5,3000,core,Tracy_Olga,10.032999999999447
82.2196132284461,3,100,8943,5,3000,A1,NTD,612.156
2.992573659927626,3,100,8943,5,3000,A2,NTD,612.156
8940.112612609706,3,100,8943,5,3000,A3,NTD,612.156
10.566438627021716,3,100,8943,5,3000,core,NTD,612.156
3.1200455427154346,3,100,8943,5,3000,A1,Ours,28.559000000000196
0.011840028955595659,3,100,8943,5,3000,A2,Ours,28.559000000000196
2.636357771528305,3,100,8943,5,3000,A3,Ours,28.559000000000196
12.197285967866463,3,100,8943,5,3000,core,Ours,28.559000000000196
3.1200455427154346,3,100,8943,5,3000,A1,HOSVD,6.020999999999731
0.011840028955595659,3,100,8943,5,3000,A2,HOSVD,6.020999999999731
2.5680071266148445,3,100,8943,5,3000,A3,HOSVD,6.020999999999731
12.203813772354431,3,100,8943,5,3000,core,HOSVD,6.020999999999731
3.1358849842562053,3,100,8943,5,3000,A1,HOOI,24.360999999999876
0.011863627220419611,3,100,8943,5,3000,A2,HOOI,24.360999999999876
2.569221127487136,3,100,8943,5,3000,A3,HOOI,24.360999999999876
12.21514920592795,3,100,8943,5,3000,core,HOOI,24.360999999999876
3.517654403332396,3,100,8943,5,3000,A1,Olga,12.33600000000024
0.23750378405491043,3,100,8943,5,3000,A2,Olga,12.33600000000024
2.8429313267519114,3,100,8943,5,3000,A3,Tracy,12.33600000000024
12.194959499416612,3,100,8943,5,3000,core,Tracy_Olga,12.33600000000024
1.6145822685934008,3,100,9937,5,3000,A1,NTD,658.969
3.9206962771728766,3,100,9937,5,3000,A2,NTD,658.969
9934.125407854473,3,100,9937,5,3000,A3,NTD,658.969
13.364536607469633,3,100,9937,5,3000,core,NTD,658.969
3.289971757106526,3,100,9937,5,3000,A1,Ours,32.641999999999825
0.035955519761813375,3,100,9937,5,3000,A2,Ours,32.641999999999825
2.83794097907214,3,100,9937,5,3000,A3,Ours,32.641999999999825
11.24272870893485,3,100,9937,5,3000,core,Ours,32.641999999999825
3.289971757106526,3,100,9937,5,3000,A1,HOSVD,6.82300000000032
0.035955519761813375,3,100,9937,5,3000,A2,HOSVD,6.82300000000032
2.5688752593522977,3,100,9937,5,3000,A3,HOSVD,6.82300000000032
12.242539510819741,3,100,9937,5,3000,core,HOSVD,6.82300000000032
3.265836400371321,3,100,9937,5,3000,A1,HOOI,31.34099999999944
0.03014262053341092,3,100,9937,5,3000,A2,HOOI,31.34099999999944
2.5730484045725954,3,100,9937,5,3000,A3,HOOI,31.34099999999944
12.230285674251471,3,100,9937,5,3000,core,HOOI,31.34099999999944
3.3955752476517396,3,100,9937,5,3000,A1,Olga,13.864999999999782
0.2839624629367591,3,100,9937,5,3000,A2,Olga,13.864999999999782
2.853379673339104,3,100,9937,5,3000,A3,Tracy,13.864999999999782
12.17784295324433,3,100,9937,5,3000,core,Tracy_Olga,13.864999999999782
2.0415083273220542,3,100,100,5,10000,A1,NTD,7.949999999999818
0.43333901769907746,3,100,100,5,10000,A2,NTD,7.949999999999818
97.0002090501021,3,100,100,5,10000,A3,NTD,7.949999999999818
10.593787790964694,3,100,100,5,10000,core,NTD,7.949999999999818
2.051762158877212,3,100,100,5,10000,A1,Ours,0.14199999999982538
0.006158637406776767,3,100,100,5,10000,A2,Ours,0.14199999999982538
0.0227118869080326,3,100,100,5,10000,A3,Ours,0.14199999999982538
12.648980354130249,3,100,100,5,10000,core,Ours,0.14199999999982538
2.051762158877212,3,100,100,5,10000,A1,HOSVD,0.1319999999996071
0.006158637406776767,3,100,100,5,10000,A2,HOSVD,0.1319999999996071
0.022712590835671554,3,100,100,5,10000,A3,HOSVD,0.1319999999996071
12.648979083308316,3,100,100,5,10000,core,HOSVD,0.1319999999996071
2.0561726154994946,3,100,100,5,10000,A1,HOOI,0.2029999999995198
0.005575433458892886,3,100,100,5,10000,A2,HOOI,0.2029999999995198
0.022407799814680558,3,100,100,5,10000,A3,HOOI,0.2029999999995198
12.649111703831991,3,100,100,5,10000,core,HOOI,0.2029999999995198
2.026572658332547,3,100,100,5,10000,A1,Olga,0.13499999999930878
0.003951865738510076,3,100,100,5,10000,A2,Olga,0.13499999999930878
0.9627148024413014,3,100,100,5,10000,A3,Tracy,0.13499999999930878
12.493496410494362,3,100,100,5,10000,core,Tracy_Olga,0.13499999999930878
2.167177086883523,3,100,500,5,10000,A1,NTD,32.26000000000022
0.6234874591462807,3,100,500,5,10000,A2,NTD,32.26000000000022
497.00005018590764,3,100,500,5,10000,A3,NTD,32.26000000000022
11.918383475117599,3,100,500,5,10000,core,NTD,32.26000000000022
2.5533765110555455,3,100,500,5,10000,A1,Ours,0.5560000000004948
0.004871000845643506,3,100,500,5,10000,A2,Ours,0.5560000000004948
0.050638817678077146,3,100,500,5,10000,A3,Ours,0.5560000000004948
12.618266089238263,3,100,500,5,10000,core,Ours,0.5560000000004948
2.5533765110555455,3,100,500,5,10000,A1,HOSVD,0.5
0.004871000845643506,3,100,500,5,10000,A2,HOSVD,0.5
0.050639319417994114,3,100,500,5,10000,A3,HOSVD,0.5
12.618247986676119,3,100,500,5,10000,core,HOSVD,0.5
2.5495115214990474,3,100,500,5,10000,A1,HOOI,0.8040000000000873
0.004922220096908625,3,100,500,5,10000,A2,HOOI,0.8040000000000873
0.05066684531648785,3,100,500,5,10000,A3,HOOI,0.8040000000000873
12.618533636076615,3,100,500,5,10000,core,HOOI,0.8040000000000873
1.5712097213982579,3,100,500,5,10000,A1,Olga,0.5370000000002619
0.008259476143729622,3,100,500,5,10000,A2,Olga,0.5370000000002619
1.2838558598112433,3,100,500,5,10000,A3,Tracy,0.5370000000002619
12.503713643674704,3,100,500,5,10000,core,Tracy_Olga,0.5370000000002619
4.985367839591948,3,100,1000,5,10000,A1,NTD,67.98399999999947
0.5329075660580704,3,100,1000,5,10000,A2,NTD,67.98399999999947
997.0001722367343,3,100,1000,5,10000,A3,NTD,67.98399999999947
10.929198333339116,3,100,1000,5,10000,core,NTD,67.98399999999947
2.1470785237611385,3,100,1000,5,10000,A1,Ours,1.0570000000006985
0.0058346256451428736,3,100,1000,5,10000,A2,Ours,1.0570000000006985
0.13947390028953074,3,100,1000,5,10000,A3,Ours,1.0570000000006985
12.755337868401476,3,100,1000,5,10000,core,Ours,1.0570000000006985
2.1470785237611385,3,100,1000,5,10000,A1,HOSVD,0.8840000000000146
0.0058346256451428736,3,100,1000,5,10000,A2,HOSVD,0.8840000000000146
0.13944634060691352,3,100,1000,5,10000,A3,HOSVD,0.8840000000000146
12.755237548603946,3,100,1000,5,10000,core,HOSVD,0.8840000000000146
2.1411994616829855,3,100,1000,5,10000,A1,HOOI,1.605000000000473
0.005591652121929116,3,100,1000,5,10000,A2,HOOI,1.605000000000473
0.13689456263937602,3,100,1000,5,10000,A3,HOOI,1.605000000000473
12.757565335649277,3,100,1000,5,10000,core,HOOI,1.605000000000473
1.7131650588298295,3,100,1000,5,10000,A1,Olga,1.0209999999997308
0.010852641460271071,3,100,1000,5,10000,A2,Olga,1.0209999999997308
1.3553561886133578,3,100,1000,5,10000,A3,Tracy,1.0209999999997308
12.609360728279068,3,100,1000,5,10000,core,Tracy_Olga,1.0209999999997308
4.006799976699599,3,100,2500,5,10000,A1,NTD,186.33199999999943
0.3138892439972414,3,100,2500,5,10000,A2,NTD,186.33199999999943
2497.0002161562575,3,100,2500,5,10000,A3,NTD,186.33199999999943
11.939174844609244,3,100,2500,5,10000,core,NTD,186.33199999999943
1.7733097206702066,3,100,2500,5,10000,A1,Ours,3.5729999999994106
0.00820369775567527,3,100,2500,5,10000,A2,Ours,3.5729999999994106
0.5306734010063404,3,100,2500,5,10000,A3,Ours,3.5729999999994106
12.79307178520979,3,100,2500,5,10000,core,Ours,3.5729999999994106
1.7733097206702066,3,100,2500,5,10000,A1,HOSVD,1.8009999999994761
0.00820369775567527,3,100,2500,5,10000,A2,HOSVD,1.8009999999994761
0.5305118112177495,3,100,2500,5,10000,A3,HOSVD,1.8009999999994761
12.793864506959233,3,100,2500,5,10000,core,HOSVD,1.8009999999994761
1.7678064820822585,3,100,2500,5,10000,A1,HOOI,4.485999999999876
0.008712931357893826,3,100,2500,5,10000,A2,HOOI,4.485999999999876
0.8863633531590561,3,100,2500,5,10000,A3,HOOI,4.485999999999876
11.076726754488444,3,100,2500,5,10000,core,HOOI,4.485999999999876
1.832302086146184,3,100,2500,5,10000,A1,Olga,2.3229999999994106
0.011378340169641806,3,100,2500,5,10000,A2,Olga,2.3229999999994106
1.9074430019940012,3,100,2500,5,10000,A3,Tracy,2.3229999999994106
10.836454215413614,3,100,2500,5,10000,core,Tracy_Olga,2.3229999999994106
1.9451710042368393,3,100,4996,5,10000,A1,NTD,350.3059999999996
0.5129712513238653,3,100,4996,5,10000,A2,NTD,350.3059999999996
4993.0271486488555,3,100,4996,5,10000,A3,NTD,350.3059999999996
10.645860176911295,3,100,4996,5,10000,core,NTD,350.3059999999996
2.3646297679662,3,100,4996,5,10000,A1,Ours,9.909999999999854
0.006839155899133146,3,100,4996,5,10000,A2,Ours,9.909999999999854
2.542665064794741,3,100,4996,5,10000,A3,Ours,9.909999999999854
11.967673853906456,3,100,4996,5,10000,core,Ours,9.909999999999854
2.3646297679662,3,100,4996,5,10000,A1,HOSVD,3.475000000000364
0.006839155899133146,3,100,4996,5,10000,A2,HOSVD,3.475000000000364
2.5403876845391964,3,100,4996,5,10000,A3,HOSVD,3.475000000000364
11.966245282479077,3,100,4996,5,10000,core,HOSVD,3.475000000000364
2.35270428969237,3,100,4996,5,10000,A1,HOOI,9.530999999999949
0.006885263685645465,3,100,4996,5,10000,A2,HOOI,9.530999999999949
2.541980613703762,3,100,4996,5,10000,A3,HOOI,9.530999999999949
11.962168191412008,3,100,4996,5,10000,core,HOOI,9.530999999999949
1.9898063053937054,3,100,4996,5,10000,A1,Olga,5.522999999999229
0.03662098074477815,3,100,4996,5,10000,A2,Olga,5.522999999999229
2.9228009436483067,3,100,4996,5,10000,A3,Tracy,5.522999999999229
11.92309162446966,3,100,4996,5,10000,core,Tracy_Olga,5.522999999999229
26.659495877539488,3,100,5994,5,10000,A1,NTD,434.6239999999998
1.7796307903867932,3,100,5994,5,10000,A2,NTD,434.6239999999998
5991.029229664843,3,100,5994,5,10000,A3,NTD,434.6239999999998
10.90756813534629,3,100,5994,5,10000,core,NTD,434.6239999999998
3.110734534168761,3,100,5994,5,10000,A1,Ours,14.404999999998836
0.00983998520973978,3,100,5994,5,10000,A2,Ours,14.404999999998836
2.5250547728400625,3,100,5994,5,10000,A3,Ours,14.404999999998836
12.027695875806433,3,100,5994,5,10000,core,Ours,14.404999999998836
3.110734534168761,3,100,5994,5,10000,A1,HOSVD,3.9360000000015134
0.00983998520973978,3,100,5994,5,10000,A2,HOSVD,3.9360000000015134
2.521954063164712,3,100,5994,5,10000,A3,HOSVD,3.9360000000015134
12.027987049659938,3,100,5994,5,10000,core,HOSVD,3.9360000000015134
3.1102411962554952,3,100,5994,5,10000,A1,HOOI,12.623999999999796
0.008889933475061583,3,100,5994,5,10000,A2,HOOI,12.623999999999796
2.5212670982280625,3,100,5994,5,10000,A3,HOOI,12.623999999999796
12.03444545416207,3,100,5994,5,10000,core,HOOI,12.623999999999796
1.8891667625210344,3,100,5994,5,10000,A1,Olga,6.819999999999709
0.05812095807416969,3,100,5994,5,10000,A2,Olga,6.819999999999709
2.8420192745145605,3,100,5994,5,10000,A3,Tracy,6.819999999999709
12.006973304690144,3,100,5994,5,10000,core,Tracy_Olga,6.819999999999709
13.285655365673527,3,100,6993,5,10000,A1,NTD,469.5159999999996
0.6247337250707968,3,100,6993,5,10000,A2,NTD,469.5159999999996
6990.043008716143,3,100,6993,5,10000,A3,NTD,469.5159999999996
6.917189968725821,3,100,6993,5,10000,core,NTD,469.5159999999996
2.6131394509354253,3,100,6993,5,10000,A1,Ours,17.985000000000582
0.0056857124166042605,3,100,6993,5,10000,A2,Ours,17.985000000000582
2.6339043083856093,3,100,6993,5,10000,A3,Ours,17.985000000000582
11.789937692658626,3,100,6993,5,10000,core,Ours,17.985000000000582
2.6131394509354253,3,100,6993,5,10000,A1,HOSVD,4.550999999999476
0.0056857124166042605,3,100,6993,5,10000,A2,HOSVD,4.550999999999476
2.6324833577507007,3,100,6993,5,10000,A3,HOSVD,4.550999999999476
11.789115381720624,3,100,6993,5,10000,core,HOSVD,4.550999999999476
2.616323581147342,3,100,6993,5,10000,A1,HOOI,15.963000000001557
0.0057187593072218655,3,100,6993,5,10000,A2,HOOI,15.963000000001557
2.6414049404593802,3,100,6993,5,10000,A3,HOOI,15.963000000001557
11.777258174876685,3,100,6993,5,10000,core,HOOI,15.963000000001557
1.6758927822064764,3,100,6993,5,10000,A1,Olga,8.430000000000291
0.049926711148192755,3,100,6993,5,10000,A2,Olga,8.430000000000291
2.901421578399172,3,100,6993,5,10000,A3,Tracy,8.430000000000291
11.876212931467,3,100,6993,5,10000,core,Tracy_Olga,8.430000000000291
1.9368391581888955,3,100,7990,5,10000,A1,NTD,543.6389999999992
0.6984186730365699,3,100,7990,5,10000,A2,NTD,543.6389999999992
7987.041475843639,3,100,7990,5,10000,A3,NTD,543.6389999999992
10.627729165447938,3,100,7990,5,10000,core,NTD,543.6389999999992
1.9550857571824645,3,100,7990,5,10000,A1,Ours,22.082000000000335
0.005492321880383232,3,100,7990,5,10000,A2,Ours,22.082000000000335
2.550113829293614,3,100,7990,5,10000,A3,Ours,22.082000000000335
11.788795766867933,3,100,7990,5,10000,core,Ours,22.082000000000335
1.9550857571824645,3,100,7990,5,10000,A1,HOSVD,5.483000000000175
0.005492321880383232,3,100,7990,5,10000,A2,HOSVD,5.483000000000175
2.544764623854025,3,100,7990,5,10000,A3,HOSVD,5.483000000000175
11.788664177392114,3,100,7990,5,10000,core,HOSVD,5.483000000000175
1.9601982720681792,3,100,7990,5,10000,A1,HOOI,17.381999999999607
0.005352198973650613,3,100,7990,5,10000,A2,HOOI,17.381999999999607
2.5449215590621033,3,100,7990,5,10000,A3,HOOI,17.381999999999607
11.785338821999883,3,100,7990,5,10000,core,HOOI,17.381999999999607
1.875820410934049,3,100,7990,5,10000,A1,Olga,10.109999999998763
0.06163509197841997,3,100,7990,5,10000,A2,Olga,10.109999999998763
2.8781602854122035,3,100,7990,5,10000,A3,Tracy,10.109999999998763
11.930728668918807,3,100,7990,5,10000,core,Tracy_Olga,10.109999999998763
4.7066442246319395,3,100,8988,5,10000,A1,NTD,593.3850000000002
2.921076609585012,3,100,8988,5,10000,A2,NTD,593.3850000000002
8985.045175616406,3,100,8988,5,10000,A3,NTD,593.3850000000002
10.400042252410856,3,100,8988,5,10000,core,NTD,593.3850000000002
2.5295282441754727,3,100,8988,5,10000,A1,Ours,27.016999999999825
0.007441136582525409,3,100,8988,5,10000,A2,Ours,27.016999999999825
2.5379548326428845,3,100,8988,5,10000,A3,Ours,27.016999999999825
12.345444464084371,3,100,8988,5,10000,core,Ours,27.016999999999825
2.5295282441754727,3,100,8988,5,10000,A1,HOSVD,5.925000000001091
0.007441136582525409,3,100,8988,5,10000,A2,HOSVD,5.925000000001091
2.530854220597848,3,100,8988,5,10000,A3,HOSVD,5.925000000001091
12.358886750542396,3,100,8988,5,10000,core,HOSVD,5.925000000001091
2.529333103487166,3,100,8988,5,10000,A1,HOOI,21.537000000000262
0.007629281740375954,3,100,8988,5,10000,A2,HOOI,21.537000000000262
2.5280832187690905,3,100,8988,5,10000,A3,HOOI,21.537000000000262
12.384417629025556,3,100,8988,5,10000,core,HOOI,21.537000000000262
2.440525684566153,3,100,8988,5,10000,A1,Olga,11.74200000000019
0.08371896762424243,3,100,8988,5,10000,A2,Olga,11.74200000000019
2.866815352423114,3,100,8988,5,10000,A3,Tracy,11.74200000000019
12.30647662625895,3,100,8988,5,10000,core,Tracy_Olga,11.74200000000019
6.671830779218702,3,100,9981,5,10000,A1,NTD,671.3449999999993
3.0234392657368874,3,100,9981,5,10000,A2,NTD,671.3449999999993
9978.040950295597,3,100,9981,5,10000,A3,NTD,671.3449999999993
13.487015677783624,3,100,9981,5,10000,core,NTD,671.3449999999993
2.1916314283812754,3,100,9981,5,10000,A1,Ours,34.271999999999025
0.020505729783241024,3,100,9981,5,10000,A2,Ours,34.271999999999025
2.5747118217303107,3,100,9981,5,10000,A3,Ours,34.271999999999025
12.203313051660453,3,100,9981,5,10000,core,Ours,34.271999999999025
2.1916314283812754,3,100,9981,5,10000,A1,HOSVD,6.881000000001222
0.020505729783241024,3,100,9981,5,10000,A2,HOSVD,6.881000000001222
2.567078674064847,3,100,9981,5,10000,A3,HOSVD,6.881000000001222
12.204192107618507,3,100,9981,5,10000,core,HOSVD,6.881000000001222
2.1955159998709224,3,100,9981,5,10000,A1,HOOI,26.102999999999156
0.021924613042646417,3,100,9981,5,10000,A2,HOOI,26.102999999999156
2.5690097074888048,3,100,9981,5,10000,A3,HOOI,26.102999999999156
12.199265046628538,3,100,9981,5,10000,core,HOOI,26.102999999999156
2.1903491384384033,3,100,9981,5,10000,A1,Olga,13.96900000000096
0.08252854701157444,3,100,9981,5,10000,A2,Olga,13.96900000000096
2.842397160414822,3,100,9981,5,10000,A3,Tracy,13.96900000000096
12.167212391665167,3,100,9981,5,10000,core,Tracy_Olga,13.96900000000096
