error,K,Q1,R,Q2,M,mode,method,time
5.884779190746847,3,100,100,5,100,A1,NTD,4.218999999999999
0.6748730562719358,3,100,100,5,100,A2,NTD,4.218999999999999
97.014205259809,3,100,100,5,100,A3,NTD,4.218999999999999
10.861617712450851,3,100,100,5,100,core,NTD,4.218999999999999
15.47737725340818,3,100,100,5,100,A1,Ours,3.019
0.031897974744791065,3,100,100,5,100,A2,Ours,3.019
0.21986626608943519,3,100,100,5,100,A3,Ours,3.019
11.826011750355944,3,100,100,5,100,core,Ours,3.019
15.47737725340818,3,100,100,5,100,A1,HOSVD,2.4250000000000007
0.031897974744791065,3,100,100,5,100,A2,HOSVD,2.4250000000000007
0.2223863377873433,3,100,100,5,100,A3,HOSVD,2.4250000000000007
11.828100869206828,3,100,100,5,100,core,HOSVD,2.4250000000000007
14.74537644291057,3,100,100,5,100,A1,HOOI,2.8919999999999995
0.05739857705471147,3,100,100,5,100,A2,HOOI,2.8919999999999995
0.21567958688546104,3,100,100,5,100,A3,HOOI,2.8919999999999995
11.843743482791785,3,100,100,5,100,core,HOOI,2.8919999999999995
14.669866054041915,3,100,100,5,100,A1,Olga,1.1280000000000001
0.027955567952975775,3,100,100,5,100,A2,Olga,1.1280000000000001
1.018412607660466,3,100,100,5,100,A3,Tracy,1.1280000000000001
11.870111603143574,3,100,100,5,100,core,Tracy_Olga,1.1280000000000001
3.9752935709537423,3,100,497,5,100,A1,NTD,21.228
0.2697209374342017,3,100,497,5,100,A2,NTD,21.228
494.2051846433021,3,100,497,5,100,A3,NTD,21.228
7.780143597507886,3,100,497,5,100,core,NTD,21.228
13.43756376776773,3,100,497,5,100,A1,Ours,4.599000000000004
0.11479234109254374,3,100,497,5,100,A2,Ours,4.599000000000004
2.602380056554495,3,100,497,5,100,A3,Ours,4.599000000000004
11.728187770509448,3,100,497,5,100,core,Ours,4.599000000000004
13.43756376776773,3,100,497,5,100,A1,HOSVD,5.7180000000000035
0.11479234109254374,3,100,497,5,100,A2,HOSVD,5.7180000000000035
2.4753267996076382,3,100,497,5,100,A3,HOSVD,5.7180000000000035
11.602782831287344,3,100,497,5,100,core,HOSVD,5.7180000000000035
15.293074180431969,3,100,497,5,100,A1,HOOI,3.7929999999999993
0.08621976618045261,3,100,497,5,100,A2,HOOI,3.7929999999999993
2.4522641480731253,3,100,497,5,100,A3,HOOI,3.7929999999999993
11.618783887543687,3,100,497,5,100,core,HOOI,3.7929999999999993
17.57743414929532,3,100,497,5,100,A1,Olga,1.453000000000003
0.294824722709875,3,100,497,5,100,A2,Olga,1.453000000000003
2.8222910711478066,3,100,497,5,100,A3,Tracy,1.453000000000003
11.633747652185809,3,100,497,5,100,core,Tracy_Olga,1.453000000000003
4.603050438397676,3,100,984,5,100,A1,NTD,36.598000000000006
2.269566070097139,3,100,984,5,100,A2,NTD,36.598000000000006
981.1949278298183,3,100,984,5,100,A3,NTD,36.598000000000006
10.751564221843953,3,100,984,5,100,core,NTD,36.598000000000006
9.90147384856406,3,100,984,5,100,A1,Ours,7.268999999999991
0.04004818717840854,3,100,984,5,100,A2,Ours,7.268999999999991
4.360564018840024,3,100,984,5,100,A3,Ours,7.268999999999991
8.847220143999788,3,100,984,5,100,core,Ours,7.268999999999991
9.90147384856406,3,100,984,5,100,A1,HOSVD,9.341999999999999
0.04004818717840854,3,100,984,5,100,A2,HOSVD,9.341999999999999
2.4655317543943234,3,100,984,5,100,A3,HOSVD,9.341999999999999
11.939724729927642,3,100,984,5,100,core,HOSVD,9.341999999999999
9.651306708340048,3,100,984,5,100,A1,HOOI,9.721999999999994
0.07566135923271122,3,100,984,5,100,A2,HOOI,9.721999999999994
2.5696026172048883,3,100,984,5,100,A3,HOOI,9.721999999999994
11.952961599763285,3,100,984,5,100,core,HOOI,9.721999999999994
18.527922588996198,3,100,984,5,100,A1,Olga,10.604
0.2938032235322043,3,100,984,5,100,A2,Olga,10.604
2.8756971985073756,3,100,984,5,100,A3,Tracy,10.604
11.634208023302469,3,100,984,5,100,core,Tracy_Olga,10.604
92.00616551244488,3,100,2387,5,100,A1,NTD,88.572
4.269608156995082,3,100,2387,5,100,A2,NTD,88.572
2384.3344597384644,3,100,2387,5,100,A3,NTD,88.572
11.856427919365514,3,100,2387,5,100,core,NTD,88.572
12.123843846158556,3,100,2387,5,100,A1,Ours,2.5979999999999848
0.02202755407813861,3,100,2387,5,100,A2,Ours,2.5979999999999848
5.319265514691333,3,100,2387,5,100,A3,Ours,2.5979999999999848
11.678491091392772,3,100,2387,5,100,core,Ours,2.5979999999999848
12.123843846158556,3,100,2387,5,100,A1,HOSVD,4.359999999999985
0.02202755407813861,3,100,2387,5,100,A2,HOSVD,4.359999999999985
2.610787737709166,3,100,2387,5,100,A3,HOSVD,4.359999999999985
11.756277623010389,3,100,2387,5,100,core,HOSVD,4.359999999999985
11.71048118878245,3,100,2387,5,100,A1,HOOI,7.692999999999984
0.03846124923268039,3,100,2387,5,100,A2,HOOI,7.692999999999984
2.646373808809671,3,100,2387,5,100,A3,HOOI,7.692999999999984
11.811379190772685,3,100,2387,5,100,core,HOOI,7.692999999999984
31.4572303805751,3,100,2387,5,100,A1,Olga,4.501000000000005
3.678755390872117,3,100,2387,5,100,A2,Olga,4.501000000000005
2.997051030800657,3,100,2387,5,100,A3,Tracy,4.501000000000005
13.670388916689099,3,100,2387,5,100,core,Tracy_Olga,4.501000000000005
112.16214637625912,3,100,4527,5,100,A1,NTD,162.779
2.2696573652496532,3,100,4527,5,100,A2,NTD,162.779
4524.5420339364955,3,100,4527,5,100,A3,NTD,162.779
10.101126517093103,3,100,4527,5,100,core,NTD,162.779
13.60544358164292,3,100,4527,5,100,A1,Ours,10.523000000000025
0.049755465268218765,3,100,4527,5,100,A2,Ours,10.523000000000025
5.339130689555663,3,100,4527,5,100,A3,Ours,10.523000000000025
11.774299809386777,3,100,4527,5,100,core,Ours,10.523000000000025
13.60544358164292,3,100,4527,5,100,A1,HOSVD,11.462999999999965
0.049755465268218765,3,100,4527,5,100,A2,HOSVD,11.462999999999965
2.6742496384541843,3,100,4527,5,100,A3,HOSVD,11.462999999999965
12.029376003680223,3,100,4527,5,100,core,HOSVD,11.462999999999965
14.011878471809688,3,100,4527,5,100,A1,HOOI,18.97399999999999
0.062361299792943074,3,100,4527,5,100,A2,HOOI,18.97399999999999
2.7023039622034197,3,100,4527,5,100,A3,HOOI,18.97399999999999
11.641707778523251,3,100,4527,5,100,core,HOOI,18.97399999999999
68.65296560043907,3,100,4527,5,100,A1,Olga,16.557999999999993
3.8788955492680626,3,100,4527,5,100,A2,Olga,16.557999999999993
3.09847698763299,3,100,4527,5,100,A3,Tracy,16.557999999999993
10.55992061950216,3,100,4527,5,100,core,Tracy_Olga,16.557999999999993
113.8480558557485,3,100,5315,5,100,A1,NTD,195.57100000000003
3.8859157735801095,3,100,5315,5,100,A2,NTD,195.57100000000003
5312.5207410496205,3,100,5315,5,100,A3,NTD,195.57100000000003
9.537733920263918,3,100,5315,5,100,core,NTD,195.57100000000003
14.151550078569201,3,100,5315,5,100,A1,Ours,6.698999999999955
0.05390970134011969,3,100,5315,5,100,A2,Ours,6.698999999999955
5.327754597612941,3,100,5315,5,100,A3,Ours,6.698999999999955
10.616009487049494,3,100,5315,5,100,core,Ours,6.698999999999955
14.151550078569201,3,100,5315,5,100,A1,HOSVD,2.369000000000028
0.05390970134011969,3,100,5315,5,100,A2,HOSVD,2.369000000000028
3.7071612668096052,3,100,5315,5,100,A3,HOSVD,2.369000000000028
8.947650578540358,3,100,5315,5,100,core,HOSVD,2.369000000000028
119.42503320857207,3,100,6098,5,100,A1,NTD,203.72800000000007
2.2696532673272967,3,100,6098,5,100,A2,NTD,203.72800000000007
6095.555604128108,3,100,6098,5,100,A3,NTD,203.72800000000007
11.311764413827069,3,100,6098,5,100,core,NTD,203.72800000000007
14.163247611854766,3,100,6098,5,100,A1,Ours,5.927999999999997
0.06978749658252781,3,100,6098,5,100,A2,Ours,5.927999999999997
5.281230483473353,3,100,6098,5,100,A3,Ours,5.927999999999997
8.524123782771017,3,100,6098,5,100,core,Ours,5.927999999999997
14.332225407215859,3,100,6098,5,100,A1,HOOI,7.106999999999971
0.07255043754816506,3,100,6098,5,100,A2,HOOI,7.106999999999971
3.418544518173599,3,100,6098,5,100,A3,HOOI,7.106999999999971
10.016536282590508,3,100,6098,5,100,core,HOOI,7.106999999999971
43.82302955363416,3,100,6098,5,100,A1,Olga,3.352999999999952
4.6859596844855504,3,100,6098,5,100,A2,Olga,3.352999999999952
3.1737953463235113,3,100,6098,5,100,A3,Tracy,3.352999999999952
15.257315910066025,3,100,6098,5,100,core,Tracy_Olga,3.352999999999952
116.81323291493432,3,100,6849,5,100,A1,NTD,221.03500000000008
4.114110363662785,3,100,6849,5,100,A2,NTD,221.03500000000008
6846.574556220331,3,100,6849,5,100,A3,NTD,221.03500000000008
10.599627298979462,3,100,6849,5,100,core,NTD,221.03500000000008
18.074331987384415,3,100,6849,5,100,A1,Ours,13.786000000000058
0.04288751113271578,3,100,6849,5,100,A2,Ours,13.786000000000058
5.2736805226494345,3,100,6849,5,100,A3,Ours,13.786000000000058
9.786090392997043,3,100,6849,5,100,core,Ours,13.786000000000058
18.074331987384415,3,100,6849,5,100,A1,HOSVD,9.271999999999935
0.04288751113271578,3,100,6849,5,100,A2,HOSVD,9.271999999999935
3.9550453596959434,3,100,6849,5,100,A3,HOSVD,9.271999999999935
8.995214949082893,3,100,6849,5,100,core,HOSVD,9.271999999999935
18.017851459666904,3,100,6849,5,100,A1,HOOI,12.601000000000113
0.037953357737995796,3,100,6849,5,100,A2,HOOI,12.601000000000113
2.778760617503872,3,100,6849,5,100,A3,HOOI,12.601000000000113
11.680240657750229,3,100,6849,5,100,core,HOOI,12.601000000000113
105.08479441441008,3,100,7535,5,100,A1,NTD,239.12799999999993
3.885888971237507,3,100,7535,5,100,A2,NTD,239.12799999999993
7532.626896293164,3,100,7535,5,100,A3,NTD,239.12799999999993
11.388786198398126,3,100,7535,5,100,core,NTD,239.12799999999993
11.47011563889335,3,100,7535,5,100,A1,Ours,9.15300000000002
0.05560450111190465,3,100,7535,5,100,A2,Ours,9.15300000000002
5.30603381649162,3,100,7535,5,100,A3,Ours,9.15300000000002
9.736877280475895,3,100,7535,5,100,core,Ours,9.15300000000002
11.47011563889335,3,100,7535,5,100,A1,HOSVD,2.477000000000089
0.05560450111190465,3,100,7535,5,100,A2,HOSVD,2.477000000000089
3.9944484685360684,3,100,7535,5,100,A3,HOSVD,2.477000000000089
11.460362525395178,3,100,7535,5,100,core,HOSVD,2.477000000000089
11.87658007623229,3,100,7535,5,100,A1,HOOI,11.027000000000044
0.06308822613673945,3,100,7535,5,100,A2,HOOI,11.027000000000044
3.810394055036643,3,100,7535,5,100,A3,HOOI,11.027000000000044
12.280496014553803,3,100,7535,5,100,core,HOOI,11.027000000000044
75.45901722301096,3,100,7535,5,100,A1,Olga,4.6310000000000855
4.470043605336444,3,100,7535,5,100,A2,Olga,4.6310000000000855
4.23569562170885,3,100,7535,5,100,A3,Tracy,4.6310000000000855
10.971445280556154,3,100,7535,5,100,core,Tracy_Olga,4.6310000000000855
117.1095798299173,3,100,8201,5,100,A1,NTD,251.04200000000014
4.077763306435942,3,100,8201,5,100,A2,NTD,251.04200000000014
8198.572157715264,3,100,8201,5,100,A3,NTD,251.04200000000014
10.045215872139526,3,100,8201,5,100,core,NTD,251.04200000000014
15.471822065810676,3,100,8201,5,100,A1,Ours,20.33100000000013
0.08792320791167062,3,100,8201,5,100,A2,Ours,20.33100000000013
4.457986986343888,3,100,8201,5,100,A3,Ours,20.33100000000013
10.37495038441691,3,100,8201,5,100,core,Ours,20.33100000000013
15.471822065810676,3,100,8201,5,100,A1,HOSVD,13.346000000000004
0.08792320791167062,3,100,8201,5,100,A2,HOSVD,13.346000000000004
4.6423103335458205,3,100,8201,5,100,A3,HOSVD,13.346000000000004
11.4637288106199,3,100,8201,5,100,core,HOSVD,13.346000000000004
15.489521030788877,3,100,8201,5,100,A1,HOOI,30.598000000000184
0.06647065063095998,3,100,8201,5,100,A2,HOOI,30.598000000000184
3.95890728247213,3,100,8201,5,100,A3,HOOI,30.598000000000184
9.39350211963925,3,100,8201,5,100,core,HOOI,30.598000000000184
72.87141703092945,3,100,8201,5,100,A1,Olga,18.167000000000144
3.9774328926601057,3,100,8201,5,100,A2,Olga,18.167000000000144
4.068506939564915,3,100,8201,5,100,A3,Tracy,18.167000000000144
10.917932246059252,3,100,8201,5,100,core,Tracy_Olga,18.167000000000144
4.212478644854884,3,100,100,5,3000,A1,NTD,3.2670000000000528
0.40295954494854896,3,100,100,5,3000,A2,NTD,3.2670000000000528
97.00031160845126,3,100,100,5,3000,A3,NTD,3.2670000000000528
11.031626972237914,3,100,100,5,3000,core,NTD,3.2670000000000528
2.6289331421756152,3,100,100,5,3000,A1,Ours,9.311999999999898
0.015497774920017315,3,100,100,5,3000,A2,Ours,9.311999999999898
0.03400075766522856,3,100,100,5,3000,A3,Ours,9.311999999999898
11.77737405729973,3,100,100,5,3000,core,Ours,9.311999999999898
2.6289331421756152,3,100,100,5,3000,A1,HOSVD,6.294999999999845
0.015497774920017315,3,100,100,5,3000,A2,HOSVD,6.294999999999845
0.03400136340122376,3,100,100,5,3000,A3,HOSVD,6.294999999999845
11.777375563380561,3,100,100,5,3000,core,HOSVD,6.294999999999845
2.6249107575274655,3,100,100,5,3000,A1,HOOI,5.930000000000064
0.015603799733050965,3,100,100,5,3000,A2,HOOI,5.930000000000064
0.033870273363736346,3,100,100,5,3000,A3,HOOI,5.930000000000064
11.775512899225799,3,100,100,5,3000,core,HOOI,5.930000000000064
2.581421484564995,3,100,100,5,3000,A1,Olga,3.6949999999999363
0.011325944180975779,3,100,100,5,3000,A2,Olga,3.6949999999999363
0.9820034469885645,3,100,100,5,3000,A3,Tracy,3.6949999999999363
11.795064780274554,3,100,100,5,3000,core,Tracy_Olga,3.6949999999999363
4.5269742063777985,3,100,500,5,3000,A1,NTD,13.256000000000085
0.032402930883897584,3,100,500,5,3000,A2,NTD,13.256000000000085
497.0000698027339,3,100,500,5,3000,A3,NTD,13.256000000000085
13.691559941584407,3,100,500,5,3000,core,NTD,13.256000000000085
2.1467832459492326,3,100,500,5,3000,A1,Ours,6.179999999999836
0.011806237824533331,3,100,500,5,3000,A2,Ours,6.179999999999836
0.10157483737446667,3,100,500,5,3000,A3,Ours,6.179999999999836
11.78950609948659,3,100,500,5,3000,core,Ours,6.179999999999836
2.1467832459492326,3,100,500,5,3000,A1,HOSVD,4.629000000000133
0.011806237824533331,3,100,500,5,3000,A2,HOSVD,4.629000000000133
0.10151960039412647,3,100,500,5,3000,A3,HOSVD,4.629000000000133
11.789288681018174,3,100,500,5,3000,core,HOSVD,4.629000000000133
2.5190531119334088,3,100,500,5,3000,A1,HOOI,5.62700000000018
0.012053442635454879,3,100,500,5,3000,A2,HOOI,5.62700000000018
0.10431301508063094,3,100,500,5,3000,A3,HOOI,5.62700000000018
11.802143540724035,3,100,500,5,3000,core,HOOI,5.62700000000018
2.255294632314926,3,100,500,5,3000,A1,Olga,6.480000000000018
0.012173918555943622,3,100,500,5,3000,A2,Olga,6.480000000000018
1.2687272856166134,3,100,500,5,3000,A3,Tracy,6.480000000000018
11.7735279265214,3,100,500,5,3000,core,Tracy_Olga,6.480000000000018
4.32326575076501,3,100,1000,5,3000,A1,NTD,32.730999999999995
0.05726134714936982,3,100,1000,5,3000,A2,NTD,32.730999999999995
997.0001823393142,3,100,1000,5,3000,A3,NTD,32.730999999999995
15.369102764594954,3,100,1000,5,3000,core,NTD,32.730999999999995
3.4464508284231523,3,100,1000,5,3000,A1,Ours,0.7070000000001073
0.011232532145812178,3,100,1000,5,3000,A2,Ours,0.7070000000001073
0.3404769284549879,3,100,1000,5,3000,A3,Ours,0.7070000000001073
11.812989504570568,3,100,1000,5,3000,core,Ours,0.7070000000001073
3.4464508284231523,3,100,1000,5,3000,A1,HOSVD,0.6679999999998927
0.011232532145812178,3,100,1000,5,3000,A2,HOSVD,0.6679999999998927
0.3398980504820986,3,100,1000,5,3000,A3,HOSVD,0.6679999999998927
11.81225527175936,3,100,1000,5,3000,core,HOSVD,0.6679999999998927
3.422936428901449,3,100,1000,5,3000,A1,HOOI,0.9079999999999018
0.010961113118675394,3,100,1000,5,3000,A2,HOOI,0.9079999999999018
0.34074461015535856,3,100,1000,5,3000,A3,HOOI,0.9079999999999018
11.794390519101443,3,100,1000,5,3000,core,HOOI,0.9079999999999018
3.030007449054285,3,100,1000,5,3000,A1,Olga,0.8970000000001619
0.013540352930288713,3,100,1000,5,3000,A2,Olga,0.8970000000001619
1.4026535990386337,3,100,1000,5,3000,A3,Tracy,0.8970000000001619
11.841392245978119,3,100,1000,5,3000,core,Tracy_Olga,0.8970000000001619
3.397971465846547,3,100,2498,5,3000,A1,NTD,88.08799999999997
0.34260378397167734,3,100,2498,5,3000,A2,NTD,88.08799999999997
2495.059071633571,3,100,2498,5,3000,A3,NTD,88.08799999999997
6.11656768429452,3,100,2498,5,3000,core,NTD,88.08799999999997
3.0958926196887884,3,100,2498,5,3000,A1,Ours,1.8230000000000928
0.004244127615908494,3,100,2498,5,3000,A2,Ours,1.8230000000000928
2.5777514903280894,3,100,2498,5,3000,A3,Ours,1.8230000000000928
11.572982605959298,3,100,2498,5,3000,core,Ours,1.8230000000000928
3.0958926196887884,3,100,2498,5,3000,A1,HOSVD,1.1590000000001055
0.004244127615908494,3,100,2498,5,3000,A2,HOSVD,1.1590000000001055
2.574842479385288,3,100,2498,5,3000,A3,HOSVD,1.1590000000001055
11.578432556880202,3,100,2498,5,3000,core,HOSVD,1.1590000000001055
3.0973588765902407,3,100,2498,5,3000,A1,HOOI,2.5960000000000036
0.00414945862185166,3,100,2498,5,3000,A2,HOOI,2.5960000000000036
2.5630446481776548,3,100,2498,5,3000,A3,HOOI,2.5960000000000036
11.603223339504764,3,100,2498,5,3000,core,HOOI,2.5960000000000036
3.4800670897137804,3,100,2498,5,3000,A1,Olga,1.38799999999992
0.01134524242758625,3,100,2498,5,3000,A2,Olga,1.38799999999992
2.9821494318658472,3,100,2498,5,3000,A3,Tracy,1.38799999999992
11.84955771695817,3,100,2498,5,3000,core,Tracy_Olga,1.38799999999992
3.5839415474495575,3,100,4986,5,3000,A1,NTD,180.19500000000016
1.2604581387619467,3,100,4986,5,3000,A2,NTD,180.19500000000016
4983.047900588523,3,100,4986,5,3000,A3,NTD,180.19500000000016
15.081205684162112,3,100,4986,5,3000,core,NTD,180.19500000000016
2.7675039824524594,3,100,4986,5,3000,A1,Ours,4.882000000000062
0.0067217134229529485,3,100,4986,5,3000,A2,Ours,4.882000000000062
2.4815170320050957,3,100,4986,5,3000,A3,Ours,4.882000000000062
11.89123177264703,3,100,4986,5,3000,core,Ours,4.882000000000062
2.7675039824524594,3,100,4986,5,3000,A1,HOSVD,1.7339999999999236
0.0067217134229529485,3,100,4986,5,3000,A2,HOSVD,1.7339999999999236
2.460167968602626,3,100,4986,5,3000,A3,HOSVD,1.7339999999999236
11.880405895812876,3,100,4986,5,3000,core,HOSVD,1.7339999999999236
2.770877794586476,3,100,4986,5,3000,A1,HOOI,4.983999999999924
0.006483911493659385,3,100,4986,5,3000,A2,HOOI,4.983999999999924
2.4607966691646266,3,100,4986,5,3000,A3,HOOI,4.983999999999924
11.893088963390747,3,100,4986,5,3000,core,HOOI,4.983999999999924
2.9146698128687745,3,100,4986,5,3000,A1,Olga,2.838000000000193
0.025103643622901205,3,100,4986,5,3000,A2,Olga,2.838000000000193
2.8897632594714775,3,100,4986,5,3000,A3,Tracy,2.838000000000193
11.86069397504191,3,100,4986,5,3000,core,Tracy_Olga,2.838000000000193
4.7227587809414064,3,100,5975,5,3000,A1,NTD,201.57900000000018
4.945279805486327,3,100,5975,5,3000,A2,NTD,201.57900000000018
5972.0649651867625,3,100,5975,5,3000,A3,NTD,201.57900000000018
13.349621390333905,3,100,5975,5,3000,core,NTD,201.57900000000018
2.584458148347753,3,100,5975,5,3000,A1,Ours,6.794999999999618
0.011885614335694036,3,100,5975,5,3000,A2,Ours,6.794999999999618
2.509090014745973,3,100,5975,5,3000,A3,Ours,6.794999999999618
11.884323541375522,3,100,5975,5,3000,core,Ours,6.794999999999618
2.584458148347753,3,100,5975,5,3000,A1,HOSVD,2.7409999999999854
0.011885614335694036,3,100,5975,5,3000,A2,HOSVD,2.7409999999999854
2.4779011233139903,3,100,5975,5,3000,A3,HOSVD,2.7409999999999854
11.86905653070482,3,100,5975,5,3000,core,HOSVD,2.7409999999999854
2.581607125909921,3,100,5975,5,3000,A1,HOOI,5.59900000000016
0.010555570946025591,3,100,5975,5,3000,A2,HOOI,5.59900000000016
2.479364807526958,3,100,5975,5,3000,A3,HOOI,5.59900000000016
11.849846844996529,3,100,5975,5,3000,core,HOOI,5.59900000000016
2.5673587730491505,3,100,5975,5,3000,A1,Olga,3.3849999999997635
0.04340963854544965,3,100,5975,5,3000,A2,Olga,3.3849999999997635
2.9200159204209775,3,100,5975,5,3000,A3,Tracy,3.3849999999997635
11.461686891721666,3,100,5975,5,3000,core,Tracy_Olga,3.3849999999997635
3.0687093758642594,3,100,6973,5,3000,A1,NTD,225.02800000000025
1.3581658200472297,3,100,6973,5,3000,A2,NTD,225.02800000000025
6970.051867547766,3,100,6973,5,3000,A3,NTD,225.02800000000025
12.233435377134308,3,100,6973,5,3000,core,NTD,225.02800000000025
2.4279250112680386,3,100,6973,5,3000,A1,Ours,8.184999999999945
0.014928221503346259,3,100,6973,5,3000,A2,Ours,8.184999999999945
2.5148615581923464,3,100,6973,5,3000,A3,Ours,8.184999999999945
11.930869983813785,3,100,6973,5,3000,core,Ours,8.184999999999945
2.4279250112680386,3,100,6973,5,3000,A1,HOSVD,2.688000000000102
0.014928221503346259,3,100,6973,5,3000,A2,HOSVD,2.688000000000102
2.4718262852801036,3,100,6973,5,3000,A3,HOSVD,2.688000000000102
11.908933007526283,3,100,6973,5,3000,core,HOSVD,2.688000000000102
2.424856502787309,3,100,6973,5,3000,A1,HOOI,7.173999999999978
0.01344224429805883,3,100,6973,5,3000,A2,HOOI,7.173999999999978
2.4725843660463322,3,100,6973,5,3000,A3,HOOI,7.173999999999978
11.881511916506469,3,100,6973,5,3000,core,HOOI,7.173999999999978
3.068164606073122,3,100,6973,5,3000,A1,Olga,3.5590000000001965
0.04851871017229654,3,100,6973,5,3000,A2,Olga,3.5590000000001965
2.9329461182643923,3,100,6973,5,3000,A3,Tracy,3.5590000000001965
11.517325556388537,3,100,6973,5,3000,core,Tracy_Olga,3.5590000000001965
1.5233356439638872,3,100,7966,5,3000,A1,NTD,251.5250000000001
1.3911815863539119,3,100,7966,5,3000,A2,NTD,251.5250000000001
7963.064346594383,3,100,7966,5,3000,A3,NTD,251.5250000000001
13.319115151792742,3,100,7966,5,3000,core,NTD,251.5250000000001
3.9834311026428555,3,100,7966,5,3000,A1,Ours,13.61200000000008
0.004266723734988675,3,100,7966,5,3000,A2,Ours,13.61200000000008
2.521499608734721,3,100,7966,5,3000,A3,Ours,13.61200000000008
11.868320544328705,3,100,7966,5,3000,core,Ours,13.61200000000008
3.9834311026428555,3,100,7966,5,3000,A1,HOSVD,8.77599999999984
0.004266723734988675,3,100,7966,5,3000,A2,HOSVD,8.77599999999984
2.465728723192964,3,100,7966,5,3000,A3,HOSVD,8.77599999999984
11.842634706289564,3,100,7966,5,3000,core,HOSVD,8.77599999999984
3.958074270714743,3,100,7966,5,3000,A1,HOOI,9.066000000000258
0.0037806634087168547,3,100,7966,5,3000,A2,HOOI,9.066000000000258
2.4682744446239546,3,100,7966,5,3000,A3,HOOI,9.066000000000258
11.826637383684588,3,100,7966,5,3000,core,HOOI,9.066000000000258
2.8885893500547946,3,100,7966,5,3000,A1,Olga,15.041000000000167
0.011126630237565289,3,100,7966,5,3000,A2,Olga,15.041000000000167
2.9311034862793766,3,100,7966,5,3000,A3,Tracy,15.041000000000167
11.870384323336912,3,100,7966,5,3000,core,Tracy_Olga,15.041000000000167
1.626258152967671,3,100,8954,5,3000,A1,NTD,274.39400000000023
0.26964148547670286,3,100,8954,5,3000,A2,NTD,274.39400000000023
8951.07951788952,3,100,8954,5,3000,A3,NTD,274.39400000000023
13.201172199412992,3,100,8954,5,3000,core,NTD,274.39400000000023
1.9477065708056396,3,100,8954,5,3000,A1,Ours,12.342000000000098
0.010343451060011114,3,100,8954,5,3000,A2,Ours,12.342000000000098
2.5513031485445214,3,100,8954,5,3000,A3,Ours,12.342000000000098
11.920779712187752,3,100,8954,5,3000,core,Ours,12.342000000000098
1.9477065708056396,3,100,8954,5,3000,A1,HOSVD,2.644999999999982
0.010343451060011114,3,100,8954,5,3000,A2,HOSVD,2.644999999999982
2.4810843508543723,3,100,8954,5,3000,A3,HOSVD,2.644999999999982
11.884843114344616,3,100,8954,5,3000,core,HOSVD,2.644999999999982
1.9478534809928885,3,100,8954,5,3000,A1,HOOI,10.254999999999654
0.009829493979773403,3,100,8954,5,3000,A2,HOOI,10.254999999999654
2.4805321885726803,3,100,8954,5,3000,A3,HOOI,10.254999999999654
11.903659761416794,3,100,8954,5,3000,core,HOOI,10.254999999999654
2.6912184869794826,3,100,8954,5,3000,A1,Olga,5.890999999999622
0.036421061313181055,3,100,8954,5,3000,A2,Olga,5.890999999999622
2.9460891109279252,3,100,8954,5,3000,A3,Tracy,5.890999999999622
11.87889245460778,3,100,8954,5,3000,core,Tracy_Olga,5.890999999999622
1.4956610014110165,3,100,9946,5,3000,A1,NTD,312.32000000000016
4.0777682455800095,3,100,9946,5,3000,A2,NTD,312.32000000000016
9943.086298932232,3,100,9946,5,3000,A3,NTD,312.32000000000016
7.758230353857456,3,100,9946,5,3000,core,NTD,312.32000000000016
3.8850030311118293,3,100,9946,5,3000,A1,Ours,32.43299999999999
0.013531870633275721,3,100,9946,5,3000,A2,Ours,32.43299999999999
2.5557575259526066,3,100,9946,5,3000,A3,Ours,32.43299999999999
11.972244579861767,3,100,9946,5,3000,core,Ours,32.43299999999999
3.8850030311118293,3,100,9946,5,3000,A1,HOSVD,20.811999999999898
0.013531870633275721,3,100,9946,5,3000,A2,HOSVD,20.811999999999898
2.469305663846035,3,100,9946,5,3000,A3,HOSVD,20.811999999999898
11.92472823149335,3,100,9946,5,3000,core,HOSVD,20.811999999999898
3.877025411518272,3,100,9946,5,3000,A1,HOOI,32.009000000000015
0.013800553726658213,3,100,9946,5,3000,A2,HOOI,32.009000000000015
2.4683499150808257,3,100,9946,5,3000,A3,HOOI,32.009000000000015
11.948596965105633,3,100,9946,5,3000,core,HOOI,32.009000000000015
3.623191733890515,3,100,9946,5,3000,A1,Olga,26.271000000000186
0.04176974002469888,3,100,9946,5,3000,A2,Olga,26.271000000000186
2.925334631142669,3,100,9946,5,3000,A3,Tracy,26.271000000000186
11.890222243950648,3,100,9946,5,3000,core,Tracy_Olga,26.271000000000186
4.301220862393079,3,100,100,5,10000,A1,NTD,3.186999999999898
0.15828052713382287,3,100,100,5,10000,A2,NTD,3.186999999999898
97.0000038250902,3,100,100,5,10000,A3,NTD,3.186999999999898
9.454007769623548,3,100,100,5,10000,core,NTD,3.186999999999898
1.1587108225872027,3,100,100,5,10000,A1,Ours,5.16800000000012
0.004125734033352217,3,100,100,5,10000,A2,Ours,5.16800000000012
0.020213070470286,3,100,100,5,10000,A3,Ours,5.16800000000012
11.700100056457998,3,100,100,5,10000,core,Ours,5.16800000000012
1.1587108225872027,3,100,100,5,10000,A1,HOSVD,5.472999999999956
0.004125734033352217,3,100,100,5,10000,A2,HOSVD,5.472999999999956
0.020212865862614608,3,100,100,5,10000,A3,HOSVD,5.472999999999956
11.700100605737411,3,100,100,5,10000,core,HOSVD,5.472999999999956
1.1517592825312721,3,100,100,5,10000,A1,HOOI,6.942999999999756
0.003648853759676942,3,100,100,5,10000,A2,HOOI,6.942999999999756
0.02029477734760375,3,100,100,5,10000,A3,HOOI,6.942999999999756
11.700297636035897,3,100,100,5,10000,core,HOOI,6.942999999999756
1.1629976266368967,3,100,100,5,10000,A1,Olga,5.098999999999705
0.0063089341068732615,3,100,100,5,10000,A2,Olga,5.098999999999705
0.9822983119444794,3,100,100,5,10000,A3,Tracy,5.098999999999705
11.755732447827166,3,100,100,5,10000,core,Tracy_Olga,5.098999999999705
1.6943015762055509,3,100,500,5,10000,A1,NTD,13.603999999999814
0.36607045650648,3,100,500,5,10000,A2,NTD,13.603999999999814
497.00003246746417,3,100,500,5,10000,A3,NTD,13.603999999999814
13.432845461533523,3,100,500,5,10000,core,NTD,13.603999999999814
2.0720240709278683,3,100,500,5,10000,A1,Ours,4.231999999999971
0.0037085373285525116,3,100,500,5,10000,A2,Ours,4.231999999999971
0.04233476809087826,3,100,500,5,10000,A3,Ours,4.231999999999971
11.723886898353129,3,100,500,5,10000,core,Ours,4.231999999999971
2.0720240709278683,3,100,500,5,10000,A1,HOSVD,4.214999999999691
0.0037085373285525116,3,100,500,5,10000,A2,HOSVD,4.214999999999691
0.04234371463277289,3,100,500,5,10000,A3,HOSVD,4.214999999999691
11.723884362602181,3,100,500,5,10000,core,HOSVD,4.214999999999691
2.0722805853945694,3,100,500,5,10000,A1,HOOI,3.963999999999942
0.004250033129579796,3,100,500,5,10000,A2,HOOI,3.963999999999942
0.042211983221788395,3,100,500,5,10000,A3,HOOI,3.963999999999942
11.723978590569136,3,100,500,5,10000,core,HOOI,3.963999999999942
1.9136328498326542,3,100,500,5,10000,A1,Olga,2.8159999999998035
0.005669560536422588,3,100,500,5,10000,A2,Olga,2.8159999999998035
1.2562781015891358,3,100,500,5,10000,A3,Tracy,2.8159999999998035
11.742346804192035,3,100,500,5,10000,core,Tracy_Olga,2.8159999999998035
3.147682487709019,3,100,1000,5,10000,A1,NTD,29.822999999999865
0.07685994202278196,3,100,1000,5,10000,A2,NTD,29.822999999999865
997.0001083892167,3,100,1000,5,10000,A3,NTD,29.822999999999865
11.213311889401993,3,100,1000,5,10000,core,NTD,29.822999999999865
1.189830272044155,3,100,1000,5,10000,A1,Ours,0.5470000000000255
0.004065499670030869,3,100,1000,5,10000,A2,Ours,0.5470000000000255
0.17761651458005046,3,100,1000,5,10000,A3,Ours,0.5470000000000255
11.198809481046675,3,100,1000,5,10000,core,Ours,0.5470000000000255
1.189830272044155,3,100,1000,5,10000,A1,HOSVD,0.3910000000000764
0.004065499670030869,3,100,1000,5,10000,A2,HOSVD,0.3910000000000764
0.17758757642553868,3,100,1000,5,10000,A3,HOSVD,0.3910000000000764
11.198842510373373,3,100,1000,5,10000,core,HOSVD,0.3910000000000764
1.1928798077593645,3,100,1000,5,10000,A1,HOOI,1.1669999999999163
0.003747740529632279,3,100,1000,5,10000,A2,HOOI,1.1669999999999163
0.1794849152132949,3,100,1000,5,10000,A3,HOOI,1.1669999999999163
11.190763341246159,3,100,1000,5,10000,core,HOOI,1.1669999999999163
1.4797749997549363,3,100,1000,5,10000,A1,Olga,0.4359999999996944
0.003139214239556652,3,100,1000,5,10000,A2,Olga,0.4359999999996944
1.372965583283724,3,100,1000,5,10000,A3,Tracy,0.4359999999996944
11.183105970811415,3,100,1000,5,10000,core,Tracy_Olga,0.4359999999996944
5.0942352428524265,3,100,2500,5,10000,A1,NTD,86.57600000000002
0.08306529784380774,3,100,2500,5,10000,A2,NTD,86.57600000000002
2497.000135906719,3,100,2500,5,10000,A3,NTD,86.57600000000002
13.187346215092248,3,100,2500,5,10000,core,NTD,86.57600000000002
1.375237016304717,3,100,2500,5,10000,A1,Ours,1.83600000000024
0.006248880698756976,3,100,2500,5,10000,A2,Ours,1.83600000000024
0.3537581962563268,3,100,2500,5,10000,A3,Ours,1.83600000000024
11.446519884693725,3,100,2500,5,10000,core,Ours,1.83600000000024
1.375237016304717,3,100,2500,5,10000,A1,HOSVD,0.8049999999998363
0.006248880698756976,3,100,2500,5,10000,A2,HOSVD,0.8049999999998363
0.3535418517355029,3,100,2500,5,10000,A3,HOSVD,0.8049999999998363
11.445410117268075,3,100,2500,5,10000,core,HOSVD,0.8049999999998363
1.3776231540417878,3,100,2500,5,10000,A1,HOOI,2.3739999999997963
0.006394647240683038,3,100,2500,5,10000,A2,HOOI,2.3739999999997963
0.35357473030194947,3,100,2500,5,10000,A3,HOOI,2.3739999999997963
11.46303433077231,3,100,2500,5,10000,core,HOOI,2.3739999999997963
1.3668590419639497,3,100,2500,5,10000,A1,Olga,1.1669999999999163
0.003926082965172757,3,100,2500,5,10000,A2,Olga,1.1669999999999163
1.5218932850103628,3,100,2500,5,10000,A3,Tracy,1.1669999999999163
11.454434581511235,3,100,2500,5,10000,core,Tracy_Olga,1.1669999999999163
4.862865549185296,3,100,4999,5,10000,A1,NTD,181.40200000000004
0.5899490136265992,3,100,4999,5,10000,A2,NTD,181.40200000000004
4996.026904487356,3,100,4999,5,10000,A3,NTD,181.40200000000004
15.909347273046635,3,100,4999,5,10000,core,NTD,181.40200000000004
2.0775800344742605,3,100,4999,5,10000,A1,Ours,5.780999999999949
0.013772158915597464,3,100,4999,5,10000,A2,Ours,5.780999999999949
2.5576632085998434,3,100,4999,5,10000,A3,Ours,5.780999999999949
12.012927515511933,3,100,4999,5,10000,core,Ours,5.780999999999949
2.0775800344742605,3,100,4999,5,10000,A1,HOSVD,2.255000000000109
0.013772158915597464,3,100,4999,5,10000,A2,HOSVD,2.255000000000109
2.5567068838335394,3,100,4999,5,10000,A3,HOSVD,2.255000000000109
12.013913407396425,3,100,4999,5,10000,core,HOSVD,2.255000000000109
2.0808517883785265,3,100,4999,5,10000,A1,HOOI,4.379999999999654
0.013920124139848725,3,100,4999,5,10000,A2,HOOI,4.379999999999654
2.572838935004539,3,100,4999,5,10000,A3,HOOI,4.379999999999654
12.115804492458178,3,100,4999,5,10000,core,HOOI,4.379999999999654
1.85038911554825,3,100,4999,5,10000,A1,Olga,2.255999999999858
0.008680065778409872,3,100,4999,5,10000,A2,Olga,2.255999999999858
3.005150955343235,3,100,4999,5,10000,A3,Tracy,2.255999999999858
11.817835102517227,3,100,4999,5,10000,core,Tracy_Olga,2.255999999999858
2.159438963540451,3,100,5996,5,10000,A1,NTD,196.47400000000016
0.13174109183117136,3,100,5996,5,10000,A2,NTD,196.47400000000016
5993.026333804991,3,100,5996,5,10000,A3,NTD,196.47400000000016
9.170518737527933,3,100,5996,5,10000,core,NTD,196.47400000000016
1.1124976129917863,3,100,5996,5,10000,A1,Ours,6.367000000000189
0.010462863225716872,3,100,5996,5,10000,A2,Ours,6.367000000000189
2.4281764320849977,3,100,5996,5,10000,A3,Ours,6.367000000000189
11.853141471035542,3,100,5996,5,10000,core,Ours,6.367000000000189
1.1124976129917863,3,100,5996,5,10000,A1,HOSVD,2.055000000000291
0.010462863225716872,3,100,5996,5,10000,A2,HOSVD,2.055000000000291
2.425085243471751,3,100,5996,5,10000,A3,HOSVD,2.055000000000291
11.851811912429488,3,100,5996,5,10000,core,HOSVD,2.055000000000291
1.113348803069406,3,100,5996,5,10000,A1,HOOI,4.8179999999993015
0.010523536929340067,3,100,5996,5,10000,A2,HOOI,4.8179999999993015
2.425017965790175,3,100,5996,5,10000,A3,HOOI,4.8179999999993015
11.847553179344988,3,100,5996,5,10000,core,HOOI,4.8179999999993015
2.197812641664816,3,100,5996,5,10000,A1,Olga,2.9459999999999127
0.004682309698996606,3,100,5996,5,10000,A2,Olga,2.9459999999999127
2.9158308412142673,3,100,5996,5,10000,A3,Tracy,2.9459999999999127
11.85851302222776,3,100,5996,5,10000,core,Tracy_Olga,2.9459999999999127
4.138649206834533,3,100,6995,5,10000,A1,NTD,225.78099999999995
3.7041704369813164,3,100,6995,5,10000,A2,NTD,225.78099999999995
6992.040554497078,3,100,6995,5,10000,A3,NTD,225.78099999999995
12.592641079964103,3,100,6995,5,10000,core,NTD,225.78099999999995
1.589501281274071,3,100,6995,5,10000,A1,Ours,8.295000000000073
0.007217767313379355,3,100,6995,5,10000,A2,Ours,8.295000000000073
2.4274071146705096,3,100,6995,5,10000,A3,Ours,8.295000000000073
11.727125372891708,3,100,6995,5,10000,core,Ours,8.295000000000073
1.589501281274071,3,100,6995,5,10000,A1,HOSVD,2.244999999999891
0.007217767313379355,3,100,6995,5,10000,A2,HOSVD,2.244999999999891
2.423133987449299,3,100,6995,5,10000,A3,HOSVD,2.244999999999891
11.725403742612516,3,100,6995,5,10000,core,HOSVD,2.244999999999891
1.580241260505349,3,100,6995,5,10000,A1,HOOI,5.86200000000008
0.007422299930788948,3,100,6995,5,10000,A2,HOOI,5.86200000000008
2.4223275732866156,3,100,6995,5,10000,A3,HOOI,5.86200000000008
11.73404397187573,3,100,6995,5,10000,core,HOOI,5.86200000000008
1.519742245958527,3,100,6995,5,10000,A1,Olga,3.5900000000001455
0.020755563835732436,3,100,6995,5,10000,A2,Olga,3.5900000000001455
2.9429399809849737,3,100,6995,5,10000,A3,Tracy,3.5900000000001455
11.737606590951051,3,100,6995,5,10000,core,Tracy_Olga,3.5900000000001455
4.764807945674331,3,100,7995,5,10000,A1,NTD,254.73500000000058
0.2688222076682275,3,100,7995,5,10000,A2,NTD,254.73500000000058
7992.027458947664,3,100,7995,5,10000,A3,NTD,254.73500000000058
9.080118674480397,3,100,7995,5,10000,core,NTD,254.73500000000058
2.230670136070792,3,100,7995,5,10000,A1,Ours,10.500999999999294
0.006360515927711501,3,100,7995,5,10000,A2,Ours,10.500999999999294
2.4562382367569717,3,100,7995,5,10000,A3,Ours,10.500999999999294
11.876351776616598,3,100,7995,5,10000,core,Ours,10.500999999999294
2.230670136070792,3,100,7995,5,10000,A1,HOSVD,2.630000000000109
0.006360515927711501,3,100,7995,5,10000,A2,HOSVD,2.630000000000109
2.45136567545902,3,100,7995,5,10000,A3,HOSVD,2.630000000000109
11.874042706700049,3,100,7995,5,10000,core,HOSVD,2.630000000000109
2.22889908273208,3,100,7995,5,10000,A1,HOOI,9.909999999999854
0.006466490151213486,3,100,7995,5,10000,A2,HOOI,9.909999999999854
2.4503159630347975,3,100,7995,5,10000,A3,HOOI,9.909999999999854
11.882278308676437,3,100,7995,5,10000,core,HOOI,9.909999999999854
1.6991050215711303,3,100,7995,5,10000,A1,Olga,5.444000000000415
0.010539846777335748,3,100,7995,5,10000,A2,Olga,5.444000000000415
2.9008365283606463,3,100,7995,5,10000,A3,Tracy,5.444000000000415
11.860393922637458,3,100,7995,5,10000,core,Tracy_Olga,5.444000000000415
3.031155602130808,3,100,8986,5,10000,A1,NTD,285.15600000000086
0.27487686089119395,3,100,8986,5,10000,A2,NTD,285.15600000000086
8983.031810569617,3,100,8986,5,10000,A3,NTD,285.15600000000086
6.526719564185626,3,100,8986,5,10000,core,NTD,285.15600000000086
1.6567257437138494,3,100,8986,5,10000,A1,Ours,13.113000000000284
0.0012621768324160086,3,100,8986,5,10000,A2,Ours,13.113000000000284
2.456735625883588,3,100,8986,5,10000,A3,Ours,13.113000000000284
11.881155916342752,3,100,8986,5,10000,core,Ours,13.113000000000284
1.6567257437138494,3,100,8986,5,10000,A1,HOSVD,3.661000000000058
0.0012621768324160086,3,100,8986,5,10000,A2,HOSVD,3.661000000000058
2.450311803888865,3,100,8986,5,10000,A3,HOSVD,3.661000000000058
11.878199757143634,3,100,8986,5,10000,core,HOSVD,3.661000000000058
1.6606733161236817,3,100,8986,5,10000,A1,HOOI,11.926000000000386
0.0015737469996427106,3,100,8986,5,10000,A2,HOOI,11.926000000000386
2.450720376606612,3,100,8986,5,10000,A3,HOOI,11.926000000000386
11.89588860254605,3,100,8986,5,10000,core,HOOI,11.926000000000386
1.7619192138563036,3,100,8986,5,10000,A1,Olga,5.337000000000444
0.016402741397766527,3,100,8986,5,10000,A2,Olga,5.337000000000444
2.9174292087865035,3,100,8986,5,10000,A3,Tracy,5.337000000000444
11.876554937894474,3,100,8986,5,10000,core,Tracy_Olga,5.337000000000444
12.3268237164543,3,100,9988,5,10000,A1,NTD,311.8209999999999
0.26955357339323316,3,100,9988,5,10000,A2,NTD,311.8209999999999
9985.029948610267,3,100,9988,5,10000,A3,NTD,311.8209999999999
11.5326861769068,3,100,9988,5,10000,core,NTD,311.8209999999999
1.1263199878025074,3,100,9988,5,10000,A1,Ours,16.023999999999432
0.005194524677011712,3,100,9988,5,10000,A2,Ours,16.023999999999432
2.460418274542574,3,100,9988,5,10000,A3,Ours,16.023999999999432
11.86752159908612,3,100,9988,5,10000,core,Ours,16.023999999999432
1.1263199878025074,3,100,9988,5,10000,A1,HOSVD,3.3590000000003783
0.005194524677011712,3,100,9988,5,10000,A2,HOSVD,3.3590000000003783
2.452433699791696,3,100,9988,5,10000,A3,HOSVD,3.3590000000003783
11.86395847459867,3,100,9988,5,10000,core,HOSVD,3.3590000000003783
1.125890024022266,3,100,9988,5,10000,A1,HOOI,13.967999999999847
0.004984250697008151,3,100,9988,5,10000,A2,HOOI,13.967999999999847
2.4526539527089533,3,100,9988,5,10000,A3,HOOI,13.967999999999847
11.868654408103602,3,100,9988,5,10000,core,HOOI,13.967999999999847
1.5747694936181578,3,100,9988,5,10000,A1,Olga,6.576000000000022
0.010724945431868846,3,100,9988,5,10000,A2,Olga,6.576000000000022
2.927690437374673,3,100,9988,5,10000,A3,Tracy,6.576000000000022
11.890812068210144,3,100,9988,5,10000,core,Tracy_Olga,6.576000000000022
