error,K,Q1,R,Q2,M,mode,method,time
5.102089672626176,3,100,100,5,100,A1,NTD,4.196000000000001
0.5954330925410354,3,100,100,5,100,A2,NTD,4.196000000000001
97.00219574631453,3,100,100,5,100,A3,NTD,4.196000000000001
9.538869416901226,3,100,100,5,100,core,NTD,4.196000000000001
11.084429945606264,3,100,100,5,100,A1,Ours,2.678000000000001
0.0890110284830153,3,100,100,5,100,A2,Ours,2.678000000000001
0.2052463457107594,3,100,100,5,100,A3,Ours,2.678000000000001
12.43591124737828,3,100,100,5,100,core,Ours,2.678000000000001
11.084429945606264,3,100,100,5,100,A1,HOSVD,2.2750000000000004
0.0890110284830153,3,100,100,5,100,A2,HOSVD,2.2750000000000004
0.20636707161835377,3,100,100,5,100,A3,HOSVD,2.2750000000000004
12.437076512925412,3,100,100,5,100,core,HOSVD,2.2750000000000004
10.020482416588353,3,100,100,5,100,A1,HOOI,2.5749999999999993
0.0922114586187131,3,100,100,5,100,A2,HOOI,2.5749999999999993
0.2014949873218568,3,100,100,5,100,A3,HOOI,2.5749999999999993
12.421991405619854,3,100,100,5,100,core,HOOI,2.5749999999999993
11.559158503396182,3,100,100,5,100,A1,Olga,1.818999999999999
0.2523840465863997,3,100,100,5,100,A2,Olga,1.818999999999999
1.0234714457290193,3,100,100,5,100,A3,Tracy,1.818999999999999
12.446000073907408,3,100,100,5,100,core,Tracy_Olga,1.818999999999999
4.709205338806476,3,100,496,5,100,A1,NTD,21.216
0.4900091425026845,3,100,496,5,100,A2,NTD,21.216
493.1496210160133,3,100,496,5,100,A3,NTD,21.216
9.901364154230468,3,100,496,5,100,core,NTD,21.216
9.679080236176677,3,100,496,5,100,A1,Ours,3.543999999999997
0.0753338721521337,3,100,496,5,100,A2,Ours,3.543999999999997
2.6558946452270202,3,100,496,5,100,A3,Ours,3.543999999999997
12.55706916001088,3,100,496,5,100,core,Ours,3.543999999999997
9.679080236176677,3,100,496,5,100,A1,HOSVD,3.8640000000000043
0.0753338721521337,3,100,496,5,100,A2,HOSVD,3.8640000000000043
2.477988889514535,3,100,496,5,100,A3,HOSVD,3.8640000000000043
12.55706916001088,3,100,496,5,100,core,HOSVD,3.8640000000000043
10.575088267272786,3,100,496,5,100,A1,HOOI,4.129000000000005
0.04028795424937527,3,100,496,5,100,A2,HOOI,4.129000000000005
2.498514365405162,3,100,496,5,100,A3,HOOI,4.129000000000005
12.55706916001088,3,100,496,5,100,core,HOOI,4.129000000000005
16.523922798427968,3,100,496,5,100,A1,Olga,2.190000000000005
0.4074657072622662,3,100,496,5,100,A2,Olga,2.190000000000005
2.853945381767564,3,100,496,5,100,A3,Tracy,2.190000000000005
10.981180121156282,3,100,496,5,100,core,Tracy_Olga,2.190000000000005
7.606965047173455,3,100,989,5,100,A1,NTD,36.979000000000006
2.4898691696745154,3,100,989,5,100,A2,NTD,36.979000000000006
986.2094214076386,3,100,989,5,100,A3,NTD,36.979000000000006
9.554941511393375,3,100,989,5,100,core,NTD,36.979000000000006
13.35813148028471,3,100,989,5,100,A1,Ours,10.34599999999999
0.0704317519820661,3,100,989,5,100,A2,Ours,10.34599999999999
4.523674930063691,3,100,989,5,100,A3,Ours,10.34599999999999
9.892068392496803,3,100,989,5,100,core,Ours,10.34599999999999
13.35813148028471,3,100,989,5,100,A1,HOSVD,10.14
0.0704317519820661,3,100,989,5,100,A2,HOSVD,10.14
2.5182259372512172,3,100,989,5,100,A3,HOSVD,10.14
12.55706916001088,3,100,989,5,100,core,HOSVD,10.14
12.995514216181844,3,100,989,5,100,A1,HOOI,11.36800000000001
0.0924707435412926,3,100,989,5,100,A2,HOOI,11.36800000000001
2.533956156758514,3,100,989,5,100,A3,HOOI,11.36800000000001
12.557069232389729,3,100,989,5,100,core,HOOI,11.36800000000001
19.580164670626566,3,100,989,5,100,A1,Olga,8.78200000000001
1.647697991970898,3,100,989,5,100,A2,Olga,8.78200000000001
2.876529099296743,3,100,989,5,100,A3,Tracy,8.78200000000001
10.746506616933923,3,100,989,5,100,core,Tracy_Olga,8.78200000000001
57.267851272920005,3,100,2371,5,100,A1,NTD,89.58300000000003
4.417026006736999,3,100,2371,5,100,A2,NTD,89.58300000000003
2368.2777875265097,3,100,2371,5,100,A3,NTD,89.58300000000003
11.313815677751917,3,100,2371,5,100,core,NTD,89.58300000000003
11.06935158413041,3,100,2371,5,100,A1,Ours,6.864999999999981
0.24162448659221025,3,100,2371,5,100,A2,Ours,6.864999999999981
5.0509894277624126,3,100,2371,5,100,A3,Ours,6.864999999999981
8.805204051272877,3,100,2371,5,100,core,Ours,6.864999999999981
11.06935158413041,3,100,2371,5,100,A1,HOSVD,4.9950000000000045
0.24162448659221025,3,100,2371,5,100,A2,HOSVD,4.9950000000000045
2.5709846662162317,3,100,2371,5,100,A3,HOSVD,4.9950000000000045
12.55706916001088,3,100,2371,5,100,core,HOSVD,4.9950000000000045
11.157263858783368,3,100,2371,5,100,A1,HOOI,5.915999999999997
0.21954882668810513,3,100,2371,5,100,A2,HOOI,5.915999999999997
3.2780553143779056,3,100,2371,5,100,A3,HOOI,5.915999999999997
11.378630741569738,3,100,2371,5,100,core,HOOI,5.915999999999997
26.987356178124614,3,100,2371,5,100,A1,Olga,4.289000000000016
1.9726279870486136,3,100,2371,5,100,A2,Olga,4.289000000000016
2.955259491106254,3,100,2371,5,100,A3,Tracy,4.289000000000016
10.70376017376567,3,100,2371,5,100,core,Tracy_Olga,4.289000000000016
71.40649896262845,3,100,4539,5,100,A1,NTD,165.542
2.4170245925618814,3,100,4539,5,100,A2,NTD,165.542
4536.473332811203,3,100,4539,5,100,A3,NTD,165.542
11.88654630582048,3,100,4539,5,100,core,NTD,165.542
10.25310996907366,3,100,4539,5,100,A1,Ours,14.785000000000025
0.1052984655840702,3,100,4539,5,100,A2,Ours,14.785000000000025
5.282952373479334,3,100,4539,5,100,A3,Ours,14.785000000000025
7.931254593007067,3,100,4539,5,100,core,Ours,14.785000000000025
8.68511441772333,3,100,4539,5,100,A1,HOOI,21.436000000000035
0.09546968870530907,3,100,4539,5,100,A2,HOOI,21.436000000000035
2.6813281053625535,3,100,4539,5,100,A3,HOOI,21.436000000000035
9.49296042970865,3,100,4539,5,100,core,HOOI,21.436000000000035
28.723974634992974,3,100,4539,5,100,A1,Olga,11.19599999999997
2.994900831903812,3,100,4539,5,100,A2,Olga,11.19599999999997
3.99684027795612,3,100,4539,5,100,A3,Tracy,11.19599999999997
11.01132029681984,3,100,4539,5,100,core,Tracy_Olga,11.19599999999997
93.32512930775847,3,100,5349,5,100,A1,NTD,186.22200000000004
2.4898867783918397,3,100,5349,5,100,A2,NTD,186.22200000000004
5346.503828733354,3,100,5349,5,100,A3,NTD,186.22200000000004
10.275451434949753,3,100,5349,5,100,core,NTD,186.22200000000004
11.984163066449035,3,100,5349,5,100,A1,Ours,7.071000000000026
0.23157867130889764,3,100,5349,5,100,A2,Ours,7.071000000000026
5.3162693509700745,3,100,5349,5,100,A3,Ours,7.071000000000026
8.316238399686814,3,100,5349,5,100,core,Ours,7.071000000000026
11.984163066449035,3,100,5349,5,100,A1,HOSVD,8.888000000000034
0.23157867130889764,3,100,5349,5,100,A2,HOSVD,8.888000000000034
3.8746015535972695,3,100,5349,5,100,A3,HOSVD,8.888000000000034
9.761528427489099,3,100,5349,5,100,core,HOSVD,8.888000000000034
11.747322385724152,3,100,5349,5,100,A1,HOOI,11.91700000000003
0.06694505820052005,3,100,5349,5,100,A2,HOOI,11.91700000000003
2.724186732229145,3,100,5349,5,100,A3,HOOI,11.91700000000003
12.557069232389729,3,100,5349,5,100,core,HOOI,11.91700000000003
34.97265374010985,3,100,5349,5,100,A1,Olga,6.940000000000055
2.0414005884982345,3,100,5349,5,100,A2,Olga,6.940000000000055
3.8986645616330113,3,100,5349,5,100,A3,Tracy,6.940000000000055
10.6669110417536,3,100,5349,5,100,core,Tracy_Olga,6.940000000000055
110.9640549899881,3,100,6102,5,100,A1,NTD,216.02699999999993
3.9577815366562135,3,100,6102,5,100,A2,NTD,216.02699999999993
6099.522359326901,3,100,6102,5,100,A3,NTD,216.02699999999993
10.548686082473802,3,100,6102,5,100,core,NTD,216.02699999999993
9.502490797901494,3,100,6102,5,100,A1,Ours,6.491999999999962
0.25515664959307544,3,100,6102,5,100,A2,Ours,6.491999999999962
5.236101063806873,3,100,6102,5,100,A3,Ours,6.491999999999962
8.8393532852534,3,100,6102,5,100,core,Ours,6.491999999999962
9.502490797901494,3,100,6102,5,100,A1,HOSVD,1.8880000000000337
0.25515664959307544,3,100,6102,5,100,A2,HOSVD,1.8880000000000337
2.7224347819652186,3,100,6102,5,100,A3,HOSVD,1.8880000000000337
8.222792727269645,3,100,6102,5,100,core,HOSVD,1.8880000000000337
9.516311815637577,3,100,6102,5,100,A1,HOOI,8.259999999999991
0.2158618437657323,3,100,6102,5,100,A2,HOOI,8.259999999999991
3.3434097017361637,3,100,6102,5,100,A3,HOOI,8.259999999999991
9.63370150370117,3,100,6102,5,100,core,HOOI,8.259999999999991
31.56754387409311,3,100,6102,5,100,A1,Olga,3.5119999999999436
3.936711445196292,3,100,6102,5,100,A2,Olga,3.5119999999999436
3.9871212734933983,3,100,6102,5,100,A3,Tracy,3.5119999999999436
10.991356398806143,3,100,6102,5,100,core,Tracy_Olga,3.5119999999999436
107.18303766841846,3,100,6871,5,100,A1,NTD,222.25200000000007
2.4898862418052974,3,100,6871,5,100,A2,NTD,222.25200000000007
6868.56350746986,3,100,6871,5,100,A3,NTD,222.25200000000007
11.380074972899365,3,100,6871,5,100,core,NTD,222.25200000000007
12.544497696041585,3,100,6871,5,100,A1,Ours,12.976999999999862
0.1980733568355785,3,100,6871,5,100,A2,Ours,12.976999999999862
5.327877621676585,3,100,6871,5,100,A3,Ours,12.976999999999862
9.842121652406805,3,100,6871,5,100,core,Ours,12.976999999999862
12.544497696041585,3,100,6871,5,100,A1,HOSVD,5.403999999999996
0.1980733568355785,3,100,6871,5,100,A2,HOSVD,5.403999999999996
3.341057509979785,3,100,6871,5,100,A3,HOSVD,5.403999999999996
9.926683309806906,3,100,6871,5,100,core,HOSVD,5.403999999999996
12.750772803277266,3,100,6871,5,100,A1,HOOI,10.742999999999938
0.1215077117141757,3,100,6871,5,100,A2,HOOI,10.742999999999938
3.4065131656187364,3,100,6871,5,100,A3,HOOI,10.742999999999938
9.694542740317688,3,100,6871,5,100,core,HOOI,10.742999999999938
52.87188531419948,3,100,6871,5,100,A1,Olga,4.695000000000164
3.9027662794532882,3,100,6871,5,100,A2,Olga,4.695000000000164
3.140807346225672,3,100,6871,5,100,A3,Tracy,4.695000000000164
10.654543095815084,3,100,6871,5,100,core,Tracy_Olga,4.695000000000164
126.51150867260735,3,100,7576,5,100,A1,NTD,237.23599999999988
4.489888396678075,3,100,7576,5,100,A2,NTD,237.23599999999988
7573.626050541785,3,100,7576,5,100,A3,NTD,237.23599999999988
8.230214020497662,3,100,7576,5,100,core,NTD,237.23599999999988
12.656408809825505,3,100,7576,5,100,A1,Ours,9.403999999999996
0.1023712322234277,3,100,7576,5,100,A2,Ours,9.403999999999996
5.3281191520017925,3,100,7576,5,100,A3,Ours,9.403999999999996
12.293091545271475,3,100,7576,5,100,core,Ours,9.403999999999996
12.656408809825505,3,100,7576,5,100,A1,HOSVD,3.4020000000000437
0.1023712322234277,3,100,7576,5,100,A2,HOSVD,3.4020000000000437
3.9870819931051695,3,100,7576,5,100,A3,HOSVD,3.4020000000000437
8.898526531984174,3,100,7576,5,100,core,HOSVD,3.4020000000000437
12.338929680635566,3,100,7576,5,100,A1,HOOI,10.538999999999987
0.07728265225822911,3,100,7576,5,100,A2,HOOI,10.538999999999987
3.9013202400797735,3,100,7576,5,100,A3,HOOI,10.538999999999987
11.654704405763317,3,100,7576,5,100,core,HOOI,10.538999999999987
43.49831888056837,3,100,7576,5,100,A1,Olga,5.913000000000011
2.855234656073442,3,100,7576,5,100,A2,Olga,5.913000000000011
3.1809413288929944,3,100,7576,5,100,A3,Tracy,5.913000000000011
14.85161938155628,3,100,7576,5,100,core,Tracy_Olga,5.913000000000011
117.4128732773763,3,100,8188,5,100,A1,NTD,258.6109999999999
4.489886468256328,3,100,8188,5,100,A2,NTD,258.6109999999999
8185.620838836023,3,100,8188,5,100,A3,NTD,258.6109999999999
11.27463287826041,3,100,8188,5,100,core,NTD,258.6109999999999
13.171858188798922,3,100,8188,5,100,A1,Ours,21.554999999999836
0.05902705984191499,3,100,8188,5,100,A2,Ours,21.554999999999836
5.385965701658829,3,100,8188,5,100,A3,Ours,21.554999999999836
10.47602403751651,3,100,8188,5,100,core,Ours,21.554999999999836
13.171858188798922,3,100,8188,5,100,A1,HOSVD,18.541999999999916
0.05902705984191499,3,100,8188,5,100,A2,HOSVD,18.541999999999916
4.8226536822774655,3,100,8188,5,100,A3,HOSVD,18.541999999999916
11.887439448573568,3,100,8188,5,100,core,HOSVD,18.541999999999916
44.3043306670258,3,100,8188,5,100,A1,Olga,20.895999999999958
3.0049606990308453,3,100,8188,5,100,A2,Olga,20.895999999999958
4.606174661353175,3,100,8188,5,100,A3,Tracy,20.895999999999958
10.87042365550348,3,100,8188,5,100,core,Tracy_Olga,20.895999999999958
5.914331011692646,3,100,100,5,3000,A1,NTD,3.3530000000000655
1.256546593179966,3,100,100,5,3000,A2,NTD,3.3530000000000655
97,3,100,100,5,3000,A3,NTD,3.3530000000000655
12.157066249414884,3,100,100,5,3000,core,NTD,3.3530000000000655
2.344798776196473,3,100,100,5,3000,A1,Ours,4.010999999999967
0.011208266014594506,3,100,100,5,3000,A2,Ours,4.010999999999967
0.03929425703797109,3,100,100,5,3000,A3,Ours,4.010999999999967
12.327448973433631,3,100,100,5,3000,core,Ours,4.010999999999967
2.344798776196473,3,100,100,5,3000,A1,HOSVD,5.836000000000013
0.011208266014594506,3,100,100,5,3000,A2,HOSVD,5.836000000000013
0.03929624294099397,3,100,100,5,3000,A3,HOSVD,5.836000000000013
12.327451327405917,3,100,100,5,3000,core,HOSVD,5.836000000000013
2.3552041801187764,3,100,100,5,3000,A1,HOOI,5.2990000000002055
0.010216443948374064,3,100,100,5,3000,A2,HOOI,5.2990000000002055
0.03908566783050555,3,100,100,5,3000,A3,HOOI,5.2990000000002055
12.326665615408475,3,100,100,5,3000,core,HOOI,5.2990000000002055
1.9503587307868975,3,100,100,5,3000,A1,Olga,5.304999999999836
0.01987119164084851,3,100,100,5,3000,A2,Olga,5.304999999999836
0.9934204043866312,3,100,100,5,3000,A3,Tracy,5.304999999999836
12.33287925958105,3,100,100,5,3000,core,Tracy_Olga,5.304999999999836
2.668521774723708,3,100,500,5,3000,A1,NTD,14.060999999999922
0.45952518979590323,3,100,500,5,3000,A2,NTD,14.060999999999922
497.0000361713262,3,100,500,5,3000,A3,NTD,14.060999999999922
9.104539049616418,3,100,500,5,3000,core,NTD,14.060999999999922
2.998657444982963,3,100,500,5,3000,A1,Ours,3.6240000000000236
0.02824714008857683,3,100,500,5,3000,A2,Ours,3.6240000000000236
0.07325477417506113,3,100,500,5,3000,A3,Ours,3.6240000000000236
12.35915718990336,3,100,500,5,3000,core,Ours,3.6240000000000236
2.998657444982963,3,100,500,5,3000,A1,HOSVD,4.455999999999904
0.02824714008857683,3,100,500,5,3000,A2,HOSVD,4.455999999999904
0.07327155842175852,3,100,500,5,3000,A3,HOSVD,4.455999999999904
12.359134048291548,3,100,500,5,3000,core,HOSVD,4.455999999999904
3.004094226228463,3,100,500,5,3000,A1,HOOI,2.408000000000129
0.029470069443200898,3,100,500,5,3000,A2,HOOI,2.408000000000129
0.07332979035726472,3,100,500,5,3000,A3,HOOI,2.408000000000129
12.35983518797282,3,100,500,5,3000,core,HOOI,2.408000000000129
2.7701241185244427,3,100,500,5,3000,A1,Olga,0.8170000000000073
0.012486203555448152,3,100,500,5,3000,A2,Olga,0.8170000000000073
1.269627474932037,3,100,500,5,3000,A3,Tracy,0.8170000000000073
12.378891430142836,3,100,500,5,3000,core,Tracy_Olga,0.8170000000000073
3.4100556183515782,3,100,1000,5,3000,A1,NTD,32.95899999999983
0.061627473394574826,3,100,1000,5,3000,A2,NTD,32.95899999999983
997.0001868013334,3,100,1000,5,3000,A3,NTD,32.95899999999983
7.872728637400888,3,100,1000,5,3000,core,NTD,32.95899999999983
2.2362575257734627,3,100,1000,5,3000,A1,Ours,0.5879999999999654
0.01826304087914523,3,100,1000,5,3000,A2,Ours,0.5879999999999654
0.2672106475924344,3,100,1000,5,3000,A3,Ours,0.5879999999999654
12.32293781466119,3,100,1000,5,3000,core,Ours,0.5879999999999654
2.2362575257734627,3,100,1000,5,3000,A1,HOSVD,0.4069999999999254
0.01826304087914523,3,100,1000,5,3000,A2,HOSVD,0.4069999999999254
0.26713169787519403,3,100,1000,5,3000,A3,HOSVD,0.4069999999999254
12.32232065596423,3,100,1000,5,3000,core,HOSVD,0.4069999999999254
2.2277380114640324,3,100,1000,5,3000,A1,HOOI,0.8140000000000782
0.015781351428449004,3,100,1000,5,3000,A2,HOOI,0.8140000000000782
0.25258482572540053,3,100,1000,5,3000,A3,HOOI,0.8140000000000782
12.355570883815378,3,100,1000,5,3000,core,HOOI,0.8140000000000782
2.6922452442024722,3,100,1000,5,3000,A1,Olga,0.4670000000000982
0.04346504030295835,3,100,1000,5,3000,A2,Olga,0.4670000000000982
1.3964213321381382,3,100,1000,5,3000,A3,Tracy,0.4670000000000982
12.3033278493376,3,100,1000,5,3000,core,Tracy_Olga,0.4670000000000982
2.3193976555459375,3,100,2498,5,3000,A1,NTD,82.62599999999998
0.43220333042447323,3,100,2498,5,3000,A2,NTD,82.62599999999998
2495.02414445201,3,100,2498,5,3000,A3,NTD,82.62599999999998
11.472194515299877,3,100,2498,5,3000,core,NTD,82.62599999999998
3.0156101946504172,3,100,2498,5,3000,A1,Ours,1.8730000000000473
0.015161003504826149,3,100,2498,5,3000,A2,Ours,1.8730000000000473
2.481839676039978,3,100,2498,5,3000,A3,Ours,1.8730000000000473
12.11334968706583,3,100,2498,5,3000,core,Ours,1.8730000000000473
3.0156101946504172,3,100,2498,5,3000,A1,HOSVD,1.3079999999999927
0.015161003504826149,3,100,2498,5,3000,A2,HOSVD,1.3079999999999927
2.475950354798706,3,100,2498,5,3000,A3,HOSVD,1.3079999999999927
12.104423945565399,3,100,2498,5,3000,core,HOSVD,1.3079999999999927
3.011681476211715,3,100,2498,5,3000,A1,HOOI,2.2590000000000146
0.016426035325894664,3,100,2498,5,3000,A2,HOOI,2.2590000000000146
2.47247268278524,3,100,2498,5,3000,A3,HOOI,2.2590000000000146
12.087549844508015,3,100,2498,5,3000,core,HOOI,2.2590000000000146
2.7335326940274842,3,100,2498,5,3000,A1,Olga,3.216999999999871
0.126254643103452,3,100,2498,5,3000,A2,Olga,3.216999999999871
2.983669194782547,3,100,2498,5,3000,A3,Tracy,3.216999999999871
12.130480204233976,3,100,2498,5,3000,core,Tracy_Olga,3.216999999999871
2.149803974959747,3,100,4993,5,3000,A1,NTD,183.6289999999999
3.515212851052384,3,100,4993,5,3000,A2,NTD,183.6289999999999
4990.037808541733,3,100,4993,5,3000,A3,NTD,183.6289999999999
10.191682710009612,3,100,4993,5,3000,core,NTD,183.6289999999999
2.764828377315005,3,100,4993,5,3000,A1,Ours,5.4229999999997744
0.01902905032854497,3,100,4993,5,3000,A2,Ours,5.4229999999997744
2.514185620943651,3,100,4993,5,3000,A3,Ours,5.4229999999997744
12.55706916001088,3,100,4993,5,3000,core,Ours,5.4229999999997744
2.764828377315005,3,100,4993,5,3000,A1,HOSVD,3.205999999999676
0.01902905032854497,3,100,4993,5,3000,A2,HOSVD,3.205999999999676
2.4927528156427674,3,100,4993,5,3000,A3,HOSVD,3.205999999999676
12.55706916001088,3,100,4993,5,3000,core,HOSVD,3.205999999999676
2.768262586295923,3,100,4993,5,3000,A1,HOOI,7.0470000000000255
0.016218770947535762,3,100,4993,5,3000,A2,HOOI,7.0470000000000255
2.488671166137814,3,100,4993,5,3000,A3,HOOI,7.0470000000000255
12.55706916001088,3,100,4993,5,3000,core,HOOI,7.0470000000000255
2.9512701314768734,3,100,4993,5,3000,A1,Olga,3.256000000000313
0.07605749876615585,3,100,4993,5,3000,A2,Olga,3.256000000000313
2.903635906819227,3,100,4993,5,3000,A3,Tracy,3.256000000000313
12.55706916001088,3,100,4993,5,3000,core,Tracy_Olga,3.256000000000313
2.1267817620494776,3,100,5982,5,3000,A1,NTD,190.4090000000001
0.48989383406172965,3,100,5982,5,3000,A2,NTD,190.4090000000001
5979.0591215843215,3,100,5982,5,3000,A3,NTD,190.4090000000001
11.936069050146315,3,100,5982,5,3000,core,NTD,190.4090000000001
3.073027497774266,3,100,5982,5,3000,A1,Ours,6.3650000000002365
0.019078140334678976,3,100,5982,5,3000,A2,Ours,6.3650000000002365
2.5074002587145436,3,100,5982,5,3000,A3,Ours,6.3650000000002365
12.557069232389729,3,100,5982,5,3000,core,Ours,6.3650000000002365
3.073027497774266,3,100,5982,5,3000,A1,HOSVD,4.265000000000327
0.019078140334678976,3,100,5982,5,3000,A2,HOSVD,4.265000000000327
2.4771314178268766,3,100,5982,5,3000,A3,HOSVD,4.265000000000327
12.557069232389729,3,100,5982,5,3000,core,HOSVD,4.265000000000327
3.055512977058321,3,100,5982,5,3000,A1,HOOI,5.4520000000002256
0.01980935096295284,3,100,5982,5,3000,A2,HOOI,5.4520000000002256
2.4776432040012533,3,100,5982,5,3000,A3,HOOI,5.4520000000002256
12.557069232389729,3,100,5982,5,3000,core,HOOI,5.4520000000002256
2.526548871867209,3,100,5982,5,3000,A1,Olga,3.763999999999669
0.13318639348853528,3,100,5982,5,3000,A2,Olga,3.763999999999669
2.8871323115521035,3,100,5982,5,3000,A3,Tracy,3.763999999999669
12.55706916001088,3,100,5982,5,3000,core,Tracy_Olga,3.763999999999669
2.132495840559798,3,100,6975,5,3000,A1,NTD,215.64399999999978
3.6251772148800647,3,100,6975,5,3000,A2,NTD,215.64399999999978
6972.051052745983,3,100,6975,5,3000,A3,NTD,215.64399999999978
10.457179743072473,3,100,6975,5,3000,core,NTD,215.64399999999978
2.2634900088531666,3,100,6975,5,3000,A1,Ours,7.658999999999651
0.03207234917723579,3,100,6975,5,3000,A2,Ours,7.658999999999651
2.5199145426217666,3,100,6975,5,3000,A3,Ours,7.658999999999651
12.557069232389729,3,100,6975,5,3000,core,Ours,7.658999999999651
2.2634900088531666,3,100,6975,5,3000,A1,HOSVD,2.19399999999996
0.03207234917723579,3,100,6975,5,3000,A2,HOSVD,2.19399999999996
2.4786089865771554,3,100,6975,5,3000,A3,HOSVD,2.19399999999996
12.557069232389729,3,100,6975,5,3000,core,HOSVD,2.19399999999996
2.269997538762997,3,100,6975,5,3000,A1,HOOI,6.211999999999989
0.032180466328699135,3,100,6975,5,3000,A2,HOOI,6.211999999999989
2.4815162243335003,3,100,6975,5,3000,A3,HOOI,6.211999999999989
12.557069232389729,3,100,6975,5,3000,core,HOOI,6.211999999999989
1.9523508870322341,3,100,6975,5,3000,A1,Olga,4.014000000000124
0.05900813350016283,3,100,6975,5,3000,A2,Olga,4.014000000000124
2.8829103069372493,3,100,6975,5,3000,A3,Tracy,4.014000000000124
12.55706916001088,3,100,6975,5,3000,core,Tracy_Olga,4.014000000000124
2.373095112808534,3,100,7958,5,3000,A1,NTD,249.94699999999966
0.4898912754044338,3,100,7958,5,3000,A2,NTD,249.94699999999966
7955.063321998262,3,100,7958,5,3000,A3,NTD,249.94699999999966
11.735595733209268,3,100,7958,5,3000,core,NTD,249.94699999999966
2.1828545586553165,3,100,7958,5,3000,A1,Ours,12.07400000000007
0.04486778494933768,3,100,7958,5,3000,A2,Ours,12.07400000000007
2.530708763933674,3,100,7958,5,3000,A3,Ours,12.07400000000007
12.557069232389729,3,100,7958,5,3000,core,Ours,12.07400000000007
2.1828545586553165,3,100,7958,5,3000,A1,HOSVD,4.135000000000218
0.04486778494933768,3,100,7958,5,3000,A2,HOSVD,4.135000000000218
2.4761615037637563,3,100,7958,5,3000,A3,HOSVD,4.135000000000218
12.557069232389729,3,100,7958,5,3000,core,HOSVD,4.135000000000218
2.1951673908590466,3,100,7958,5,3000,A1,HOOI,10.22400000000016
0.04415024350281122,3,100,7958,5,3000,A2,HOOI,10.22400000000016
2.478931226590607,3,100,7958,5,3000,A3,HOOI,10.22400000000016
12.557069232389729,3,100,7958,5,3000,core,HOOI,10.22400000000016
2.2921387865359297,3,100,7958,5,3000,A1,Olga,6.3400000000001455
0.0948967700210634,3,100,7958,5,3000,A2,Olga,6.3400000000001455
2.8967653681372942,3,100,7958,5,3000,A3,Tracy,6.3400000000001455
12.557069232389729,3,100,7958,5,3000,core,Tracy_Olga,6.3400000000001455
2.26980535761567,3,100,8954,5,3000,A1,NTD,286.18100000000004
1.7849309393577013,3,100,8954,5,3000,A2,NTD,286.18100000000004
8951.069938920193,3,100,8954,5,3000,A3,NTD,286.18100000000004
10.099967486527191,3,100,8954,5,3000,core,NTD,286.18100000000004
1.4671565104194118,3,100,8954,5,3000,A1,Ours,11.63299999999981
0.026967736059994443,3,100,8954,5,3000,A2,Ours,11.63299999999981
2.5952593142836635,3,100,8954,5,3000,A3,Ours,11.63299999999981
12.557069232389729,3,100,8954,5,3000,core,Ours,11.63299999999981
1.4671565104194118,3,100,8954,5,3000,A1,HOSVD,2.9010000000002947
0.026967736059994443,3,100,8954,5,3000,A2,HOSVD,2.9010000000002947
2.5274371681992935,3,100,8954,5,3000,A3,HOSVD,2.9010000000002947
12.557069232389729,3,100,8954,5,3000,core,HOSVD,2.9010000000002947
1.4583996762585847,3,100,8954,5,3000,A1,HOOI,8.597999999999956
0.027125019532616285,3,100,8954,5,3000,A2,HOOI,8.597999999999956
3.9563019827444434,3,100,8954,5,3000,A3,HOOI,8.597999999999956
11.820240915413521,3,100,8954,5,3000,core,HOOI,8.597999999999956
2.9693359146675986,3,100,8954,5,3000,A1,Olga,5.436999999999898
0.18995762185814583,3,100,8954,5,3000,A2,Olga,5.436999999999898
2.92470390813026,3,100,8954,5,3000,A3,Tracy,5.436999999999898
12.557069232389729,3,100,8954,5,3000,core,Tracy_Olga,5.436999999999898
2.386463651642875,3,100,9934,5,3000,A1,NTD,297.4960000000001
4.344251236996695,3,100,9934,5,3000,A2,NTD,297.4960000000001
9931.073213753178,3,100,9934,5,3000,A3,NTD,297.4960000000001
13.150924942152617,3,100,9934,5,3000,core,NTD,297.4960000000001
1.7318668679129847,3,100,9934,5,3000,A1,Ours,19.024999999999636
0.0408492722543767,3,100,9934,5,3000,A2,Ours,19.024999999999636
2.607827891614346,3,100,9934,5,3000,A3,Ours,19.024999999999636
12.557069232389729,3,100,9934,5,3000,core,Ours,19.024999999999636
1.7318668679129847,3,100,9934,5,3000,A1,HOSVD,7.3449999999998
0.0408492722543767,3,100,9934,5,3000,A2,HOSVD,7.3449999999998
2.523087236861509,3,100,9934,5,3000,A3,HOSVD,7.3449999999998
12.55706916001088,3,100,9934,5,3000,core,HOSVD,7.3449999999998
1.7364143202662299,3,100,9934,5,3000,A1,HOOI,36.95100000000002
0.04109154828946089,3,100,9934,5,3000,A2,HOOI,36.95100000000002
2.5246393547185386,3,100,9934,5,3000,A3,HOOI,36.95100000000002
12.55706916001088,3,100,9934,5,3000,core,HOOI,36.95100000000002
3.457634083018651,3,100,9934,5,3000,A1,Olga,23.363000000000284
0.0999738634487762,3,100,9934,5,3000,A2,Olga,23.363000000000284
2.9287468181033605,3,100,9934,5,3000,A3,Tracy,23.363000000000284
12.55706916001088,3,100,9934,5,3000,core,Tracy_Olga,23.363000000000284
2.6503985059077553,3,100,100,5,10000,A1,NTD,3.349999999999909
0.5653350884891759,3,100,100,5,10000,A2,NTD,3.349999999999909
97,3,100,100,5,10000,A3,NTD,3.349999999999909
12.431571918712686,3,100,100,5,10000,core,NTD,3.349999999999909
1.2140000523331125,3,100,100,5,10000,A1,Ours,6.998000000000047
0.01209781919547959,3,100,100,5,10000,A2,Ours,6.998000000000047
0.02017637793817929,3,100,100,5,10000,A3,Ours,6.998000000000047
12.32236539973055,3,100,100,5,10000,core,Ours,6.998000000000047
1.2140000523331125,3,100,100,5,10000,A1,HOSVD,7.524000000000342
0.01209781919547959,3,100,100,5,10000,A2,HOSVD,7.524000000000342
0.020176444020615598,3,100,100,5,10000,A3,HOSVD,7.524000000000342
12.32236579526381,3,100,100,5,10000,core,HOSVD,7.524000000000342
1.212263404550976,3,100,100,5,10000,A1,HOOI,6.445000000000164
0.010741278198299047,3,100,100,5,10000,A2,HOOI,6.445000000000164
0.020119693853131174,3,100,100,5,10000,A3,HOOI,6.445000000000164
12.322298247227094,3,100,100,5,10000,core,HOOI,6.445000000000164
1.159146941995405,3,100,100,5,10000,A1,Olga,3.9479999999998654
0.009433485948917922,3,100,100,5,10000,A2,Olga,3.9479999999998654
0.9892631699896781,3,100,100,5,10000,A3,Tracy,3.9479999999998654
12.323683196441548,3,100,100,5,10000,core,Tracy_Olga,3.9479999999998654
4.794675280876903,3,100,500,5,10000,A1,NTD,13.764000000000124
1.475709948933224,3,100,500,5,10000,A2,NTD,13.764000000000124
497.0000225675612,3,100,500,5,10000,A3,NTD,13.764000000000124
8.023242819519302,3,100,500,5,10000,core,NTD,13.764000000000124
0.995872959219784,3,100,500,5,10000,A1,Ours,7.988000000000284
0.01545574760471125,3,100,500,5,10000,A2,Ours,7.988000000000284
0.041898825240832056,3,100,500,5,10000,A3,Ours,7.988000000000284
12.312477522555206,3,100,500,5,10000,core,Ours,7.988000000000284
0.995872959219784,3,100,500,5,10000,A1,HOSVD,5.155999999999949
0.01545574760471125,3,100,500,5,10000,A2,HOSVD,5.155999999999949
0.04189924365039448,3,100,500,5,10000,A3,HOSVD,5.155999999999949
12.312476639813989,3,100,500,5,10000,core,HOSVD,5.155999999999949
0.9959993108236498,3,100,500,5,10000,A1,HOOI,6.135999999999967
0.013293318298295649,3,100,500,5,10000,A2,HOOI,6.135999999999967
0.041898392719542044,3,100,500,5,10000,A3,HOOI,6.135999999999967
12.312375567134774,3,100,500,5,10000,core,HOOI,6.135999999999967
1.1660614322577636,3,100,500,5,10000,A1,Olga,9.618999999999687
0.018686629420157433,3,100,500,5,10000,A2,Olga,9.618999999999687
1.2663352576307394,3,100,500,5,10000,A3,Tracy,9.618999999999687
12.324835527079891,3,100,500,5,10000,core,Tracy_Olga,9.618999999999687
2.6871831903447574,3,100,1000,5,10000,A1,NTD,29.427999999999884
0.6637468371905598,3,100,1000,5,10000,A2,NTD,29.427999999999884
997.000058285921,3,100,1000,5,10000,A3,NTD,29.427999999999884
13.985898329711297,3,100,1000,5,10000,core,NTD,29.427999999999884
0.8968826236712049,3,100,1000,5,10000,A1,Ours,3.606999999999971
0.014367632845205333,3,100,1000,5,10000,A2,Ours,3.606999999999971
0.05841075554753565,3,100,1000,5,10000,A3,Ours,3.606999999999971
12.297260443065895,3,100,1000,5,10000,core,Ours,3.606999999999971
0.8968826236712049,3,100,1000,5,10000,A1,HOSVD,2.536000000000058
0.014367632845205333,3,100,1000,5,10000,A2,HOSVD,2.536000000000058
0.05837935172750018,3,100,1000,5,10000,A3,HOSVD,2.536000000000058
12.297247058889765,3,100,1000,5,10000,core,HOSVD,2.536000000000058
0.8976706945424269,3,100,1000,5,10000,A1,HOOI,4.045000000000073
0.01435352855886513,3,100,1000,5,10000,A2,HOOI,4.045000000000073
0.05853841852631263,3,100,1000,5,10000,A3,HOOI,4.045000000000073
12.297480679975095,3,100,1000,5,10000,core,HOOI,4.045000000000073
1.044448818388335,3,100,1000,5,10000,A1,Olga,3.9349999999999454
0.010141731077605598,3,100,1000,5,10000,A2,Olga,3.9349999999999454
1.3253416918612044,3,100,1000,5,10000,A3,Tracy,3.9349999999999454
12.304558574787198,3,100,1000,5,10000,core,Tracy_Olga,3.9349999999999454
4.854011711450919,3,100,2500,5,10000,A1,NTD,91.35099999999966
0.33589290173966385,3,100,2500,5,10000,A2,NTD,91.35099999999966
2497.0001855029136,3,100,2500,5,10000,A3,NTD,91.35099999999966
8.7385802823976,3,100,2500,5,10000,core,NTD,91.35099999999966
1.3531386125232168,3,100,2500,5,10000,A1,Ours,1.9049999999997453
0.010079990041645883,3,100,2500,5,10000,A2,Ours,1.9049999999997453
0.3582965859406356,3,100,2500,5,10000,A3,Ours,1.9049999999997453
12.443775358179591,3,100,2500,5,10000,core,Ours,1.9049999999997453
1.3531386125232168,3,100,2500,5,10000,A1,HOSVD,0.8230000000003201
0.010079990041645883,3,100,2500,5,10000,A2,HOSVD,0.8230000000003201
0.35827171030632304,3,100,2500,5,10000,A3,HOSVD,0.8230000000003201
12.443746565922922,3,100,2500,5,10000,core,HOSVD,0.8230000000003201
1.347800681444476,3,100,2500,5,10000,A1,HOOI,2.1920000000000073
0.011054949192743597,3,100,2500,5,10000,A2,HOOI,2.1920000000000073
0.35196809461012146,3,100,2500,5,10000,A3,HOOI,2.1920000000000073
12.211253284492745,3,100,2500,5,10000,core,HOOI,2.1920000000000073
1.217311309601255,3,100,2500,5,10000,A1,Olga,1.0289999999999964
0.021097405870030818,3,100,2500,5,10000,A2,Olga,1.0289999999999964
1.4509235641658451,3,100,2500,5,10000,A3,Tracy,1.0289999999999964
13.341310117205264,3,100,2500,5,10000,core,Tracy_Olga,1.0289999999999964
2.375222229075872,3,100,4999,5,10000,A1,NTD,173.26499999999987
2.43697721304895,3,100,4999,5,10000,A2,NTD,173.26499999999987
4996.018365953735,3,100,4999,5,10000,A3,NTD,173.26499999999987
11.860455498142018,3,100,4999,5,10000,core,NTD,173.26499999999987
0.8734923513714891,3,100,4999,5,10000,A1,Ours,5.8530000000000655
0.004649049720003651,3,100,4999,5,10000,A2,Ours,5.8530000000000655
2.466888830965107,3,100,4999,5,10000,A3,Ours,5.8530000000000655
12.557069232389729,3,100,4999,5,10000,core,Ours,5.8530000000000655
0.8734923513714891,3,100,4999,5,10000,A1,HOSVD,1.9360000000001492
0.004649049720003651,3,100,4999,5,10000,A2,HOSVD,1.9360000000001492
2.4646611123195523,3,100,4999,5,10000,A3,HOSVD,1.9360000000001492
12.557069232389729,3,100,4999,5,10000,core,HOSVD,1.9360000000001492
0.8736284296392361,3,100,4999,5,10000,A1,HOOI,4.8159999999998035
0.0060562507966214875,3,100,4999,5,10000,A2,HOOI,4.8159999999998035
2.471109606853183,3,100,4999,5,10000,A3,HOOI,4.8159999999998035
12.557069232389729,3,100,4999,5,10000,core,HOOI,4.8159999999998035
1.5382393370020297,3,100,4999,5,10000,A1,Olga,2.520999999999731
0.02906521712653056,3,100,4999,5,10000,A2,Olga,2.520999999999731
2.9354466938467842,3,100,4999,5,10000,A3,Tracy,2.520999999999731
12.557069232389729,3,100,4999,5,10000,core,Tracy_Olga,2.520999999999731
2.5262665695924724,3,100,5995,5,10000,A1,NTD,201.30300000000034
0.31541720138143436,3,100,5995,5,10000,A2,NTD,201.30300000000034
5992.035621669948,3,100,5995,5,10000,A3,NTD,201.30300000000034
11.09922601841539,3,100,5995,5,10000,core,NTD,201.30300000000034
1.3043672972828355,3,100,5995,5,10000,A1,Ours,7.362999999999374
0.01612484313961935,3,100,5995,5,10000,A2,Ours,7.362999999999374
2.4766802081941823,3,100,5995,5,10000,A3,Ours,7.362999999999374
12.435395571803696,3,100,5995,5,10000,core,Ours,7.362999999999374
1.3043672972828355,3,100,5995,5,10000,A1,HOSVD,2.17200000000048
0.01612484313961935,3,100,5995,5,10000,A2,HOSVD,2.17200000000048
2.4736619894043654,3,100,5995,5,10000,A3,HOSVD,2.17200000000048
12.433121708855598,3,100,5995,5,10000,core,HOSVD,2.17200000000048
1.3014832784673303,3,100,5995,5,10000,A1,HOOI,5.757999999999811
0.015125066600036973,3,100,5995,5,10000,A2,HOOI,5.757999999999811
2.4766200150698587,3,100,5995,5,10000,A3,HOOI,5.757999999999811
12.431309102690662,3,100,5995,5,10000,core,HOOI,5.757999999999811
1.3516481484943024,3,100,5995,5,10000,A1,Olga,2.993999999999687
0.02985092259822019,3,100,5995,5,10000,A2,Olga,2.993999999999687
3.015192296922054,3,100,5995,5,10000,A3,Tracy,2.993999999999687
13.413168119623776,3,100,5995,5,10000,core,Tracy_Olga,2.993999999999687
2.3378268648265026,3,100,6998,5,10000,A1,NTD,222.35199999999986
0.3504890231615011,3,100,6998,5,10000,A2,NTD,222.35199999999986
6995.0224237103175,3,100,6998,5,10000,A3,NTD,222.35199999999986
13.46307379061803,3,100,6998,5,10000,core,NTD,222.35199999999986
1.726942213396605,3,100,6998,5,10000,A1,Ours,7.782000000000153
0.016470854105728003,3,100,6998,5,10000,A2,Ours,7.782000000000153
2.4766702411344497,3,100,6998,5,10000,A3,Ours,7.782000000000153
12.55706916001088,3,100,6998,5,10000,core,Ours,7.782000000000153
1.726942213396605,3,100,6998,5,10000,A1,HOSVD,2.2700000000004366
0.016470854105728003,3,100,6998,5,10000,A2,HOSVD,2.2700000000004366
2.472839018488183,3,100,6998,5,10000,A3,HOSVD,2.2700000000004366
12.55706916001088,3,100,6998,5,10000,core,HOSVD,2.2700000000004366
1.725721028883346,3,100,6998,5,10000,A1,HOOI,6.852000000000771
0.016168642837357187,3,100,6998,5,10000,A2,HOOI,6.852000000000771
2.4722855286453718,3,100,6998,5,10000,A3,HOOI,6.852000000000771
12.55706916001088,3,100,6998,5,10000,core,HOOI,6.852000000000771
1.2426954309323324,3,100,6998,5,10000,A1,Olga,4.188999999999396
0.029664826916787915,3,100,6998,5,10000,A2,Olga,4.188999999999396
2.8978428142049353,3,100,6998,5,10000,A3,Tracy,4.188999999999396
12.55706916001088,3,100,6998,5,10000,core,Tracy_Olga,4.188999999999396
3.199091915831395,3,100,7992,5,10000,A1,NTD,248.07400000000052
2.4618685772611903,3,100,7992,5,10000,A2,NTD,248.07400000000052
7989.029213123233,3,100,7992,5,10000,A3,NTD,248.07400000000052
12.041228168056078,3,100,7992,5,10000,core,NTD,248.07400000000052
1.6173074718381284,3,100,7992,5,10000,A1,Ours,9.84900000000016
0.011140842213635321,3,100,7992,5,10000,A2,Ours,9.84900000000016
2.4625710579939892,3,100,7992,5,10000,A3,Ours,9.84900000000016
12.557069232389729,3,100,7992,5,10000,core,Ours,9.84900000000016
1.6173074718381284,3,100,7992,5,10000,A1,HOSVD,2.6719999999995707
0.011140842213635321,3,100,7992,5,10000,A2,HOSVD,2.6719999999995707
2.457515647403362,3,100,7992,5,10000,A3,HOSVD,2.6719999999995707
12.557069232389729,3,100,7992,5,10000,core,HOSVD,2.6719999999995707
1.6163818243684394,3,100,7992,5,10000,A1,HOOI,7.427000000000589
0.011208968337476609,3,100,7992,5,10000,A2,HOOI,7.427000000000589
2.4580897965107833,3,100,7992,5,10000,A3,HOOI,7.427000000000589
12.557069232389729,3,100,7992,5,10000,core,HOOI,7.427000000000589
1.8137408391277865,3,100,7992,5,10000,A1,Olga,5.170999999999367
0.04570793697786447,3,100,7992,5,10000,A2,Olga,5.170999999999367
2.8907716670014487,3,100,7992,5,10000,A3,Tracy,5.170999999999367
12.557069232389729,3,100,7992,5,10000,core,Tracy_Olga,5.170999999999367
2.2538012859619,3,100,8988,5,10000,A1,NTD,280.317
0.4510683608723943,3,100,8988,5,10000,A2,NTD,280.317
8985.04763621104,3,100,8988,5,10000,A3,NTD,280.317
13.945740859857437,3,100,8988,5,10000,core,NTD,280.317
1.1030139954595575,3,100,8988,5,10000,A1,Ours,12.234999999999673
0.012178544764811602,3,100,8988,5,10000,A2,Ours,12.234999999999673
2.491304564427633,3,100,8988,5,10000,A3,Ours,12.234999999999673
12.557069232389729,3,100,8988,5,10000,core,Ours,12.234999999999673
1.1030139954595575,3,100,8988,5,10000,A1,HOSVD,3.4769999999998618
0.012178544764811602,3,100,8988,5,10000,A2,HOSVD,3.4769999999998618
2.4849354110080246,3,100,8988,5,10000,A3,HOSVD,3.4769999999998618
12.55706916001088,3,100,8988,5,10000,core,HOSVD,3.4769999999998618
1.1041992520377713,3,100,8988,5,10000,A1,HOOI,9.384999999999309
0.012265496774628386,3,100,8988,5,10000,A2,HOOI,9.384999999999309
2.4846487999569877,3,100,8988,5,10000,A3,HOOI,9.384999999999309
12.557069232389729,3,100,8988,5,10000,core,HOOI,9.384999999999309
1.2007606044913508,3,100,8988,5,10000,A1,Olga,5.554000000000087
0.05827750744637414,3,100,8988,5,10000,A2,Olga,5.554000000000087
2.9165024378597137,3,100,8988,5,10000,A3,Tracy,5.554000000000087
12.557069232389729,3,100,8988,5,10000,core,Tracy_Olga,5.554000000000087
2.1041843291711095,3,100,9988,5,10000,A1,NTD,305.27199999999993
1.6072269777427384,3,100,9988,5,10000,A2,NTD,305.27199999999993
9985.022704581794,3,100,9988,5,10000,A3,NTD,305.27199999999993
14.583771829432141,3,100,9988,5,10000,core,NTD,305.27199999999993
1.0460403034805992,3,100,9988,5,10000,A1,Ours,12.003999999999905
0.011300921248001427,3,100,9988,5,10000,A2,Ours,12.003999999999905
2.5022962234297097,3,100,9988,5,10000,A3,Ours,12.003999999999905
12.557069232389729,3,100,9988,5,10000,core,Ours,12.003999999999905
1.0460403034805992,3,100,9988,5,10000,A1,HOSVD,2.917000000000371
0.011300921248001427,3,100,9988,5,10000,A2,HOSVD,2.917000000000371
2.4946152401033093,3,100,9988,5,10000,A3,HOSVD,2.917000000000371
12.557069232389729,3,100,9988,5,10000,core,HOSVD,2.917000000000371
1.047928592739702,3,100,9988,5,10000,A1,HOOI,9.78900000000067
0.010765308002578602,3,100,9988,5,10000,A2,HOOI,9.78900000000067
2.4947872786829715,3,100,9988,5,10000,A3,HOOI,9.78900000000067
12.557069232389729,3,100,9988,5,10000,core,HOOI,9.78900000000067
1.2005597062559115,3,100,9988,5,10000,A1,Olga,5.283999999999651
0.04184795364487226,3,100,9988,5,10000,A2,Olga,5.283999999999651
2.9220366356294374,3,100,9988,5,10000,A3,Tracy,5.283999999999651
12.557069232389729,3,100,9988,5,10000,core,Tracy_Olga,5.283999999999651
