error,K,Q1,R,Q2,M,mode,method,time
9.299698236551286,3,100,100,5,100,A1,NTD,4.227999999999999
2.3985314321373346,3,100,100,5,100,A2,NTD,4.227999999999999
97.00743080814235,3,100,100,5,100,A3,NTD,4.227999999999999
10.17726357898054,3,100,100,5,100,core,NTD,4.227999999999999
19.841954095432545,3,100,100,5,100,A1,Ours,0.8870000000000005
0.23392637392088345,3,100,100,5,100,A2,Ours,0.8870000000000005
0.2353302586215459,3,100,100,5,100,A3,Ours,0.8870000000000005
13.050037987882737,3,100,100,5,100,core,Ours,0.8870000000000005
19.841954095432545,3,100,100,5,100,A1,HOSVD,2.3360000000000003
0.23392637392088345,3,100,100,5,100,A2,HOSVD,2.3360000000000003
0.23614268897514692,3,100,100,5,100,A3,HOSVD,2.3360000000000003
13.051564549735723,3,100,100,5,100,core,HOSVD,2.3360000000000003
19.624878522614143,3,100,100,5,100,A1,HOOI,2.440999999999999
0.1219587931381259,3,100,100,5,100,A2,HOOI,2.440999999999999
0.21814948246986587,3,100,100,5,100,A3,HOOI,2.440999999999999
13.113020552913389,3,100,100,5,100,core,HOOI,2.440999999999999
18.639523798523843,3,100,100,5,100,A1,Olga,2.4840000000000018
0.2976111966354169,3,100,100,5,100,A2,Olga,2.4840000000000018
1.0697896491037493,3,100,100,5,100,A3,Tracy,2.4840000000000018
13.187748052241819,3,100,100,5,100,core,Tracy_Olga,2.4840000000000018
9.862241658035687,3,100,498,5,100,A1,NTD,20.758000000000003
3.4172353995214246,3,100,498,5,100,A2,NTD,20.758000000000003
495.19440393899276,3,100,498,5,100,A3,NTD,20.758000000000003
12.47844460854218,3,100,498,5,100,core,NTD,20.758000000000003
23.452849400541876,3,100,498,5,100,A1,Ours,0.5850000000000009
0.3728372766547757,3,100,498,5,100,A2,Ours,0.5850000000000009
2.9231827915420787,3,100,498,5,100,A3,Ours,0.5850000000000009
9.135805212794784,3,100,498,5,100,core,Ours,0.5850000000000009
23.452849400541876,3,100,498,5,100,A1,HOSVD,1.3250000000000028
0.3728372766547757,3,100,498,5,100,A2,HOSVD,1.3250000000000028
2.50539890773868,3,100,498,5,100,A3,HOSVD,1.3250000000000028
11.421129479554446,3,100,498,5,100,core,HOSVD,1.3250000000000028
23.861115879277115,3,100,498,5,100,A1,HOOI,4.384
0.11616804868398849,3,100,498,5,100,A2,HOOI,4.384
2.5066490913250807,3,100,498,5,100,A3,HOOI,4.384
11.420078975859196,3,100,498,5,100,core,HOOI,4.384
26.9203200415072,3,100,498,5,100,A1,Olga,4.802
0.2908815631813626,3,100,498,5,100,A2,Olga,4.802
3.0048802098992953,3,100,498,5,100,A3,Tracy,4.802
12.491193989554569,3,100,498,5,100,core,Tracy_Olga,4.802
29.29437677612284,3,100,983,5,100,A1,NTD,39.205
3.981998416354231,3,100,983,5,100,A2,NTD,39.205
980.2942749349944,3,100,983,5,100,A3,NTD,39.205
10.640051699471059,3,100,983,5,100,core,NTD,39.205
17.035517624314874,3,100,983,5,100,A1,Ours,7.055999999999997
0.2398342175120022,3,100,983,5,100,A2,Ours,7.055999999999997
4.725347408647016,3,100,983,5,100,A3,Ours,7.055999999999997
7.211120742315218,3,100,983,5,100,core,Ours,7.055999999999997
17.035517624314874,3,100,983,5,100,A1,HOSVD,9.215999999999994
0.2398342175120022,3,100,983,5,100,A2,HOSVD,9.215999999999994
2.479496583057244,3,100,983,5,100,A3,HOSVD,9.215999999999994
11.685782232454281,3,100,983,5,100,core,HOSVD,9.215999999999994
16.954804601678838,3,100,983,5,100,A1,HOOI,9.935000000000002
0.15731222699177316,3,100,983,5,100,A2,HOOI,9.935000000000002
2.516124599757584,3,100,983,5,100,A3,HOOI,9.935000000000002
11.596134961328811,3,100,983,5,100,core,HOOI,9.935000000000002
22.97331269812007,3,100,983,5,100,A1,Olga,9.664999999999992
0.2513211273529897,3,100,983,5,100,A2,Olga,9.664999999999992
2.8495916192632795,3,100,983,5,100,A3,Tracy,9.664999999999992
13.390865942536056,3,100,983,5,100,core,Tracy_Olga,9.664999999999992
95.55267546232703,3,100,2378,5,100,A1,NTD,89.75400000000002
2.0202988058532756,3,100,2378,5,100,A2,NTD,89.75400000000002
2375.4727724545332,3,100,2378,5,100,A3,NTD,89.75400000000002
9.782904764794859,3,100,2378,5,100,core,NTD,89.75400000000002
17.96628884904389,3,100,2378,5,100,A1,Ours,2.1169999999999902
0.04286108146481434,3,100,2378,5,100,A2,Ours,2.1169999999999902
5.1721676253881315,3,100,2378,5,100,A3,Ours,2.1169999999999902
8.325922284402708,3,100,2378,5,100,core,Ours,2.1169999999999902
17.96628884904389,3,100,2378,5,100,A1,HOSVD,1.186000000000007
0.04286108146481434,3,100,2378,5,100,A2,HOSVD,1.186000000000007
2.6475175537712072,3,100,2378,5,100,A3,HOSVD,1.186000000000007
13.362414844942576,3,100,2378,5,100,core,HOSVD,1.186000000000007
18.15916085854673,3,100,2378,5,100,A1,HOOI,5.501000000000005
0.08599238254744286,3,100,2378,5,100,A2,HOOI,5.501000000000005
2.6728532008201404,3,100,2378,5,100,A3,HOOI,5.501000000000005
13.34814008702368,3,100,2378,5,100,core,HOOI,5.501000000000005
80.65054725728345,3,100,2378,5,100,A1,Olga,5.777999999999992
0.3132365652063148,3,100,2378,5,100,A2,Olga,5.777999999999992
2.9960567914851186,3,100,2378,5,100,A3,Tracy,5.777999999999992
12.5565932955063,3,100,2378,5,100,core,Tracy_Olga,5.777999999999992
110.74809524482338,3,100,4536,5,100,A1,NTD,154.994
4.040088391663469,3,100,4536,5,100,A2,NTD,154.994
4533.480218494037,3,100,4536,5,100,A3,NTD,154.994
9.172890502187077,3,100,4536,5,100,core,NTD,154.994
19.617036049598234,3,100,4536,5,100,A1,Ours,5.0090000000000146
0.20285354817660342,3,100,4536,5,100,A2,Ours,5.0090000000000146
5.327892693441759,3,100,4536,5,100,A3,Ours,5.0090000000000146
11.676978019093903,3,100,4536,5,100,core,Ours,5.0090000000000146
19.617036049598234,3,100,4536,5,100,A1,HOSVD,1.9710000000000036
0.20285354817660342,3,100,4536,5,100,A2,HOSVD,1.9710000000000036
2.7061082783468824,3,100,4536,5,100,A3,HOSVD,1.9710000000000036
13.319364242414402,3,100,4536,5,100,core,HOSVD,1.9710000000000036
20.6427020425953,3,100,4536,5,100,A1,HOOI,6.699999999999989
0.10909642805318456,3,100,4536,5,100,A2,HOOI,6.699999999999989
3.889718624870761,3,100,4536,5,100,A3,HOOI,6.699999999999989
9.411876610930644,3,100,4536,5,100,core,HOOI,6.699999999999989
84.09114413291991,3,100,4536,5,100,A1,Olga,4.018000000000029
1.280972595322073,3,100,4536,5,100,A2,Olga,4.018000000000029
4.701303399021249,3,100,4536,5,100,A3,Tracy,4.018000000000029
12.327132678068583,3,100,4536,5,100,core,Tracy_Olga,4.018000000000029
111.31458736736312,3,100,5323,5,100,A1,NTD,179.32600000000008
2.059940274242712,3,100,5323,5,100,A2,NTD,179.32600000000008
5320.472647685952,3,100,5323,5,100,A3,NTD,179.32600000000008
10.450560283962787,3,100,5323,5,100,core,NTD,179.32600000000008
20.525433886280158,3,100,5323,5,100,A1,Ours,5.97199999999998
0.25281930499069966,3,100,5323,5,100,A2,Ours,5.97199999999998
5.265167918213079,3,100,5323,5,100,A3,Ours,5.97199999999998
11.676980006177955,3,100,5323,5,100,core,Ours,5.97199999999998
20.525433886280158,3,100,5323,5,100,A1,HOSVD,1.9220000000000255
0.25281930499069966,3,100,5323,5,100,A2,HOSVD,1.9220000000000255
2.7236049421319564,3,100,5323,5,100,A3,HOSVD,1.9220000000000255
13.323159506079634,3,100,5323,5,100,core,HOSVD,1.9220000000000255
23.43843044065969,3,100,5323,5,100,A1,HOOI,6.98599999999999
0.17550770206344274,3,100,5323,5,100,A2,HOOI,6.98599999999999
3.385550483131386,3,100,5323,5,100,A3,HOOI,6.98599999999999
12.677199563385258,3,100,5323,5,100,core,HOOI,6.98599999999999
120.58299047426031,3,100,6094,5,100,A1,NTD,207.46899999999994
3.9819352767155167,3,100,6094,5,100,A2,NTD,207.46899999999994
6091.54732662927,3,100,6094,5,100,A3,NTD,207.46899999999994
9.116915323631417,3,100,6094,5,100,core,NTD,207.46899999999994
17.509975450402955,3,100,6094,5,100,A1,Ours,6.3559999999999945
0.12232275874841637,3,100,6094,5,100,A2,Ours,6.3559999999999945
5.348421566523494,3,100,6094,5,100,A3,Ours,6.3559999999999945
10.679124174696506,3,100,6094,5,100,core,Ours,6.3559999999999945
17.509975450402955,3,100,6094,5,100,A1,HOSVD,1.9800000000000182
0.12232275874841637,3,100,6094,5,100,A2,HOSVD,1.9800000000000182
2.754478184231101,3,100,6094,5,100,A3,HOSVD,1.9800000000000182
13.554934350554385,3,100,6094,5,100,core,HOSVD,1.9800000000000182
15.653862302823914,3,100,6094,5,100,A1,HOOI,7.973999999999933
0.08063087369811105,3,100,6094,5,100,A2,HOOI,7.973999999999933
4.865583398762772,3,100,6094,5,100,A3,HOOI,7.973999999999933
12.848370536235628,3,100,6094,5,100,core,HOOI,7.973999999999933
91.9276232085141,3,100,6094,5,100,A1,Olga,3.4050000000000864
1.7349264952694825,3,100,6094,5,100,A2,Olga,3.4050000000000864
3.9696672162853774,3,100,6094,5,100,A3,Tracy,3.4050000000000864
10.966369213544883,3,100,6094,5,100,core,Tracy_Olga,3.4050000000000864
116.60630649462935,3,100,6837,5,100,A1,NTD,221.50300000000004
1.9819130778346619,3,100,6837,5,100,A2,NTD,221.50300000000004
6834.543413514277,3,100,6837,5,100,A3,NTD,221.50300000000004
11.258088735160777,3,100,6837,5,100,core,NTD,221.50300000000004
25.102877108103346,3,100,6837,5,100,A1,Ours,9.018000000000029
0.1296893393520552,3,100,6837,5,100,A2,Ours,9.018000000000029
5.24958396971067,3,100,6837,5,100,A3,Ours,9.018000000000029
13.995045508744637,3,100,6837,5,100,core,Ours,9.018000000000029
25.102877108103346,3,100,6837,5,100,A1,HOSVD,3.240000000000009
0.1296893393520552,3,100,6837,5,100,A2,HOSVD,3.240000000000009
3.4362888736228556,3,100,6837,5,100,A3,HOSVD,3.240000000000009
10.65764188293716,3,100,6837,5,100,core,HOSVD,3.240000000000009
23.870760527031692,3,100,6837,5,100,A1,HOOI,13.54099999999994
0.12464627406927324,3,100,6837,5,100,A2,HOOI,13.54099999999994
3.5024140980809695,3,100,6837,5,100,A3,HOOI,13.54099999999994
8.108943834340405,3,100,6837,5,100,core,HOOI,13.54099999999994
85.20382344961538,3,100,6837,5,100,A1,Olga,7.139000000000124
0.3409766624498539,3,100,6837,5,100,A2,Olga,7.139000000000124
3.197489719049047,3,100,6837,5,100,A3,Tracy,7.139000000000124
12.360350836850841,3,100,6837,5,100,core,Tracy_Olga,7.139000000000124
104.49188947116923,3,100,7573,5,100,A1,NTD,244.85300000000007
2.040090262121431,3,100,7573,5,100,A2,NTD,244.85300000000007
7570.560304222241,3,100,7573,5,100,A3,NTD,244.85300000000007
9.873188932504327,3,100,7573,5,100,core,NTD,244.85300000000007
21.910600058644153,3,100,7573,5,100,A1,Ours,9.822999999999865
0.043938918604636716,3,100,7573,5,100,A2,Ours,9.822999999999865
5.434011644201637,3,100,7573,5,100,A3,Ours,9.822999999999865
11.676980305296077,3,100,7573,5,100,core,Ours,9.822999999999865
81.07333967195468,3,100,7573,5,100,A1,Olga,4.426999999999907
3.776777084223078,3,100,7573,5,100,A2,Olga,4.426999999999907
3.1408029477922255,3,100,7573,5,100,A3,Tracy,4.426999999999907
12.436985475896785,3,100,7573,5,100,core,Tracy_Olga,4.426999999999907
115.61346800001417,3,100,8212,5,100,A1,NTD,250.18600000000015
4.020257713385491,3,100,8212,5,100,A2,NTD,250.18600000000015
8209.561706046825,3,100,8212,5,100,A3,NTD,250.18600000000015
11.655923786444955,3,100,8212,5,100,core,NTD,250.18600000000015
22.01586483410166,3,100,8212,5,100,A1,Ours,10.20699999999988
0.07595138601375077,3,100,8212,5,100,A2,Ours,10.20699999999988
5.3827874946914465,3,100,8212,5,100,A3,Ours,10.20699999999988
11.608385188011455,3,100,8212,5,100,core,Ours,10.20699999999988
94.29595654338564,3,100,8212,5,100,A1,Olga,6.816000000000031
0.40492732389070857,3,100,8212,5,100,A2,Olga,6.816000000000031
4.808874182131785,3,100,8212,5,100,A3,Tracy,6.816000000000031
8.667444207030876,3,100,8212,5,100,core,Tracy_Olga,6.816000000000031
7.3544581945547,3,100,100,5,3000,A1,NTD,3.5779999999999745
0.98847894049156,3,100,100,5,3000,A2,NTD,3.5779999999999745
97,3,100,100,5,3000,A3,NTD,3.5779999999999745
10.957725403116015,3,100,100,5,3000,core,NTD,3.5779999999999745
3.767778392271683,3,100,100,5,3000,A1,Ours,0.30300000000011096
0.020167913138233715,3,100,100,5,3000,A2,Ours,0.30300000000011096
0.040661906329210316,3,100,100,5,3000,A3,Ours,0.30300000000011096
9.187374573556529,3,100,100,5,3000,core,Ours,0.30300000000011096
3.767778392271683,3,100,100,5,3000,A1,HOSVD,0.7609999999999673
0.020167913138233715,3,100,100,5,3000,A2,HOSVD,0.7609999999999673
0.04066259313199896,3,100,100,5,3000,A3,HOSVD,0.7609999999999673
9.187372447895271,3,100,100,5,3000,core,HOSVD,0.7609999999999673
3.7244449721450588,3,100,100,5,3000,A1,HOOI,0.7740000000001146
0.01627133542254258,3,100,100,5,3000,A2,HOOI,0.7740000000001146
0.04069123733968547,3,100,100,5,3000,A3,HOOI,0.7740000000001146
9.18584773697868,3,100,100,5,3000,core,HOOI,0.7740000000001146
3.3462291350315034,3,100,100,5,3000,A1,Olga,1.0480000000000018
0.015164819400672044,3,100,100,5,3000,A2,Olga,1.0480000000000018
1.027467368334874,3,100,100,5,3000,A3,Tracy,1.0480000000000018
9.163757203893867,3,100,100,5,3000,core,Tracy_Olga,1.0480000000000018
4.35190581378145,3,100,500,5,3000,A1,NTD,14.361000000000104
1.9761705056905672,3,100,500,5,3000,A2,NTD,14.361000000000104
497.0002126914164,3,100,500,5,3000,A3,NTD,14.361000000000104
12.1371084849895,3,100,500,5,3000,core,NTD,14.361000000000104
3.501330452952192,3,100,500,5,3000,A1,Ours,1.0470000000000255
0.016652166264927035,3,100,500,5,3000,A2,Ours,1.0470000000000255
0.08226775492747332,3,100,500,5,3000,A3,Ours,1.0470000000000255
9.160797534341638,3,100,500,5,3000,core,Ours,1.0470000000000255
3.501330452952192,3,100,500,5,3000,A1,HOSVD,1.8949999999999818
0.016652166264927035,3,100,500,5,3000,A2,HOSVD,1.8949999999999818
0.08224256644416711,3,100,500,5,3000,A3,HOSVD,1.8949999999999818
9.160799478323224,3,100,500,5,3000,core,HOSVD,1.8949999999999818
3.5259728749327883,3,100,500,5,3000,A1,HOOI,0.8099999999999454
0.01733389419700912,3,100,500,5,3000,A2,HOOI,0.8099999999999454
0.08219881561875819,3,100,500,5,3000,A3,HOOI,0.8099999999999454
9.160695531484617,3,100,500,5,3000,core,HOOI,0.8099999999999454
2.9371155263575317,3,100,500,5,3000,A1,Olga,2.005999999999858
0.025734291308534222,3,100,500,5,3000,A2,Olga,2.005999999999858
1.26736580787,3,100,500,5,3000,A3,Tracy,2.005999999999858
9.167613775103417,3,100,500,5,3000,core,Tracy_Olga,2.005999999999858
9.518500288616009,3,100,1000,5,3000,A1,NTD,32.73700000000008
1.7354570691345046,3,100,1000,5,3000,A2,NTD,32.73700000000008
997.0006237677596,3,100,1000,5,3000,A3,NTD,32.73700000000008
8.834819115120393,3,100,1000,5,3000,core,NTD,32.73700000000008
4.281824168395409,3,100,1000,5,3000,A1,Ours,3.053000000000111
0.01745988774253375,3,100,1000,5,3000,A2,Ours,3.053000000000111
0.4418776453383786,3,100,1000,5,3000,A3,Ours,3.053000000000111
12.922304456884435,3,100,1000,5,3000,core,Ours,3.053000000000111
4.281824168395409,3,100,1000,5,3000,A1,HOSVD,4.977999999999838
0.01745988774253375,3,100,1000,5,3000,A2,HOSVD,4.977999999999838
0.4412662275946782,3,100,1000,5,3000,A3,HOSVD,4.977999999999838
12.92098165069958,3,100,1000,5,3000,core,HOSVD,4.977999999999838
4.298773038396205,3,100,1000,5,3000,A1,HOOI,5.98700000000008
0.019029888887117683,3,100,1000,5,3000,A2,HOOI,5.98700000000008
0.3879444857617571,3,100,1000,5,3000,A3,HOOI,5.98700000000008
12.931239949069214,3,100,1000,5,3000,core,HOOI,5.98700000000008
3.0288621130437363,3,100,1000,5,3000,A1,Olga,5.682999999999993
0.018337753373489366,3,100,1000,5,3000,A2,Olga,5.682999999999993
1.418660394422386,3,100,1000,5,3000,A3,Tracy,5.682999999999993
12.953395772990246,3,100,1000,5,3000,core,Tracy_Olga,5.682999999999993
6.986163418310825,3,100,2498,5,3000,A1,NTD,78.94699999999989
1.3235226548752932,3,100,2498,5,3000,A2,NTD,78.94699999999989
2495.042147893704,3,100,2498,5,3000,A3,NTD,78.94699999999989
7.598427754531251,3,100,2498,5,3000,core,NTD,78.94699999999989
4.870537491207324,3,100,2498,5,3000,A1,Ours,11.22199999999998
0.03368950418554197,3,100,2498,5,3000,A2,Ours,11.22199999999998
2.4830023909660217,3,100,2498,5,3000,A3,Ours,11.22199999999998
9.041457173930318,3,100,2498,5,3000,core,Ours,11.22199999999998
4.870537491207324,3,100,2498,5,3000,A1,HOSVD,5.876999999999953
0.03368950418554197,3,100,2498,5,3000,A2,HOSVD,5.876999999999953
2.4771106573790718,3,100,2498,5,3000,A3,HOSVD,5.876999999999953
9.040386651250923,3,100,2498,5,3000,core,HOSVD,5.876999999999953
4.88952407775346,3,100,2498,5,3000,A1,HOOI,11.58900000000017
0.03312054061218397,3,100,2498,5,3000,A2,HOOI,11.58900000000017
2.470027968049748,3,100,2498,5,3000,A3,HOOI,11.58900000000017
9.066309887621035,3,100,2498,5,3000,core,HOOI,11.58900000000017
3.4084631618138093,3,100,2498,5,3000,A1,Olga,10.217999999999847
0.03911219105711422,3,100,2498,5,3000,A2,Olga,10.217999999999847
2.854482523543058,3,100,2498,5,3000,A3,Tracy,10.217999999999847
9.053082303849134,3,100,2498,5,3000,core,Tracy_Olga,10.217999999999847
79.94078156920638,3,100,4989,5,3000,A1,NTD,177.57200000000012
1.4178621614375149,3,100,4989,5,3000,A2,NTD,177.57200000000012
4986.056364346438,3,100,4989,5,3000,A3,NTD,177.57200000000012
10.877060867258054,3,100,4989,5,3000,core,NTD,177.57200000000012
5.069002207288965,3,100,4989,5,3000,A1,Ours,5.591999999999871
0.030466653445500435,3,100,4989,5,3000,A2,Ours,5.591999999999871
2.5329648259461823,3,100,4989,5,3000,A3,Ours,5.591999999999871
8.970654160387157,3,100,4989,5,3000,core,Ours,5.591999999999871
5.069002207288965,3,100,4989,5,3000,A1,HOSVD,1.79099999999994
0.030466653445500435,3,100,4989,5,3000,A2,HOSVD,1.79099999999994
2.5098331498563704,3,100,4989,5,3000,A3,HOSVD,1.79099999999994
8.9784391598426,3,100,4989,5,3000,core,HOSVD,1.79099999999994
5.039214081383742,3,100,4989,5,3000,A1,HOOI,5.16599999999994
0.02808997628864569,3,100,4989,5,3000,A2,HOOI,5.16599999999994
2.5100935991374884,3,100,4989,5,3000,A3,HOOI,5.16599999999994
8.98008234384942,3,100,4989,5,3000,core,HOOI,5.16599999999994
3.7870357502328074,3,100,4989,5,3000,A1,Olga,2.5950000000000273
0.0751484232648226,3,100,4989,5,3000,A2,Olga,2.5950000000000273
2.8647104890281265,3,100,4989,5,3000,A3,Tracy,2.5950000000000273
9.017905567150645,3,100,4989,5,3000,core,Tracy_Olga,2.5950000000000273
3.9088994158425345,3,100,5979,5,3000,A1,NTD,193.44700000000012
1.2991769758139518,3,100,5979,5,3000,A2,NTD,193.44700000000012
5976.054829314151,3,100,5979,5,3000,A3,NTD,193.44700000000012
10.390764945497121,3,100,5979,5,3000,core,NTD,193.44700000000012
3.454340130275656,3,100,5979,5,3000,A1,Ours,6.44399999999996
0.016475293269512088,3,100,5979,5,3000,A2,Ours,6.44399999999996
2.528505683256196,3,100,5979,5,3000,A3,Ours,6.44399999999996
9.082014456878165,3,100,5979,5,3000,core,Ours,6.44399999999996
3.454340130275656,3,100,5979,5,3000,A1,HOSVD,1.8980000000001382
0.016475293269512088,3,100,5979,5,3000,A2,HOSVD,1.8980000000001382
2.4966024250443546,3,100,5979,5,3000,A3,HOSVD,1.8980000000001382
9.083049095825796,3,100,5979,5,3000,core,HOSVD,1.8980000000001382
3.4715055223020292,3,100,5979,5,3000,A1,HOOI,5.789000000000215
0.016638890668132355,3,100,5979,5,3000,A2,HOOI,5.789000000000215
2.494290572371998,3,100,5979,5,3000,A3,HOOI,5.789000000000215
9.08537754891783,3,100,5979,5,3000,core,HOOI,5.789000000000215
4.4606897089688555,3,100,5979,5,3000,A1,Olga,3.25
0.009355933063900897,3,100,5979,5,3000,A2,Olga,3.25
2.854152221068248,3,100,5979,5,3000,A3,Tracy,3.25
9.099821338153681,3,100,5979,5,3000,core,Tracy_Olga,3.25
4.3807074510207356,3,100,6967,5,3000,A1,NTD,221.34799999999996
2.017662816740385,3,100,6967,5,3000,A2,NTD,221.34799999999996
6964.080937682502,3,100,6967,5,3000,A3,NTD,221.34799999999996
10.557309064263388,3,100,6967,5,3000,core,NTD,221.34799999999996
6.457053386751543,3,100,6967,5,3000,A1,Ours,8.179000000000087
0.03541505797243817,3,100,6967,5,3000,A2,Ours,8.179000000000087
2.5628148179914843,3,100,6967,5,3000,A3,Ours,8.179000000000087
8.915111759728923,3,100,6967,5,3000,core,Ours,8.179000000000087
6.457053386751543,3,100,6967,5,3000,A1,HOSVD,2.3719999999998436
0.03541505797243817,3,100,6967,5,3000,A2,HOSVD,2.3719999999998436
2.5173324732078517,3,100,6967,5,3000,A3,HOSVD,2.3719999999998436
8.915802116562316,3,100,6967,5,3000,core,HOSVD,2.3719999999998436
6.443828722293907,3,100,6967,5,3000,A1,HOOI,6.753000000000156
0.03505059959227318,3,100,6967,5,3000,A2,HOOI,6.753000000000156
2.5202661138723568,3,100,6967,5,3000,A3,HOOI,6.753000000000156
8.924286836185388,3,100,6967,5,3000,core,HOOI,6.753000000000156
3.9998961630553445,3,100,6967,5,3000,A1,Olga,4.001000000000204
0.14476472435813825,3,100,6967,5,3000,A2,Olga,4.001000000000204
2.8825555868441612,3,100,6967,5,3000,A3,Tracy,4.001000000000204
13.528958932363393,3,100,6967,5,3000,core,Tracy_Olga,4.001000000000204
4.524458030180472,3,100,7964,5,3000,A1,NTD,253.7529999999997
3.0964450569159285,3,100,7964,5,3000,A2,NTD,253.7529999999997
7961.087838995333,3,100,7964,5,3000,A3,NTD,253.7529999999997
10.486938965013644,3,100,7964,5,3000,core,NTD,253.7529999999997
4.51950561854308,3,100,7964,5,3000,A1,Ours,10.132000000000062
0.0168863908022123,3,100,7964,5,3000,A2,Ours,10.132000000000062
2.580684663665493,3,100,7964,5,3000,A3,Ours,10.132000000000062
9.068058177783222,3,100,7964,5,3000,core,Ours,10.132000000000062
4.51950561854308,3,100,7964,5,3000,A1,HOSVD,2.837999999999738
0.0168863908022123,3,100,7964,5,3000,A2,HOSVD,2.837999999999738
2.522842157854931,3,100,7964,5,3000,A3,HOSVD,2.837999999999738
9.06182791186315,3,100,7964,5,3000,core,HOSVD,2.837999999999738
4.490318981819538,3,100,7964,5,3000,A1,HOOI,7.393999999999778
0.01612424501361301,3,100,7964,5,3000,A2,HOOI,7.393999999999778
2.520675827956529,3,100,7964,5,3000,A3,HOOI,7.393999999999778
9.07807555162789,3,100,7964,5,3000,core,HOOI,7.393999999999778
5.505414915938423,3,100,7964,5,3000,A1,Olga,5.139999999999873
0.07732378269228792,3,100,7964,5,3000,A2,Olga,5.139999999999873
2.885337338408804,3,100,7964,5,3000,A3,Tracy,5.139999999999873
13.497871259392015,3,100,7964,5,3000,core,Tracy_Olga,5.139999999999873
4.360121734897686,3,100,8945,5,3000,A1,NTD,274.26800000000003
1.9797480541835093,3,100,8945,5,3000,A2,NTD,274.26800000000003
8942.08249321377,3,100,8945,5,3000,A3,NTD,274.26800000000003
11.714900989777485,3,100,8945,5,3000,core,NTD,274.26800000000003
4.38939008975749,3,100,8945,5,3000,A1,Ours,11.512000000000171
0.018636499610088557,3,100,8945,5,3000,A2,Ours,11.512000000000171
2.596609994859238,3,100,8945,5,3000,A3,Ours,11.512000000000171
9.024589457492123,3,100,8945,5,3000,core,Ours,11.512000000000171
4.38939008975749,3,100,8945,5,3000,A1,HOSVD,2.9539999999997235
0.018636499610088557,3,100,8945,5,3000,A2,HOSVD,2.9539999999997235
2.5218344137019386,3,100,8945,5,3000,A3,HOSVD,2.9539999999997235
9.029228596140173,3,100,8945,5,3000,core,HOSVD,2.9539999999997235
4.395320229373286,3,100,8945,5,3000,A1,HOOI,9.766000000000076
0.01651438336438641,3,100,8945,5,3000,A2,HOOI,9.766000000000076
2.526635514146644,3,100,8945,5,3000,A3,HOOI,9.766000000000076
9.029218121216518,3,100,8945,5,3000,core,HOOI,9.766000000000076
4.153043176865655,3,100,8945,5,3000,A1,Olga,5.475000000000364
0.024784566240477843,3,100,8945,5,3000,A2,Olga,5.475000000000364
2.887207286578279,3,100,8945,5,3000,A3,Tracy,5.475000000000364
13.51236458573023,3,100,8945,5,3000,core,Tracy_Olga,5.475000000000364
2.6268916493844587,3,100,9936,5,3000,A1,NTD,310.4539999999997
4.059931681675455,3,100,9936,5,3000,A2,NTD,310.4539999999997
9933.08667022948,3,100,9936,5,3000,A3,NTD,310.4539999999997
11.47726776520961,3,100,9936,5,3000,core,NTD,310.4539999999997
4.717691450929739,3,100,9936,5,3000,A1,Ours,13.571999999999662
0.027010619964649152,3,100,9936,5,3000,A2,Ours,13.571999999999662
2.612496080742709,3,100,9936,5,3000,A3,Ours,13.571999999999662
8.999921470269655,3,100,9936,5,3000,core,Ours,13.571999999999662
4.717691450929739,3,100,9936,5,3000,A1,HOSVD,3.356999999999971
0.027010619964649152,3,100,9936,5,3000,A2,HOSVD,3.356999999999971
2.5193175821042275,3,100,9936,5,3000,A3,HOSVD,3.356999999999971
9.036825986893279,3,100,9936,5,3000,core,HOSVD,3.356999999999971
4.709312342851354,3,100,9936,5,3000,A1,HOOI,10.541999999999916
0.027479431699457293,3,100,9936,5,3000,A2,HOOI,10.541999999999916
2.5214508673270615,3,100,9936,5,3000,A3,HOOI,10.541999999999916
9.038189194066995,3,100,9936,5,3000,core,HOOI,10.541999999999916
4.021187764250788,3,100,9936,5,3000,A1,Olga,6.342999999999847
0.06844587975800726,3,100,9936,5,3000,A2,Olga,6.342999999999847
2.891550650179941,3,100,9936,5,3000,A3,Tracy,6.342999999999847
9.100781678364042,3,100,9936,5,3000,core,Tracy_Olga,6.342999999999847
16.45234158103231,3,100,100,5,10000,A1,NTD,3.5140000000001237
1.9771698223656788,3,100,100,5,10000,A2,NTD,3.5140000000001237
97,3,100,100,5,10000,A3,NTD,3.5140000000001237
11.383629386143264,3,100,100,5,10000,core,NTD,3.5140000000001237
1.9761057463542167,3,100,100,5,10000,A1,Ours,0.4899999999997817
0.010332560062947716,3,100,100,5,10000,A2,Ours,0.4899999999997817
0.022513815261122186,3,100,100,5,10000,A3,Ours,0.4899999999997817
9.188472252836686,3,100,100,5,10000,core,Ours,0.4899999999997817
1.9761057463542167,3,100,100,5,10000,A1,HOSVD,0.19900000000006912
0.010332560062947716,3,100,100,5,10000,A2,HOSVD,0.19900000000006912
0.022513732717350837,3,100,100,5,10000,A3,HOSVD,0.19900000000006912
9.188472055505006,3,100,100,5,10000,core,HOSVD,0.19900000000006912
1.999690783528712,3,100,100,5,10000,A1,HOOI,0.24099999999998545
0.011069232861448675,3,100,100,5,10000,A2,HOOI,0.24099999999998545
0.02259706509894446,3,100,100,5,10000,A3,HOOI,0.24099999999998545
9.188713329061336,3,100,100,5,10000,core,HOOI,0.24099999999998545
1.5640397158508557,3,100,100,5,10000,A1,Olga,0.07099999999991269
0.012802880364948095,3,100,100,5,10000,A2,Olga,0.07099999999991269
1.0279591782043667,3,100,100,5,10000,A3,Tracy,0.07099999999991269
9.170610498321405,3,100,100,5,10000,core,Tracy_Olga,0.07099999999991269
7.799470704416806,3,100,500,5,10000,A1,NTD,14.74200000000019
1.6278130496123908,3,100,500,5,10000,A2,NTD,14.74200000000019
497.00001729091895,3,100,500,5,10000,A3,NTD,14.74200000000019
11.65724733443466,3,100,500,5,10000,core,NTD,14.74200000000019
2.4631535842862253,3,100,500,5,10000,A1,Ours,0.3009999999999309
0.018217123928459904,3,100,500,5,10000,A2,Ours,0.3009999999999309
0.0466934129881066,3,100,500,5,10000,A3,Ours,0.3009999999999309
9.197681938746491,3,100,500,5,10000,core,Ours,0.3009999999999309
2.4631535842862253,3,100,500,5,10000,A1,HOSVD,0.3380000000001928
0.018217123928459904,3,100,500,5,10000,A2,HOSVD,0.3380000000001928
0.04669639829807489,3,100,500,5,10000,A3,HOSVD,0.3380000000001928
9.197678513866755,3,100,500,5,10000,core,HOSVD,0.3380000000001928
2.4737300669550293,3,100,500,5,10000,A1,HOOI,0.6039999999998145
0.02116074933224792,3,100,500,5,10000,A2,HOOI,0.6039999999998145
0.04661083354946837,3,100,500,5,10000,A3,HOOI,0.6039999999998145
9.197982180897174,3,100,500,5,10000,core,HOOI,0.6039999999998145
1.6633374812246988,3,100,500,5,10000,A1,Olga,0.5660000000002583
0.015086534031198535,3,100,500,5,10000,A2,Olga,0.5660000000002583
1.2628753919239364,3,100,500,5,10000,A3,Tracy,0.5660000000002583
9.182728713842572,3,100,500,5,10000,core,Tracy_Olga,0.5660000000002583
4.045750336914663,3,100,1000,5,10000,A1,NTD,31.531999999999698
1.7890920806576205,3,100,1000,5,10000,A2,NTD,31.531999999999698
997.0000195910806,3,100,1000,5,10000,A3,NTD,31.531999999999698
12.116724692034227,3,100,1000,5,10000,core,NTD,31.531999999999698
2.077090856833141,3,100,1000,5,10000,A1,Ours,0.5579999999999927
0.008052129436096837,3,100,1000,5,10000,A2,Ours,0.5579999999999927
0.0656878008222601,3,100,1000,5,10000,A3,Ours,0.5579999999999927
9.178477344346303,3,100,1000,5,10000,core,Ours,0.5579999999999927
2.077090856833141,3,100,1000,5,10000,A1,HOSVD,0.40099999999983993
0.008052129436096837,3,100,1000,5,10000,A2,HOSVD,0.40099999999983993
0.065662585191259365,3,100,1000,5,10000,A3,HOSVD,0.40099999999983993
9.178475298586598,3,100,1000,5,10000,core,HOSVD,0.40099999999983993
2.0709537088019663,3,100,1000,5,10000,A1,HOOI,0.7100000000000364
0.00842464172795331,3,100,1000,5,10000,A2,HOOI,0.7100000000000364
0.06574589262103561,3,100,1000,5,10000,A3,HOOI,0.7100000000000364
9.178315770640653,3,100,1000,5,10000,core,HOOI,0.7100000000000364
2.2612827586767263,3,100,1000,5,10000,A1,Olga,0.56899999999996
0.0067425923638185815,3,100,1000,5,10000,A2,Olga,0.56899999999996
1.325696039538472,3,100,1000,5,10000,A3,Tracy,0.56899999999996
9.165620023541504,3,100,1000,5,10000,core,Tracy_Olga,0.56899999999996
83.89529755530471,3,100,2499,5,10000,A1,NTD,88.85500000000002
1.4141069549293561,3,100,2499,5,10000,A2,NTD,88.85500000000002
2496.02020309681,3,100,2499,5,10000,A3,NTD,88.85500000000002
11.75290168666992,3,100,2499,5,10000,core,NTD,88.85500000000002
1.4628411625142688,3,100,2499,5,10000,A1,Ours,9.259999999999764
0.007230344697012175,3,100,2499,5,10000,A2,Ours,9.259999999999764
2.4551737760432806,3,100,2499,5,10000,A3,Ours,9.259999999999764
8.89708944716429,3,100,2499,5,10000,core,Ours,9.259999999999764
1.4628411625142688,3,100,2499,5,10000,A1,HOSVD,9.860999999999876
0.007230344697012175,3,100,2499,5,10000,A2,HOSVD,9.860999999999876
2.4543194672889634,3,100,2499,5,10000,A3,HOSVD,9.860999999999876
8.897687273573188,3,100,2499,5,10000,core,HOSVD,9.860999999999876
1.4687750264203518,3,100,2499,5,10000,A1,HOOI,13.338000000000193
0.0067774570759972,3,100,2499,5,10000,A2,HOOI,13.338000000000193
2.455255947653697,3,100,2499,5,10000,A3,HOOI,13.338000000000193
8.881715595236392,3,100,2499,5,10000,core,HOOI,13.338000000000193
1.8395274234865617,3,100,2499,5,10000,A1,Olga,8.362999999999829
0.002692471839352444,3,100,2499,5,10000,A2,Olga,8.362999999999829
3.0419795531029963,3,100,2499,5,10000,A3,Tracy,8.362999999999829
8.859575430712855,3,100,2499,5,10000,core,Tracy_Olga,8.362999999999829
8.389510747294828,3,100,4995,5,10000,A1,NTD,167.70699999999988
3.0356706329908207,3,100,4995,5,10000,A2,NTD,167.70699999999988
4992.045007900839,3,100,4995,5,10000,A3,NTD,167.70699999999988
9.117704171396873,3,100,4995,5,10000,core,NTD,167.70699999999988
1.7505022116327733,3,100,4995,5,10000,A1,Ours,5.756000000000313
0.00948724471317645,3,100,4995,5,10000,A2,Ours,5.756000000000313
2.4610297491752773,3,100,4995,5,10000,A3,Ours,5.756000000000313
9.127167621281178,3,100,4995,5,10000,core,Ours,5.756000000000313
1.7505022116327733,3,100,4995,5,10000,A1,HOSVD,2.9780000000000655
0.00948724471317645,3,100,4995,5,10000,A2,HOSVD,2.9780000000000655
2.4583078103340705,3,100,4995,5,10000,A3,HOSVD,2.9780000000000655
9.127167621281178,3,100,4995,5,10000,core,HOSVD,2.9780000000000655
1.7602045239755215,3,100,4995,5,10000,A1,HOOI,6.0219999999999345
0.009866668555204865,3,100,4995,5,10000,A2,HOOI,6.0219999999999345
2.4578028747613097,3,100,4995,5,10000,A3,HOOI,6.0219999999999345
9.127167621281176,3,100,4995,5,10000,core,HOOI,6.0219999999999345
1.946304456942808,3,100,4995,5,10000,A1,Olga,2.8339999999998327
0.01942254168050358,3,100,4995,5,10000,A2,Olga,2.8339999999998327
2.9585256238340736,3,100,4995,5,10000,A3,Tracy,2.8339999999998327
8.751923286472735,3,100,4995,5,10000,core,Tracy_Olga,2.8339999999998327
25.10024405887958,3,100,5997,5,10000,A1,NTD,193.48799999999983
0.11062621455560932,3,100,5997,5,10000,A2,NTD,193.48799999999983
5994.029801557692,3,100,5997,5,10000,A3,NTD,193.48799999999983
13.131659420932444,3,100,5997,5,10000,core,NTD,193.48799999999983
1.9723741483235362,3,100,5997,5,10000,A1,Ours,6.911999999999807
0.007141127484910707,3,100,5997,5,10000,A2,Ours,6.911999999999807
2.502994927543949,3,100,5997,5,10000,A3,Ours,6.911999999999807
9.120318503769289,3,100,5997,5,10000,core,Ours,6.911999999999807
1.9723741483235362,3,100,5997,5,10000,A1,HOSVD,2.0289999999999964
0.007141127484910707,3,100,5997,5,10000,A2,HOSVD,2.0289999999999964
2.499722972746554,3,100,5997,5,10000,A3,HOSVD,2.0289999999999964
9.120569526733847,3,100,5997,5,10000,core,HOSVD,2.0289999999999964
1.8233156746279682,3,100,5997,5,10000,A1,HOOI,6.025000000000091
0.006471913608257294,3,100,5997,5,10000,A2,HOOI,6.025000000000091
2.498544288754582,3,100,5997,5,10000,A3,HOOI,6.025000000000091
9.112886938551462,3,100,5997,5,10000,core,HOOI,6.025000000000091
2.0027612828701034,3,100,5997,5,10000,A1,Olga,3.4470000000001164
0.010283839580273353,3,100,5997,5,10000,A2,Olga,3.4470000000001164
2.8808082280555376,3,100,5997,5,10000,A3,Tracy,3.4470000000001164
13.614768841135987,3,100,5997,5,10000,core,Tracy_Olga,3.4470000000001164
3.8136947407802633,3,100,6991,5,10000,A1,NTD,221.26999999999998
3.548645538470257,3,100,6991,5,10000,A2,NTD,221.26999999999998
6988.393780693345,3,100,6991,5,10000,A3,NTD,221.26999999999998
9.458197882380144,3,100,6991,5,10000,core,NTD,221.26999999999998
2.34736284266227,3,100,6991,5,10000,A1,Ours,8.331000000000131
0.009784425659802393,3,100,6991,5,10000,A2,Ours,8.331000000000131
2.4942967453178317,3,100,6991,5,10000,A3,Ours,8.331000000000131
9.04019666380913,3,100,6991,5,10000,core,Ours,8.331000000000131
2.34736284266227,3,100,6991,5,10000,A1,HOSVD,3.0579999999999927
0.009784425659802393,3,100,6991,5,10000,A2,HOSVD,3.0579999999999927
2.490326583360166,3,100,6991,5,10000,A3,HOSVD,3.0579999999999927
9.039608758862887,3,100,6991,5,10000,core,HOSVD,3.0579999999999927
2.341280950303725,3,100,6991,5,10000,A1,HOOI,7.265000000000327
0.010610848250943687,3,100,6991,5,10000,A2,HOOI,7.265000000000327
2.490282892401659,3,100,6991,5,10000,A3,HOOI,7.265000000000327
9.035343399742679,3,100,6991,5,10000,core,HOOI,7.265000000000327
1.835500868077435,3,100,6991,5,10000,A1,Olga,4.005999999999403
0.007962072800341322,3,100,6991,5,10000,A2,Olga,4.005999999999403
2.850164679232935,3,100,6991,5,10000,A3,Tracy,4.005999999999403
9.083865303306762,3,100,6991,5,10000,core,Tracy_Olga,4.005999999999403
48.35130962139523,3,100,7987,5,10000,A1,NTD,255.66599999999926
0.973007813430771,3,100,7987,5,10000,A2,NTD,255.66599999999926
7984.021684923931,3,100,7987,5,10000,A3,NTD,255.66599999999926
11.67277638841509,3,100,7987,5,10000,core,NTD,255.66599999999926
2.7702807159107286,3,100,7987,5,10000,A1,Ours,11.202000000000226
0.02413779265442815,3,100,7987,5,10000,A2,Ours,11.202000000000226
2.651471384729853,3,100,7987,5,10000,A3,Ours,11.202000000000226
8.722025617474134,3,100,7987,5,10000,core,Ours,11.202000000000226
2.7702807159107286,3,100,7987,5,10000,A1,HOSVD,2.876999999999498
0.02413779265442815,3,100,7987,5,10000,A2,HOSVD,2.876999999999498
2.6494441865378273,3,100,7987,5,10000,A3,HOSVD,2.876999999999498
8.722578977980321,3,100,7987,5,10000,core,HOSVD,2.876999999999498
2.7632928381483572,3,100,7987,5,10000,A1,HOOI,8.835000000000036
0.024498047652377404,3,100,7987,5,10000,A2,HOOI,8.835000000000036
2.5243352014393405,3,100,7987,5,10000,A3,HOOI,8.835000000000036
8.787731125917205,3,100,7987,5,10000,core,HOOI,8.835000000000036
2.0955219636042868,3,100,7987,5,10000,A1,Olga,5.4320000000006985
0.013943852611451809,3,100,7987,5,10000,A2,Olga,5.4320000000006985
2.8873826332363484,3,100,7987,5,10000,A3,Tracy,5.4320000000006985
9.073134951831635,3,100,7987,5,10000,core,Tracy_Olga,5.4320000000006985
3.2209995751428515,3,100,8985,5,10000,A1,NTD,281.3109999999997
0.8929082734710518,3,100,8985,5,10000,A2,NTD,281.3109999999997
8982.036975719673,3,100,8985,5,10000,A3,NTD,281.3109999999997
11.318018614698724,3,100,8985,5,10000,core,NTD,281.3109999999997
2.814764150763728,3,100,8985,5,10000,A1,Ours,11.590000000000146
0.003989430548194781,3,100,8985,5,10000,A2,Ours,11.590000000000146
2.515930844896622,3,100,8985,5,10000,A3,Ours,11.590000000000146
9.063741617456271,3,100,8985,5,10000,core,Ours,11.590000000000146
2.814764150763728,3,100,8985,5,10000,A1,HOSVD,3.2929999999996653
0.003989430548194781,3,100,8985,5,10000,A2,HOSVD,3.2929999999996653
2.509187073880418,3,100,8985,5,10000,A3,HOSVD,3.2929999999996653
9.062710582877504,3,100,8985,5,10000,core,HOSVD,3.2929999999996653
2.7841917804463345,3,100,8985,5,10000,A1,HOOI,9.614000000000487
0.003783719262917473,3,100,8985,5,10000,A2,HOOI,9.614000000000487
2.508669275574112,3,100,8985,5,10000,A3,HOOI,9.614000000000487
9.063919189181586,3,100,8985,5,10000,core,HOOI,9.614000000000487
2.3451365603247254,3,100,8985,5,10000,A1,Olga,5.793999999999869
0.010780674008125237,3,100,8985,5,10000,A2,Olga,5.793999999999869
2.878917734975623,3,100,8985,5,10000,A3,Tracy,5.793999999999869
9.106684503611175,3,100,8985,5,10000,core,Tracy_Olga,5.793999999999869
3.271104241493505,3,100,9989,5,10000,A1,NTD,308.7450000000008
1.1093753486059115,3,100,9989,5,10000,A2,NTD,308.7450000000008
9986.02839859108,3,100,9989,5,10000,A3,NTD,308.7450000000008
13.86620152525306,3,100,9989,5,10000,core,NTD,308.7450000000008
1.7175327921525287,3,100,9989,5,10000,A1,Ours,14.467999999999847
0.013443592352639337,3,100,9989,5,10000,A2,Ours,14.467999999999847
2.5337442502329024,3,100,9989,5,10000,A3,Ours,14.467999999999847
9.077285932543782,3,100,9989,5,10000,core,Ours,14.467999999999847
1.7175327921525287,3,100,9989,5,10000,A1,HOSVD,3.524000000000342
0.013443592352639337,3,100,9989,5,10000,A2,HOSVD,3.524000000000342
2.5254885800683673,3,100,9989,5,10000,A3,HOSVD,3.524000000000342
9.076041476147763,3,100,9989,5,10000,core,HOSVD,3.524000000000342
1.721928944437633,3,100,9989,5,10000,A1,HOOI,11.400000000000546
0.012438835344721446,3,100,9989,5,10000,A2,HOOI,11.400000000000546
2.5265409129676004,3,100,9989,5,10000,A3,HOOI,11.400000000000546
9.07100183622127,3,100,9989,5,10000,core,HOOI,11.400000000000546
2.217564446136566,3,100,9989,5,10000,A1,Olga,6.480999999999767
0.01667527274997321,3,100,9989,5,10000,A2,Olga,6.480999999999767
2.8844678434273336,3,100,9989,5,10000,A3,Tracy,6.480999999999767
9.055961897250711,3,100,9989,5,10000,core,Tracy_Olga,6.480999999999767
