error,K,Q1,R,Q2,M,mode,method,time
19.096175345939372,3,100,985,5,100,A1,NTD,36.993
4.06012653367814,3,100,985,5,100,A2,NTD,36.993
982.2533618249346,3,100,985,5,100,A3,NTD,36.993
10.221357424368298,3,100,985,5,100,core,NTD,36.993
15.52382791679803,3,100,985,5,100,A1,Ours,5.079999999999998
0.4283047911738507,3,100,985,5,100,A2,Ours,5.079999999999998
4.5915873965347265,3,100,985,5,100,A3,Ours,5.079999999999998
12.040186174721384,3,100,985,5,100,core,Ours,5.079999999999998
15.52382791679803,3,100,985,5,100,A1,HOSVD,7.103999999999999
0.4283047911738507,3,100,985,5,100,A2,HOSVD,7.103999999999999
2.5686114277445613,3,100,985,5,100,A3,HOSVD,7.103999999999999
11.803412981724426,3,100,985,5,100,core,HOSVD,7.103999999999999
15.579395098931025,3,100,985,5,100,A1,HOOI,5.778999999999996
0.39686309173120066,3,100,985,5,100,A2,HOOI,5.778999999999996
2.606752230257422,3,100,985,5,100,A3,HOOI,5.778999999999996
11.593747813984669,3,100,985,5,100,core,HOOI,5.778999999999996
33.50618866999739,3,100,985,5,100,A1,Olga,5.213000000000001
0.061723197320833506,3,100,985,5,100,A2,Olga,5.213000000000001
2.8629039357314525,3,100,985,5,100,A3,Tracy,5.213000000000001
10.953816047386638,3,100,985,5,100,core,Tracy_Olga,5.213000000000001
118.64340160569151,3,100,4532,5,100,A1,NTD,160.696
3.9400162929994416,3,100,4532,5,100,A2,NTD,160.696
4529.477217654498,3,100,4532,5,100,A3,NTD,160.696
9.515842472676281,3,100,4532,5,100,core,NTD,160.696
15.44187866300462,3,100,4532,5,100,A1,Ours,10.427000000000021
0.11341062118154947,3,100,4532,5,100,A2,Ours,10.427000000000021
5.082805728298998,3,100,4532,5,100,A3,Ours,10.427000000000021
9.971769803579738,3,100,4532,5,100,core,Ours,10.427000000000021
15.44187866300462,3,100,4532,5,100,A1,HOSVD,15.531999999999982
0.11341062118154947,3,100,4532,5,100,A2,HOSVD,15.531999999999982
3.5562128624427705,3,100,4532,5,100,A3,HOSVD,15.531999999999982
10.834127901441988,3,100,4532,5,100,core,HOSVD,15.531999999999982
15.71880091532189,3,100,4532,5,100,A1,HOOI,21.034999999999968
0.0944185299641592,3,100,4532,5,100,A2,HOOI,21.034999999999968
3.886327009773773,3,100,4532,5,100,A3,HOOI,21.034999999999968
14.817791865362878,3,100,4532,5,100,core,HOOI,21.034999999999968
47.593649794083504,3,100,4532,5,100,A1,Olga,16.349999999999966
0.2759461898528943,3,100,4532,5,100,A2,Olga,16.349999999999966
3.881916737833368,3,100,4532,5,100,A3,Tracy,16.349999999999966
11.48135609087844,3,100,4532,5,100,core,Tracy_Olga,16.349999999999966
112.86344208217297,3,100,8247,5,100,A1,NTD,285.02199999999993
2.0600656353087587,3,100,8247,5,100,A2,NTD,285.02199999999993
8244.594002123022,3,100,8247,5,100,A3,NTD,285.02199999999993
9.904641188131775,3,100,8247,5,100,core,NTD,285.02199999999993
19.727595680328093,3,100,8247,5,100,A1,Ours,31.576000000000022
0.21929418658263072,3,100,8247,5,100,A2,Ours,31.576000000000022
5.376523890268786,3,100,8247,5,100,A3,Ours,31.576000000000022
13.628624684129079,3,100,8247,5,100,core,Ours,31.576000000000022
19.117989539541547,3,100,8247,5,100,A1,HOOI,19.662000000000035
0.14900267947053317,3,100,8247,5,100,A2,HOOI,19.662000000000035
4.446282651233496,3,100,8247,5,100,A3,HOOI,19.662000000000035
10.908935992359346,3,100,8247,5,100,core,HOOI,19.662000000000035
100.94932526364967,3,100,8247,5,100,A1,Olga,7.456999999999994
0.9073666085193147,3,100,8247,5,100,A2,Olga,7.456999999999994
4.213313575710986,3,100,8247,5,100,A3,Tracy,7.456999999999994
9.880923208150849,3,100,8247,5,100,core,Tracy_Olga,7.456999999999994
3.7265620622582563,3,100,997,5,500,A1,NTD,28.726
0.060106061451506626,3,100,997,5,500,A2,NTD,28.726
994.0947792742949,3,100,997,5,500,A3,NTD,28.726
6.234729756226577,3,100,997,5,500,core,NTD,28.726
9.354842427048816,3,100,997,5,500,A1,Ours,1.8260000000000218
0.08039996100432019,3,100,997,5,500,A2,Ours,1.8260000000000218
2.586913502048823,3,100,997,5,500,A3,Ours,1.8260000000000218
11.580412800217827,3,100,997,5,500,core,Ours,1.8260000000000218
9.354842427048816,3,100,997,5,500,A1,HOSVD,0.7960000000000491
0.08039996100432019,3,100,997,5,500,A2,HOSVD,0.7960000000000491
2.543637109825288,3,100,997,5,500,A3,HOSVD,0.7960000000000491
11.617371804575091,3,100,997,5,500,core,HOSVD,0.7960000000000491
9.401820299954384,3,100,997,5,500,A1,HOOI,1.4660000000000082
0.07490013457338511,3,100,997,5,500,A2,HOOI,1.4660000000000082
2.5659973695607263,3,100,997,5,500,A3,HOOI,1.4660000000000082
11.593173963182272,3,100,997,5,500,core,HOOI,1.4660000000000082
8.857168911627292,3,100,997,5,500,A1,Olga,0.5299999999999727
0.11326815446945115,3,100,997,5,500,A2,Olga,0.5299999999999727
2.828497210824171,3,100,997,5,500,A3,Tracy,0.5299999999999727
13.895637420949287,3,100,997,5,500,core,Tracy_Olga,0.5299999999999727
8.853843062392679,3,100,4904,5,500,A1,NTD,164.553
3.93998026633751,3,100,4904,5,500,A2,NTD,164.553
4901.250830399607,3,100,4904,5,500,A3,NTD,164.553
8.837149508041804,3,100,4904,5,500,core,NTD,164.553
11.047778457696408,3,100,4904,5,500,A1,Ours,14.331000000000017
0.07160274195031557,3,100,4904,5,500,A2,Ours,14.331000000000017
5.04330590113535,3,100,4904,5,500,A3,Ours,14.331000000000017
12.576049985102825,3,100,4904,5,500,core,Ours,14.331000000000017
11.047778457696408,3,100,4904,5,500,A1,HOSVD,7.352999999999952
0.07160274195031557,3,100,4904,5,500,A2,HOSVD,7.352999999999952
2.593728438885608,3,100,4904,5,500,A3,HOSVD,7.352999999999952
11.343435541298286,3,100,4904,5,500,core,HOSVD,7.352999999999952
11.143429666687128,3,100,4904,5,500,A1,HOOI,6.108000000000061
0.0586478506950224,3,100,4904,5,500,A2,HOOI,6.108000000000061
2.599863914225233,3,100,4904,5,500,A3,HOOI,6.108000000000061
10.986535895244623,3,100,4904,5,500,core,HOOI,6.108000000000061
14.176798203809401,3,100,4904,5,500,A1,Olga,4.894999999999982
0.22255362556280947,3,100,4904,5,500,A2,Olga,4.894999999999982
2.890486707615172,3,100,4904,5,500,A3,Tracy,4.894999999999982
11.565313552143444,3,100,4904,5,500,core,Tracy_Olga,4.894999999999982
23.468728272266656,3,100,9599,5,500,A1,NTD,329.423
2.060044617996652,3,100,9599,5,500,A2,NTD,329.423
9596.245889814354,3,100,9599,5,500,A3,NTD,329.423
7.397224641421825,3,100,9599,5,500,core,NTD,329.423
8.714067053331382,3,100,9599,5,500,A1,Ours,18.493999999999915
0.07282315387030944,3,100,9599,5,500,A2,Ours,18.493999999999915
5.386019381001853,3,100,9599,5,500,A3,Ours,18.493999999999915
11.404776586999684,3,100,9599,5,500,core,Ours,18.493999999999915
8.714067053331382,3,100,9599,5,500,A1,HOSVD,7.23700000000008
0.07282315387030944,3,100,9599,5,500,A2,HOSVD,7.23700000000008
2.6400632084666857,3,100,9599,5,500,A3,HOSVD,7.23700000000008
11.536123920531479,3,100,9599,5,500,core,HOSVD,7.23700000000008
8.85479269283806,3,100,9599,5,500,A1,HOOI,18.74000000000001
0.042133244252955025,3,100,9599,5,500,A2,HOOI,18.74000000000001
4.828930674794086,3,100,9599,5,500,A3,HOOI,18.74000000000001
13.913017146630262,3,100,9599,5,500,core,HOOI,18.74000000000001
18.635403936708887,3,100,9599,5,500,A1,Olga,12.891000000000076
0.09329596956482684,3,100,9599,5,500,A2,Olga,12.891000000000076
2.9474471458434257,3,100,9599,5,500,A3,Tracy,12.891000000000076
11.433398974992242,3,100,9599,5,500,core,Tracy_Olga,12.891000000000076
5.204367228978395,3,100,1000,5,1000,A1,NTD,28.48199999999997
2.481960651417588,3,100,1000,5,1000,A2,NTD,28.48199999999997
997.0028092973978,3,100,1000,5,1000,A3,NTD,28.48199999999997
5.673913010573833,3,100,1000,5,1000,core,NTD,28.48199999999997
6.5503567403423455,3,100,1000,5,1000,A1,Ours,3.393000000000029
0.02680463496560284,3,100,1000,5,1000,A2,Ours,3.393000000000029
0.5849178678969609,3,100,1000,5,1000,A3,Ours,3.393000000000029
12.635485468579107,3,100,1000,5,1000,core,Ours,3.393000000000029
6.5503567403423455,3,100,1000,5,1000,A1,HOSVD,3.352999999999838
0.02680463496560284,3,100,1000,5,1000,A2,HOSVD,3.352999999999838
0.5712481246043696,3,100,1000,5,1000,A3,HOSVD,3.352999999999838
12.584096607272013,3,100,1000,5,1000,core,HOSVD,3.352999999999838
6.469541670963896,3,100,1000,5,1000,A1,HOOI,4.610000000000127
0.021569516854943484,3,100,1000,5,1000,A2,HOOI,4.610000000000127
0.6358021436664604,3,100,1000,5,1000,A3,HOOI,4.610000000000127
12.58783542962534,3,100,1000,5,1000,core,HOOI,4.610000000000127
6.948777023669833,3,100,1000,5,1000,A1,Olga,3.0319999999999254
0.02293959567477436,3,100,1000,5,1000,A2,Olga,3.0319999999999254
1.5536714187924427,3,100,1000,5,1000,A3,Tracy,3.0319999999999254
13.088946628327147,3,100,1000,5,1000,core,Tracy_Olga,3.0319999999999254
5.875895536302509,3,100,4960,5,1000,A1,NTD,157.59400000000005
3.94000036434158,3,100,4960,5,1000,A2,NTD,157.59400000000005
4957.159328808459,3,100,4960,5,1000,A3,NTD,157.59400000000005
11.514292418252861,3,100,4960,5,1000,core,NTD,157.59400000000005
7.118580031541366,3,100,4960,5,1000,A1,Ours,4.964999999999918
0.031023901451200726,3,100,4960,5,1000,A2,Ours,4.964999999999918
2.9205860501199963,3,100,4960,5,1000,A3,Ours,4.964999999999918
9.638770428232673,3,100,4960,5,1000,core,Ours,4.964999999999918
7.118580031541366,3,100,4960,5,1000,A1,HOSVD,1.747000000000071
0.031023901451200726,3,100,4960,5,1000,A2,HOSVD,1.747000000000071
2.580890135233599,3,100,4960,5,1000,A3,HOSVD,1.747000000000071
11.755302141492034,3,100,4960,5,1000,core,HOSVD,1.747000000000071
7.2119726246813505,3,100,4960,5,1000,A1,HOOI,5.158000000000129
0.03598733523875869,3,100,4960,5,1000,A2,HOOI,5.158000000000129
2.5789201393756285,3,100,4960,5,1000,A3,HOOI,5.158000000000129
11.812459102523457,3,100,4960,5,1000,core,HOOI,5.158000000000129
8.546959897102058,3,100,4960,5,1000,A1,Olga,3.2159999999998945
0.09029251256358253,3,100,4960,5,1000,A2,Olga,3.2159999999998945
2.852554449331985,3,100,4960,5,1000,A3,Tracy,3.2159999999998945
12.3755020642725,3,100,4960,5,1000,core,Tracy_Olga,3.2159999999998945
7.279280454758123,3,100,9805,5,1000,A1,NTD,326.54200000000014
3.9463654837154705,3,100,9805,5,1000,A2,NTD,326.54200000000014
9802.209345634094,3,100,9805,5,1000,A3,NTD,326.54200000000014
12.10176888802137,3,100,9805,5,1000,core,NTD,326.54200000000014
6.321689245001139,3,100,9805,5,1000,A1,Ours,21.465000000000146
0.019118057649115495,3,100,9805,5,1000,A2,Ours,21.465000000000146
5.275393161140604,3,100,9805,5,1000,A3,Ours,21.465000000000146
12.327694096737465,3,100,9805,5,1000,core,Ours,21.465000000000146
6.321689245001139,3,100,9805,5,1000,A1,HOSVD,12.375
0.019118057649115495,3,100,9805,5,1000,A2,HOSVD,12.375
2.6108616569269145,3,100,9805,5,1000,A3,HOSVD,12.375
11.548802329983857,3,100,9805,5,1000,core,HOSVD,12.375
6.359408953426374,3,100,9805,5,1000,A1,HOOI,25.562999999999874
0.016136817272191545,3,100,9805,5,1000,A2,HOOI,25.562999999999874
2.6113695235460996,3,100,9805,5,1000,A3,HOOI,25.562999999999874
11.52123609074357,3,100,9805,5,1000,core,HOOI,25.562999999999874
7.715365835132299,3,100,9805,5,1000,A1,Olga,18.47400000000016
0.130355798879573,3,100,9805,5,1000,A2,Olga,18.47400000000016
2.9255718968151267,3,100,9805,5,1000,A3,Tracy,18.47400000000016
11.452321480494223,3,100,9805,5,1000,core,Tracy_Olga,18.47400000000016
7.7037150452808145,3,100,1000,5,2500,A1,NTD,27.11500000000001
1.9265040730254166,3,100,1000,5,2500,A2,NTD,27.11500000000001
997.0008838779318,3,100,1000,5,2500,A3,NTD,27.11500000000001
10.506097515889762,3,100,1000,5,2500,core,NTD,27.11500000000001
3.851536517194612,3,100,1000,5,2500,A1,Ours,6.6030000000000655
0.024717368134395973,3,100,1000,5,2500,A2,Ours,6.6030000000000655
0.39047862734599775,3,100,1000,5,2500,A3,Ours,6.6030000000000655
12.87192684166283,3,100,1000,5,2500,core,Ours,6.6030000000000655
3.851536517194612,3,100,1000,5,2500,A1,HOSVD,6.766999999999825
0.024717368134395973,3,100,1000,5,2500,A2,HOSVD,6.766999999999825
0.38786776424565533,3,100,1000,5,2500,A3,HOSVD,6.766999999999825
12.85745034564393,3,100,1000,5,2500,core,HOSVD,6.766999999999825
3.8371368439116527,3,100,1000,5,2500,A1,HOOI,9.33199999999988
0.031294984013203166,3,100,1000,5,2500,A2,HOOI,9.33199999999988
0.3942424078878675,3,100,1000,5,2500,A3,HOOI,9.33199999999988
12.864937511643747,3,100,1000,5,2500,core,HOOI,9.33199999999988
2.933888940895072,3,100,1000,5,2500,A1,Olga,5.219000000000051
0.02239055789091639,3,100,1000,5,2500,A2,Olga,5.219000000000051
1.421835794603015,3,100,1000,5,2500,A3,Tracy,5.219000000000051
12.89987256015597,3,100,1000,5,2500,core,Tracy_Olga,5.219000000000051
4.582295684866694,3,100,4986,5,2500,A1,NTD,164.19700000000012
2.218226564754801,3,100,4986,5,2500,A2,NTD,164.19700000000012
4983.0749648717365,3,100,4986,5,2500,A3,NTD,164.19700000000012
11.67030642307412,3,100,4986,5,2500,core,NTD,164.19700000000012
3.411807123379017,3,100,4986,5,2500,A1,Ours,5.0949999999998
0.04735952204418885,3,100,4986,5,2500,A2,Ours,5.0949999999998
2.5646109318906567,3,100,4986,5,2500,A3,Ours,5.0949999999998
10.916741144907713,3,100,4986,5,2500,core,Ours,5.0949999999998
3.411807123379017,3,100,4986,5,2500,A1,HOSVD,1.749000000000251
0.04735952204418885,3,100,4986,5,2500,A2,HOSVD,1.749000000000251
2.5185813430595236,3,100,4986,5,2500,A3,HOSVD,1.749000000000251
10.962368410534575,3,100,4986,5,2500,core,HOSVD,1.749000000000251
3.4297720510780243,3,100,4986,5,2500,A1,HOOI,4.608999999999924
0.04977755048824363,3,100,4986,5,2500,A2,HOOI,4.608999999999924
2.513841341061014,3,100,4986,5,2500,A3,HOOI,4.608999999999924
11.022219567228946,3,100,4986,5,2500,core,HOOI,4.608999999999924
3.9103585726828105,3,100,4986,5,2500,A1,Olga,2.624000000000251
0.014700243523668579,3,100,4986,5,2500,A2,Olga,2.624000000000251
2.896437733109909,3,100,4986,5,2500,A3,Tracy,2.624000000000251
11.009527309037237,3,100,4986,5,2500,core,Tracy_Olga,2.624000000000251
2.4745456241681123,3,100,9927,5,2500,A1,NTD,337.78600000000006
2.0600583850462804,3,100,9927,5,2500,A2,NTD,337.78600000000006
9924.125040059424,3,100,9927,5,2500,A3,NTD,337.78600000000006
10.710441549645726,3,100,9927,5,2500,core,NTD,337.78600000000006
4.376165509261725,3,100,9927,5,2500,A1,Ours,14.206000000000131
0.023417355368433868,3,100,9927,5,2500,A2,Ours,14.206000000000131
2.908873851864996,3,100,9927,5,2500,A3,Ours,14.206000000000131
9.114218348567682,3,100,9927,5,2500,core,Ours,14.206000000000131
4.376165509261725,3,100,9927,5,2500,A1,HOSVD,3.0330000000003565
0.023417355368433868,3,100,9927,5,2500,A2,HOSVD,3.0330000000003565
2.5772261058990438,3,100,9927,5,2500,A3,HOSVD,3.0330000000003565
11.514103284396976,3,100,9927,5,2500,core,HOSVD,3.0330000000003565
4.36497236041616,3,100,9927,5,2500,A1,HOOI,11.726000000000113
0.025681945816485096,3,100,9927,5,2500,A2,HOOI,11.726000000000113
3.8850162522918184,3,100,9927,5,2500,A3,HOOI,11.726000000000113
8.150826325423152,3,100,9927,5,2500,core,HOOI,11.726000000000113
4.063465168455322,3,100,9927,5,2500,A1,Olga,10.420999999999822
0.04175166568494041,3,100,9927,5,2500,A2,Olga,10.420999999999822
2.8712631916547444,3,100,9927,5,2500,A3,Tracy,10.420999999999822
11.645890082666781,3,100,9927,5,2500,core,Tracy_Olga,10.420999999999822
3.111460888348946,3,100,1000,5,5000,A1,NTD,28.828999999999724
0.7896508117221082,3,100,1000,5,5000,A2,NTD,28.828999999999724
997.0001330671645,3,100,1000,5,5000,A3,NTD,28.828999999999724
7.349579566970243,3,100,1000,5,5000,core,NTD,28.828999999999724
2.104853676523165,3,100,1000,5,5000,A1,Ours,1.606000000000222
0.023599715570316027,3,100,1000,5,5000,A2,Ours,1.606000000000222
0.3328007478486042,3,100,1000,5,5000,A3,Ours,1.606000000000222
11.359975178188202,3,100,1000,5,5000,core,Ours,1.606000000000222
2.104853676523165,3,100,1000,5,5000,A1,HOSVD,1.1310000000003129
0.023599715570316027,3,100,1000,5,5000,A2,HOSVD,1.1310000000003129
0.332166250979595,3,100,1000,5,5000,A3,HOSVD,1.1310000000003129
11.358190925473806,3,100,1000,5,5000,core,HOSVD,1.1310000000003129
2.127615894596606,3,100,1000,5,5000,A1,HOOI,0.9940000000001419
0.022854493938718485,3,100,1000,5,5000,A2,HOOI,0.9940000000001419
0.3220415615797498,3,100,1000,5,5000,A3,HOOI,0.9940000000001419
11.350723896825405,3,100,1000,5,5000,core,HOOI,0.9940000000001419
2.5335116519735634,3,100,1000,5,5000,A1,Olga,1.2860000000000582
0.01881706612948731,3,100,1000,5,5000,A2,Olga,1.2860000000000582
1.4126210863409723,3,100,1000,5,5000,A3,Tracy,1.2860000000000582
11.482868508938102,3,100,1000,5,5000,core,Tracy_Olga,1.2860000000000582
4.090436682433531,3,100,4995,5,5000,A1,NTD,165.14499999999998
4.4560130493429595,3,100,4995,5,5000,A2,NTD,165.14499999999998
4992.068557573472,3,100,4995,5,5000,A3,NTD,165.14499999999998
11.054566863741249,3,100,4995,5,5000,core,NTD,165.14499999999998
2.733934833709793,3,100,4995,5,5000,A1,Ours,5.248000000000047
0.012618736018406336,3,100,4995,5,5000,A2,Ours,5.248000000000047
2.5612428585518754,3,100,4995,5,5000,A3,Ours,5.248000000000047
11.64846082417196,3,100,4995,5,5000,core,Ours,5.248000000000047
2.733934833709793,3,100,4995,5,5000,A1,HOSVD,1.7590000000000146
0.012618736018406336,3,100,4995,5,5000,A2,HOSVD,1.7590000000000146
2.552430004823625,3,100,4995,5,5000,A3,HOSVD,1.7590000000000146
11.651657648674774,3,100,4995,5,5000,core,HOSVD,1.7590000000000146
2.7313811178823055,3,100,4995,5,5000,A1,HOOI,4.519999999999982
0.015371251724785574,3,100,4995,5,5000,A2,HOOI,4.519999999999982
2.548171547625496,3,100,4995,5,5000,A3,HOOI,4.519999999999982
11.365148947134735,3,100,4995,5,5000,core,HOOI,4.519999999999982
2.4886414443052147,3,100,4995,5,5000,A1,Olga,2.4969999999998436
0.027367593402177415,3,100,4995,5,5000,A2,Olga,2.4969999999998436
2.837699852914161,3,100,4995,5,5000,A3,Tracy,2.4969999999998436
11.66227932547729,3,100,4995,5,5000,core,Tracy_Olga,2.4969999999998436
2.715233927311184,3,100,9972,5,5000,A1,NTD,319.02700000000004
2.3041035893087605,3,100,9972,5,5000,A2,NTD,319.02700000000004
9969.071621011286,3,100,9972,5,5000,A3,NTD,319.02700000000004
7.154311984563556,3,100,9972,5,5000,core,NTD,319.02700000000004
3.777426985873477,3,100,9972,5,5000,A1,Ours,16.298999999999978
0.012540223402679702,3,100,9972,5,5000,A2,Ours,16.298999999999978
2.5859249377535702,3,100,9972,5,5000,A3,Ours,16.298999999999978
13.816380622747117,3,100,9972,5,5000,core,Ours,16.298999999999978
3.777426985873477,3,100,9972,5,5000,A1,HOSVD,9.27599999999984
0.012540223402679702,3,100,9972,5,5000,A2,HOSVD,9.27599999999984
2.5433350827686514,3,100,9972,5,5000,A3,HOSVD,9.27599999999984
13.69588240843532,3,100,9972,5,5000,core,HOSVD,9.27599999999984
3.7746556109829505,3,100,9972,5,5000,A1,HOOI,10.444999999999709
0.011775915895630831,3,100,9972,5,5000,A2,HOOI,10.444999999999709
2.545703842258606,3,100,9972,5,5000,A3,HOOI,10.444999999999709
13.726887189320239,3,100,9972,5,5000,core,HOOI,10.444999999999709
2.6728457469061317,3,100,9972,5,5000,A1,Olga,15.952999999999975
0.02756254106784313,3,100,9972,5,5000,A2,Olga,15.952999999999975
2.866857418598699,3,100,9972,5,5000,A3,Tracy,15.952999999999975
13.726759746799907,3,100,9972,5,5000,core,Tracy_Olga,15.952999999999975
3.9588655554466126,3,100,1000,5,6000,A1,NTD,27.9699999999998
1.6420081460509266,3,100,1000,5,6000,A2,NTD,27.9699999999998
997.0001818949802,3,100,1000,5,6000,A3,NTD,27.9699999999998
13.695086194479375,3,100,1000,5,6000,core,NTD,27.9699999999998
2.809805760914157,3,100,1000,5,6000,A1,Ours,0.6790000000000873
0.02402852983089547,3,100,1000,5,6000,A2,Ours,0.6790000000000873
0.22757066134508308,3,100,1000,5,6000,A3,Ours,0.6790000000000873
12.629945482391724,3,100,1000,5,6000,core,Ours,0.6790000000000873
2.809805760914157,3,100,1000,5,6000,A1,HOSVD,1.1440000000002328
0.02402852983089547,3,100,1000,5,6000,A2,HOSVD,1.1440000000002328
0.2272889216638571,3,100,1000,5,6000,A3,HOSVD,1.1440000000002328
12.629332818206882,3,100,1000,5,6000,core,HOSVD,1.1440000000002328
2.8013000942935475,3,100,1000,5,6000,A1,HOOI,1.143999999999778
0.02315533780239798,3,100,1000,5,6000,A2,HOOI,1.143999999999778
0.22829989030424958,3,100,1000,5,6000,A3,HOOI,1.143999999999778
12.63089944812808,3,100,1000,5,6000,core,HOOI,1.143999999999778
2.104208283628385,3,100,1000,5,6000,A1,Olga,0.5659999999998035
0.007464052671212107,3,100,1000,5,6000,A2,Olga,0.5659999999998035
1.3753236794189723,3,100,1000,5,6000,A3,Tracy,0.5659999999998035
12.617644067784028,3,100,1000,5,6000,core,Tracy_Olga,0.5659999999998035
2.630864131826523,3,100,4994,5,6000,A1,NTD,164.17000000000007
1.000598800594614,3,100,4994,5,6000,A2,NTD,164.17000000000007
4991.0277560350805,3,100,4994,5,6000,A3,NTD,164.17000000000007
12.104430279807396,3,100,4994,5,6000,core,NTD,164.17000000000007
2.360686829760521,3,100,4994,5,6000,A1,Ours,4.945000000000164
0.016896291621086256,3,100,4994,5,6000,A2,Ours,4.945000000000164
2.5435447998302276,3,100,4994,5,6000,A3,Ours,4.945000000000164
11.158390537180624,3,100,4994,5,6000,core,Ours,4.945000000000164
2.360686829760521,3,100,4994,5,6000,A1,HOSVD,1.675000000000182
0.016896291621086256,3,100,4994,5,6000,A2,HOSVD,1.675000000000182
2.536637219252591,3,100,4994,5,6000,A3,HOSVD,1.675000000000182
11.161481984469198,3,100,4994,5,6000,core,HOSVD,1.675000000000182
2.3665804986254817,3,100,4994,5,6000,A1,HOOI,4.2970000000000255
0.01825217413545545,3,100,4994,5,6000,A2,HOOI,4.2970000000000255
2.540565848630699,3,100,4994,5,6000,A3,HOOI,4.2970000000000255
11.128864050795286,3,100,4994,5,6000,core,HOOI,4.2970000000000255
2.3546182438583725,3,100,4994,5,6000,A1,Olga,2.688999999999851
0.017419250701757698,3,100,4994,5,6000,A2,Olga,2.688999999999851
2.8746054593644166,3,100,4994,5,6000,A3,Tracy,2.688999999999851
11.218533870866144,3,100,4994,5,6000,core,Tracy_Olga,2.688999999999851
3.279464961395523,3,100,9975,5,6000,A1,NTD,342.2800000000002
1.9399264316882825,3,100,9975,5,6000,A2,NTD,342.2800000000002
9972.068561933122,3,100,9975,5,6000,A3,NTD,342.2800000000002
11.3306589554345,3,100,9975,5,6000,core,NTD,342.2800000000002
2.5116912261914672,3,100,9975,5,6000,A1,Ours,14.022999999999683
0.017990508648330603,3,100,9975,5,6000,A2,Ours,14.022999999999683
2.5631951746910273,3,100,9975,5,6000,A3,Ours,14.022999999999683
11.135491471383988,3,100,9975,5,6000,core,Ours,14.022999999999683
2.5116912261914672,3,100,9975,5,6000,A1,HOSVD,3.798999999999978
0.017990508648330603,3,100,9975,5,6000,A2,HOSVD,3.798999999999978
2.5317511199892073,3,100,9975,5,6000,A3,HOSVD,3.798999999999978
11.176576576295382,3,100,9975,5,6000,core,HOSVD,3.798999999999978
2.515759535858338,3,100,9975,5,6000,A1,HOOI,11.271999999999935
0.017713199642207016,3,100,9975,5,6000,A2,HOOI,11.271999999999935
2.535414119844923,3,100,9975,5,6000,A3,HOOI,11.271999999999935
11.184902700043558,3,100,9975,5,6000,core,HOOI,11.271999999999935
3.3226445087052894,3,100,9975,5,6000,A1,Olga,10.046000000000276
0.037002326832752334,3,100,9975,5,6000,A2,Olga,10.046000000000276
2.903338387934153,3,100,9975,5,6000,A3,Tracy,10.046000000000276
11.171399579096747,3,100,9975,5,6000,core,Tracy_Olga,10.046000000000276
3.286242030917153,3,100,1000,5,7000,A1,NTD,28.606000000000222
0.7271728875332489,3,100,1000,5,7000,A2,NTD,28.606000000000222
997.0003396929125,3,100,1000,5,7000,A3,NTD,28.606000000000222
12.555470399871691,3,100,1000,5,7000,core,NTD,28.606000000000222
2.3266554082359727,3,100,1000,5,7000,A1,Ours,6.811999999999898
0.028275602102920898,3,100,1000,5,7000,A2,Ours,6.811999999999898
0.20020189972334412,3,100,1000,5,7000,A3,Ours,6.811999999999898
11.354857256944229,3,100,1000,5,7000,core,Ours,6.811999999999898
2.3266554082359727,3,100,1000,5,7000,A1,HOSVD,6.954000000000178
0.028275602102920898,3,100,1000,5,7000,A2,HOSVD,6.954000000000178
0.20006185546515134,3,100,1000,5,7000,A3,HOSVD,6.954000000000178
11.354874169521791,3,100,1000,5,7000,core,HOSVD,6.954000000000178
2.333396786192576,3,100,1000,5,7000,A1,HOOI,6.8659999999999854
0.028090487329096775,3,100,1000,5,7000,A2,HOOI,6.8659999999999854
0.20275112437583856,3,100,1000,5,7000,A3,HOOI,6.8659999999999854
11.355168029293463,3,100,1000,5,7000,core,HOOI,6.8659999999999854
1.783780078603153,3,100,1000,5,7000,A1,Olga,10.097999999999956
0.015214622464985816,3,100,1000,5,7000,A2,Olga,10.097999999999956
1.359771379412443,3,100,1000,5,7000,A3,Tracy,10.097999999999956
11.365678046320845,3,100,1000,5,7000,core,Tracy_Olga,10.097999999999956
2.8116884028003915,3,100,4996,5,7000,A1,NTD,156.72900000000027
1.4012743957261422,3,100,4996,5,7000,A2,NTD,156.72900000000027
4993.045749394736,3,100,4996,5,7000,A3,NTD,156.72900000000027
4.924752108442634,3,100,4996,5,7000,core,NTD,156.72900000000027
2.2034350787364096,3,100,4996,5,7000,A1,Ours,5.1710000000002765
0.005429860215752419,3,100,4996,5,7000,A2,Ours,5.1710000000002765
2.553407769033324,3,100,4996,5,7000,A3,Ours,5.1710000000002765
10.963499183573196,3,100,4996,5,7000,core,Ours,5.1710000000002765
2.2034350787364096,3,100,4996,5,7000,A1,HOSVD,1.918999999999869
0.005429860215752419,3,100,4996,5,7000,A2,HOSVD,1.918999999999869
2.54741085914688,3,100,4996,5,7000,A3,HOSVD,1.918999999999869
10.969490591878596,3,100,4996,5,7000,core,HOSVD,1.918999999999869
2.2006897571808457,3,100,4996,5,7000,A1,HOOI,5.032000000000153
0.004975301387237847,3,100,4996,5,7000,A2,HOOI,5.032000000000153
2.5514688407240973,3,100,4996,5,7000,A3,HOOI,5.032000000000153
10.941947720201327,3,100,4996,5,7000,core,HOOI,5.032000000000153
2.268480013704033,3,100,4996,5,7000,A1,Olga,3.0039999999999054
0.019222479575057017,3,100,4996,5,7000,A2,Olga,3.0039999999999054
2.9236348848388296,3,100,4996,5,7000,A3,Tracy,3.0039999999999054
10.960045816647142,3,100,4996,5,7000,core,Tracy_Olga,3.0039999999999054
2.947069585545062,3,100,9978,5,7000,A1,NTD,328.6170000000002
4.361873068655117,3,100,9978,5,7000,A2,NTD,328.6170000000002
9975.06199410992,3,100,9978,5,7000,A3,NTD,328.6170000000002
6.162187734041411,3,100,9978,5,7000,core,NTD,328.6170000000002
2.513661230406647,3,100,9978,5,7000,A1,Ours,13.432000000000698
0.0066611015440384514,3,100,9978,5,7000,A2,Ours,13.432000000000698
2.5566282494592008,3,100,9978,5,7000,A3,Ours,13.432000000000698
11.094591474679003,3,100,9978,5,7000,core,Ours,13.432000000000698
2.513661230406647,3,100,9978,5,7000,A1,HOSVD,3.7869999999993524
0.0066611015440384514,3,100,9978,5,7000,A2,HOSVD,3.7869999999993524
2.5346738233816355,3,100,9978,5,7000,A3,HOSVD,3.7869999999993524
11.116984984433428,3,100,9978,5,7000,core,HOSVD,3.7869999999993524
2.520864425145986,3,100,9978,5,7000,A1,HOOI,11.475000000000364
0.006504537782409414,3,100,9978,5,7000,A2,HOOI,11.475000000000364
2.535155076538113,3,100,9978,5,7000,A3,HOOI,11.475000000000364
11.146933744221812,3,100,9978,5,7000,core,HOOI,11.475000000000364
2.8041651969991372,3,100,9978,5,7000,A1,Olga,6.668999999999869
0.03299469841723396,3,100,9978,5,7000,A2,Olga,6.668999999999869
2.895997889384734,3,100,9978,5,7000,A3,Tracy,6.668999999999869
11.138796193131595,3,100,9978,5,7000,core,Tracy_Olga,6.668999999999869
5.119651241933422,3,100,1000,5,8000,A1,NTD,28.632000000000517
2.4642775037509717,3,100,1000,5,8000,A2,NTD,28.632000000000517
997.0004580678651,3,100,1000,5,8000,A3,NTD,28.632000000000517
11.993699968381206,3,100,1000,5,8000,core,NTD,28.632000000000517
1.9198175017780983,3,100,1000,5,8000,A1,Ours,0.5559999999995853
0.014965088135917107,3,100,1000,5,8000,A2,Ours,0.5559999999995853
0.22471693436921536,3,100,1000,5,8000,A3,Ours,0.5559999999995853
11.488363288848843,3,100,1000,5,8000,core,Ours,0.5559999999995853
1.9198175017780983,3,100,1000,5,8000,A1,HOSVD,0.38099999999940337
0.014965088135917107,3,100,1000,5,8000,A2,HOSVD,0.38099999999940337
0.22447088567075302,3,100,1000,5,8000,A3,HOSVD,0.38099999999940337
11.487990559436218,3,100,1000,5,8000,core,HOSVD,0.38099999999940337
1.9220123704443932,3,100,1000,5,8000,A1,HOOI,0.7899999999999636
0.014568642602088835,3,100,1000,5,8000,A2,HOOI,0.7899999999999636
0.21434268206136162,3,100,1000,5,8000,A3,HOOI,0.7899999999999636
11.481503984163977,3,100,1000,5,8000,core,HOOI,0.7899999999999636
2.0520949781708318,3,100,1000,5,8000,A1,Olga,0.5889999999999418
0.011230939794114339,3,100,1000,5,8000,A2,Olga,0.5889999999999418
1.3663025505279858,3,100,1000,5,8000,A3,Tracy,0.5889999999999418
12.689363559428308,3,100,1000,5,8000,core,Tracy_Olga,0.5889999999999418
3.375121433481942,3,100,4999,5,8000,A1,NTD,164.78200000000015
2.644376900036251,3,100,4999,5,8000,A2,NTD,164.78200000000015
4996.034422231016,3,100,4999,5,8000,A3,NTD,164.78200000000015
12.114461845167487,3,100,4999,5,8000,core,NTD,164.78200000000015
2.362719672340318,3,100,4999,5,8000,A1,Ours,5.596999999999753
0.004178123397989829,3,100,4999,5,8000,A2,Ours,5.596999999999753
2.5423621720461167,3,100,4999,5,8000,A3,Ours,5.596999999999753
13.582115714178077,3,100,4999,5,8000,core,Ours,5.596999999999753
2.362719672340318,3,100,4999,5,8000,A1,HOSVD,2.117000000000189
0.004178123397989829,3,100,4999,5,8000,A2,HOSVD,2.117000000000189
2.53783273817793,3,100,4999,5,8000,A3,HOSVD,2.117000000000189
13.568356871476128,3,100,4999,5,8000,core,HOSVD,2.117000000000189
2.359428711260075,3,100,4999,5,8000,A1,HOOI,4.573999999999614
0.0038545968261225537,3,100,4999,5,8000,A2,HOOI,4.573999999999614
2.5367097859703365,3,100,4999,5,8000,A3,HOOI,4.573999999999614
13.537554582757663,3,100,4999,5,8000,core,HOOI,4.573999999999614
2.412686475036321,3,100,4999,5,8000,A1,Olga,2.8840000000000146
0.01262937966176588,3,100,4999,5,8000,A2,Olga,2.8840000000000146
2.859856938178267,3,100,4999,5,8000,A3,Tracy,2.8840000000000146
13.56288597101683,3,100,4999,5,8000,core,Tracy_Olga,2.8840000000000146
2.4656963053853653,3,100,9985,5,8000,A1,NTD,342.22900000000027
0.06011388204475692,3,100,9985,5,8000,A2,NTD,342.22900000000027
9982.055766721494,3,100,9985,5,8000,A3,NTD,342.22900000000027
7.191614780237506,3,100,9985,5,8000,core,NTD,342.22900000000027
2.1671428554275534,3,100,9985,5,8000,A1,Ours,14.621000000000095
0.006595443063429647,3,100,9985,5,8000,A2,Ours,14.621000000000095
2.5308380107404487,3,100,9985,5,8000,A3,Ours,14.621000000000095
11.083768169537674,3,100,9985,5,8000,core,Ours,14.621000000000095
2.1671428554275534,3,100,9985,5,8000,A1,HOSVD,3.5109999999995125
0.006595443063429647,3,100,9985,5,8000,A2,HOSVD,3.5109999999995125
2.510231897976826,3,100,9985,5,8000,A3,HOSVD,3.5109999999995125
11.112219816678415,3,100,9985,5,8000,core,HOSVD,3.5109999999995125
2.164701819484053,3,100,9985,5,8000,A1,HOOI,11.398999999999432
0.006937560891903275,3,100,9985,5,8000,A2,HOOI,11.398999999999432
2.5231657319681475,3,100,9985,5,8000,A3,HOOI,11.398999999999432
11.209592627006417,3,100,9985,5,8000,core,HOOI,11.398999999999432
2.0517070224318354,3,100,9985,5,8000,A1,Olga,6.341000000000349
0.03718003964075728,3,100,9985,5,8000,A2,Olga,6.341000000000349
2.876073712139399,3,100,9985,5,8000,A3,Tracy,6.341000000000349
11.229250859171591,3,100,9985,5,8000,core,Tracy_Olga,6.341000000000349
5.5294965780653555,3,100,1000,5,9000,A1,NTD,27.957000000000335
2.8794330169910722,3,100,1000,5,9000,A2,NTD,27.957000000000335
997.0001398579712,3,100,1000,5,9000,A3,NTD,27.957000000000335
8.496796567520619,3,100,1000,5,9000,core,NTD,27.957000000000335
1.953727790494036,3,100,1000,5,9000,A1,Ours,0.46599999999943975
0.02051259154425847,3,100,1000,5,9000,A2,Ours,0.46599999999943975
0.1047118029878114,3,100,1000,5,9000,A3,Ours,0.46599999999943975
11.34773676021553,3,100,1000,5,9000,core,Ours,0.46599999999943975
1.953727790494036,3,100,1000,5,9000,A1,HOSVD,0.6270000000004075
0.02051259154425847,3,100,1000,5,9000,A2,HOSVD,0.6270000000004075
0.10477487404049511,3,100,1000,5,9000,A3,HOSVD,0.6270000000004075
11.346963283667458,3,100,1000,5,9000,core,HOSVD,0.6270000000004075
1.9434725613619277,3,100,1000,5,9000,A1,HOOI,0.806999999999789
0.02001972303790273,3,100,1000,5,9000,A2,HOOI,0.806999999999789
0.10596969547369585,3,100,1000,5,9000,A3,HOOI,0.806999999999789
11.34179496568235,3,100,1000,5,9000,core,HOOI,0.806999999999789
1.753289629793244,3,100,1000,5,9000,A1,Olga,0.5560000000004948
0.013444480230349951,3,100,1000,5,9000,A2,Olga,0.5560000000004948
1.3349648665507075,3,100,1000,5,9000,A3,Tracy,0.5560000000004948
12.405783642493926,3,100,1000,5,9000,core,Tracy_Olga,0.5560000000004948
3.6767293281344102,3,100,4997,5,9000,A1,NTD,155.51100000000042
1.2927905577747272,3,100,4997,5,9000,A2,NTD,155.51100000000042
4994.027788643047,3,100,4997,5,9000,A3,NTD,155.51100000000042
4.893539700135614,3,100,4997,5,9000,core,NTD,155.51100000000042
2.0572910481251383,3,100,4997,5,9000,A1,Ours,5.063000000000102
0.024239184143170008,3,100,4997,5,9000,A2,Ours,5.063000000000102
3.271295559284907,3,100,4997,5,9000,A3,Ours,5.063000000000102
11.120343391103232,3,100,4997,5,9000,core,Ours,5.063000000000102
2.0572910481251383,3,100,4997,5,9000,A1,HOSVD,1.8040000000000873
0.024239184143170008,3,100,4997,5,9000,A2,HOSVD,1.8040000000000873
3.270077934847595,3,100,4997,5,9000,A3,HOSVD,1.8040000000000873
11.122647140143915,3,100,4997,5,9000,core,HOSVD,1.8040000000000873
2.303533285995182,3,100,4997,5,9000,A1,HOOI,4.480999999999767
0.02379439095537221,3,100,4997,5,9000,A2,HOOI,4.480999999999767
3.1133790757456676,3,100,4997,5,9000,A3,HOOI,4.480999999999767
10.97271501025717,3,100,4997,5,9000,core,HOOI,4.480999999999767
1.7996931466178043,3,100,4997,5,9000,A1,Olga,2.501999999999498
0.011785602260870002,3,100,4997,5,9000,A2,Olga,2.501999999999498
2.9217406738183342,3,100,4997,5,9000,A3,Tracy,2.501999999999498
11.458843091877515,3,100,4997,5,9000,core,Tracy_Olga,2.501999999999498
3.491827467124098,3,100,9979,5,9000,A1,NTD,322.16399999999976
1.365107082854409,3,100,9979,5,9000,A2,NTD,322.16399999999976
9976.065757373124,3,100,9979,5,9000,A3,NTD,322.16399999999976
10.883568965435224,3,100,9979,5,9000,core,NTD,322.16399999999976
1.6578287607190887,3,100,9979,5,9000,A1,Ours,13.641999999999825
0.010692201732971189,3,100,9979,5,9000,A2,Ours,13.641999999999825
2.557941452784986,3,100,9979,5,9000,A3,Ours,13.641999999999825
11.030452165046228,3,100,9979,5,9000,core,Ours,13.641999999999825
1.6578287607190887,3,100,9979,5,9000,A1,HOSVD,4.052999999999884
0.010692201732971189,3,100,9979,5,9000,A2,HOSVD,4.052999999999884
2.5421458528602954,3,100,9979,5,9000,A3,HOSVD,4.052999999999884
11.052829329072756,3,100,9979,5,9000,core,HOSVD,4.052999999999884
1.6506352534645519,3,100,9979,5,9000,A1,HOOI,11.561999999999898
0.013162616686633198,3,100,9979,5,9000,A2,HOOI,11.561999999999898
2.5455325336688306,3,100,9979,5,9000,A3,HOOI,11.561999999999898
11.019319434288313,3,100,9979,5,9000,core,HOOI,11.561999999999898
1.7094879192890757,3,100,9979,5,9000,A1,Olga,6.829999999999927
0.040571948517340264,3,100,9979,5,9000,A2,Olga,6.829999999999927
2.942297402730409,3,100,9979,5,9000,A3,Tracy,6.829999999999927
11.126957966778496,3,100,9979,5,9000,core,Tracy_Olga,6.829999999999927
5.951605883044111,3,100,1000,5,10000,A1,NTD,28.7529999999997
2.0852260142356913,3,100,1000,5,10000,A2,NTD,28.7529999999997
997.0001302768727,3,100,1000,5,10000,A3,NTD,28.7529999999997
10.841081686868632,3,100,1000,5,10000,core,NTD,28.7529999999997
2.668782510188835,3,100,1000,5,10000,A1,Ours,0.4989999999997963
0.01181610697102051,3,100,1000,5,10000,A2,Ours,0.4989999999997963
0.2691449676250897,3,100,1000,5,10000,A3,Ours,0.4989999999997963
11.268620160399502,3,100,1000,5,10000,core,Ours,0.4989999999997963
2.668782510188835,3,100,1000,5,10000,A1,HOSVD,0.7819999999992433
0.01181610697102051,3,100,1000,5,10000,A2,HOSVD,0.7819999999992433
0.2690335764507882,3,100,1000,5,10000,A3,HOSVD,0.7819999999992433
11.268639792898972,3,100,1000,5,10000,core,HOSVD,0.7819999999992433
2.6695363657725943,3,100,1000,5,10000,A1,HOOI,0.8549999999995634
0.012563240540066821,3,100,1000,5,10000,A2,HOOI,0.8549999999995634
0.27582913134896,3,100,1000,5,10000,A3,HOOI,0.8549999999995634
11.266422441338326,3,100,1000,5,10000,core,HOOI,0.8549999999995634
2.028895253512529,3,100,1000,5,10000,A1,Olga,0.4429999999993015
0.004723295449712109,3,100,1000,5,10000,A2,Olga,0.4429999999993015
1.3748654975706955,3,100,1000,5,10000,A3,Tracy,0.4429999999993015
11.256605450293732,3,100,1000,5,10000,core,Tracy_Olga,0.4429999999993015
4.4813657632015245,3,100,4998,5,10000,A1,NTD,164.07300000000032
1.164336456496037,3,100,4998,5,10000,A2,NTD,164.07300000000032
4995.02478638378,3,100,4998,5,10000,A3,NTD,164.07300000000032
7.201216422140507,3,100,4998,5,10000,core,NTD,164.07300000000032
1.4784007492207667,3,100,4998,5,10000,A1,Ours,4.632999999999811
0.007231302739253765,3,100,4998,5,10000,A2,Ours,4.632999999999811
2.4719317498223816,3,100,4998,5,10000,A3,Ours,4.632999999999811
13.129321664276272,3,100,4998,5,10000,core,Ours,4.632999999999811
1.4784007492207667,3,100,4998,5,10000,A1,HOSVD,2.3150000000005093
0.007231302739253765,3,100,4998,5,10000,A2,HOSVD,2.3150000000005093
2.4682122828587527,3,100,4998,5,10000,A3,HOSVD,2.3150000000005093
13.115323989169873,3,100,4998,5,10000,core,HOSVD,2.3150000000005093
1.4864424079786485,3,100,4998,5,10000,A1,HOOI,4.876000000000204
0.007837234822757904,3,100,4998,5,10000,A2,HOOI,4.876000000000204
2.4633271462463426,3,100,4998,5,10000,A3,HOOI,4.876000000000204
13.147676583753244,3,100,4998,5,10000,core,HOOI,4.876000000000204
2.049984589550096,3,100,4998,5,10000,A1,Olga,2.7030000000004293
0.013733060615732281,3,100,4998,5,10000,A2,Olga,2.7030000000004293
2.8596630790942728,3,100,4998,5,10000,A3,Tracy,2.7030000000004293
13.5764626108485,3,100,4998,5,10000,core,Tracy_Olga,2.7030000000004293
11.74396100255026,3,100,9981,5,10000,A1,NTD,325.78600000000006
3.3421764607902626,3,100,9981,5,10000,A2,NTD,325.78600000000006
9978.070425394057,3,100,9981,5,10000,A3,NTD,325.78600000000006
11.749589617373228,3,100,9981,5,10000,core,NTD,325.78600000000006
2.385972349521908,3,100,9981,5,10000,A1,Ours,13.34900000000016
0.0022292587760929026,3,100,9981,5,10000,A2,Ours,13.34900000000016
2.5325995061732542,3,100,9981,5,10000,A3,Ours,13.34900000000016
11.01056767672264,3,100,9981,5,10000,core,Ours,13.34900000000016
2.385972349521908,3,100,9981,5,10000,A1,HOSVD,3.0789999999997235
0.0022292587760929026,3,100,9981,5,10000,A2,HOSVD,3.0789999999997235
2.518914250350062,3,100,9981,5,10000,A3,HOSVD,3.0789999999997235
11.030223694728033,3,100,9981,5,10000,core,HOSVD,3.0789999999997235
2.3889745734448393,3,100,9981,5,10000,A1,HOOI,10.865999999999985
0.002633497227116402,3,100,9981,5,10000,A2,HOOI,10.865999999999985
2.521874694768893,3,100,9981,5,10000,A3,HOOI,10.865999999999985
11.036115655194248,3,100,9981,5,10000,core,HOOI,10.865999999999985
2.1071379469025664,3,100,9981,5,10000,A1,Olga,6.106999999999971
0.02245008455327286,3,100,9981,5,10000,A2,Olga,6.106999999999971
2.9724284493300743,3,100,9981,5,10000,A3,Tracy,6.106999999999971
11.01650203757119,3,100,9981,5,10000,core,Tracy_Olga,6.106999999999971
