error,K,Q1,R,Q2,M,mode,method,time
4.678297891958229,3,100,100,5,100,A1,NTD,4.188
2.520762306236626,3,100,100,5,100,A2,NTD,4.188
97.00916850980009,3,100,100,5,100,A3,NTD,4.188
12.575335779845066,3,100,100,5,100,core,NTD,4.188
15.058918876368052,3,100,100,5,100,A1,Ours,3.2489999999999988
0.10701596431284835,3,100,100,5,100,A2,Ours,3.2489999999999988
0.24265119096718818,3,100,100,5,100,A3,Ours,3.2489999999999988
11.807783449401837,3,100,100,5,100,core,Ours,3.2489999999999988
15.058918876368052,3,100,100,5,100,A1,HOSVD,2.112000000000002
0.10701596431284835,3,100,100,5,100,A2,HOSVD,2.112000000000002
0.24954690638866725,3,100,100,5,100,A3,HOSVD,2.112000000000002
11.801177166072833,3,100,100,5,100,core,HOSVD,2.112000000000002
14.665468066532183,3,100,100,5,100,A1,HOOI,2.1940000000000026
0.06034543930237342,3,100,100,5,100,A2,HOOI,2.1940000000000026
0.22365644636648743,3,100,100,5,100,A3,HOOI,2.1940000000000026
11.838776707250918,3,100,100,5,100,core,HOOI,2.1940000000000026
13.286066225244753,3,100,100,5,100,A1,Olga,1.458000000000002
0.14479723684705384,3,100,100,5,100,A2,Olga,1.458000000000002
1.0557313041420007,3,100,100,5,100,A3,Tracy,1.458000000000002
13.800349297700022,3,100,100,5,100,core,Tracy_Olga,1.458000000000002
6.273908247545414,3,100,498,5,100,A1,NTD,21.52
2.0422471635335713,3,100,498,5,100,A2,NTD,21.52
495.7489652417255,3,100,498,5,100,A3,NTD,21.52
12.825790620992061,3,100,498,5,100,core,NTD,21.52
13.948783225201018,3,100,498,5,100,A1,Ours,4.075000000000003
0.048284655653178604,3,100,498,5,100,A2,Ours,4.075000000000003
3.0738285784900143,3,100,498,5,100,A3,Ours,4.075000000000003
12.805471906703357,3,100,498,5,100,core,Ours,4.075000000000003
13.948783225201018,3,100,498,5,100,A1,HOSVD,5.112000000000002
0.048284655653178604,3,100,498,5,100,A2,HOSVD,5.112000000000002
2.5917806072873764,3,100,498,5,100,A3,HOSVD,5.112000000000002
12.309592283256261,3,100,498,5,100,core,HOSVD,5.112000000000002
13.631813328595063,3,100,498,5,100,A1,HOOI,3.7750000000000057
0.02300797242354661,3,100,498,5,100,A2,HOOI,3.7750000000000057
2.6644073520579816,3,100,498,5,100,A3,HOOI,3.7750000000000057
11.659218219077195,3,100,498,5,100,core,HOOI,3.7750000000000057
17.545744096274852,3,100,498,5,100,A1,Olga,2.2419999999999973
0.5155985229047442,3,100,498,5,100,A2,Olga,2.2419999999999973
2.9030920894805674,3,100,498,5,100,A3,Tracy,2.2419999999999973
11.513482977527477,3,100,498,5,100,core,Tracy_Olga,2.2419999999999973
47.16613268971844,3,100,986,5,100,A1,NTD,38.757999999999996
3.978171284335164,3,100,986,5,100,A2,NTD,38.757999999999996
983.2770974392733,3,100,986,5,100,A3,NTD,38.757999999999996
11.995385542513816,3,100,986,5,100,core,NTD,38.757999999999996
11.62613211210313,3,100,986,5,100,A1,Ours,11.972999999999999
0.08784821362309049,3,100,986,5,100,A2,Ours,11.972999999999999
3.2609245548750163,3,100,986,5,100,A3,Ours,11.972999999999999
10.2765152843618,3,100,986,5,100,core,Ours,11.972999999999999
11.62613211210313,3,100,986,5,100,A1,HOSVD,11.161000000000001
0.08784821362309049,3,100,986,5,100,A2,HOSVD,11.161000000000001
2.5659170596576626,3,100,986,5,100,A3,HOSVD,11.161000000000001
14.334280144660333,3,100,986,5,100,core,HOSVD,11.161000000000001
12.788627667147738,3,100,986,5,100,A1,HOOI,11.147999999999996
0.085715695083042,3,100,986,5,100,A2,HOOI,11.147999999999996
2.6100643804359662,3,100,986,5,100,A3,HOOI,11.147999999999996
14.109472775025601,3,100,986,5,100,core,HOOI,11.147999999999996
20.132296712176615,3,100,986,5,100,A1,Olga,4.8300000000000125
0.45123310995911126,3,100,986,5,100,A2,Olga,4.8300000000000125
2.8208971740443243,3,100,986,5,100,A3,Tracy,4.8300000000000125
12.361746287289368,3,100,986,5,100,core,Tracy_Olga,4.8300000000000125
32.840361683694624,3,100,2380,5,100,A1,NTD,89.798
3.9782478746567334,3,100,2380,5,100,A2,NTD,89.798
2377.436625166385,3,100,2380,5,100,A3,NTD,89.798
11.63280833841549,3,100,2380,5,100,core,NTD,89.798
19.77382473781424,3,100,2380,5,100,A1,Ours,5.718000000000018
0.0921901962126877,3,100,2380,5,100,A2,Ours,5.718000000000018
3.923193398544834,3,100,2380,5,100,A3,Ours,5.718000000000018
10.20198362587226,3,100,2380,5,100,core,Ours,5.718000000000018
19.77382473781424,3,100,2380,5,100,A1,HOSVD,4.519999999999982
0.0921901962126877,3,100,2380,5,100,A2,HOSVD,4.519999999999982
2.621242258989766,3,100,2380,5,100,A3,HOSVD,4.519999999999982
11.359699400677014,3,100,2380,5,100,core,HOSVD,4.519999999999982
19.15525342503973,3,100,2380,5,100,A1,HOOI,5.571000000000026
0.07950174735217566,3,100,2380,5,100,A2,HOOI,5.571000000000026
2.6530196468892915,3,100,2380,5,100,A3,HOOI,5.571000000000026
11.441060702706132,3,100,2380,5,100,core,HOOI,5.571000000000026
32.17495419341584,3,100,2380,5,100,A1,Olga,3.843999999999994
0.7145443845669013,3,100,2380,5,100,A2,Olga,3.843999999999994
2.9306712819550675,3,100,2380,5,100,A3,Tracy,3.843999999999994
13.806234822323768,3,100,2380,5,100,core,Tracy_Olga,3.843999999999994
92.60443748490746,3,100,4551,5,100,A1,NTD,163.413
2.042220564642412,3,100,4551,5,100,A2,NTD,163.413
4548.454934545523,3,100,4551,5,100,A3,NTD,163.413
9.261108660816177,3,100,4551,5,100,core,NTD,163.413
11.980109360671948,3,100,4551,5,100,A1,Ours,12.439999999999998
0.05912778556740598,3,100,4551,5,100,A2,Ours,12.439999999999998
4.662010142360853,3,100,4551,5,100,A3,Ours,12.439999999999998
13.081750968466373,3,100,4551,5,100,core,Ours,12.439999999999998
11.980109360671948,3,100,4551,5,100,A1,HOSVD,13.593999999999994
0.05912778556740598,3,100,4551,5,100,A2,HOSVD,13.593999999999994
2.708165282154665,3,100,4551,5,100,A3,HOSVD,13.593999999999994
13.979465211321427,3,100,4551,5,100,core,HOSVD,13.593999999999994
11.969260430107035,3,100,4551,5,100,A1,HOOI,18.073000000000036
0.08668214422791194,3,100,4551,5,100,A2,HOOI,18.073000000000036
4.169628281908046,3,100,4551,5,100,A3,HOOI,18.073000000000036
8.443414890392699,3,100,4551,5,100,core,HOOI,18.073000000000036
53.48625912775286,3,100,4551,5,100,A1,Olga,13.59699999999998
0.9180898867558757,3,100,4551,5,100,A2,Olga,13.59699999999998
3.0746813607075185,3,100,4551,5,100,A3,Tracy,13.59699999999998
14.957861230461704,3,100,4551,5,100,core,Tracy_Olga,13.59699999999998
108.37859234793336,3,100,5341,5,100,A1,NTD,197.20700000000005
3.9820490571438483,3,100,5341,5,100,A2,NTD,197.20700000000005
5338.497247352021,3,100,5341,5,100,A3,NTD,197.20700000000005
11.285721182913477,3,100,5341,5,100,core,NTD,197.20700000000005
12.500679566407623,3,100,5341,5,100,A1,Ours,12.887000000000057
0.08246667979674749,3,100,5341,5,100,A2,Ours,12.887000000000057
4.721815077773274,3,100,5341,5,100,A3,Ours,12.887000000000057
14.659844482536686,3,100,5341,5,100,core,Ours,12.887000000000057
12.500679566407623,3,100,5341,5,100,A1,HOSVD,8.089000000000055
0.08246667979674749,3,100,5341,5,100,A2,HOSVD,8.089000000000055
3.419212705422121,3,100,5341,5,100,A3,HOSVD,8.089000000000055
10.289742031744119,3,100,5341,5,100,core,HOSVD,8.089000000000055
56.817046879402234,3,100,5341,5,100,A1,Olga,12.019999999999982
0.786632421865959,3,100,5341,5,100,A2,Olga,12.019999999999982
3.3018768130319502,3,100,5341,5,100,A3,Tracy,12.019999999999982
12.883658495247706,3,100,5341,5,100,core,Tracy_Olga,12.019999999999982
117.91470462623104,3,100,6110,5,100,A1,NTD,214.00099999999998
3.982064103709998,3,100,6110,5,100,A2,NTD,214.00099999999998
6107.5157459107495,3,100,6110,5,100,A3,NTD,214.00099999999998
9.363199758483736,3,100,6110,5,100,core,NTD,214.00099999999998
13.132728449563336,3,100,6110,5,100,A1,Ours,6.604000000000042
0.0917680982711225,3,100,6110,5,100,A2,Ours,6.604000000000042
4.9534968434271445,3,100,6110,5,100,A3,Ours,6.604000000000042
11.31111514028405,3,100,6110,5,100,core,Ours,6.604000000000042
13.132728449563336,3,100,6110,5,100,A1,HOSVD,1.955000000000041
0.0917680982711225,3,100,6110,5,100,A2,HOSVD,1.955000000000041
2.757116708591842,3,100,6110,5,100,A3,HOSVD,1.955000000000041
13.702601637257228,3,100,6110,5,100,core,HOSVD,1.955000000000041
13.292738829037988,3,100,6110,5,100,A1,HOOI,8.364000000000033
0.09598254540649691,3,100,6110,5,100,A2,HOOI,8.364000000000033
2.7850308170705076,3,100,6110,5,100,A3,HOOI,8.364000000000033
13.837593549323886,3,100,6110,5,100,core,HOOI,8.364000000000033
57.74255881458365,3,100,6110,5,100,A1,Olga,3.370999999999981
1.089346149894097,3,100,6110,5,100,A2,Olga,3.370999999999981
4.261919276209386,3,100,6110,5,100,A3,Tracy,3.370999999999981
10.405495160116994,3,100,6110,5,100,core,Tracy_Olga,3.370999999999981
102.36044946748953,3,100,6837,5,100,A1,NTD,219.88700000000006
4.04218985849975,3,100,6837,5,100,A2,NTD,219.88700000000006
6834.651334650134,3,100,6837,5,100,A3,NTD,219.88700000000006
11.435906503541117,3,100,6837,5,100,core,NTD,219.88700000000006
16.01161468005402,3,100,6837,5,100,A1,Ours,13.585999999999785
0.17535595930420875,3,100,6837,5,100,A2,Ours,13.585999999999785
4.557315613445362,3,100,6837,5,100,A3,Ours,13.585999999999785
12.969416341572604,3,100,6837,5,100,core,Ours,13.585999999999785
16.01161468005402,3,100,6837,5,100,A1,HOSVD,3.397000000000162
0.17535595930420875,3,100,6837,5,100,A2,HOSVD,3.397000000000162
4.84975904239876,3,100,6837,5,100,A3,HOSVD,3.397000000000162
13.909208332462418,3,100,6837,5,100,core,HOSVD,3.397000000000162
14.648042052095661,3,100,6837,5,100,A1,HOOI,9.855999999999995
0.15862135741238215,3,100,6837,5,100,A2,HOOI,9.855999999999995
3.368175528835148,3,100,6837,5,100,A3,HOOI,9.855999999999995
9.45714427189759,3,100,6837,5,100,core,HOOI,9.855999999999995
85.30594637573552,3,100,6837,5,100,A1,Olga,4.171000000000049
1.4055924971194935,3,100,6837,5,100,A2,Olga,4.171000000000049
4.07156592337916,3,100,6837,5,100,A3,Tracy,4.171000000000049
11.17697838687995,3,100,6837,5,100,core,Tracy_Olga,4.171000000000049
122.737892832755,3,100,7525,5,100,A1,NTD,230.48199999999997
4.0383795490865335,3,100,7525,5,100,A2,NTD,230.48199999999997
7522.624885552921,3,100,7525,5,100,A3,NTD,230.48199999999997
11.15661806643738,3,100,7525,5,100,core,NTD,230.48199999999997
14.54917771661836,3,100,7525,5,100,A1,Ours,10.108999999999924
0.05889600870328447,3,100,7525,5,100,A2,Ours,10.108999999999924
5.250602352500608,3,100,7525,5,100,A3,Ours,10.108999999999924
10.189278698546218,3,100,7525,5,100,core,Ours,10.108999999999924
14.54917771661836,3,100,7525,5,100,A1,HOSVD,2.9079999999999018
0.05889600870328447,3,100,7525,5,100,A2,HOSVD,2.9079999999999018
3.411487474732754,3,100,7525,5,100,A3,HOSVD,2.9079999999999018
9.551858442240786,3,100,7525,5,100,core,HOSVD,2.9079999999999018
14.566700228382976,3,100,7525,5,100,A1,HOOI,10.962999999999965
0.07338581556648119,3,100,7525,5,100,A2,HOOI,10.962999999999965
4.114876619725284,3,100,7525,5,100,A3,HOOI,10.962999999999965
11.082377992777047,3,100,7525,5,100,core,HOOI,10.962999999999965
80.097920074197,3,100,7525,5,100,A1,Olga,4.810999999999922
0.9537748866264537,3,100,7525,5,100,A2,Olga,4.810999999999922
3.4103027027288424,3,100,7525,5,100,A3,Tracy,4.810999999999922
12.74704569639616,3,100,7525,5,100,core,Tracy_Olga,4.810999999999922
113.0648095963592,3,100,8248,5,100,A1,NTD,252.60699999999997
4.042194620614513,3,100,8248,5,100,A2,NTD,252.60699999999997
8245.63100073694,3,100,8248,5,100,A3,NTD,252.60699999999997
10.586960909271504,3,100,8248,5,100,core,NTD,252.60699999999997
10.754978867446093,3,100,8248,5,100,A1,Ours,18.589999999999918
0.08159395902718264,3,100,8248,5,100,A2,Ours,18.589999999999918
4.975241427978511,3,100,8248,5,100,A3,Ours,18.589999999999918
11.890232144828841,3,100,8248,5,100,core,Ours,18.589999999999918
10.754978867446093,3,100,8248,5,100,A1,HOSVD,15.759000000000015
0.08159395902718264,3,100,8248,5,100,A2,HOSVD,15.759000000000015
3.9635624537845344,3,100,8248,5,100,A3,HOSVD,15.759000000000015
9.22352430126564,3,100,8248,5,100,core,HOSVD,15.759000000000015
10.942408877206097,3,100,8248,5,100,A1,HOOI,24.309999999999945
0.10414163058306104,3,100,8248,5,100,A2,HOOI,24.309999999999945
3.981197666998796,3,100,8248,5,100,A3,HOOI,24.309999999999945
9.938046008375979,3,100,8248,5,100,core,HOOI,24.309999999999945
1.7342400792484678,3,100,100,5,3000,A1,NTD,3.22199999999998
0.17055702133317105,3,100,100,5,3000,A2,NTD,3.22199999999998
97,3,100,100,5,3000,A3,NTD,3.22199999999998
14.22310478737642,3,100,100,5,3000,core,NTD,3.22199999999998
2.42004391763694,3,100,100,5,3000,A1,Ours,4.628999999999905
0.0236341700222587,3,100,100,5,3000,A2,Ours,4.628999999999905
0.04277966850755245,3,100,100,5,3000,A3,Ours,4.628999999999905
13.956084454273277,3,100,100,5,3000,core,Ours,4.628999999999905
2.42004391763694,3,100,100,5,3000,A1,HOSVD,3.18100000000004
0.0236341700222587,3,100,100,5,3000,A2,HOSVD,3.18100000000004
0.04278007148383546,3,100,100,5,3000,A3,HOSVD,3.18100000000004
13.956087708207571,3,100,100,5,3000,core,HOSVD,3.18100000000004
2.412439249224667,3,100,100,5,3000,A1,HOOI,5.800999999999931
0.025489898409781032,3,100,100,5,3000,A2,HOOI,5.800999999999931
0.042334238002467134,3,100,100,5,3000,A3,HOOI,5.800999999999931
13.954749339278717,3,100,100,5,3000,core,HOOI,5.800999999999931
2.3952481501541736,3,100,100,5,3000,A1,Olga,4.576999999999998
0.015052314290011175,3,100,100,5,3000,A2,Olga,4.576999999999998
1.0347961862419577,3,100,100,5,3000,A3,Tracy,4.576999999999998
12.135646603276633,3,100,100,5,3000,core,Tracy_Olga,4.576999999999998
5.073772200651755,3,100,500,5,3000,A1,NTD,14.266999999999825
0.06014308270721275,3,100,500,5,3000,A2,NTD,14.266999999999825
497.00084146830517,3,100,500,5,3000,A3,NTD,14.266999999999825
10.047603969055956,3,100,500,5,3000,core,NTD,14.266999999999825
2.3692756258438963,3,100,500,5,3000,A1,Ours,5.1400000000001
0.01999915394613142,3,100,500,5,3000,A2,Ours,5.1400000000001
0.09057361184589437,3,100,500,5,3000,A3,Ours,5.1400000000001
12.046163648265686,3,100,500,5,3000,core,Ours,5.1400000000001
2.3692756258438963,3,100,500,5,3000,A1,HOSVD,5.26299999999992
0.01999915394613142,3,100,500,5,3000,A2,HOSVD,5.26299999999992
0.09062398678590161,3,100,500,5,3000,A3,HOSVD,5.26299999999992
12.046197625571843,3,100,500,5,3000,core,HOSVD,5.26299999999992
2.9946698948518096,3,100,500,5,3000,A1,HOOI,4.211999999999989
0.016043493822629155,3,100,500,5,3000,A2,HOOI,4.211999999999989
0.09060732484296384,3,100,500,5,3000,A3,HOOI,4.211999999999989
12.055575259387512,3,100,500,5,3000,core,HOOI,4.211999999999989
2.707533477100732,3,100,500,5,3000,A1,Olga,3.1669999999999163
0.037893396136170834,3,100,500,5,3000,A2,Olga,3.1669999999999163
1.2893381704867395,3,100,500,5,3000,A3,Tracy,3.1669999999999163
12.066175522650452,3,100,500,5,3000,core,Tracy_Olga,3.1669999999999163
1.5813050568536917,3,100,1000,5,3000,A1,NTD,33.021999999999935
0.01891922807887202,3,100,1000,5,3000,A2,NTD,33.021999999999935
997.0056840693929,3,100,1000,5,3000,A3,NTD,33.021999999999935
11.597973238033372,3,100,1000,5,3000,core,NTD,33.021999999999935
3.670431308961817,3,100,1000,5,3000,A1,Ours,0.4940000000001419
0.017045899827391985,3,100,1000,5,3000,A2,Ours,0.4940000000001419
0.15926101314412036,3,100,1000,5,3000,A3,Ours,0.4940000000001419
12.08281046789253,3,100,1000,5,3000,core,Ours,0.4940000000001419
3.670431308961817,3,100,1000,5,3000,A1,HOSVD,0.41099999999983083
0.017045899827391985,3,100,1000,5,3000,A2,HOSVD,0.41099999999983083
0.1587646982870068,3,100,1000,5,3000,A3,HOSVD,0.41099999999983083
12.081587210534385,3,100,1000,5,3000,core,HOSVD,0.41099999999983083
3.6623572286125277,3,100,1000,5,3000,A1,HOOI,0.7740000000001146
0.01830772812055674,3,100,1000,5,3000,A2,HOOI,0.7740000000001146
0.12288564769680664,3,100,1000,5,3000,A3,HOOI,0.7740000000001146
12.064348092428768,3,100,1000,5,3000,core,HOOI,0.7740000000001146
2.365132722129313,3,100,1000,5,3000,A1,Olga,0.5270000000000437
0.005342188912342739,3,100,1000,5,3000,A2,Olga,0.5270000000000437
1.3272003223315876,3,100,1000,5,3000,A3,Tracy,0.5270000000000437
12.098152702002588,3,100,1000,5,3000,core,Tracy_Olga,0.5270000000000437
1.5218327340478286,3,100,2498,5,3000,A1,NTD,91.17000000000007
0.019613243637979033,3,100,2498,5,3000,A2,NTD,91.17000000000007
2495.0382789148216,3,100,2498,5,3000,A3,NTD,91.17000000000007
10.98989938339754,3,100,2498,5,3000,core,NTD,91.17000000000007
2.6566293376337047,3,100,2498,5,3000,A1,Ours,3.747000000000071
0.023301091899940295,3,100,2498,5,3000,A2,Ours,3.747000000000071
2.5684279979660127,3,100,2498,5,3000,A3,Ours,3.747000000000071
12.18760506105339,3,100,2498,5,3000,core,Ours,3.747000000000071
2.6566293376337047,3,100,2498,5,3000,A1,HOSVD,2.7920000000001437
0.023301091899940295,3,100,2498,5,3000,A2,HOSVD,2.7920000000001437
2.5634289962844456,3,100,2498,5,3000,A3,HOSVD,2.7920000000001437
12.179991785282068,3,100,2498,5,3000,core,HOSVD,2.7920000000001437
2.6622857233618498,3,100,2498,5,3000,A1,HOOI,3.6399999999998727
0.022874634406701243,3,100,2498,5,3000,A2,HOOI,3.6399999999998727
2.561053968657707,3,100,2498,5,3000,A3,HOOI,3.6399999999998727
12.21282171731385,3,100,2498,5,3000,core,HOOI,3.6399999999998727
2.7422301693269557,3,100,2498,5,3000,A1,Olga,2.1280000000001564
0.026642320602424246,3,100,2498,5,3000,A2,Olga,2.1280000000001564
2.914537959939758,3,100,2498,5,3000,A3,Tracy,2.1280000000001564
12.211221924819013,3,100,2498,5,3000,core,Tracy_Olga,2.1280000000001564
1.3867501120917707,3,100,4985,5,3000,A1,NTD,183.14800000000014
0.0422103751375493,3,100,4985,5,3000,A2,NTD,183.14800000000014
4982.051029218343,3,100,4985,5,3000,A3,NTD,183.14800000000014
11.029247695905736,3,100,4985,5,3000,core,NTD,183.14800000000014
2.445390549500417,3,100,4985,5,3000,A1,Ours,8.398000000000138
0.018007542206295565,3,100,4985,5,3000,A2,Ours,8.398000000000138
2.563895986333479,3,100,4985,5,3000,A3,Ours,8.398000000000138
12.676008681868169,3,100,4985,5,3000,core,Ours,8.398000000000138
2.445390549500417,3,100,4985,5,3000,A1,HOSVD,1.7770000000000437
0.018007542206295565,3,100,4985,5,3000,A2,HOSVD,1.7770000000000437
2.542331109154729,3,100,4985,5,3000,A3,HOSVD,1.7770000000000437
12.644109350837686,3,100,4985,5,3000,core,HOSVD,1.7770000000000437
2.475881710219487,3,100,4985,5,3000,A1,HOOI,5.653000000000247
0.019193243543997787,3,100,4985,5,3000,A2,HOOI,5.653000000000247
2.540728601076419,3,100,4985,5,3000,A3,HOOI,5.653000000000247
12.654522993212163,3,100,4985,5,3000,core,HOOI,5.653000000000247
3.3868085590760875,3,100,4985,5,3000,A1,Olga,3.2399999999997817
0.01563812864738552,3,100,4985,5,3000,A2,Olga,3.2399999999997817
2.876864565177698,3,100,4985,5,3000,A3,Tracy,3.2399999999997817
12.64615864734016,3,100,4985,5,3000,core,Tracy_Olga,3.2399999999997817
1.4753095760079822,3,100,5980,5,3000,A1,NTD,189.837
2.1996176899577837,3,100,5980,5,3000,A2,NTD,189.837
5977.064277370703,3,100,5980,5,3000,A3,NTD,189.837
10.256446118502987,3,100,5980,5,3000,core,NTD,189.837
2.3068469995621856,3,100,5980,5,3000,A1,Ours,7.791999999999916
0.024577840057205903,3,100,5980,5,3000,A2,Ours,7.791999999999916
2.5254061629596665,3,100,5980,5,3000,A3,Ours,7.791999999999916
12.351180662361752,3,100,5980,5,3000,core,Ours,7.791999999999916
2.3068469995621856,3,100,5980,5,3000,A1,HOSVD,2.018999999999778
0.024577840057205903,3,100,5980,5,3000,A2,HOSVD,2.018999999999778
2.4886862907572236,3,100,5980,5,3000,A3,HOSVD,2.018999999999778
12.315788560971232,3,100,5980,5,3000,core,HOSVD,2.018999999999778
2.2986017697489682,3,100,5980,5,3000,A1,HOOI,5.557000000000244
0.02247583798706384,3,100,5980,5,3000,A2,HOOI,5.557000000000244
2.4833535901989987,3,100,5980,5,3000,A3,HOOI,5.557000000000244
12.319153509677626,3,100,5980,5,3000,core,HOOI,5.557000000000244
3.2175292828713173,3,100,5980,5,3000,A1,Olga,3.9099999999998545
0.030598531425667437,3,100,5980,5,3000,A2,Olga,3.9099999999998545
2.9006473693121966,3,100,5980,5,3000,A3,Tracy,3.9099999999998545
14.346088866896062,3,100,5980,5,3000,core,Tracy_Olga,3.9099999999998545
1.431458476553834,3,100,6968,5,3000,A1,NTD,221.25499999999965
3.980132457783514,3,100,6968,5,3000,A2,NTD,221.25499999999965
6965.057700591055,3,100,6968,5,3000,A3,NTD,221.25499999999965
12.413530620379673,3,100,6968,5,3000,core,NTD,221.25499999999965
2.6537186158244506,3,100,6968,5,3000,A1,Ours,7.867999999999938
0.013997081719505092,3,100,6968,5,3000,A2,Ours,7.867999999999938
2.571092223232102,3,100,6968,5,3000,A3,Ours,7.867999999999938
12.714821521514164,3,100,6968,5,3000,core,Ours,7.867999999999938
2.6537186158244506,3,100,6968,5,3000,A1,HOSVD,2.882999999999811
0.013997081719505092,3,100,6968,5,3000,A2,HOSVD,2.882999999999811
2.5286029042879177,3,100,6968,5,3000,A3,HOSVD,2.882999999999811
12.648667419837903,3,100,6968,5,3000,core,HOSVD,2.882999999999811
2.6680160590228073,3,100,6968,5,3000,A1,HOOI,6.4080000000003565
0.014003265288555328,3,100,6968,5,3000,A2,HOOI,6.4080000000003565
2.530162149437441,3,100,6968,5,3000,A3,HOOI,6.4080000000003565
12.628445361512139,3,100,6968,5,3000,core,HOOI,6.4080000000003565
2.616866540774009,3,100,6968,5,3000,A1,Olga,3.9010000000002947
0.03455637728985305,3,100,6968,5,3000,A2,Olga,3.9010000000002947
2.870964338357797,3,100,6968,5,3000,A3,Tracy,3.9010000000002947
12.579091545940763,3,100,6968,5,3000,core,Tracy_Olga,3.9010000000002947
1.475898704579524,3,100,7962,5,3000,A1,NTD,248.78999999999996
1.1786343024098185,3,100,7962,5,3000,A2,NTD,248.78999999999996
7959.079332368573,3,100,7962,5,3000,A3,NTD,248.78999999999996
11.527876806355822,3,100,7962,5,3000,core,NTD,248.78999999999996
3.5006481499151,3,100,7962,5,3000,A1,Ours,11.74499999999989
0.01445766073967679,3,100,7962,5,3000,A2,Ours,11.74499999999989
2.5791572262543947,3,100,7962,5,3000,A3,Ours,11.74499999999989
12.672008915490954,3,100,7962,5,3000,core,Ours,11.74499999999989
3.5006481499151,3,100,7962,5,3000,A1,HOSVD,7.949000000000069
0.01445766073967679,3,100,7962,5,3000,A2,HOSVD,7.949000000000069
2.5239926614436756,3,100,7962,5,3000,A3,HOSVD,7.949000000000069
12.577534550501104,3,100,7962,5,3000,core,HOSVD,7.949000000000069
3.5060068811503124,3,100,7962,5,3000,A1,HOOI,9.32699999999977
0.015214912227331663,3,100,7962,5,3000,A2,HOOI,9.32699999999977
2.526796808563589,3,100,7962,5,3000,A3,HOOI,9.32699999999977
12.575671980695205,3,100,7962,5,3000,core,HOOI,9.32699999999977
3.4539703968753512,3,100,7962,5,3000,A1,Olga,14.463000000000193
0.027857269574949654,3,100,7962,5,3000,A2,Olga,14.463000000000193
2.851409804732748,3,100,7962,5,3000,A3,Tracy,14.463000000000193
12.674788205341212,3,100,7962,5,3000,core,Tracy_Olga,14.463000000000193
3.8584366467027746,3,100,8960,5,3000,A1,NTD,280.13300000000027
1.9815092881563958,3,100,8960,5,3000,A2,NTD,280.13300000000027
8957.083897512272,3,100,8960,5,3000,A3,NTD,280.13300000000027
9.98038967716175,3,100,8960,5,3000,core,NTD,280.13300000000027
3.0205440968275385,3,100,8960,5,3000,A1,Ours,12.059000000000196
0.017992763075768282,3,100,8960,5,3000,A2,Ours,12.059000000000196
2.595102594311345,3,100,8960,5,3000,A3,Ours,12.059000000000196
12.730806338112924,3,100,8960,5,3000,core,Ours,12.059000000000196
3.0205440968275385,3,100,8960,5,3000,A1,HOSVD,3.0470000000000255
0.017992763075768282,3,100,8960,5,3000,A2,HOSVD,3.0470000000000255
2.505031059630892,3,100,8960,5,3000,A3,HOSVD,3.0470000000000255
12.438237107621724,3,100,8960,5,3000,core,HOSVD,3.0470000000000255
3.0192639316074636,3,100,8960,5,3000,A1,HOOI,10.04800000000023
0.01894285532404227,3,100,8960,5,3000,A2,HOOI,10.04800000000023
2.5287198255493486,3,100,8960,5,3000,A3,HOOI,10.04800000000023
12.607680532904253,3,100,8960,5,3000,core,HOOI,10.04800000000023
2.9868462768265602,3,100,8960,5,3000,A1,Olga,6.285000000000309
0.02918789755439994,3,100,8960,5,3000,A2,Olga,6.285000000000309
2.86540982512738,3,100,8960,5,3000,A3,Tracy,6.285000000000309
12.676844713217742,3,100,8960,5,3000,core,Tracy_Olga,6.285000000000309
1.5592909352903328,3,100,9937,5,3000,A1,NTD,306.5550000000003
4.042190169269357,3,100,9937,5,3000,A2,NTD,306.5550000000003
9934.12597264215,3,100,9937,5,3000,A3,NTD,306.5550000000003
9.524927702766142,3,100,9937,5,3000,core,NTD,306.5550000000003
3.256507404262014,3,100,9937,5,3000,A1,Ours,30.63299999999981
0.014498447270233084,3,100,9937,5,3000,A2,Ours,30.63299999999981
2.6063214756830684,3,100,9937,5,3000,A3,Ours,30.63299999999981
12.770030046817253,3,100,9937,5,3000,core,Ours,30.63299999999981
3.256507404262014,3,100,9937,5,3000,A1,HOSVD,20.042999999999665
0.014498447270233084,3,100,9937,5,3000,A2,HOSVD,20.042999999999665
2.5200919149915313,3,100,9937,5,3000,A3,HOSVD,20.042999999999665
12.615223356463686,3,100,9937,5,3000,core,HOSVD,20.042999999999665
3.252642178508629,3,100,9937,5,3000,A1,HOOI,29.464000000000397
0.013200735221596399,3,100,9937,5,3000,A2,HOOI,29.464000000000397
2.5198927632876438,3,100,9937,5,3000,A3,HOOI,29.464000000000397
12.613630601223454,3,100,9937,5,3000,core,HOOI,29.464000000000397
3.668131491719292,3,100,9937,5,3000,A1,Olga,21.675000000000182
0.0363980926901922,3,100,9937,5,3000,A2,Olga,21.675000000000182
2.8570269261155956,3,100,9937,5,3000,A3,Tracy,21.675000000000182
12.666088038069548,3,100,9937,5,3000,core,Tracy_Olga,21.675000000000182
1.548932858091447,3,100,100,5,10000,A1,NTD,3.6100000000001273
0.20242665578779379,3,100,100,5,10000,A2,NTD,3.6100000000001273
97,3,100,100,5,10000,A3,NTD,3.6100000000001273
11.748826689040284,3,100,100,5,10000,core,NTD,3.6100000000001273
1.4962302912518823,3,100,100,5,10000,A1,Ours,5.125999999999749
0.00793118220720751,3,100,100,5,10000,A2,Ours,5.125999999999749
0.02356673864569343,3,100,100,5,10000,A3,Ours,5.125999999999749
13.951750774110728,3,100,100,5,10000,core,Ours,5.125999999999749
1.4962302912518823,3,100,100,5,10000,A1,HOSVD,4.54300000000012
0.00793118220720751,3,100,100,5,10000,A2,HOSVD,4.54300000000012
0.023566167070632582,3,100,100,5,10000,A3,HOSVD,4.54300000000012
13.951751122825959,3,100,100,5,10000,core,HOSVD,4.54300000000012
1.5012786310052724,3,100,100,5,10000,A1,HOOI,6.400000000000091
0.0071556115194417015,3,100,100,5,10000,A2,HOOI,6.400000000000091
0.02388424401098022,3,100,100,5,10000,A3,HOOI,6.400000000000091
13.95161415355933,3,100,100,5,10000,core,HOOI,6.400000000000091
1.6435912656586857,3,100,100,5,10000,A1,Olga,7.310999999999694
0.010575140953096957,3,100,100,5,10000,A2,Olga,7.310999999999694
1.034742769866378,3,100,100,5,10000,A3,Tracy,7.310999999999694
12.110700513754757,3,100,100,5,10000,core,Tracy_Olga,7.310999999999694
1.6882477956273998,3,100,500,5,10000,A1,NTD,14.76299999999992
0.1883364516148612,3,100,500,5,10000,A2,NTD,14.76299999999992
497.00000057432726,3,100,500,5,10000,A3,NTD,14.76299999999992
11.861129885781963,3,100,500,5,10000,core,NTD,14.76299999999992
1.9688720316301551,3,100,500,5,10000,A1,Ours,4.435999999999694
0.01606844261055749,3,100,500,5,10000,A2,Ours,4.435999999999694
0.04849271319114922,3,100,500,5,10000,A3,Ours,4.435999999999694
12.055435805636192,3,100,500,5,10000,core,Ours,4.435999999999694
1.9688720316301551,3,100,500,5,10000,A1,HOSVD,2.8229999999998654
0.01606844261055749,3,100,500,5,10000,A2,HOSVD,2.8229999999998654
0.04849093167361037,3,100,500,5,10000,A3,HOSVD,2.8229999999998654
12.055438012438398,3,100,500,5,10000,core,HOSVD,2.8229999999998654
1.9759742418858413,3,100,500,5,10000,A1,HOOI,3.3649999999997817
0.01627294805800712,3,100,500,5,10000,A2,HOOI,3.3649999999997817
0.04841430693567208,3,100,500,5,10000,A3,HOOI,3.3649999999997817
12.055258870241227,3,100,500,5,10000,core,HOOI,3.3649999999997817
1.4679581512709798,3,100,500,5,10000,A1,Olga,3.7770000000000437
0.005031942307623394,3,100,500,5,10000,A2,Olga,3.7770000000000437
1.2826242813882172,3,100,500,5,10000,A3,Tracy,3.7770000000000437
12.086661210354853,3,100,500,5,10000,core,Tracy_Olga,3.7770000000000437
1.5222964012869056,3,100,1000,5,10000,A1,NTD,32.88799999999992
0.28136648627590444,3,100,1000,5,10000,A2,NTD,32.88799999999992
997.3724416080626,3,100,1000,5,10000,A3,NTD,32.88799999999992
15.22144758281876,3,100,1000,5,10000,core,NTD,32.88799999999992
1.783828068981611,3,100,1000,5,10000,A1,Ours,0.4980000000000473
0.0062035759717815235,3,100,1000,5,10000,A2,Ours,0.4980000000000473
0.1461312602630878,3,100,1000,5,10000,A3,Ours,0.4980000000000473
12.077053643671778,3,100,1000,5,10000,core,Ours,0.4980000000000473
1.783828068981611,3,100,1000,5,10000,A1,HOSVD,0.63799999999992
0.0062035759717815235,3,100,1000,5,10000,A2,HOSVD,0.63799999999992
0.14608550567857456,3,100,1000,5,10000,A3,HOSVD,0.63799999999992
12.07665579620583,3,100,1000,5,10000,core,HOSVD,0.63799999999992
1.7817685961663827,3,100,1000,5,10000,A1,HOOI,1.0820000000003347
0.006082986998526108,3,100,1000,5,10000,A2,HOOI,1.0820000000003347
0.145604520788782,3,100,1000,5,10000,A3,HOOI,1.0820000000003347
12.079905166183657,3,100,1000,5,10000,core,HOOI,1.0820000000003347
1.4171712115340438,3,100,1000,5,10000,A1,Olga,0.47699999999986176
0.007332016438718919,3,100,1000,5,10000,A2,Olga,0.47699999999986176
1.3253648143998584,3,100,1000,5,10000,A3,Tracy,0.47699999999986176
12.100683608076721,3,100,1000,5,10000,core,Tracy_Olga,0.47699999999986176
1.5820689105666204,3,100,2500,5,10000,A1,NTD,89.00799999999981
1.5694693633022148,3,100,2500,5,10000,A2,NTD,89.00799999999981
2497.0043970392344,3,100,2500,5,10000,A3,NTD,89.00799999999981
11.021865920196678,3,100,2500,5,10000,core,NTD,89.00799999999981
1.6611063457465525,3,100,2500,5,10000,A1,Ours,1.887000000000171
0.008321247542197964,3,100,2500,5,10000,A2,Ours,1.887000000000171
0.18110433359382713,3,100,2500,5,10000,A3,Ours,1.887000000000171
11.97344484236143,3,100,2500,5,10000,core,Ours,1.887000000000171
1.6611063457465525,3,100,2500,5,10000,A1,HOSVD,0.9349999999999454
0.008321247542197964,3,100,2500,5,10000,A2,HOSVD,0.9349999999999454
0.18080225821958115,3,100,2500,5,10000,A3,HOSVD,0.9349999999999454
11.972539846866253,3,100,2500,5,10000,core,HOSVD,0.9349999999999454
1.6587060674883751,3,100,2500,5,10000,A1,HOOI,2.480999999999767
0.008411315267047912,3,100,2500,5,10000,A2,HOOI,2.480999999999767
0.18414722839245395,3,100,2500,5,10000,A3,HOOI,2.480999999999767
11.970734746094285,3,100,2500,5,10000,core,HOOI,2.480999999999767
1.352554982722438,3,100,2500,5,10000,A1,Olga,1.0750000000002728
0.009092369238566643,3,100,2500,5,10000,A2,Olga,1.0750000000002728
1.432893080135741,3,100,2500,5,10000,A3,Tracy,1.0750000000002728
11.98437870236527,3,100,2500,5,10000,core,Tracy_Olga,1.0750000000002728
1.4653457097267666,3,100,4999,5,10000,A1,NTD,178.433
0.09610055850671916,3,100,4999,5,10000,A2,NTD,178.433
4996.024084049502,3,100,4999,5,10000,A3,NTD,178.433
12.166208225848491,3,100,4999,5,10000,core,NTD,178.433
1.763497283625506,3,100,4999,5,10000,A1,Ours,5.55199999999968
0.015761847931813195,3,100,4999,5,10000,A2,Ours,5.55199999999968
2.5313251523557465,3,100,4999,5,10000,A3,Ours,5.55199999999968
12.322802851178889,3,100,4999,5,10000,core,Ours,5.55199999999968
1.763497283625506,3,100,4999,5,10000,A1,HOSVD,2.113999999999578
0.015761847931813195,3,100,4999,5,10000,A2,HOSVD,2.113999999999578
2.529503203568977,3,100,4999,5,10000,A3,HOSVD,2.113999999999578
12.319600491028684,3,100,4999,5,10000,core,HOSVD,2.113999999999578
1.7626135088346362,3,100,4999,5,10000,A1,HOOI,5.083999999999833
0.015337899184868232,3,100,4999,5,10000,A2,HOOI,5.083999999999833
2.530213647331104,3,100,4999,5,10000,A3,HOOI,5.083999999999833
12.332913367796648,3,100,4999,5,10000,core,HOOI,5.083999999999833
1.340198977317207,3,100,4999,5,10000,A1,Olga,2.774999999999636
0.017132556694958254,3,100,4999,5,10000,A2,Olga,2.774999999999636
2.8862303636618605,3,100,4999,5,10000,A3,Tracy,2.774999999999636
12.357572689241875,3,100,4999,5,10000,core,Tracy_Olga,2.774999999999636
1.4363627515624637,3,100,5998,5,10000,A1,NTD,202.12199999999984
0.02579150737903368,3,100,5998,5,10000,A2,NTD,202.12199999999984
5995.020109587984,3,100,5998,5,10000,A3,NTD,202.12199999999984
12.989876980837085,3,100,5998,5,10000,core,NTD,202.12199999999984
1.9745323185796737,3,100,5998,5,10000,A1,Ours,6.23700000000008
0.005906297525077067,3,100,5998,5,10000,A2,Ours,6.23700000000008
2.5233290979067386,3,100,5998,5,10000,A3,Ours,6.23700000000008
12.618927843852637,3,100,5998,5,10000,core,Ours,6.23700000000008
1.9745323185796737,3,100,5998,5,10000,A1,HOSVD,2.1439999999993233
0.005906297525077067,3,100,5998,5,10000,A2,HOSVD,2.1439999999993233
2.5204600523153182,3,100,5998,5,10000,A3,HOSVD,2.1439999999993233
12.614632131023031,3,100,5998,5,10000,core,HOSVD,2.1439999999993233
1.9703786160361023,3,100,5998,5,10000,A1,HOOI,5.4409999999998035
0.006021784720319106,3,100,5998,5,10000,A2,HOOI,5.4409999999998035
2.520452913817044,3,100,5998,5,10000,A3,HOOI,5.4409999999998035
12.622763665290734,3,100,5998,5,10000,core,HOOI,5.4409999999998035
1.690939229347987,3,100,5998,5,10000,A1,Olga,3.119999999999891
0.00849407543557095,3,100,5998,5,10000,A2,Olga,3.119999999999891
2.85755395862787,3,100,5998,5,10000,A3,Tracy,3.119999999999891
12.614117076271198,3,100,5998,5,10000,core,Tracy_Olga,3.119999999999891
1.271733535173006,3,100,6991,5,10000,A1,NTD,222.41499999999996
0.029008599795545487,3,100,6991,5,10000,A2,NTD,222.41499999999996
6988.033415687136,3,100,6991,5,10000,A3,NTD,222.41499999999996
9.962594595856874,3,100,6991,5,10000,core,NTD,222.41499999999996
1.9065727127510288,3,100,6991,5,10000,A1,Ours,7.622000000000298
0.012062203101172063,3,100,6991,5,10000,A2,Ours,7.622000000000298
2.536863448075571,3,100,6991,5,10000,A3,Ours,7.622000000000298
12.573527287063902,3,100,6991,5,10000,core,Ours,7.622000000000298
1.9065727127510288,3,100,6991,5,10000,A1,HOSVD,2.770999999999731
0.012062203101172063,3,100,6991,5,10000,A2,HOSVD,2.770999999999731
2.5329837923674745,3,100,6991,5,10000,A3,HOSVD,2.770999999999731
12.56839688760995,3,100,6991,5,10000,core,HOSVD,2.770999999999731
1.907340659330038,3,100,6991,5,10000,A1,HOOI,6.664999999999964
0.01147524524015083,3,100,6991,5,10000,A2,HOOI,6.664999999999964
2.5355367553829207,3,100,6991,5,10000,A3,HOOI,6.664999999999964
12.576791075566442,3,100,6991,5,10000,core,HOOI,6.664999999999964
1.6789404105875347,3,100,6991,5,10000,A1,Olga,4.233000000000175
0.008271834214206047,3,100,6991,5,10000,A2,Olga,4.233000000000175
2.8674512635062,3,100,6991,5,10000,A3,Tracy,4.233000000000175
12.605613941627828,3,100,6991,5,10000,core,Tracy_Olga,4.233000000000175
1.329095212995522,3,100,7992,5,10000,A1,NTD,247.4359999999997
2.7852661894137754,3,100,7992,5,10000,A2,NTD,247.4359999999997
7989.032674804023,3,100,7992,5,10000,A3,NTD,247.4359999999997
13.10541137698317,3,100,7992,5,10000,core,NTD,247.4359999999997
1.3766734672410603,3,100,7992,5,10000,A1,Ours,9.631999999999607
0.007174100338611907,3,100,7992,5,10000,A2,Ours,9.631999999999607
2.480786996112025,3,100,7992,5,10000,A3,Ours,9.631999999999607
12.297703086488239,3,100,7992,5,10000,core,Ours,9.631999999999607
1.3766734672410603,3,100,7992,5,10000,A1,HOSVD,3.4909999999999854
0.007174100338611907,3,100,7992,5,10000,A2,HOSVD,3.4909999999999854
2.4748507357089107,3,100,7992,5,10000,A3,HOSVD,3.4909999999999854
12.292148887611836,3,100,7992,5,10000,core,HOSVD,3.4909999999999854
1.3730487860500493,3,100,7992,5,10000,A1,HOOI,7.596000000000458
0.0071025171496876495,3,100,7992,5,10000,A2,HOOI,7.596000000000458
2.4705085062165932,3,100,7992,5,10000,A3,HOOI,7.596000000000458
12.25963133191914,3,100,7992,5,10000,core,HOOI,7.596000000000458
1.7721891242580325,3,100,7992,5,10000,A1,Olga,4.595999999999549
0.00412163557387542,3,100,7992,5,10000,A2,Olga,4.595999999999549
2.871067828752406,3,100,7992,5,10000,A3,Tracy,4.595999999999549
12.318022169962495,3,100,7992,5,10000,core,Tracy_Olga,4.595999999999549
3.055217673317163,3,100,8988,5,10000,A1,NTD,279.0679999999993
0.345041530754754,3,100,8988,5,10000,A2,NTD,279.0679999999993
8985.036751962718,3,100,8988,5,10000,A3,NTD,279.0679999999993
13.247461292726852,3,100,8988,5,10000,core,NTD,279.0679999999993
1.92349096642303,3,100,8988,5,10000,A1,Ours,12.524999999999636
0.003749490366088128,3,100,8988,5,10000,A2,Ours,12.524999999999636
2.51428184542493,3,100,8988,5,10000,A3,Ours,12.524999999999636
12.618915943566652,3,100,8988,5,10000,core,Ours,12.524999999999636
1.92349096642303,3,100,8988,5,10000,A1,HOSVD,3.104000000000269
0.003749490366088128,3,100,8988,5,10000,A2,HOSVD,3.104000000000269
2.5080052763907945,3,100,8988,5,10000,A3,HOSVD,3.104000000000269
12.60996527612608,3,100,8988,5,10000,core,HOSVD,3.104000000000269
1.924027164730641,3,100,8988,5,10000,A1,HOOI,9.09100000000035
0.003893587307621443,3,100,8988,5,10000,A2,HOOI,9.09100000000035
2.5076548697916157,3,100,8988,5,10000,A3,HOOI,9.09100000000035
12.594480532136545,3,100,8988,5,10000,core,HOOI,9.09100000000035
1.7836079069962516,3,100,8988,5,10000,A1,Olga,6.192000000000007
0.01619441068373732,3,100,8988,5,10000,A2,Olga,6.192000000000007
2.847295589969021,3,100,8988,5,10000,A3,Tracy,6.192000000000007
12.629904521901576,3,100,8988,5,10000,core,Tracy_Olga,6.192000000000007
1.31395575298606,3,100,9984,5,10000,A1,NTD,321.3220000000001
0.8251727844230219,3,100,9984,5,10000,A2,NTD,321.3220000000001
9981.036767757576,3,100,9984,5,10000,A3,NTD,321.3220000000001
14.036568560389469,3,100,9984,5,10000,core,NTD,321.3220000000001
1.7740085932137777,3,100,9984,5,10000,A1,Ours,14.818000000000211
0.005298374287265125,3,100,9984,5,10000,A2,Ours,14.818000000000211
2.5219876328469204,3,100,9984,5,10000,A3,Ours,14.818000000000211
12.650730602523579,3,100,9984,5,10000,core,Ours,14.818000000000211
1.7740085932137777,3,100,9984,5,10000,A1,HOSVD,3.543000000000575
0.005298374287265125,3,100,9984,5,10000,A2,HOSVD,3.543000000000575
2.5141655929102664,3,100,9984,5,10000,A3,HOSVD,3.543000000000575
12.639250671528794,3,100,9984,5,10000,core,HOSVD,3.543000000000575
1.7752259340859107,3,100,9984,5,10000,A1,HOOI,10.894000000000233
0.005317789467641451,3,100,9984,5,10000,A2,HOOI,10.894000000000233
2.515071366605229,3,100,9984,5,10000,A3,HOOI,10.894000000000233
12.639776561913747,3,100,9984,5,10000,core,HOOI,10.894000000000233
1.529612115902366,3,100,9984,5,10000,A1,Olga,6.555999999999585
0.007766522784920487,3,100,9984,5,10000,A2,Olga,6.555999999999585
2.8626673681108423,3,100,9984,5,10000,A3,Tracy,6.555999999999585
12.611175472603728,3,100,9984,5,10000,core,Tracy_Olga,6.555999999999585
