error,K,Q1,R,Q2,M,mode,method,time
14.92597245728375,3,100,983,5,100,A1,NTD,37.061
3.2445085971041348,3,100,983,5,100,A2,NTD,37.061
980.3092190923604,3,100,983,5,100,A3,NTD,37.061
11.621693106973161,3,100,983,5,100,core,NTD,37.061
12.774246815239527,3,100,983,5,100,A1,Ours,3.794000000000004
0.7828665261343202,3,100,983,5,100,A2,Ours,3.794000000000004
4.688019046021806,3,100,983,5,100,A3,Ours,3.794000000000004
12.133476309990664,3,100,983,5,100,core,Ours,3.794000000000004
12.774246815239527,3,100,983,5,100,A1,HOSVD,5.151000000000003
0.7828665261343202,3,100,983,5,100,A2,HOSVD,5.151000000000003
2.5665152352757024,3,100,983,5,100,A3,HOSVD,5.151000000000003
14.10671694674271,3,100,983,5,100,core,HOSVD,5.151000000000003
13.483459724497788,3,100,983,5,100,A1,HOOI,4.881
0.19057868123981891,3,100,983,5,100,A2,HOOI,4.881
2.5865292673066795,3,100,983,5,100,A3,HOOI,4.881
10.316624266827393,3,100,983,5,100,core,HOOI,4.881
23.303347286105435,3,100,983,5,100,A1,Olga,6.893000000000008
0.9999037450290357,3,100,983,5,100,A2,Olga,6.893000000000008
2.831621424608969,3,100,983,5,100,A3,Tracy,6.893000000000008
14.105766652245961,3,100,983,5,100,core,Tracy_Olga,6.893000000000008
108.2120976840157,3,100,4540,5,100,A1,NTD,155.45499999999998
4.93195192527692,3,100,4540,5,100,A2,NTD,155.45499999999998
4537.5051509461755,3,100,4540,5,100,A3,NTD,155.45499999999998
8.614191042518428,3,100,4540,5,100,core,NTD,155.45499999999998
20.266421292896197,3,100,4540,5,100,A1,Ours,5.068000000000012
0.6851738318750514,3,100,4540,5,100,A2,Ours,5.068000000000012
5.304738763275502,3,100,4540,5,100,A3,Ours,5.068000000000012
8.85962980025502,3,100,4540,5,100,core,Ours,5.068000000000012
20.266421292896197,3,100,4540,5,100,A1,HOSVD,2.108000000000004
0.6851738318750514,3,100,4540,5,100,A2,HOSVD,2.108000000000004
2.7189110574193545,3,100,4540,5,100,A3,HOSVD,2.108000000000004
11.639845409995383,3,100,4540,5,100,core,HOSVD,2.108000000000004
20.362829440070694,3,100,4540,5,100,A1,HOOI,10.316000000000003
0.28562505676112193,3,100,4540,5,100,A2,HOOI,10.316000000000003
3.9111372861730067,3,100,4540,5,100,A3,HOOI,10.316000000000003
10.865817658984579,3,100,4540,5,100,core,HOOI,10.316000000000003
60.21748704901308,3,100,4540,5,100,A1,Olga,9.644000000000005
3.568773307972083,3,100,4540,5,100,A2,Olga,9.644000000000005
3.001400869576508,3,100,4540,5,100,A3,Tracy,9.644000000000005
12.135703609779831,3,100,4540,5,100,core,Tracy_Olga,9.644000000000005
120.13824738994178,3,100,8203,5,100,A1,NTD,292.85400000000004
1.2446443312201243,3,100,8203,5,100,A2,NTD,292.85400000000004
8200.60394452905,3,100,8203,5,100,A3,NTD,292.85400000000004
8.919391192287792,3,100,8203,5,100,core,NTD,292.85400000000004
18.282144002385746,3,100,8203,5,100,A1,Ours,10.894999999999982
0.7164189494851751,3,100,8203,5,100,A2,Ours,10.894999999999982
5.335828074918066,3,100,8203,5,100,A3,Ours,10.894999999999982
9.723347365728259,3,100,8203,5,100,core,Ours,10.894999999999982
18.282144002385746,3,100,8203,5,100,A1,HOSVD,4.692999999999984
0.7164189494851751,3,100,8203,5,100,A2,HOSVD,4.692999999999984
3.9809646934309217,3,100,8203,5,100,A3,HOSVD,4.692999999999984
13.377212485955978,3,100,8203,5,100,core,HOSVD,4.692999999999984
95.08355753411112,3,100,8203,5,100,A1,Olga,19.84800000000007
1.893283264828331,3,100,8203,5,100,A2,Olga,19.84800000000007
4.275590682119292,3,100,8203,5,100,A3,Tracy,19.84800000000007
13.433372316341538,3,100,8203,5,100,core,Tracy_Olga,19.84800000000007
3.3794535436250204,3,100,998,5,500,A1,NTD,27.605999999999995
4.190406538120165,3,100,998,5,500,A2,NTD,27.605999999999995
995.079659442174,3,100,998,5,500,A3,NTD,27.605999999999995
10.104838601763001,3,100,998,5,500,core,NTD,27.605999999999995
7.5138816553825345,3,100,998,5,500,A1,Ours,1.4610000000000127
0.13411549214263993,3,100,998,5,500,A2,Ours,1.4610000000000127
2.5008605725494095,3,100,998,5,500,A3,Ours,1.4610000000000127
11.657388207753327,3,100,998,5,500,core,Ours,1.4610000000000127
7.5138816553825345,3,100,998,5,500,A1,HOSVD,1.907000000000039
0.13411549214263993,3,100,998,5,500,A2,HOSVD,1.907000000000039
2.466315922665248,3,100,998,5,500,A3,HOSVD,1.907000000000039
11.612825011922716,3,100,998,5,500,core,HOSVD,1.907000000000039
7.378093685807097,3,100,998,5,500,A1,HOOI,3.211999999999989
0.0752315903948624,3,100,998,5,500,A2,HOOI,3.211999999999989
2.4599894576778683,3,100,998,5,500,A3,HOOI,3.211999999999989
11.666528096722825,3,100,998,5,500,core,HOOI,3.211999999999989
8.612821526312272,3,100,998,5,500,A1,Olga,5.220000000000027
4.006535162578829,3,100,998,5,500,A2,Olga,5.220000000000027
2.814013375597183,3,100,998,5,500,A3,Tracy,5.220000000000027
13.3325155218921,3,100,998,5,500,core,Tracy_Olga,5.220000000000027
10.291792474042316,3,100,4905,5,500,A1,NTD,165.062
3.0680103997106527,3,100,4905,5,500,A2,NTD,165.062
4902.200760246383,3,100,4905,5,500,A3,NTD,165.062
10.339840410467259,3,100,4905,5,500,core,NTD,165.062
6.826654376645179,3,100,4905,5,500,A1,Ours,6.919999999999959
0.052137302945885595,3,100,4905,5,500,A2,Ours,6.919999999999959
4.873288411083304,3,100,4905,5,500,A3,Ours,6.919999999999959
11.946613396593943,3,100,4905,5,500,core,Ours,6.919999999999959
6.826654376645179,3,100,4905,5,500,A1,HOSVD,2.9429999999999836
0.052137302945885595,3,100,4905,5,500,A2,HOSVD,2.9429999999999836
2.5693976364334388,3,100,4905,5,500,A3,HOSVD,2.9429999999999836
10.236275904721358,3,100,4905,5,500,core,HOSVD,2.9429999999999836
6.920904185693845,3,100,4905,5,500,A1,HOOI,11.823999999999955
0.08737542804938611,3,100,4905,5,500,A2,HOOI,11.823999999999955
2.5830346919724105,3,100,4905,5,500,A3,HOOI,11.823999999999955
10.295788855090127,3,100,4905,5,500,core,HOOI,11.823999999999955
9.263209397402845,3,100,4905,5,500,A1,Olga,9.311000000000035
2.7436349697013496,3,100,4905,5,500,A2,Olga,9.311000000000035
2.8690302944749266,3,100,4905,5,500,A3,Tracy,9.311000000000035
11.105634550426812,3,100,4905,5,500,core,Tracy_Olga,9.311000000000035
67.35232037808268,3,100,9639,5,500,A1,NTD,352.2969999999999
3.2446388769047525,3,100,9639,5,500,A2,NTD,352.2969999999999
9636.294525551282,3,100,9639,5,500,A3,NTD,352.2969999999999
10.409370471413913,3,100,9639,5,500,core,NTD,352.2969999999999
6.850890465738492,3,100,9639,5,500,A1,Ours,16.06600000000003
0.025973798051428368,3,100,9639,5,500,A2,Ours,16.06600000000003
5.363951028939771,3,100,9639,5,500,A3,Ours,16.06600000000003
12.130787741997983,3,100,9639,5,500,core,Ours,16.06600000000003
6.850890465738492,3,100,9639,5,500,A1,HOSVD,5.060999999999922
0.025973798051428368,3,100,9639,5,500,A2,HOSVD,5.060999999999922
3.718360424795829,3,100,9639,5,500,A3,HOSVD,5.060999999999922
12.053473886166094,3,100,9639,5,500,core,HOSVD,5.060999999999922
6.825866212131676,3,100,9639,5,500,A1,HOOI,19.532999999999902
0.04693753699887309,3,100,9639,5,500,A2,HOOI,19.532999999999902
2.6240137967816044,3,100,9639,5,500,A3,HOOI,19.532999999999902
10.210542680275077,3,100,9639,5,500,core,HOOI,19.532999999999902
16.255475702867997,3,100,9639,5,500,A1,Olga,9.942999999999984
4.118366851323284,3,100,9639,5,500,A2,Olga,9.942999999999984
2.918523715953084,3,100,9639,5,500,A3,Tracy,9.942999999999984
11.644398045031503,3,100,9639,5,500,core,Tracy_Olga,9.942999999999984
2.7571862195294474,3,100,999,5,1000,A1,NTD,29.128000000000156
1.8841319177538771,3,100,999,5,1000,A2,NTD,29.128000000000156
996.0896166945681,3,100,999,5,1000,A3,NTD,29.128000000000156
12.695398598891284,3,100,999,5,1000,core,NTD,29.128000000000156
5.872086355983175,3,100,999,5,1000,A1,Ours,5.791999999999916
0.02939350162921505,3,100,999,5,1000,A2,Ours,5.791999999999916
2.47736286220335,3,100,999,5,1000,A3,Ours,5.791999999999916
11.077886139533325,3,100,999,5,1000,core,Ours,5.791999999999916
5.872086355983175,3,100,999,5,1000,A1,HOSVD,3.3989999999998872
0.02939350162921505,3,100,999,5,1000,A2,HOSVD,3.3989999999998872
2.4740064928588414,3,100,999,5,1000,A3,HOSVD,3.3989999999998872
11.055579803493831,3,100,999,5,1000,core,HOSVD,3.3989999999998872
5.803008598017378,3,100,999,5,1000,A1,HOOI,3.8859999999999673
0.033939257339403214,3,100,999,5,1000,A2,HOOI,3.8859999999999673
2.501998454698754,3,100,999,5,1000,A3,HOOI,3.8859999999999673
11.027378152605356,3,100,999,5,1000,core,HOOI,3.8859999999999673
5.866250283714117,3,100,999,5,1000,A1,Olga,2.0950000000000273
0.04659571527732866,3,100,999,5,1000,A2,Olga,2.0950000000000273
2.8765457866078714,3,100,999,5,1000,A3,Tracy,2.0950000000000273
12.382330732197412,3,100,999,5,1000,core,Tracy_Olga,2.0950000000000273
7.503743023038209,3,100,4962,5,1000,A1,NTD,163.8699999999999
4.843672093566836,3,100,4962,5,1000,A2,NTD,163.8699999999999
4959.142444356794,3,100,4962,5,1000,A3,NTD,163.8699999999999
9.607835235041108,3,100,4962,5,1000,core,NTD,163.8699999999999
4.536767033377312,3,100,4962,5,1000,A1,Ours,5.606999999999971
0.08513856469034783,3,100,4962,5,1000,A2,Ours,5.606999999999971
3.511035704160058,3,100,4962,5,1000,A3,Ours,5.606999999999971
13.524492649786135,3,100,4962,5,1000,core,Ours,5.606999999999971
4.536767033377312,3,100,4962,5,1000,A1,HOSVD,1.8669999999999618
0.08513856469034783,3,100,4962,5,1000,A2,HOSVD,1.8669999999999618
2.5548798986062207,3,100,4962,5,1000,A3,HOSVD,1.8669999999999618
10.272893551541948,3,100,4962,5,1000,core,HOSVD,1.8669999999999618
4.539037938168363,3,100,4962,5,1000,A1,HOOI,4.308999999999969
0.08460871019623603,3,100,4962,5,1000,A2,HOOI,4.308999999999969
2.560718796828576,3,100,4962,5,1000,A3,HOOI,4.308999999999969
10.257666118065856,3,100,4962,5,1000,core,HOOI,4.308999999999969
7.543249129019535,3,100,4962,5,1000,A1,Olga,2.604000000000042
4.08830585403883,3,100,4962,5,1000,A2,Olga,2.604000000000042
2.838998380569559,3,100,4962,5,1000,A3,Tracy,2.604000000000042
11.824768949109512,3,100,4962,5,1000,core,Tracy_Olga,2.604000000000042
7.262537290398504,3,100,9805,5,1000,A1,NTD,334.62200000000007
3.999993995113514,3,100,9805,5,1000,A2,NTD,334.62200000000007
9802.201700926074,3,100,9805,5,1000,A3,NTD,334.62200000000007
11.661895800450191,3,100,9805,5,1000,core,NTD,334.62200000000007
5.48390195828646,3,100,9805,5,1000,A1,Ours,15.632000000000062
0.06143304546700843,3,100,9805,5,1000,A2,Ours,15.632000000000062
5.219382082085796,3,100,9805,5,1000,A3,Ours,15.632000000000062
9.866621703698474,3,100,9805,5,1000,core,Ours,15.632000000000062
5.48390195828646,3,100,9805,5,1000,A1,HOSVD,6.057000000000016
0.06143304546700843,3,100,9805,5,1000,A2,HOSVD,6.057000000000016
2.5720898917129578,3,100,9805,5,1000,A3,HOSVD,6.057000000000016
11.608584695343612,3,100,9805,5,1000,core,HOSVD,6.057000000000016
5.47700410119381,3,100,9805,5,1000,A1,HOOI,16.996000000000095
0.05189155385338391,3,100,9805,5,1000,A2,HOOI,16.996000000000095
2.577041908965318,3,100,9805,5,1000,A3,HOOI,16.996000000000095
11.601677951353112,3,100,9805,5,1000,core,HOOI,16.996000000000095
10.361970171896267,3,100,9805,5,1000,A1,Olga,16.195999999999913
1.2715121608967808,3,100,9805,5,1000,A2,Olga,16.195999999999913
2.873276407167832,3,100,9805,5,1000,A3,Tracy,16.195999999999913
11.099157769512617,3,100,9805,5,1000,core,Tracy_Olga,16.195999999999913
2.9318125764380363,3,100,1000,5,2500,A1,NTD,27.778999999999996
1.0421209402894893,3,100,1000,5,2500,A2,NTD,27.778999999999996
997.0004896841544,3,100,1000,5,2500,A3,NTD,27.778999999999996
11.244153945163125,3,100,1000,5,2500,core,NTD,27.778999999999996
4.3679676007195525,3,100,1000,5,2500,A1,Ours,4.2409999999999854
0.004896560613508209,3,100,1000,5,2500,A2,Ours,4.2409999999999854
0.8650632439131936,3,100,1000,5,2500,A3,Ours,4.2409999999999854
11.871535877352137,3,100,1000,5,2500,core,Ours,4.2409999999999854
4.3679676007195525,3,100,1000,5,2500,A1,HOSVD,5.0750000000000455
0.004896560613508209,3,100,1000,5,2500,A2,HOSVD,5.0750000000000455
0.864843643035665,3,100,1000,5,2500,A3,HOSVD,5.0750000000000455
11.868354052425566,3,100,1000,5,2500,core,HOSVD,5.0750000000000455
4.364935329600345,3,100,1000,5,2500,A1,HOOI,5.360000000000127
0.014918053740468925,3,100,1000,5,2500,A2,HOOI,5.360000000000127
0.886557394454333,3,100,1000,5,2500,A3,HOOI,5.360000000000127
11.868265469002349,3,100,1000,5,2500,core,HOOI,5.360000000000127
3.588991918437373,3,100,1000,5,2500,A1,Olga,5.298999999999978
0.1459281549801481,3,100,1000,5,2500,A2,Olga,5.298999999999978
1.6492688399839417,3,100,1000,5,2500,A3,Tracy,5.298999999999978
12.182606911326564,3,100,1000,5,2500,core,Tracy_Olga,5.298999999999978
2.2270474309927852,3,100,4985,5,2500,A1,NTD,163.30299999999988
4.9319746562886975,3,100,4985,5,2500,A2,NTD,163.30299999999988
4982.11066397889,3,100,4985,5,2500,A3,NTD,163.30299999999988
8.06038247029851,3,100,4985,5,2500,core,NTD,163.30299999999988
4.013622350473393,3,100,4985,5,2500,A1,Ours,5.6840000000001965
0.025469109838326648,3,100,4985,5,2500,A2,Ours,5.6840000000001965
2.5947328772540503,3,100,4985,5,2500,A3,Ours,5.6840000000001965
10.309698771210954,3,100,4985,5,2500,core,Ours,5.6840000000001965
4.013622350473393,3,100,4985,5,2500,A1,HOSVD,1.6539999999999964
0.025469109838326648,3,100,4985,5,2500,A2,HOSVD,1.6539999999999964
2.564097439153786,3,100,4985,5,2500,A3,HOSVD,1.6539999999999964
10.313996814243692,3,100,4985,5,2500,core,HOSVD,1.6539999999999964
4.000079570490411,3,100,4985,5,2500,A1,HOOI,4.764000000000124
0.015799379697188386,3,100,4985,5,2500,A2,HOOI,4.764000000000124
2.5624819169375783,3,100,4985,5,2500,A3,HOOI,4.764000000000124
12.619916504623061,3,100,4985,5,2500,core,HOOI,4.764000000000124
3.9154915135713892,3,100,4985,5,2500,A1,Olga,2.518000000000029
0.45377620234632704,3,100,4985,5,2500,A2,Olga,2.518000000000029
2.8338178597901855,3,100,4985,5,2500,A3,Tracy,2.518000000000029
13.028766092691257,3,100,4985,5,2500,core,Tracy_Olga,2.518000000000029
4.1226205175516135,3,100,9927,5,2500,A1,NTD,324.10400000000027
2.931984346913706,3,100,9927,5,2500,A2,NTD,324.10400000000027
9924.12312289148,3,100,9927,5,2500,A3,NTD,324.10400000000027
11.376562078107618,3,100,9927,5,2500,core,NTD,324.10400000000027
4.741447147049849,3,100,9927,5,2500,A1,Ours,14.123999999999796
0.04385521056640341,3,100,9927,5,2500,A2,Ours,14.123999999999796
2.658522453089842,3,100,9927,5,2500,A3,Ours,14.123999999999796
11.57580669029821,3,100,9927,5,2500,core,Ours,14.123999999999796
4.741447147049849,3,100,9927,5,2500,A1,HOSVD,3.4600000000000364
0.04385521056640341,3,100,9927,5,2500,A2,HOSVD,3.4600000000000364
2.533023088476154,3,100,9927,5,2500,A3,HOSVD,3.4600000000000364
11.591309268058778,3,100,9927,5,2500,core,HOSVD,3.4600000000000364
4.758917228246054,3,100,9927,5,2500,A1,HOOI,11.429000000000087
0.03602038983642196,3,100,9927,5,2500,A2,HOOI,11.429000000000087
3.853383442429595,3,100,9927,5,2500,A3,HOOI,11.429000000000087
10.765159936800554,3,100,9927,5,2500,core,HOOI,11.429000000000087
3.9644800614700726,3,100,9927,5,2500,A1,Olga,6.51299999999992
0.8429252406419817,3,100,9927,5,2500,A2,Olga,6.51299999999992
2.8289907080524546,3,100,9927,5,2500,A3,Tracy,6.51299999999992
10.173345069300453,3,100,9927,5,2500,core,Tracy_Olga,6.51299999999992
2.597366646588486,3,100,1000,5,5000,A1,NTD,28.067000000000007
3.3726518733622677,3,100,1000,5,5000,A2,NTD,28.067000000000007
997.0004298647507,3,100,1000,5,5000,A3,NTD,28.067000000000007
11.161045595346325,3,100,1000,5,5000,core,NTD,28.067000000000007
2.3802049278153508,3,100,1000,5,5000,A1,Ours,0.5259999999998399
0.0015949652980779192,3,100,1000,5,5000,A2,Ours,0.5259999999998399
0.1960032513854819,3,100,1000,5,5000,A3,Ours,0.5259999999998399
11.975812629505171,3,100,1000,5,5000,core,Ours,0.5259999999998399
2.3802049278153508,3,100,1000,5,5000,A1,HOSVD,0.40299999999979264
0.0015949652980779192,3,100,1000,5,5000,A2,HOSVD,0.40299999999979264
0.19569294596081296,3,100,1000,5,5000,A3,HOSVD,0.40299999999979264
11.97469476008705,3,100,1000,5,5000,core,HOSVD,0.40299999999979264
2.3888544970809855,3,100,1000,5,5000,A1,HOOI,0.7779999999997926
0.0018666081742685435,3,100,1000,5,5000,A2,HOOI,0.7779999999997926
0.19996544585760687,3,100,1000,5,5000,A3,HOOI,0.7779999999997926
11.985963255946603,3,100,1000,5,5000,core,HOOI,0.7779999999997926
2.001862893136684,3,100,1000,5,5000,A1,Olga,0.6150000000002365
0.015152401161269447,3,100,1000,5,5000,A2,Olga,0.6150000000002365
1.3635541777736722,3,100,1000,5,5000,A3,Tracy,0.6150000000002365
12.386979745132844,3,100,1000,5,5000,core,Tracy_Olga,0.6150000000002365
3.0578795380910693,3,100,4988,5,5000,A1,NTD,156.97299999999996
2.1827059081560147,3,100,4988,5,5000,A2,NTD,156.97299999999996
4985.044237260248,3,100,4988,5,5000,A3,NTD,156.97299999999996
11.833998114515554,3,100,4988,5,5000,core,NTD,156.97299999999996
2.7385528443487352,3,100,4988,5,5000,A1,Ours,4.710000000000036
0.043602278509696446,3,100,4988,5,5000,A2,Ours,4.710000000000036
2.5736126145039626,3,100,4988,5,5000,A3,Ours,4.710000000000036
10.216403171450226,3,100,4988,5,5000,core,Ours,4.710000000000036
2.7385528443487352,3,100,4988,5,5000,A1,HOSVD,1.8009999999999309
0.043602278509696446,3,100,4988,5,5000,A2,HOSVD,1.8009999999999309
2.5661098111044205,3,100,4988,5,5000,A3,HOSVD,1.8009999999999309
10.214814599830628,3,100,4988,5,5000,core,HOSVD,1.8009999999999309
2.743265997663339,3,100,4988,5,5000,A1,HOOI,4.657000000000153
0.054559505181224155,3,100,4988,5,5000,A2,HOOI,4.657000000000153
2.5659737679356196,3,100,4988,5,5000,A3,HOOI,4.657000000000153
10.20365090518014,3,100,4988,5,5000,core,HOOI,4.657000000000153
2.313357329508261,3,100,4988,5,5000,A1,Olga,2.563000000000102
0.11018868578713781,3,100,4988,5,5000,A2,Olga,2.563000000000102
2.8299708615892074,3,100,4988,5,5000,A3,Tracy,2.563000000000102
14.134160506054434,3,100,4988,5,5000,core,Tracy_Olga,2.563000000000102
4.251080960539682,3,100,9963,5,5000,A1,NTD,338.7069999999999
3.480534937589259,3,100,9963,5,5000,A2,NTD,338.7069999999999
9960.075497951599,3,100,9963,5,5000,A3,NTD,338.7069999999999
10.628555866354255,3,100,9963,5,5000,core,NTD,338.7069999999999
3.0909330759744735,3,100,9963,5,5000,A1,Ours,13.696999999999662
0.028333795866713054,3,100,9963,5,5000,A2,Ours,13.696999999999662
2.5597691597565913,3,100,9963,5,5000,A3,Ours,13.696999999999662
13.06636806425189,3,100,9963,5,5000,core,Ours,13.696999999999662
3.0909330759744735,3,100,9963,5,5000,A1,HOSVD,3.242999999999938
0.028333795866713054,3,100,9963,5,5000,A2,HOSVD,3.242999999999938
2.529112654660638,3,100,9963,5,5000,A3,HOSVD,3.242999999999938
13.060460171709348,3,100,9963,5,5000,core,HOSVD,3.242999999999938
3.0776323788569275,3,100,9963,5,5000,A1,HOOI,11.180999999999585
0.027609792302278176,3,100,9963,5,5000,A2,HOOI,11.180999999999585
2.5301592348285857,3,100,9963,5,5000,A3,HOOI,11.180999999999585
13.071020557002546,3,100,9963,5,5000,core,HOOI,11.180999999999585
2.4276550527484595,3,100,9963,5,5000,A1,Olga,6.838999999999942
0.2610398048113623,3,100,9963,5,5000,A2,Olga,6.838999999999942
2.831950035532317,3,100,9963,5,5000,A3,Tracy,6.838999999999942
13.054156797389624,3,100,9963,5,5000,core,Tracy_Olga,6.838999999999942
5.8231072998833895,3,100,1000,5,6000,A1,NTD,28.384999999999764
0.9498467195943459,3,100,1000,5,6000,A2,NTD,28.384999999999764
997.0001393485373,3,100,1000,5,6000,A3,NTD,28.384999999999764
11.448144962172082,3,100,1000,5,6000,core,NTD,28.384999999999764
3.0277583298893296,3,100,1000,5,6000,A1,Ours,0.8840000000000146
0.028425670025268305,3,100,1000,5,6000,A2,Ours,0.8840000000000146
0.08840755691562806,3,100,1000,5,6000,A3,Ours,0.8840000000000146
10.271225813409565,3,100,1000,5,6000,core,Ours,0.8840000000000146
3.0277583298893296,3,100,1000,5,6000,A1,HOSVD,1.4409999999998035
0.028425670025268305,3,100,1000,5,6000,A2,HOSVD,1.4409999999998035
0.08836045139232858,3,100,1000,5,6000,A3,HOSVD,1.4409999999998035
10.271165915558225,3,100,1000,5,6000,core,HOSVD,1.4409999999998035
3.0141472321215135,3,100,1000,5,6000,A1,HOOI,2.0770000000002256
0.03430554062461181,3,100,1000,5,6000,A2,HOOI,2.0770000000002256
0.08833556842504757,3,100,1000,5,6000,A3,HOOI,2.0770000000002256
10.270691480227036,3,100,1000,5,6000,core,HOOI,2.0770000000002256
2.2869634494564006,3,100,1000,5,6000,A1,Olga,1.8510000000001128
0.04296995631920152,3,100,1000,5,6000,A2,Olga,1.8510000000001128
1.333323051472931,3,100,1000,5,6000,A3,Tracy,1.8510000000001128
10.140500403659464,3,100,1000,5,6000,core,Tracy_Olga,1.8510000000001128
2.360068264227439,3,100,4993,5,6000,A1,NTD,163.8499999999999
4.540008684803257,3,100,4993,5,6000,A2,NTD,163.8499999999999
4990.038177247255,3,100,4993,5,6000,A3,NTD,163.8499999999999
10.077726304644354,3,100,4993,5,6000,core,NTD,163.8499999999999
2.242883188388506,3,100,4993,5,6000,A1,Ours,5.431999999999789
0.0309951147394342,3,100,4993,5,6000,A2,Ours,5.431999999999789
2.479485621744675,3,100,4993,5,6000,A3,Ours,5.431999999999789
7.748565183873259,3,100,4993,5,6000,core,Ours,5.431999999999789
2.242883188388506,3,100,4993,5,6000,A1,HOSVD,1.800000000000182
0.0309951147394342,3,100,4993,5,6000,A2,HOSVD,1.800000000000182
2.4719184444765387,3,100,4993,5,6000,A3,HOSVD,1.800000000000182
7.733953778669775,3,100,4993,5,6000,core,HOSVD,1.800000000000182
2.255431635147105,3,100,4993,5,6000,A1,HOOI,5.157999999999902
0.02991522935906148,3,100,4993,5,6000,A2,HOOI,5.157999999999902
2.7703030402762137,3,100,4993,5,6000,A3,HOOI,5.157999999999902
8.882849207086178,3,100,4993,5,6000,core,HOOI,5.157999999999902
2.12844899502559,3,100,4993,5,6000,A1,Olga,2.9410000000002583
0.04964789560514594,3,100,4993,5,6000,A2,Olga,2.9410000000002583
2.92365486955637,3,100,4993,5,6000,A3,Tracy,2.9410000000002583
7.787574906091279,3,100,4993,5,6000,core,Tracy_Olga,2.9410000000002583
3.8658779583660943,3,100,9971,5,6000,A1,NTD,337.00999999999976
2.8567337030315847,3,100,9971,5,6000,A2,NTD,337.00999999999976
9968.060098780992,3,100,9971,5,6000,A3,NTD,337.00999999999976
12.60390142673894,3,100,9971,5,6000,core,NTD,337.00999999999976
2.24800705941099,3,100,9971,5,6000,A1,Ours,14.246999999999844
0.020229791270471847,3,100,9971,5,6000,A2,Ours,14.246999999999844
2.5467180870382786,3,100,9971,5,6000,A3,Ours,14.246999999999844
7.9228685088989845,3,100,9971,5,6000,core,Ours,14.246999999999844
2.24800705941099,3,100,9971,5,6000,A1,HOSVD,3.18100000000004
0.020229791270471847,3,100,9971,5,6000,A2,HOSVD,3.18100000000004
2.5256937794384147,3,100,9971,5,6000,A3,HOSVD,3.18100000000004
7.919117309093698,3,100,9971,5,6000,core,HOSVD,3.18100000000004
2.242316049946553,3,100,9971,5,6000,A1,HOOI,11.452000000000226
0.025287664025819504,3,100,9971,5,6000,A2,HOOI,11.452000000000226
2.526311435491162,3,100,9971,5,6000,A3,HOOI,11.452000000000226
7.921759369536379,3,100,9971,5,6000,core,HOOI,11.452000000000226
3.037079267148612,3,100,9971,5,6000,A1,Olga,7.532999999999902
0.2583632090924811,3,100,9971,5,6000,A2,Olga,7.532999999999902
2.816535255860458,3,100,9971,5,6000,A3,Tracy,7.532999999999902
7.902661034738313,3,100,9971,5,6000,core,Tracy_Olga,7.532999999999902
2.128624127754742,3,100,1000,5,7000,A1,NTD,28.720000000000255
2.2003620965310438,3,100,1000,5,7000,A2,NTD,28.720000000000255
997.0000398568116,3,100,1000,5,7000,A3,NTD,28.720000000000255
8.028221846930283,3,100,1000,5,7000,core,NTD,28.720000000000255
2.247671873772717,3,100,1000,5,7000,A1,Ours,0.4670000000000982
0.023384439923157557,3,100,1000,5,7000,A2,Ours,0.4670000000000982
0.1817412848837239,3,100,1000,5,7000,A3,Ours,0.4670000000000982
10.077679583461062,3,100,1000,5,7000,core,Ours,0.4670000000000982
2.247671873772717,3,100,1000,5,7000,A1,HOSVD,0.43200000000024374
0.023384439923157557,3,100,1000,5,7000,A2,HOSVD,0.43200000000024374
0.18164326426523017,3,100,1000,5,7000,A3,HOSVD,0.43200000000024374
10.078040170247855,3,100,1000,5,7000,core,HOSVD,0.43200000000024374
2.24673548574588,3,100,1000,5,7000,A1,HOOI,0.9079999999999018
0.022074463978768458,3,100,1000,5,7000,A2,HOOI,0.9079999999999018
0.1851870890396826,3,100,1000,5,7000,A3,HOOI,0.9079999999999018
10.071916238919822,3,100,1000,5,7000,core,HOOI,0.9079999999999018
2.0936358414746166,3,100,1000,5,7000,A1,Olga,0.4960000000000946
0.029140784646348557,3,100,1000,5,7000,A2,Olga,0.4960000000000946
1.3404452442310684,3,100,1000,5,7000,A3,Tracy,0.4960000000000946
9.951382531787818,3,100,1000,5,7000,core,Tracy_Olga,0.4960000000000946
2.062875602809295,3,100,4995,5,7000,A1,NTD,154.82700000000023
2.773958917427708,3,100,4995,5,7000,A2,NTD,154.82700000000023
4992.038814348886,3,100,4995,5,7000,A3,NTD,154.82700000000023
12.875423600891107,3,100,4995,5,7000,core,NTD,154.82700000000023
2.912748177943776,3,100,4995,5,7000,A1,Ours,15.463000000000193
0.019229751113015767,3,100,4995,5,7000,A2,Ours,15.463000000000193
2.543274377734005,3,100,4995,5,7000,A3,Ours,15.463000000000193
10.27430736891275,3,100,4995,5,7000,core,Ours,15.463000000000193
2.912748177943776,3,100,4995,5,7000,A1,HOSVD,12.916999999999916
0.019229751113015767,3,100,4995,5,7000,A2,HOSVD,12.916999999999916
2.539380939901679,3,100,4995,5,7000,A3,HOSVD,12.916999999999916
10.274979409163887,3,100,4995,5,7000,core,HOSVD,12.916999999999916
2.9075746462195737,3,100,4995,5,7000,A1,HOOI,15.726999999999862
0.014313242124754832,3,100,4995,5,7000,A2,HOOI,15.726999999999862
2.5406053709436835,3,100,4995,5,7000,A3,HOOI,15.726999999999862
10.261798587742303,3,100,4995,5,7000,core,HOOI,15.726999999999862
2.124988194596781,3,100,4995,5,7000,A1,Olga,11.69900000000007
0.04418829557997073,3,100,4995,5,7000,A2,Olga,11.69900000000007
2.8197690172470824,3,100,4995,5,7000,A3,Tracy,11.69900000000007
7.919254285468483,3,100,4995,5,7000,core,Tracy_Olga,11.69900000000007
1.9109743573601388,3,100,9974,5,7000,A1,NTD,333.9600000000005
2.931937980498655,3,100,9974,5,7000,A2,NTD,333.9600000000005
9971.051797261525,3,100,9974,5,7000,A3,NTD,333.9600000000005
9.6256217179375,3,100,9974,5,7000,core,NTD,333.9600000000005
3.022240540775774,3,100,9974,5,7000,A1,Ours,13.882000000000517
0.03350893284570308,3,100,9974,5,7000,A2,Ours,13.882000000000517
2.526121373557157,3,100,9974,5,7000,A3,Ours,13.882000000000517
12.682059882005813,3,100,9974,5,7000,core,Ours,13.882000000000517
3.022240540775774,3,100,9974,5,7000,A1,HOSVD,4.1599999999998545
0.03350893284570308,3,100,9974,5,7000,A2,HOSVD,4.1599999999998545
2.508898107404437,3,100,9974,5,7000,A3,HOSVD,4.1599999999998545
12.677534345470248,3,100,9974,5,7000,core,HOSVD,4.1599999999998545
3.0223186020084847,3,100,9974,5,7000,A1,HOOI,11.527000000000044
0.02799711490009871,3,100,9974,5,7000,A2,HOOI,11.527000000000044
3.9275798811434854,3,100,9974,5,7000,A3,HOOI,11.527000000000044
12.901973586301631,3,100,9974,5,7000,core,HOOI,11.527000000000044
2.150675436496489,3,100,9974,5,7000,A1,Olga,8.882000000000517
0.1096480351883568,3,100,9974,5,7000,A2,Olga,8.882000000000517
2.846589871605687,3,100,9974,5,7000,A3,Tracy,8.882000000000517
12.67284698225197,3,100,9974,5,7000,core,Tracy_Olga,8.882000000000517
2.7426162255812105,3,100,1000,5,8000,A1,NTD,28.653000000000247
2.4499473813168016,3,100,1000,5,8000,A2,NTD,28.653000000000247
997.0000625898294,3,100,1000,5,8000,A3,NTD,28.653000000000247
12.313102666496244,3,100,1000,5,8000,core,NTD,28.653000000000247
2.5019461820135964,3,100,1000,5,8000,A1,Ours,0.47000000000025466
0.007826428660449601,3,100,1000,5,8000,A2,Ours,0.47000000000025466
0.07625397786875535,3,100,1000,5,8000,A3,Ours,0.47000000000025466
9.697106440237798,3,100,1000,5,8000,core,Ours,0.47000000000025466
2.5019461820135964,3,100,1000,5,8000,A1,HOSVD,0.6130000000002838
0.007826428660449601,3,100,1000,5,8000,A2,HOSVD,0.6130000000002838
0.0761852880239818,3,100,1000,5,8000,A3,HOSVD,0.6130000000002838
9.696966905767296,3,100,1000,5,8000,core,HOSVD,0.6130000000002838
2.507518822926046,3,100,1000,5,8000,A1,HOOI,0.7269999999998618
0.0037149383519408143,3,100,1000,5,8000,A2,HOOI,0.7269999999998618
0.07630255572392668,3,100,1000,5,8000,A3,HOOI,0.7269999999998618
9.696715572835712,3,100,1000,5,8000,core,HOOI,0.7269999999998618
1.623901477597898,3,100,1000,5,8000,A1,Olga,0.6420000000007349
0.03462034069054688,3,100,1000,5,8000,A2,Olga,0.6420000000007349
1.3328995587888828,3,100,1000,5,8000,A3,Tracy,0.6420000000007349
7.236602334908473,3,100,1000,5,8000,core,Tracy_Olga,0.6420000000007349
4.023440641352477,3,100,4996,5,8000,A1,NTD,157.60500000000047
3.132102195178627,3,100,4996,5,8000,A2,NTD,157.60500000000047
4993.029572074895,3,100,4996,5,8000,A3,NTD,157.60500000000047
12.033695251512201,3,100,4996,5,8000,core,NTD,157.60500000000047
2.248664059721454,3,100,4996,5,8000,A1,Ours,5.210999999999331
0.010242778772698118,3,100,4996,5,8000,A2,Ours,5.210999999999331
2.479523165935475,3,100,4996,5,8000,A3,Ours,5.210999999999331
12.997563072864603,3,100,4996,5,8000,core,Ours,5.210999999999331
2.248664059721454,3,100,4996,5,8000,A1,HOSVD,1.8029999999998836
0.010242778772698118,3,100,4996,5,8000,A2,HOSVD,1.8029999999998836
2.47581713977163,3,100,4996,5,8000,A3,HOSVD,1.8029999999998836
12.996578382832695,3,100,4996,5,8000,core,HOSVD,1.8029999999998836
2.2565867797499735,3,100,4996,5,8000,A1,HOOI,4.311999999999898
0.00956284660192499,3,100,4996,5,8000,A2,HOOI,4.311999999999898
2.4762489343647838,3,100,4996,5,8000,A3,HOOI,4.311999999999898
13.00716647125986,3,100,4996,5,8000,core,HOOI,4.311999999999898
1.8413403015914476,3,100,4996,5,8000,A1,Olga,2.6719999999995707
0.03068940055924493,3,100,4996,5,8000,A2,Olga,2.6719999999995707
2.8638335606466088,3,100,4996,5,8000,A3,Tracy,2.6719999999995707
12.98926471481163,3,100,4996,5,8000,core,Tracy_Olga,2.6719999999995707
2.3769486792288363,3,100,9982,5,8000,A1,NTD,335.1729999999998
3.079491882077038,3,100,9982,5,8000,A2,NTD,335.1729999999998
9979.053229933395,3,100,9982,5,8000,A3,NTD,335.1729999999998
11.14933070550051,3,100,9982,5,8000,core,NTD,335.1729999999998
2.075088791921074,3,100,9982,5,8000,A1,Ours,14.00799999999981
0.021941419689783026,3,100,9982,5,8000,A2,Ours,14.00799999999981
2.535670222318766,3,100,9982,5,8000,A3,Ours,14.00799999999981
7.944663624624535,3,100,9982,5,8000,core,Ours,14.00799999999981
2.075088791921074,3,100,9982,5,8000,A1,HOSVD,3.082999999999629
0.021941419689783026,3,100,9982,5,8000,A2,HOSVD,3.082999999999629
2.523912781871718,3,100,9982,5,8000,A3,HOSVD,3.082999999999629
7.942299455250331,3,100,9982,5,8000,core,HOSVD,3.082999999999629
2.0752707669254113,3,100,9982,5,8000,A1,HOOI,11.728000000000065
0.027795227284133743,3,100,9982,5,8000,A2,HOOI,11.728000000000065
2.524443566586417,3,100,9982,5,8000,A3,HOOI,11.728000000000065
7.934246853101522,3,100,9982,5,8000,core,HOOI,11.728000000000065
1.6873784972325598,3,100,9982,5,8000,A1,Olga,6.706000000000131
0.08013450511457731,3,100,9982,5,8000,A2,Olga,6.706000000000131
2.8180567141998676,3,100,9982,5,8000,A3,Tracy,6.706000000000131
7.933657818582521,3,100,9982,5,8000,core,Tracy_Olga,6.706000000000131
2.5342372606112,3,100,1000,5,9000,A1,NTD,28.610999999999876
0.6706572960630506,3,100,1000,5,9000,A2,NTD,28.610999999999876
997.0000567659829,3,100,1000,5,9000,A3,NTD,28.610999999999876
12.553081201891654,3,100,1000,5,9000,core,NTD,28.610999999999876
1.773772144145765,3,100,1000,5,9000,A1,Ours,0.5620000000008076
0.01417619078592328,3,100,1000,5,9000,A2,Ours,0.5620000000008076
0.08053683740619004,3,100,1000,5,9000,A3,Ours,0.5620000000008076
12.46967525183025,3,100,1000,5,9000,core,Ours,0.5620000000008076
1.773772144145765,3,100,1000,5,9000,A1,HOSVD,0.918999999999869
0.01417619078592328,3,100,1000,5,9000,A2,HOSVD,0.918999999999869
0.08049698410931255,3,100,1000,5,9000,A3,HOSVD,0.918999999999869
12.469699034468361,3,100,1000,5,9000,core,HOSVD,0.918999999999869
1.7680612218459535,3,100,1000,5,9000,A1,HOOI,0.8569999999999709
0.017279046412500755,3,100,1000,5,9000,A2,HOOI,0.8569999999999709
0.08053850992509985,3,100,1000,5,9000,A3,HOOI,0.8569999999999709
12.46859318692009,3,100,1000,5,9000,core,HOOI,0.8569999999999709
1.840496557321469,3,100,1000,5,9000,A1,Olga,0.5860000000002401
0.011782055446590153,3,100,1000,5,9000,A2,Olga,0.5860000000002401
1.3385137451548434,3,100,1000,5,9000,A3,Tracy,0.5860000000002401
12.879755902810178,3,100,1000,5,9000,core,Tracy_Olga,0.5860000000002401
2.191989755425469,3,100,4996,5,9000,A1,NTD,156.4979999999996
3.0919010860421077,3,100,4996,5,9000,A2,NTD,156.4979999999996
4993.029087068102,3,100,4996,5,9000,A3,NTD,156.4979999999996
9.568512003640096,3,100,4996,5,9000,core,NTD,156.4979999999996
1.6816688064751573,3,100,4996,5,9000,A1,Ours,5.666999999999462
0.014710956057263079,3,100,4996,5,9000,A2,Ours,5.666999999999462
2.488238326554496,3,100,4996,5,9000,A3,Ours,5.666999999999462
12.925635128238588,3,100,4996,5,9000,core,Ours,5.666999999999462
1.6816688064751573,3,100,4996,5,9000,A1,HOSVD,2.399999999999636
0.014710956057263079,3,100,4996,5,9000,A2,HOSVD,2.399999999999636
2.485392891556049,3,100,4996,5,9000,A3,HOSVD,2.399999999999636
12.924910675213921,3,100,4996,5,9000,core,HOSVD,2.399999999999636
1.688148969112453,3,100,4996,5,9000,A1,HOOI,4.6469999999999345
0.015236677964254165,3,100,4996,5,9000,A2,HOOI,4.6469999999999345
2.487252644464557,3,100,4996,5,9000,A3,HOOI,4.6469999999999345
12.926435304401467,3,100,4996,5,9000,core,HOOI,4.6469999999999345
2.370414261509952,3,100,4996,5,9000,A1,Olga,2.675999999999476
0.03637839237936892,3,100,4996,5,9000,A2,Olga,2.675999999999476
2.850742533477263,3,100,4996,5,9000,A3,Tracy,2.675999999999476
12.932140486190814,3,100,4996,5,9000,core,Tracy_Olga,2.675999999999476
1.9159415775586959,3,100,9985,5,9000,A1,NTD,339.067
3.1156276191344845,3,100,9985,5,9000,A2,NTD,339.067
9982.05745554618,3,100,9985,5,9000,A3,NTD,339.067
11.486739900208981,3,100,9985,5,9000,core,NTD,339.067
1.4579777186943403,3,100,9985,5,9000,A1,Ours,14.291000000000167
0.022556254372115402,3,100,9985,5,9000,A2,Ours,14.291000000000167
2.5338768242557435,3,100,9985,5,9000,A3,Ours,14.291000000000167
13.073835183116769,3,100,9985,5,9000,core,Ours,14.291000000000167
1.4579777186943403,3,100,9985,5,9000,A1,HOSVD,3.324999999999818
0.022556254372115402,3,100,9985,5,9000,A2,HOSVD,3.324999999999818
2.524358165555593,3,100,9985,5,9000,A3,HOSVD,3.324999999999818
13.071693652164265,3,100,9985,5,9000,core,HOSVD,3.324999999999818
1.4568169354167306,3,100,9985,5,9000,A1,HOOI,11.943999999999505
0.022172960847945407,3,100,9985,5,9000,A2,HOOI,11.943999999999505
2.526047055001993,3,100,9985,5,9000,A3,HOOI,11.943999999999505
13.07232258684258,3,100,9985,5,9000,core,HOOI,11.943999999999505
2.2797863938917264,3,100,9985,5,9000,A1,Olga,6.935999999999694
0.09327274134013051,3,100,9985,5,9000,A2,Olga,6.935999999999694
2.8147677742891224,3,100,9985,5,9000,A3,Tracy,6.935999999999694
14.106347680692554,3,100,9985,5,9000,core,Tracy_Olga,6.935999999999694
2.126882957837699,3,100,1000,5,10000,A1,NTD,28.118999999999687
1.1489329626287061,3,100,1000,5,10000,A2,NTD,28.118999999999687
997.0000959358161,3,100,1000,5,10000,A3,NTD,28.118999999999687
11.215400770355531,3,100,1000,5,10000,core,NTD,28.118999999999687
1.9951143585287983,3,100,1000,5,10000,A1,Ours,0.5210000000006403
0.012822538074650423,3,100,1000,5,10000,A2,Ours,0.5210000000006403
0.08550048957037867,3,100,1000,5,10000,A3,Ours,0.5210000000006403
9.691424027839451,3,100,1000,5,10000,core,Ours,0.5210000000006403
1.9951143585287983,3,100,1000,5,10000,A1,HOSVD,0.4859999999998763
0.012822538074650423,3,100,1000,5,10000,A2,HOSVD,0.4859999999998763
0.0854436615919107,3,100,1000,5,10000,A3,HOSVD,0.4859999999998763
9.691346131133729,3,100,1000,5,10000,core,HOSVD,0.4859999999998763
1.992873651110495,3,100,1000,5,10000,A1,HOOI,0.7049999999999272
0.011264761772683334,3,100,1000,5,10000,A2,HOOI,0.7049999999999272
0.08475859205975389,3,100,1000,5,10000,A3,HOOI,0.7049999999999272
9.691712842511055,3,100,1000,5,10000,core,HOOI,0.7049999999999272
1.8120859579250834,3,100,1000,5,10000,A1,Olga,0.43800000000010186
0.024621873610642574,3,100,1000,5,10000,A2,Olga,0.43800000000010186
1.3340610822237569,3,100,1000,5,10000,A3,Tracy,0.43800000000010186
12.494204453728255,3,100,1000,5,10000,core,Tracy_Olga,0.43800000000010186
2.4457518079278846,3,100,4996,5,10000,A1,NTD,153.60099999999966
3.7867217601859724,3,100,4996,5,10000,A2,NTD,153.60099999999966
4993.024392768273,3,100,4996,5,10000,A3,NTD,153.60099999999966
11.905264813724518,3,100,4996,5,10000,core,NTD,153.60099999999966
2.603980176657199,3,100,4996,5,10000,A1,Ours,4.356999999999971
0.008485677466853666,3,100,4996,5,10000,A2,Ours,4.356999999999971
2.486596742225836,3,100,4996,5,10000,A3,Ours,4.356999999999971
10.095831938743697,3,100,4996,5,10000,core,Ours,4.356999999999971
2.603980176657199,3,100,4996,5,10000,A1,HOSVD,1.6279999999997017
0.008485677466853666,3,100,4996,5,10000,A2,HOSVD,1.6279999999997017
2.4842570114278852,3,100,4996,5,10000,A3,HOSVD,1.6279999999997017
10.096512998628446,3,100,4996,5,10000,core,HOSVD,1.6279999999997017
2.602579093638066,3,100,4996,5,10000,A1,HOOI,4.479000000000269
0.012285416924025128,3,100,4996,5,10000,A2,HOOI,4.479000000000269
2.4865360824866056,3,100,4996,5,10000,A3,HOOI,4.479000000000269
10.097565030288104,3,100,4996,5,10000,core,HOOI,4.479000000000269
1.760185550050837,3,100,4996,5,10000,A1,Olga,2.505000000000109
0.041552213095636774,3,100,4996,5,10000,A2,Olga,2.505000000000109
2.8603216669159415,3,100,4996,5,10000,A3,Tracy,2.505000000000109
7.752834066639578,3,100,4996,5,10000,core,Tracy_Olga,2.505000000000109
1.8651356636555447,3,100,9982,5,10000,A1,NTD,320.2570000000005
3.518939030161032,3,100,9982,5,10000,A2,NTD,320.2570000000005
9979.053191182418,3,100,9982,5,10000,A3,NTD,320.2570000000005
7.521361279670647,3,100,9982,5,10000,core,NTD,320.2570000000005
1.331026246311466,3,100,9982,5,10000,A1,Ours,11.47900000000027
0.009451354174569666,3,100,9982,5,10000,A2,Ours,11.47900000000027
2.522680402938364,3,100,9982,5,10000,A3,Ours,11.47900000000027
12.704027568026564,3,100,9982,5,10000,core,Ours,11.47900000000027
1.331026246311466,3,100,9982,5,10000,A1,HOSVD,2.6790000000000873
0.009451354174569666,3,100,9982,5,10000,A2,HOSVD,2.6790000000000873
2.514620243389937,3,100,9982,5,10000,A3,HOSVD,2.6790000000000873
12.701047575266285,3,100,9982,5,10000,core,HOSVD,2.6790000000000873
1.3344003303480516,3,100,9982,5,10000,A1,HOOI,9.309000000000196
0.004533282309995221,3,100,9982,5,10000,A2,HOOI,9.309000000000196
2.5149885551668367,3,100,9982,5,10000,A3,HOOI,9.309000000000196
12.695708938211885,3,100,9982,5,10000,core,HOOI,9.309000000000196
2.2722668978423863,3,100,9982,5,10000,A1,Olga,5.6580000000003565
0.13322288819101388,3,100,9982,5,10000,A2,Olga,5.6580000000003565
2.832068035232663,3,100,9982,5,10000,A3,Tracy,5.6580000000003565
14.095327777323194,3,100,9982,5,10000,core,Tracy_Olga,5.6580000000003565
