error,K,Q1,R,Q2,M,mode,method,time
12.291914474531188,3,100,100,5,100,A1,NTD,4.44
0.4704640148153578,3,100,100,5,100,A2,NTD,4.44
97.00325891808369,3,100,100,5,100,A3,NTD,4.44
11.303654844672426,3,100,100,5,100,core,NTD,4.44
13.53223889933942,3,100,100,5,100,A1,Ours,2.5150000000000006
0.06351879159896962,3,100,100,5,100,A2,Ours,2.5150000000000006
0.2773040508289799,3,100,100,5,100,A3,Ours,2.5150000000000006
12.852359177432847,3,100,100,5,100,core,Ours,2.5150000000000006
13.53223889933942,3,100,100,5,100,A1,HOSVD,2.8369999999999997
0.06351879159896962,3,100,100,5,100,A2,HOSVD,2.8369999999999997
0.2845188671369194,3,100,100,5,100,A3,HOSVD,2.8369999999999997
12.857408208034052,3,100,100,5,100,core,HOSVD,2.8369999999999997
14.31681450039198,3,100,100,5,100,A1,HOOI,2.5070000000000014
0.0586238086185406,3,100,100,5,100,A2,HOOI,2.5070000000000014
0.27075823738377547,3,100,100,5,100,A3,HOOI,2.5070000000000014
12.794931946628607,3,100,100,5,100,core,HOOI,2.5070000000000014
15.527651844227819,3,100,100,5,100,A1,Olga,1.7979999999999983
0.08911855526629346,3,100,100,5,100,A2,Olga,1.7979999999999983
1.0780501558793323,3,100,100,5,100,A3,Tracy,1.7979999999999983
12.865825392298692,3,100,100,5,100,core,Tracy_Olga,1.7979999999999983
7.645955511732876,3,100,497,5,100,A1,NTD,20.516000000000002
2.1030606002198975,3,100,497,5,100,A2,NTD,20.516000000000002
494.2066323212897,3,100,497,5,100,A3,NTD,20.516000000000002
12.033475968406194,3,100,497,5,100,core,NTD,20.516000000000002
18.389837577024633,3,100,497,5,100,A1,Ours,3.387999999999998
0.0812762846240871,3,100,497,5,100,A2,Ours,3.387999999999998
2.784540766275294,3,100,497,5,100,A3,Ours,3.387999999999998
10.967753011749872,3,100,497,5,100,core,Ours,3.387999999999998
18.389837577024633,3,100,497,5,100,A1,HOSVD,4.018999999999998
0.0812762846240871,3,100,497,5,100,A2,HOSVD,4.018999999999998
2.41477307403735,3,100,497,5,100,A3,HOSVD,4.018999999999998
12.662912556261759,3,100,497,5,100,core,HOSVD,4.018999999999998
18.18804947455036,3,100,497,5,100,A1,HOOI,3.8389999999999986
0.06743573516396964,3,100,497,5,100,A2,HOOI,3.8389999999999986
2.472531630051762,3,100,497,5,100,A3,HOOI,3.8389999999999986
12.442914157177277,3,100,497,5,100,core,HOOI,3.8389999999999986
20.13363300732449,3,100,497,5,100,A1,Olga,3.6030000000000015
0.769429490272168,3,100,497,5,100,A2,Olga,3.6030000000000015
2.6934719195095593,3,100,497,5,100,A3,Tracy,3.6030000000000015
12.987391804690576,3,100,497,5,100,core,Tracy_Olga,3.6030000000000015
21.94644381519869,3,100,988,5,100,A1,NTD,39.336999999999996
2.3342503507309686,3,100,988,5,100,A2,NTD,39.336999999999996
985.2319725741988,3,100,988,5,100,A3,NTD,39.336999999999996
9.500708596148723,3,100,988,5,100,core,NTD,39.336999999999996
17.264589546031804,3,100,988,5,100,A1,Ours,12.988
0.1616413549902514,3,100,988,5,100,A2,Ours,12.988
3.2982753207849886,3,100,988,5,100,A3,Ours,12.988
12.968217049254607,3,100,988,5,100,core,Ours,12.988
17.264589546031804,3,100,988,5,100,A1,HOSVD,9.442000000000007
0.1616413549902514,3,100,988,5,100,A2,HOSVD,9.442000000000007
2.5451046238857686,3,100,988,5,100,A3,HOSVD,9.442000000000007
9.781628602135896,3,100,988,5,100,core,HOSVD,9.442000000000007
17.920429612789945,3,100,988,5,100,A1,HOOI,10.075999999999993
0.13523839261310727,3,100,988,5,100,A2,HOOI,10.075999999999993
2.570284356423433,3,100,988,5,100,A3,HOOI,10.075999999999993
12.667614035129281,3,100,988,5,100,core,HOOI,10.075999999999993
27.306487253725873,3,100,988,5,100,A1,Olga,7.2590000000000146
0.572617082997156,3,100,988,5,100,A2,Olga,7.2590000000000146
2.806285187940692,3,100,988,5,100,A3,Tracy,7.2590000000000146
11.344089020848308,3,100,988,5,100,core,Tracy_Olga,7.2590000000000146
45.15011645005271,3,100,2380,5,100,A1,NTD,89.59299999999999
4.334151597396762,3,100,2380,5,100,A2,NTD,89.59299999999999
2377.4268630338906,3,100,2380,5,100,A3,NTD,89.59299999999999
11.357410983445522,3,100,2380,5,100,core,NTD,89.59299999999999
32.610807855627094,3,100,2380,5,100,A1,Ours,8.26400000000001
0.0720711146947763,3,100,2380,5,100,A2,Ours,8.26400000000001
5.223374489099251,3,100,2380,5,100,A3,Ours,8.26400000000001
11.785945132851445,3,100,2380,5,100,core,Ours,8.26400000000001
32.610807855627094,3,100,2380,5,100,A1,HOSVD,5.1270000000000095
0.0720711146947763,3,100,2380,5,100,A2,HOSVD,5.1270000000000095
2.6564327880395444,3,100,2380,5,100,A3,HOSVD,5.1270000000000095
12.965066096797022,3,100,2380,5,100,core,HOSVD,5.1270000000000095
32.73780983465452,3,100,2380,5,100,A1,HOOI,6.3700000000000045
0.04614679274131572,3,100,2380,5,100,A2,HOOI,6.3700000000000045
2.6943929061331087,3,100,2380,5,100,A3,HOOI,6.3700000000000045
12.995008153411934,3,100,2380,5,100,core,HOOI,6.3700000000000045
38.067203628323014,3,100,2380,5,100,A1,Olga,1.2520000000000095
0.9314539248397365,3,100,2380,5,100,A2,Olga,1.2520000000000095
3.044502403592025,3,100,2380,5,100,A3,Tracy,1.2520000000000095
11.753625760839203,3,100,2380,5,100,core,Tracy_Olga,1.2520000000000095
116.7522949876379,3,100,4491,5,100,A1,NTD,161.789
2.4783016308551926,3,100,4491,5,100,A2,NTD,161.789
4488.551809072486,3,100,4491,5,100,A3,NTD,161.789
10.298191391300158,3,100,4491,5,100,core,NTD,161.789
16.057954085493577,3,100,4491,5,100,A1,Ours,17.25999999999999
0.14626646944446503,3,100,4491,5,100,A2,Ours,17.25999999999999
4.990967342183057,3,100,4491,5,100,A3,Ours,17.25999999999999
8.469172371694796,3,100,4491,5,100,core,Ours,17.25999999999999
16.057954085493577,3,100,4491,5,100,A1,HOSVD,14.742000000000019
0.14626646944446503,3,100,4491,5,100,A2,HOSVD,14.742000000000019
2.7409473239820326,3,100,4491,5,100,A3,HOSVD,14.742000000000019
13.096526807934259,3,100,4491,5,100,core,HOSVD,14.742000000000019
117.49503656395129,3,100,5290,5,100,A1,NTD,180.03799999999995
2.3341901754031995,3,100,5290,5,100,A2,NTD,180.03799999999995
5287.57333899971,3,100,5290,5,100,A3,NTD,180.03799999999995
10.391212809781447,3,100,5290,5,100,core,NTD,180.03799999999995
18.551324909143972,3,100,5290,5,100,A1,Ours,6.731999999999971
0.1200936468623667,3,100,5290,5,100,A2,Ours,6.731999999999971
5.18642982163257,3,100,5290,5,100,A3,Ours,6.731999999999971
9.987713351113268,3,100,5290,5,100,core,Ours,6.731999999999971
18.551324909143972,3,100,5290,5,100,A1,HOSVD,3.2049999999999272
0.1200936468623667,3,100,5290,5,100,A2,HOSVD,3.2049999999999272
3.9856312529082043,3,100,5290,5,100,A3,HOSVD,3.2049999999999272
9.443392988735036,3,100,5290,5,100,core,HOSVD,3.2049999999999272
18.450713371349618,3,100,5290,5,100,A1,HOOI,14.241999999999962
0.07971581032145078,3,100,5290,5,100,A2,HOOI,14.241999999999962
2.873659234534085,3,100,5290,5,100,A3,HOOI,14.241999999999962
10.93343333181733,3,100,5290,5,100,core,HOOI,14.241999999999962
77.61448884729053,3,100,5290,5,100,A1,Olga,9.689000000000078
1.358205906592408,3,100,5290,5,100,A2,Olga,9.689000000000078
3.819244356533191,3,100,5290,5,100,A3,Tracy,9.689000000000078
9.29532570301963,3,100,5290,5,100,core,Tracy_Olga,9.689000000000078
118.8663275961361,3,100,6030,5,100,A1,NTD,217.38200000000006
3.9380747858524807,3,100,6030,5,100,A2,NTD,217.38200000000006
6027.530896975235,3,100,6030,5,100,A3,NTD,217.38200000000006
10.289022873339205,3,100,6030,5,100,core,NTD,217.38200000000006
18.455977114637907,3,100,6030,5,100,A1,Ours,6.657000000000039
0.12722872917954337,3,100,6030,5,100,A2,Ours,6.657000000000039
5.416299474489775,3,100,6030,5,100,A3,Ours,6.657000000000039
10.146526186701786,3,100,6030,5,100,core,Ours,6.657000000000039
18.455977114637907,3,100,6030,5,100,A1,HOSVD,2.4150000000000773
0.12722872917954337,3,100,6030,5,100,A2,HOSVD,2.4150000000000773
3.919726716990479,3,100,6030,5,100,A3,HOSVD,2.4150000000000773
8.680153402738325,3,100,6030,5,100,core,HOSVD,2.4150000000000773
84.71405098891717,3,100,6030,5,100,A1,Olga,3.1829999999999927
1.6395046283744072,3,100,6030,5,100,A2,Olga,3.1829999999999927
3.9279558820338467,3,100,6030,5,100,A3,Tracy,3.1829999999999927
11.274900837161399,3,100,6030,5,100,core,Tracy_Olga,3.1829999999999927
125.26860936340694,3,100,6762,5,100,A1,NTD,212.03099999999995
4.103037363652597,3,100,6762,5,100,A2,NTD,212.03099999999995
6759.507461808324,3,100,6762,5,100,A3,NTD,212.03099999999995
10.951413614517874,3,100,6762,5,100,core,NTD,212.03099999999995
20.287029713390435,3,100,6762,5,100,A1,Ours,14.529999999999973
0.27011088183963905,3,100,6762,5,100,A2,Ours,14.529999999999973
5.07515588352503,3,100,6762,5,100,A3,Ours,14.529999999999973
13.977531475819243,3,100,6762,5,100,core,Ours,14.529999999999973
20.287029713390435,3,100,6762,5,100,A1,HOSVD,10.00500000000011
0.27011088183963905,3,100,6762,5,100,A2,HOSVD,10.00500000000011
4.638178477439921,3,100,6762,5,100,A3,HOSVD,10.00500000000011
10.628741144541971,3,100,6762,5,100,core,HOSVD,10.00500000000011
20.442667572349137,3,100,6762,5,100,A1,HOOI,10.365000000000009
0.30956543211747156,3,100,6762,5,100,A2,HOOI,10.365000000000009
2.9383225876294126,3,100,6762,5,100,A3,HOOI,10.365000000000009
13.55902410895387,3,100,6762,5,100,core,HOOI,10.365000000000009
93.6269909206927,3,100,6762,5,100,A1,Olga,9.116999999999962
1.0362838441100146,3,100,6762,5,100,A2,Olga,9.116999999999962
4.306659969881058,3,100,6762,5,100,A3,Tracy,9.116999999999962
11.173860974847013,3,100,6762,5,100,core,Tracy_Olga,9.116999999999962
119.35724772717514,3,100,7447,5,100,A1,NTD,238.58400000000006
2.8535446402954308,3,100,7447,5,100,A2,NTD,238.58400000000006
7444.631199513279,3,100,7447,5,100,A3,NTD,238.58400000000006
10.188501486242233,3,100,7447,5,100,core,NTD,238.58400000000006
18.932928753533748,3,100,7447,5,100,A1,Ours,9.360000000000127
0.13924728666083463,3,100,7447,5,100,A2,Ours,9.360000000000127
5.335766907643442,3,100,7447,5,100,A3,Ours,9.360000000000127
13.32681327816302,3,100,7447,5,100,core,Ours,9.360000000000127
19.511084090374062,3,100,7447,5,100,A1,HOOI,12.620000000000118
0.10610667049253736,3,100,7447,5,100,A2,HOOI,12.620000000000118
3.940499022689853,3,100,7447,5,100,A3,HOOI,12.620000000000118
11.997611901170938,3,100,7447,5,100,core,HOOI,12.620000000000118
73.93456888029891,3,100,7447,5,100,A1,Olga,5.2999999999999545
0.6258532012365123,3,100,7447,5,100,A2,Olga,5.2999999999999545
4.919722997981272,3,100,7447,5,100,A3,Tracy,5.2999999999999545
11.815163369959063,3,100,7447,5,100,core,Tracy_Olga,5.2999999999999545
122.81524524244756,3,100,8106,5,100,A1,NTD,251.89300000000003
3.9380550130165144,3,100,8106,5,100,A2,NTD,251.89300000000003
8103.623753905039,3,100,8106,5,100,A3,NTD,251.89300000000003
11.82087052561011,3,100,8106,5,100,core,NTD,251.89300000000003
19.257587493332522,3,100,8106,5,100,A1,Ours,21.43399999999997
0.17607323794452578,3,100,8106,5,100,A2,Ours,21.43399999999997
5.307544795452727,3,100,8106,5,100,A3,Ours,21.43399999999997
11.785944735845828,3,100,8106,5,100,core,Ours,21.43399999999997
19.257587493332522,3,100,8106,5,100,A1,HOSVD,11.422000000000025
0.17607323794452578,3,100,8106,5,100,A2,HOSVD,11.422000000000025
2.948066973956877,3,100,8106,5,100,A3,HOSVD,11.422000000000025
12.86123915502201,3,100,8106,5,100,core,HOSVD,11.422000000000025
91.1331273210504,3,100,8106,5,100,A1,Olga,17.534999999999854
1.3520448773874176,3,100,8106,5,100,A2,Olga,17.534999999999854
3.260758647806273,3,100,8106,5,100,A3,Tracy,17.534999999999854
11.556560106769313,3,100,8106,5,100,core,Tracy_Olga,17.534999999999854
5.867302063760852,3,100,100,5,3000,A1,NTD,3.497000000000071
0.4764323146010542,3,100,100,5,3000,A2,NTD,3.497000000000071
97.02990547825485,3,100,100,5,3000,A3,NTD,3.497000000000071
11.621480347907344,3,100,100,5,3000,core,NTD,3.497000000000071
3.911216585953232,3,100,100,5,3000,A1,Ours,6.144999999999982
0.016150361303864064,3,100,100,5,3000,A2,Ours,6.144999999999982
0.04657917815534904,3,100,100,5,3000,A3,Ours,6.144999999999982
12.774170351606475,3,100,100,5,3000,core,Ours,6.144999999999982
3.911216585953232,3,100,100,5,3000,A1,HOSVD,2.953999999999951
0.016150361303864064,3,100,100,5,3000,A2,HOSVD,2.953999999999951
0.046581581260728075,3,100,100,5,3000,A3,HOSVD,2.953999999999951
12.77417225937696,3,100,100,5,3000,core,HOSVD,2.953999999999951
3.9869775106488574,3,100,100,5,3000,A1,HOOI,4.358999999999924
0.01924641403409873,3,100,100,5,3000,A2,HOOI,4.358999999999924
0.046434123815694485,3,100,100,5,3000,A3,HOOI,4.358999999999924
12.773851934957868,3,100,100,5,3000,core,HOOI,4.358999999999924
3.7044871324723974,3,100,100,5,3000,A1,Olga,3.495999999999867
0.015336251978614619,3,100,100,5,3000,A2,Olga,3.495999999999867
1.0412384924352576,3,100,100,5,3000,A3,Tracy,3.495999999999867
12.773910853221441,3,100,100,5,3000,core,Tracy_Olga,3.495999999999867
21.093708155640773,3,100,500,5,3000,A1,NTD,13.728000000000065
0.5141643617826698,3,100,500,5,3000,A2,NTD,13.728000000000065
497.00076869560803,3,100,500,5,3000,A3,NTD,13.728000000000065
14.435821442712252,3,100,500,5,3000,core,NTD,13.728000000000065
3.2716742918491546,3,100,500,5,3000,A1,Ours,8.0340000000001055
0.03316537642246899,3,100,500,5,3000,A2,Ours,8.0340000000001055
0.09395539627181063,3,100,500,5,3000,A3,Ours,8.0340000000001055
12.734146239058747,3,100,500,5,3000,core,Ours,8.0340000000001055
3.2716742918491546,3,100,500,5,3000,A1,HOSVD,6.567000000000007
0.03316537642246899,3,100,500,5,3000,A2,HOSVD,6.567000000000007
0.09400795924537851,3,100,500,5,3000,A3,HOSVD,6.567000000000007
12.734098105570162,3,100,500,5,3000,core,HOSVD,6.567000000000007
3.271721233011533,3,100,500,5,3000,A1,HOOI,4.7590000000000146
0.032573823829501566,3,100,500,5,3000,A2,HOOI,4.7590000000000146
0.0937284644645582,3,100,500,5,3000,A3,HOOI,4.7590000000000146
12.734380738812652,3,100,500,5,3000,core,HOOI,4.7590000000000146
3.3445817921945107,3,100,500,5,3000,A1,Olga,5.897000000000162
0.025098288552939333,3,100,500,5,3000,A2,Olga,5.897000000000162
1.2426135661114237,3,100,500,5,3000,A3,Tracy,5.897000000000162
12.772229683930965,3,100,500,5,3000,core,Tracy_Olga,5.897000000000162
4.438868816184023,3,100,1000,5,3000,A1,NTD,35.61900000000014
0.28542953626434786,3,100,1000,5,3000,A2,NTD,35.61900000000014
997.0007419588526,3,100,1000,5,3000,A3,NTD,35.61900000000014
12.087852244515442,3,100,1000,5,3000,core,NTD,35.61900000000014
4.807703941310188,3,100,1000,5,3000,A1,Ours,0.6589999999998781
0.03424989826679432,3,100,1000,5,3000,A2,Ours,0.6589999999998781
0.2603680153113325,3,100,1000,5,3000,A3,Ours,0.6589999999998781
12.728488974256393,3,100,1000,5,3000,core,Ours,0.6589999999998781
4.807703941310188,3,100,1000,5,3000,A1,HOSVD,0.42000000000007276
0.03424989826679432,3,100,1000,5,3000,A2,HOSVD,0.42000000000007276
0.2599865856366643,3,100,1000,5,3000,A3,HOSVD,0.42000000000007276
12.725417351248659,3,100,1000,5,3000,core,HOSVD,0.42000000000007276
4.811820060417692,3,100,1000,5,3000,A1,HOOI,0.7989999999999782
0.034082377798675394,3,100,1000,5,3000,A2,HOOI,0.7989999999999782
0.2566259700545868,3,100,1000,5,3000,A3,HOOI,0.7989999999999782
12.745882015554471,3,100,1000,5,3000,core,HOOI,0.7989999999999782
3.990865290834447,3,100,1000,5,3000,A1,Olga,0.47299999999995634
0.06849025321677996,3,100,1000,5,3000,A2,Olga,0.47299999999995634
1.4401224918367341,3,100,1000,5,3000,A3,Tracy,0.47299999999995634
12.81542975540163,3,100,1000,5,3000,core,Tracy_Olga,0.47299999999995634
5.094864152952252,3,100,2498,5,3000,A1,NTD,87.09899999999993
1.3506136908399,3,100,2498,5,3000,A2,NTD,87.09899999999993
2495.041974287434,3,100,2498,5,3000,A3,NTD,87.09899999999993
7.567985733250534,3,100,2498,5,3000,core,NTD,87.09899999999993
4.098905152533991,3,100,2498,5,3000,A1,Ours,1.984000000000151
0.02009287863869014,3,100,2498,5,3000,A2,Ours,1.984000000000151
2.584483286579979,3,100,2498,5,3000,A3,Ours,1.984000000000151
12.740043892321305,3,100,2498,5,3000,core,Ours,1.984000000000151
4.098905152533991,3,100,2498,5,3000,A1,HOSVD,0.9269999999999072
0.02009287863869014,3,100,2498,5,3000,A2,HOSVD,0.9269999999999072
2.578812543350138,3,100,2498,5,3000,A3,HOSVD,0.9269999999999072
12.727100103225181,3,100,2498,5,3000,core,HOSVD,0.9269999999999072
4.10884921003366,3,100,2498,5,3000,A1,HOOI,2.117999999999938
0.01975024052925477,3,100,2498,5,3000,A2,HOOI,2.117999999999938
3.3084655139635553,3,100,2498,5,3000,A3,HOOI,2.117999999999938
11.435238270084296,3,100,2498,5,3000,core,HOOI,2.117999999999938
4.86683273911739,3,100,2498,5,3000,A1,Olga,1.393000000000029
0.1705627412891267,3,100,2498,5,3000,A2,Olga,1.393000000000029
3.0779344163309665,3,100,2498,5,3000,A3,Tracy,1.393000000000029
13.07588260787169,3,100,2498,5,3000,core,Tracy_Olga,1.393000000000029
5.259759932263017,3,100,4988,5,3000,A1,NTD,173.83899999999994
1.9196362742156738,3,100,4988,5,3000,A2,NTD,173.83899999999994
4985.076447072663,3,100,4988,5,3000,A3,NTD,173.83899999999994
9.979956274922806,3,100,4988,5,3000,core,NTD,173.83899999999994
3.1017186546244018,3,100,4988,5,3000,A1,Ours,4.822000000000116
0.021718994182382725,3,100,4988,5,3000,A2,Ours,4.822000000000116
2.503066359488681,3,100,4988,5,3000,A3,Ours,4.822000000000116
13.117250144786725,3,100,4988,5,3000,core,Ours,4.822000000000116
3.1017186546244018,3,100,4988,5,3000,A1,HOSVD,1.7729999999996835
0.021718994182382725,3,100,4988,5,3000,A2,HOSVD,1.7729999999996835
2.482234490934026,3,100,4988,5,3000,A3,HOSVD,1.7729999999996835
13.117250144786725,3,100,4988,5,3000,core,HOSVD,1.7729999999996835
3.10277963228228,3,100,4988,5,3000,A1,HOOI,4.429000000000087
0.020027633686829145,3,100,4988,5,3000,A2,HOOI,4.429000000000087
4.809944839574604,3,100,4988,5,3000,A3,HOOI,4.429000000000087
9.00132282696259,3,100,4988,5,3000,core,HOOI,4.429000000000087
4.104355154494576,3,100,4988,5,3000,A1,Olga,3.074000000000069
0.25243715780781406,3,100,4988,5,3000,A2,Olga,3.074000000000069
2.8140780396404264,3,100,4988,5,3000,A3,Tracy,3.074000000000069
13.117250144786725,3,100,4988,5,3000,core,Tracy_Olga,3.074000000000069
12.002720210933802,3,100,5977,5,3000,A1,NTD,199.192
2.334147599847254,3,100,5977,5,3000,A2,NTD,199.192
5974.090662950483,3,100,5977,5,3000,A3,NTD,199.192
8.68369750436053,3,100,5977,5,3000,core,NTD,199.192
3.05003060104971,3,100,5977,5,3000,A1,Ours,7.044000000000324
0.018343902669326166,3,100,5977,5,3000,A2,Ours,7.044000000000324
2.5514085299004714,3,100,5977,5,3000,A3,Ours,7.044000000000324
13.067333527075137,3,100,5977,5,3000,core,Ours,7.044000000000324
3.05003060104971,3,100,5977,5,3000,A1,HOSVD,3.12099999999964
0.018343902669326166,3,100,5977,5,3000,A2,HOSVD,3.12099999999964
2.520301641492429,3,100,5977,5,3000,A3,HOSVD,3.12099999999964
13.062317371452867,3,100,5977,5,3000,core,HOSVD,3.12099999999964
3.0501854156178894,3,100,5977,5,3000,A1,HOOI,5.72400000000016
0.018646742615802164,3,100,5977,5,3000,A2,HOOI,5.72400000000016
2.52320693125411,3,100,5977,5,3000,A3,HOOI,5.72400000000016
13.068240111209315,3,100,5977,5,3000,core,HOOI,5.72400000000016
3.278519756883098,3,100,5977,5,3000,A1,Olga,4.192000000000007
0.28040764168945703,3,100,5977,5,3000,A2,Olga,4.192000000000007
2.869668743690483,3,100,5977,5,3000,A3,Tracy,4.192000000000007
13.059167214191799,3,100,5977,5,3000,core,Tracy_Olga,4.192000000000007
5.501865456637094,3,100,6973,5,3000,A1,NTD,220.5010000000002
3.9380567175763397,3,100,6973,5,3000,A2,NTD,220.5010000000002
6970.134759149363,3,100,6973,5,3000,A3,NTD,220.5010000000002
12.141972314635217,3,100,6973,5,3000,core,NTD,220.5010000000002
3.5208440289277863,3,100,6973,5,3000,A1,Ours,7.636999999999716
0.03776645351010899,3,100,6973,5,3000,A2,Ours,7.636999999999716
2.5758115875051955,3,100,6973,5,3000,A3,Ours,7.636999999999716
13.106337091398098,3,100,6973,5,3000,core,Ours,7.636999999999716
3.5208440289277863,3,100,6973,5,3000,A1,HOSVD,2.2480000000000473
0.03776645351010899,3,100,6973,5,3000,A2,HOSVD,2.2480000000000473
2.528819232111046,3,100,6973,5,3000,A3,HOSVD,2.2480000000000473
13.106337091398098,3,100,6973,5,3000,core,HOSVD,2.2480000000000473
3.5041285135931624,3,100,6973,5,3000,A1,HOOI,7.153999999999996
0.03647474543095358,3,100,6973,5,3000,A2,HOOI,7.153999999999996
2.5302675600613393,3,100,6973,5,3000,A3,HOOI,7.153999999999996
13.106337091398098,3,100,6973,5,3000,core,HOOI,7.153999999999996
4.021849694104726,3,100,6973,5,3000,A1,Olga,4.01299999999992
0.3120133719242158,3,100,6973,5,3000,A2,Olga,4.01299999999992
2.9222595629564334,3,100,6973,5,3000,A3,Tracy,4.01299999999992
13.106337091398098,3,100,6973,5,3000,core,Tracy_Olga,4.01299999999992
4.618579636198336,3,100,7961,5,3000,A1,NTD,254.39499999999998
2.853762379497322,3,100,7961,5,3000,A2,NTD,254.39499999999998
7958.128114191655,3,100,7961,5,3000,A3,NTD,254.39499999999998
11.231364319304152,3,100,7961,5,3000,core,NTD,254.39499999999998
5.565820525457859,3,100,7961,5,3000,A1,Ours,10.820999999999913
0.015488543057983912,3,100,7961,5,3000,A2,Ours,10.820999999999913
2.570655501385049,3,100,7961,5,3000,A3,Ours,10.820999999999913
13.117250144786725,3,100,7961,5,3000,core,Ours,10.820999999999913
5.565820525457859,3,100,7961,5,3000,A1,HOSVD,3.9149999999999636
0.015488543057983912,3,100,7961,5,3000,A2,HOSVD,3.9149999999999636
2.5171344978800945,3,100,7961,5,3000,A3,HOSVD,3.9149999999999636
13.117250144786725,3,100,7961,5,3000,core,HOSVD,3.9149999999999636
5.592793943994793,3,100,7961,5,3000,A1,HOOI,10.251000000000204
0.015269349580688325,3,100,7961,5,3000,A2,HOOI,10.251000000000204
2.5157697214013575,3,100,7961,5,3000,A3,HOOI,10.251000000000204
13.117250144786725,3,100,7961,5,3000,core,HOOI,10.251000000000204
5.046270533111403,3,100,7961,5,3000,A1,Olga,8.528999999999996
0.3785680853561757,3,100,7961,5,3000,A2,Olga,8.528999999999996
2.852900764325797,3,100,7961,5,3000,A3,Tracy,8.528999999999996
13.117250144786725,3,100,7961,5,3000,core,Tracy_Olga,8.528999999999996
3.944958737801029,3,100,8950,5,3000,A1,NTD,292.9279999999999
1.9380661746608105,3,100,8950,5,3000,A2,NTD,292.9279999999999
8947.117754897592,3,100,8950,5,3000,A3,NTD,292.9279999999999
9.142459553131562,3,100,8950,5,3000,core,NTD,292.9279999999999
3.4697053503669317,3,100,8950,5,3000,A1,Ours,11.730000000000018
0.00930619100677286,3,100,8950,5,3000,A2,Ours,11.730000000000018
2.8907974721631065,3,100,8950,5,3000,A3,Ours,11.730000000000018
10.747355006065407,3,100,8950,5,3000,core,Ours,11.730000000000018
3.4697053503669317,3,100,8950,5,3000,A1,HOSVD,2.86200000000008
0.00930619100677286,3,100,8950,5,3000,A2,HOSVD,2.86200000000008
2.5276593612228613,3,100,8950,5,3000,A3,HOSVD,2.86200000000008
13.117250144786725,3,100,8950,5,3000,core,HOSVD,2.86200000000008
3.4710894739051983,3,100,8950,5,3000,A1,HOOI,9.253999999999905
0.009999781722107975,3,100,8950,5,3000,A2,HOOI,9.253999999999905
2.5303378920126964,3,100,8950,5,3000,A3,HOOI,9.253999999999905
13.117250144786725,3,100,8950,5,3000,core,HOOI,9.253999999999905
3.931526762814171,3,100,8950,5,3000,A1,Olga,5.7840000000001055
0.3915561495724181,3,100,8950,5,3000,A2,Olga,5.7840000000001055
2.8617656055669363,3,100,8950,5,3000,A3,Tracy,5.7840000000001055
13.117250144786725,3,100,8950,5,3000,core,Tracy_Olga,5.7840000000001055
3.746565408550719,3,100,9944,5,3000,A1,NTD,300.3620000000001
1.9380609228219514,3,100,9944,5,3000,A2,NTD,300.3620000000001
9941.136141430996,3,100,9944,5,3000,A3,NTD,300.3620000000001
12.273700548122395,3,100,9944,5,3000,core,NTD,300.3620000000001
4.031859561495022,3,100,9944,5,3000,A1,Ours,16.66899999999987
0.026828291157494126,3,100,9944,5,3000,A2,Ours,16.66899999999987
2.8868685720677227,3,100,9944,5,3000,A3,Ours,16.66899999999987
10.983789387280238,3,100,9944,5,3000,core,Ours,16.66899999999987
4.031859561495022,3,100,9944,5,3000,A1,HOSVD,20.534999999999854
0.026828291157494126,3,100,9944,5,3000,A2,HOSVD,20.534999999999854
2.5271147574978627,3,100,9944,5,3000,A3,HOSVD,20.534999999999854
13.117250144786725,3,100,9944,5,3000,core,HOSVD,20.534999999999854
4.089575525958208,3,100,9944,5,3000,A1,HOOI,30.809999999999945
0.02798239552179014,3,100,9944,5,3000,A2,HOOI,30.809999999999945
4.820200753578617,3,100,9944,5,3000,A3,HOOI,30.809999999999945
8.001335750426978,3,100,9944,5,3000,core,HOOI,30.809999999999945
5.550999191325561,3,100,9944,5,3000,A1,Olga,28.924999999999727
0.39030285717040103,3,100,9944,5,3000,A2,Olga,28.924999999999727
2.8583206989155028,3,100,9944,5,3000,A3,Tracy,28.924999999999727
13.117250144786725,3,100,9944,5,3000,core,Tracy_Olga,28.924999999999727
25.3224904129663,3,100,100,5,10000,A1,NTD,3.5960000000000036
0.6194859308155113,3,100,100,5,10000,A2,NTD,3.5960000000000036
97,3,100,100,5,10000,A3,NTD,3.5960000000000036
11.322566005845049,3,100,100,5,10000,core,NTD,3.5960000000000036
2.215765627098648,3,100,100,5,10000,A1,Ours,3.701000000000022
0.0038181073430259825,3,100,100,5,10000,A2,Ours,3.701000000000022
0.022494629262470454,3,100,100,5,10000,A3,Ours,3.701000000000022
12.757830850669567,3,100,100,5,10000,core,Ours,3.701000000000022
2.215765627098648,3,100,100,5,10000,A1,HOSVD,4.123000000000047
0.0038181073430259825,3,100,100,5,10000,A2,HOSVD,4.123000000000047
0.022495097077307416,3,100,100,5,10000,A3,HOSVD,4.123000000000047
12.757830549406396,3,100,100,5,10000,core,HOSVD,4.123000000000047
2.20827245952695,3,100,100,5,10000,A1,HOOI,4.748000000000047
0.003569843464870469,3,100,100,5,10000,A2,HOOI,4.748000000000047
0.022293773898692224,3,100,100,5,10000,A3,HOOI,4.748000000000047
12.758429502275632,3,100,100,5,10000,core,HOOI,4.748000000000047
2.085819845234764,3,100,100,5,10000,A1,Olga,4.3849999999997635
0.004502838952428337,3,100,100,5,10000,A2,Olga,4.3849999999997635
1.0415429208709388,3,100,100,5,10000,A3,Tracy,4.3849999999997635
12.771175219165855,3,100,100,5,10000,core,Tracy_Olga,4.3849999999997635
8.047264912223614,3,100,500,5,10000,A1,NTD,14.461999999999989
0.5216874942478156,3,100,500,5,10000,A2,NTD,14.461999999999989
497.00021931859493,3,100,500,5,10000,A3,NTD,14.461999999999989
9.531979888018865,3,100,500,5,10000,core,NTD,14.461999999999989
2.0071735487209517,3,100,500,5,10000,A1,Ours,6.625
0.005921807025280996,3,100,500,5,10000,A2,Ours,6.625
0.05353321334891479,3,100,500,5,10000,A3,Ours,6.625
12.716711323831404,3,100,500,5,10000,core,Ours,6.625
2.0071735487209517,3,100,500,5,10000,A1,HOSVD,8.893999999999778
0.005921807025280996,3,100,500,5,10000,A2,HOSVD,8.893999999999778
0.053534366856740685,3,100,500,5,10000,A3,HOSVD,8.893999999999778
12.716705185739126,3,100,500,5,10000,core,HOSVD,8.893999999999778
2.019105126321473,3,100,500,5,10000,A1,HOOI,8.923999999999978
0.005835177610002959,3,100,500,5,10000,A2,HOOI,8.923999999999978
0.05347577463866632,3,100,500,5,10000,A3,HOOI,8.923999999999978
12.716872375542462,3,100,500,5,10000,core,HOOI,8.923999999999978
2.2617033151106147,3,100,500,5,10000,A1,Olga,4.971000000000004
0.010159511953097566,3,100,500,5,10000,A2,Olga,4.971000000000004
1.242787544539812,3,100,500,5,10000,A3,Tracy,4.971000000000004
12.731534539281856,3,100,500,5,10000,core,Tracy_Olga,4.971000000000004
6.033228358485219,3,100,1000,5,10000,A1,NTD,31.257000000000062
0.8861592219621841,3,100,1000,5,10000,A2,NTD,31.257000000000062
997.0001847654078,3,100,1000,5,10000,A3,NTD,31.257000000000062
10.464611120510956,3,100,1000,5,10000,core,NTD,31.257000000000062
2.127873834557009,3,100,1000,5,10000,A1,Ours,3.5770000000002256
0.007653468091992796,3,100,1000,5,10000,A2,Ours,3.5770000000002256
0.07474762853332592,3,100,1000,5,10000,A3,Ours,3.5770000000002256
12.737970425876153,3,100,1000,5,10000,core,Ours,3.5770000000002256
2.127873834557009,3,100,1000,5,10000,A1,HOSVD,3.6660000000001673
0.007653468091992796,3,100,1000,5,10000,A2,HOSVD,3.6660000000001673
0.07473629415796167,3,100,1000,5,10000,A3,HOSVD,3.6660000000001673
12.737966279023418,3,100,1000,5,10000,core,HOSVD,3.6660000000001673
2.1335033957591745,3,100,1000,5,10000,A1,HOOI,4.81899999999996
0.006967321208183721,3,100,1000,5,10000,A2,HOOI,4.81899999999996
0.07480947848844471,3,100,1000,5,10000,A3,HOOI,4.81899999999996
12.737999202185927,3,100,1000,5,10000,core,HOOI,4.81899999999996
1.752780393991243,3,100,1000,5,10000,A1,Olga,1.7840000000001055
0.02380283054319458,3,100,1000,5,10000,A2,Olga,1.7840000000001055
1.397960294083714,3,100,1000,5,10000,A3,Tracy,1.7840000000001055
12.767486727676346,3,100,1000,5,10000,core,Tracy_Olga,1.7840000000001055
6.14169016340165,3,100,2499,5,10000,A1,NTD,88.75
0.2894735146553749,3,100,2499,5,10000,A2,NTD,88.75
2496.0455181653165,3,100,2499,5,10000,A3,NTD,88.75
14.053142246286123,3,100,2499,5,10000,core,NTD,88.75
2.599741701354416,3,100,2499,5,10000,A1,Ours,2.2660000000000764
0.006971221085543141,3,100,2499,5,10000,A2,Ours,2.2660000000000764
2.4235213306206593,3,100,2499,5,10000,A3,Ours,2.2660000000000764
12.790505846560619,3,100,2499,5,10000,core,Ours,2.2660000000000764
2.599741701354416,3,100,2499,5,10000,A1,HOSVD,0.91800000000012
0.006971221085543141,3,100,2499,5,10000,A2,HOSVD,0.91800000000012
2.422802736932867,3,100,2499,5,10000,A3,HOSVD,0.91800000000012
12.78992363056577,3,100,2499,5,10000,core,HOSVD,0.91800000000012
2.6024808842537617,3,100,2499,5,10000,A1,HOOI,2.3890000000001237
0.0072581526229251,3,100,2499,5,10000,A2,HOOI,2.3890000000001237
2.4232133215199605,3,100,2499,5,10000,A3,HOOI,2.3890000000001237
12.786172363870568,3,100,2499,5,10000,core,HOOI,2.3890000000001237
1.9531247862981882,3,100,2499,5,10000,A1,Olga,1.2950000000000728
0.04933372160225985,3,100,2499,5,10000,A2,Olga,1.2950000000000728
3.0005741736316236,3,100,2499,5,10000,A3,Tracy,1.2950000000000728
12.785039457871228,3,100,2499,5,10000,core,Tracy_Olga,1.2950000000000728
5.967138562782455,3,100,4999,5,10000,A1,NTD,173.13899999999967
0.5613236045110122,3,100,4999,5,10000,A2,NTD,173.13899999999967
4996.034160950545,3,100,4999,5,10000,A3,NTD,173.13899999999967
11.646115893116704,3,100,4999,5,10000,core,NTD,173.13899999999967
3.027198495448273,3,100,4999,5,10000,A1,Ours,5.398999999999887
0.013326553773476881,3,100,4999,5,10000,A2,Ours,5.398999999999887
2.5110199140449376,3,100,4999,5,10000,A3,Ours,5.398999999999887
13.03669632807925,3,100,4999,5,10000,core,Ours,5.398999999999887
3.027198495448273,3,100,4999,5,10000,A1,HOSVD,1.9800000000000182
0.013326553773476881,3,100,4999,5,10000,A2,HOSVD,1.9800000000000182
2.493012127216732,3,100,4999,5,10000,A3,HOSVD,1.9800000000000182
13.081794978348752,3,100,4999,5,10000,core,HOSVD,1.9800000000000182
3.026238127610404,3,100,4999,5,10000,A1,HOOI,4.458999999999833
0.013118434689109398,3,100,4999,5,10000,A2,HOOI,4.458999999999833
2.4949227607536035,3,100,4999,5,10000,A3,HOOI,4.458999999999833
13.081279757776102,3,100,4999,5,10000,core,HOOI,4.458999999999833
1.4266862005854,3,100,4999,5,10000,A1,Olga,2.882000000000062
0.09383021752689451,3,100,4999,5,10000,A2,Olga,2.882000000000062
2.858069313496364,3,100,4999,5,10000,A3,Tracy,2.882000000000062
12.989326898289939,3,100,4999,5,10000,core,Tracy_Olga,2.882000000000062
5.733288260143392,3,100,5998,5,10000,A1,NTD,195.70199999999977
0.809046104414307,3,100,5998,5,10000,A2,NTD,195.70199999999977
5995.034284370135,3,100,5998,5,10000,A3,NTD,195.70199999999977
11.940297762161478,3,100,5998,5,10000,core,NTD,195.70199999999977
2.3978743751676244,3,100,5998,5,10000,A1,Ours,6.2739999999994325
0.012047924625975835,3,100,5998,5,10000,A2,Ours,6.2739999999994325
2.5326030934863817,3,100,5998,5,10000,A3,Ours,6.2739999999994325
13.106337091398098,3,100,5998,5,10000,core,Ours,6.2739999999994325
2.3978743751676244,3,100,5998,5,10000,A1,HOSVD,2.3029999999998836
0.012047924625975835,3,100,5998,5,10000,A2,HOSVD,2.3029999999998836
2.529239309677593,3,100,5998,5,10000,A3,HOSVD,2.3029999999998836
13.106337091398098,3,100,5998,5,10000,core,HOSVD,2.3029999999998836
2.401584152429772,3,100,5998,5,10000,A1,HOOI,5.710000000000036
0.011712906225133931,3,100,5998,5,10000,A2,HOOI,5.710000000000036
2.532637113566199,3,100,5998,5,10000,A3,HOOI,5.710000000000036
13.106337091398098,3,100,5998,5,10000,core,HOOI,5.710000000000036
2.296284797026396,3,100,5998,5,10000,A1,Olga,3.162000000000262
0.09978342192311113,3,100,5998,5,10000,A2,Olga,3.162000000000262
3.0426775355806153,3,100,5998,5,10000,A3,Tracy,3.162000000000262
13.106337091398098,3,100,5998,5,10000,core,Tracy_Olga,3.162000000000262
5.214311666406556,3,100,6995,5,10000,A1,NTD,220.98999999999978
0.859352179189479,3,100,6995,5,10000,A2,NTD,220.98999999999978
6992.035961844837,3,100,6995,5,10000,A3,NTD,220.98999999999978
9.743063661188392,3,100,6995,5,10000,core,NTD,220.98999999999978
2.3333593941966027,3,100,6995,5,10000,A1,Ours,8.634999999999309
0.010162969672012055,3,100,6995,5,10000,A2,Ours,8.634999999999309
2.5614753597746764,3,100,6995,5,10000,A3,Ours,8.634999999999309
13.106337091398098,3,100,6995,5,10000,core,Ours,8.634999999999309
2.3333593941966027,3,100,6995,5,10000,A1,HOSVD,3.2460000000000946
0.010162969672012055,3,100,6995,5,10000,A2,HOSVD,3.2460000000000946
2.5597116130632953,3,100,6995,5,10000,A3,HOSVD,3.2460000000000946
13.106337091398098,3,100,6995,5,10000,core,HOSVD,3.2460000000000946
2.3338223142213543,3,100,6995,5,10000,A1,HOOI,6.6010000000005675
0.010146560667944726,3,100,6995,5,10000,A2,HOOI,6.6010000000005675
2.5510004892154723,3,100,6995,5,10000,A3,HOOI,6.6010000000005675
13.106337091398098,3,100,6995,5,10000,core,HOOI,6.6010000000005675
1.8765879884900536,3,100,6995,5,10000,A1,Olga,4.020000000000437
0.1218244920510872,3,100,6995,5,10000,A2,Olga,4.020000000000437
3.0808984924127993,3,100,6995,5,10000,A3,Tracy,4.020000000000437
13.106337091398098,3,100,6995,5,10000,core,Tracy_Olga,4.020000000000437
5.542194884212107,3,100,7989,5,10000,A1,NTD,250.34699999999975
1.6305890882978231,3,100,7989,5,10000,A2,NTD,250.34699999999975
7986.04541930158,3,100,7989,5,10000,A3,NTD,250.34699999999975
12.720494073357758,3,100,7989,5,10000,core,NTD,250.34699999999975
2.240105166301941,3,100,7989,5,10000,A1,Ours,10.082000000000335
0.01246339001872957,3,100,7989,5,10000,A2,Ours,10.082000000000335
2.4732080022814955,3,100,7989,5,10000,A3,Ours,10.082000000000335
13.106337091398098,3,100,7989,5,10000,core,Ours,10.082000000000335
2.240105166301941,3,100,7989,5,10000,A1,HOSVD,2.8090000000001965
0.01246339001872957,3,100,7989,5,10000,A2,HOSVD,2.8090000000001965
2.4677799117763466,3,100,7989,5,10000,A3,HOSVD,2.8090000000001965
13.1063370913981,3,100,7989,5,10000,core,HOSVD,2.8090000000001965
2.2408829897007716,3,100,7989,5,10000,A1,HOOI,9.039999999999964
0.012453859239591334,3,100,7989,5,10000,A2,HOOI,9.039999999999964
2.466112383487855,3,100,7989,5,10000,A3,HOOI,9.039999999999964
13.106337091398098,3,100,7989,5,10000,core,HOOI,9.039999999999964
1.9200601483489752,3,100,7989,5,10000,A1,Olga,4.8840000000000146
0.14478250935425643,3,100,7989,5,10000,A2,Olga,4.8840000000000146
2.8527369818937545,3,100,7989,5,10000,A3,Tracy,4.8840000000000146
13.117250144786725,3,100,7989,5,10000,core,Tracy_Olga,4.8840000000000146
4.364085305069942,3,100,8991,5,10000,A1,NTD,279.9539999999997
3.128907895130332,3,100,8991,5,10000,A2,NTD,279.9539999999997
8988.040425617743,3,100,8991,5,10000,A3,NTD,279.9539999999997
12.039105593080194,3,100,8991,5,10000,core,NTD,279.9539999999997
2.2902659972451143,3,100,8991,5,10000,A1,Ours,11.64599999999973
0.017106584008850317,3,100,8991,5,10000,A2,Ours,11.64599999999973
2.545987983816166,3,100,8991,5,10000,A3,Ours,11.64599999999973
13.106337091398098,3,100,8991,5,10000,core,Ours,11.64599999999973
2.2902659972451143,3,100,8991,5,10000,A1,HOSVD,3.375
0.017106584008850317,3,100,8991,5,10000,A2,HOSVD,3.375
2.543069198724375,3,100,8991,5,10000,A3,HOSVD,3.375
13.106337091398098,3,100,8991,5,10000,core,HOSVD,3.375
2.289538805683087,3,100,8991,5,10000,A1,HOOI,9.516999999999825
0.016782671390412247,3,100,8991,5,10000,A2,HOOI,9.516999999999825
2.533038035531109,3,100,8991,5,10000,A3,HOOI,9.516999999999825
13.106337091398098,3,100,8991,5,10000,core,HOOI,9.516999999999825
1.990705055542742,3,100,8991,5,10000,A1,Olga,6.4340000000001965
0.1585523858380281,3,100,8991,5,10000,A2,Olga,6.4340000000001965
2.8540654833242405,3,100,8991,5,10000,A3,Tracy,6.4340000000001965
13.117250144786725,3,100,8991,5,10000,core,Tracy_Olga,6.4340000000001965
5.678410769268678,3,100,9982,5,10000,A1,NTD,306.28200000000015
3.4685995994086403,3,100,9982,5,10000,A2,NTD,306.28200000000015
9979.04440117775,3,100,9982,5,10000,A3,NTD,306.28200000000015
11.846103921465163,3,100,9982,5,10000,core,NTD,306.28200000000015
2.5851408818634836,3,100,9982,5,10000,A1,Ours,12.404000000000451
0.014219681553656353,3,100,9982,5,10000,A2,Ours,12.404000000000451
2.558913523373261,3,100,9982,5,10000,A3,Ours,12.404000000000451
13.106337091398098,3,100,9982,5,10000,core,Ours,12.404000000000451
2.5851408818634836,3,100,9982,5,10000,A1,HOSVD,3.1369999999997162
0.014219681553656353,3,100,9982,5,10000,A2,HOSVD,3.1369999999997162
2.5495256124376735,3,100,9982,5,10000,A3,HOSVD,3.1369999999997162
13.1063370913981,3,100,9982,5,10000,core,HOSVD,3.1369999999997162
2.5889026154477572,3,100,9982,5,10000,A1,HOOI,10.409999999999854
0.014427471002430059,3,100,9982,5,10000,A2,HOOI,10.409999999999854
2.5503572077268264,3,100,9982,5,10000,A3,HOOI,10.409999999999854
13.106337091398098,3,100,9982,5,10000,core,HOOI,10.409999999999854
2.4928675872750734,3,100,9982,5,10000,A1,Olga,7.101999999999862
0.1573056072013287,3,100,9982,5,10000,A2,Olga,7.101999999999862
2.8695933294000286,3,100,9982,5,10000,A3,Tracy,7.101999999999862
13.117250144786725,3,100,9982,5,10000,core,Tracy_Olga,7.101999999999862
