error,K,Q1,R,Q2,M,mode,method,time
7.993757001274968,3,100,100,5,100,A1,NTD,4.442000000000001
0.7811579645589443,3,100,100,5,100,A2,NTD,4.442000000000001
97.00487138286702,3,100,100,5,100,A3,NTD,4.442000000000001
10.745537610175237,3,100,100,5,100,core,NTD,4.442000000000001
15.078086950333361,3,100,100,5,100,A1,Ours,2.2429999999999986
0.035447608975748515,3,100,100,5,100,A2,Ours,2.2429999999999986
0.2242687718835499,3,100,100,5,100,A3,Ours,2.2429999999999986
8.578766583853536,3,100,100,5,100,core,Ours,2.2429999999999986
15.078086950333361,3,100,100,5,100,A1,HOSVD,1.3949999999999996
0.035447608975748515,3,100,100,5,100,A2,HOSVD,1.3949999999999996
0.22594990750241836,3,100,100,5,100,A3,HOSVD,1.3949999999999996
8.581089207297916,3,100,100,5,100,core,HOSVD,1.3949999999999996
13.722880676953109,3,100,100,5,100,A1,HOOI,1.8280000000000012
0.04150403768578397,3,100,100,5,100,A2,HOOI,1.8280000000000012
0.21359181614898626,3,100,100,5,100,A3,HOOI,1.8280000000000012
8.617469823283496,3,100,100,5,100,core,HOOI,1.8280000000000012
12.915902744522047,3,100,100,5,100,A1,Olga,2.9570000000000007
0.11271654969493161,3,100,100,5,100,A2,Olga,2.9570000000000007
1.0256409136287579,3,100,100,5,100,A3,Tracy,2.9570000000000007
8.519012308240518,3,100,100,5,100,core,Tracy_Olga,2.9570000000000007
5.941524042735543,3,100,498,5,100,A1,NTD,21.938
4.150838613210669,3,100,498,5,100,A2,NTD,21.938
495.25454919321726,3,100,498,5,100,A3,NTD,21.938
11.510689316125458,3,100,498,5,100,core,NTD,21.938
14.80706582782302,3,100,498,5,100,A1,Ours,2.664999999999999
0.10158103021525672,3,100,498,5,100,A2,Ours,2.664999999999999
2.7693843969740635,3,100,498,5,100,A3,Ours,2.664999999999999
9.589942870623927,3,100,498,5,100,core,Ours,2.664999999999999
14.80706582782302,3,100,498,5,100,A1,HOSVD,2.892000000000003
0.10158103021525672,3,100,498,5,100,A2,HOSVD,2.892000000000003
2.5163573628408398,3,100,498,5,100,A3,HOSVD,2.892000000000003
11.491641458761308,3,100,498,5,100,core,HOSVD,2.892000000000003
17.728094867182755,3,100,498,5,100,A1,HOOI,5.498999999999995
0.055114953371144144,3,100,498,5,100,A2,HOOI,5.498999999999995
2.5292668832171445,3,100,498,5,100,A3,HOOI,5.498999999999995
11.012979826335448,3,100,498,5,100,core,HOOI,5.498999999999995
18.10565848330914,3,100,498,5,100,A1,Olga,2.993000000000002
0.29993697804045233,3,100,498,5,100,A2,Olga,2.993000000000002
2.776134869271032,3,100,498,5,100,A3,Tracy,2.993000000000002
6.970930292690575,3,100,498,5,100,core,Tracy_Olga,2.993000000000002
9.66205944256258,3,100,985,5,100,A1,NTD,38.85
1.8493657925945834,3,100,985,5,100,A2,NTD,38.85
982.1959965866868,3,100,985,5,100,A3,NTD,38.85
10.043290493624209,3,100,985,5,100,core,NTD,38.85
13.688728472343241,3,100,985,5,100,A1,Ours,12.084000000000003
0.08353288950723428,3,100,985,5,100,A2,Ours,12.084000000000003
4.65691866725838,3,100,985,5,100,A3,Ours,12.084000000000003
13.34559132262077,3,100,985,5,100,core,Ours,12.084000000000003
13.688728472343241,3,100,985,5,100,A1,HOSVD,10.031000000000006
0.08353288950723428,3,100,985,5,100,A2,HOSVD,10.031000000000006
2.5222872138611128,3,100,985,5,100,A3,HOSVD,10.031000000000006
9.603607357710287,3,100,985,5,100,core,HOSVD,10.031000000000006
13.337591192752951,3,100,985,5,100,A1,HOOI,10.498999999999995
0.06574603392889625,3,100,985,5,100,A2,HOOI,10.498999999999995
2.553026226634366,3,100,985,5,100,A3,HOOI,10.498999999999995
12.233748169739984,3,100,985,5,100,core,HOOI,10.498999999999995
20.235310311863195,3,100,985,5,100,A1,Olga,8.609000000000009
4.443442083357095,3,100,985,5,100,A2,Olga,8.609000000000009
2.780083381516738,3,100,985,5,100,A3,Tracy,8.609000000000009
15.04131305691292,3,100,985,5,100,core,Tracy_Olga,8.609000000000009
76.55297922295445,3,100,2374,5,100,A1,NTD,85.90200000000002
3.848205271062149,3,100,2374,5,100,A2,NTD,85.90200000000002
2371.3926485487764,3,100,2374,5,100,A3,NTD,85.90200000000002
11.548788296523197,3,100,2374,5,100,core,NTD,85.90200000000002
16.69273632917287,3,100,2374,5,100,A1,Ours,5.525000000000006
0.052571726412897646,3,100,2374,5,100,A2,Ours,5.525000000000006
4.6146335413934745,3,100,2374,5,100,A3,Ours,5.525000000000006
15.75007933433039,3,100,2374,5,100,core,Ours,5.525000000000006
16.69273632917287,3,100,2374,5,100,A1,HOSVD,5.724999999999994
0.052571726412897646,3,100,2374,5,100,A2,HOSVD,5.724999999999994
2.6291217438959045,3,100,2374,5,100,A3,HOSVD,5.724999999999994
12.296646721905304,3,100,2374,5,100,core,HOSVD,5.724999999999994
16.852451085558744,3,100,2374,5,100,A1,HOOI,6.242999999999995
0.06338063815505068,3,100,2374,5,100,A2,HOOI,6.242999999999995
2.6668728102437607,3,100,2374,5,100,A3,HOOI,6.242999999999995
12.493829228805234,3,100,2374,5,100,core,HOOI,6.242999999999995
24.756737710859422,3,100,2374,5,100,A1,Olga,4.143000000000001
1.3851564471764315,3,100,2374,5,100,A2,Olga,4.143000000000001
2.904279137821927,3,100,2374,5,100,A3,Tracy,4.143000000000001
12.806291257044201,3,100,2374,5,100,core,Tracy_Olga,4.143000000000001
116.34530312530424,3,100,4575,5,100,A1,NTD,176.74100000000004
2.150743836265949,3,100,4575,5,100,A2,NTD,176.74100000000004
4572.442343204488,3,100,4575,5,100,A3,NTD,176.74100000000004
10.526069199107924,3,100,4575,5,100,core,NTD,176.74100000000004
14.716506722645239,3,100,4575,5,100,A1,Ours,17.809000000000026
0.09822960397934509,3,100,4575,5,100,A2,Ours,17.809000000000026
5.384840512986451,3,100,4575,5,100,A3,Ours,17.809000000000026
8.98386260997259,3,100,4575,5,100,core,Ours,17.809000000000026
14.716506722645239,3,100,4575,5,100,A1,HOSVD,14.714999999999975
0.09822960397934509,3,100,4575,5,100,A2,HOSVD,14.714999999999975
2.704120527464951,3,100,4575,5,100,A3,HOSVD,14.714999999999975
12.264341840435337,3,100,4575,5,100,core,HOSVD,14.714999999999975
16.351352800361294,3,100,4575,5,100,A1,HOOI,15.175999999999988
0.10235658732790073,3,100,4575,5,100,A2,HOOI,15.175999999999988
2.737190657945724,3,100,4575,5,100,A3,HOOI,15.175999999999988
12.365848493612985,3,100,4575,5,100,core,HOOI,15.175999999999988
50.3593511851748,3,100,4575,5,100,A1,Olga,4.9529999999999745
4.7960888785295746,3,100,4575,5,100,A2,Olga,4.9529999999999745
2.983500977849537,3,100,4575,5,100,A3,Tracy,4.9529999999999745
9.93527344997411,3,100,4575,5,100,core,Tracy_Olga,4.9529999999999745
121.87258560018671,3,100,5367,5,100,A1,NTD,191.81399999999996
4.150719756151784,3,100,5367,5,100,A2,NTD,191.81399999999996
5364.506563432484,3,100,5367,5,100,A3,NTD,191.81399999999996
9.645184487010102,3,100,5367,5,100,core,NTD,191.81399999999996
23.260970867059545,3,100,5367,5,100,A1,Ours,11.497000000000071
0.02862293875487096,3,100,5367,5,100,A2,Ours,11.497000000000071
4.720866305845448,3,100,5367,5,100,A3,Ours,11.497000000000071
8.131527364128642,3,100,5367,5,100,core,Ours,11.497000000000071
23.260970867059545,3,100,5367,5,100,A1,HOSVD,8.150999999999954
0.02862293875487096,3,100,5367,5,100,A2,HOSVD,8.150999999999954
2.7209486380643413,3,100,5367,5,100,A3,HOSVD,8.150999999999954
9.727709149020193,3,100,5367,5,100,core,HOSVD,8.150999999999954
68.76505605351811,3,100,5367,5,100,A1,Olga,12.803999999999974
4.232726909230762,3,100,5367,5,100,A2,Olga,12.803999999999974
3.8684076964113125,3,100,5367,5,100,A3,Tracy,12.803999999999974
9.646054727124799,3,100,5367,5,100,core,Tracy_Olga,12.803999999999974
114.88523717613991,3,100,6172,5,100,A1,NTD,219.06000000000006
3.8481936705479725,3,100,6172,5,100,A2,NTD,219.06000000000006
6169.552050563064,3,100,6172,5,100,A3,NTD,219.06000000000006
9.456823793205997,3,100,6172,5,100,core,NTD,219.06000000000006
16.683466767210806,3,100,6172,5,100,A1,Ours,6.783999999999992
0.1420934449205539,3,100,6172,5,100,A2,Ours,6.783999999999992
5.222683231335182,3,100,6172,5,100,A3,Ours,6.783999999999992
10.512617907011148,3,100,6172,5,100,core,Ours,6.783999999999992
16.683466767210806,3,100,6172,5,100,A1,HOSVD,2.5790000000000646
0.1420934449205539,3,100,6172,5,100,A2,HOSVD,2.5790000000000646
2.7590976733299173,3,100,6172,5,100,A3,HOSVD,2.5790000000000646
12.159477183531195,3,100,6172,5,100,core,HOSVD,2.5790000000000646
16.671927312023843,3,100,6172,5,100,A1,HOOI,7.759999999999991
0.14573169864084895,3,100,6172,5,100,A2,HOOI,7.759999999999991
3.080763795137514,3,100,6172,5,100,A3,HOOI,7.759999999999991
11.754932636980179,3,100,6172,5,100,core,HOOI,7.759999999999991
117.91022496815997,3,100,6865,5,100,A1,NTD,216.61900000000014
2.1518104507385756,3,100,6865,5,100,A2,NTD,216.61900000000014
6862.528096762069,3,100,6865,5,100,A3,NTD,216.61900000000014
10.15789990953465,3,100,6865,5,100,core,NTD,216.61900000000014
14.805323722298178,3,100,6865,5,100,A1,Ours,11.273999999999887
0.07398454945390096,3,100,6865,5,100,A2,Ours,11.273999999999887
4.642738031772714,3,100,6865,5,100,A3,Ours,11.273999999999887
9.920890151585033,3,100,6865,5,100,core,Ours,11.273999999999887
14.805323722298178,3,100,6865,5,100,A1,HOSVD,2.6639999999999873
0.07398454945390096,3,100,6865,5,100,A2,HOSVD,2.6639999999999873
4.444729261869319,3,100,6865,5,100,A3,HOSVD,2.6639999999999873
14.147854790689312,3,100,6865,5,100,core,HOSVD,2.6639999999999873
61.24408690348003,3,100,6865,5,100,A1,Olga,4.154999999999973
3.512287846393055,3,100,6865,5,100,A2,Olga,4.154999999999973
4.334760848357667,3,100,6865,5,100,A3,Tracy,4.154999999999973
11.85293295327446,3,100,6865,5,100,core,Tracy_Olga,4.154999999999973
122.12712063302975,3,100,7583,5,100,A1,NTD,246.06799999999998
2.4543300918608,3,100,7583,5,100,A2,NTD,246.06799999999998
7580.5784509108635,3,100,7583,5,100,A3,NTD,246.06799999999998
8.832030336772053,3,100,7583,5,100,core,NTD,246.06799999999998
16.63025929899165,3,100,7583,5,100,A1,Ours,10.423000000000002
0.1650540848222859,3,100,7583,5,100,A2,Ours,10.423000000000002
5.243788129920464,3,100,7583,5,100,A3,Ours,10.423000000000002
13.167753931035547,3,100,7583,5,100,core,Ours,10.423000000000002
16.47455834931512,3,100,7583,5,100,A1,HOOI,11.30099999999993
0.14878331752543203,3,100,7583,5,100,A2,HOOI,11.30099999999993
3.3619826884958868,3,100,7583,5,100,A3,HOOI,11.30099999999993
9.703393055112338,3,100,7583,5,100,core,HOOI,11.30099999999993
73.85584168478317,3,100,7583,5,100,A1,Olga,4.74799999999982
4.962257316205607,3,100,7583,5,100,A2,Olga,4.74799999999982
3.139512868527436,3,100,7583,5,100,A3,Tracy,4.74799999999982
15.45141945089875,3,100,7583,5,100,core,Tracy_Olga,4.74799999999982
117.65841568577741,3,100,8245,5,100,A1,NTD,265.55099999999993
3.697502140745773,3,100,8245,5,100,A2,NTD,265.55099999999993
8242.559501259777,3,100,8245,5,100,A3,NTD,265.55099999999993
9.74959782304377,3,100,8245,5,100,core,NTD,265.55099999999993
16.539838483373813,3,100,8245,5,100,A1,Ours,25.991999999999962
0.045126703910912114,3,100,8245,5,100,A2,Ours,25.991999999999962
5.254581937634382,3,100,8245,5,100,A3,Ours,25.991999999999962
8.17298798417937,3,100,8245,5,100,core,Ours,25.991999999999962
16.539838483373813,3,100,8245,5,100,A1,HOSVD,19.913999999999987
0.045126703910912114,3,100,8245,5,100,A2,HOSVD,19.913999999999987
3.619254460259351,3,100,8245,5,100,A3,HOSVD,19.913999999999987
9.81538199262322,3,100,8245,5,100,core,HOSVD,19.913999999999987
3.551527431311549,3,100,100,5,3000,A1,NTD,3.4990000000000236
0.5335150571003197,3,100,100,5,3000,A2,NTD,3.4990000000000236
97,3,100,100,5,3000,A3,NTD,3.4990000000000236
12.200778440387177,3,100,100,5,3000,core,NTD,3.4990000000000236
2.6427663604008353,3,100,100,5,3000,A1,Ours,5.667999999999893
0.006381406133464633,3,100,100,5,3000,A2,Ours,5.667999999999893
0.03974063007168806,3,100,100,5,3000,A3,Ours,5.667999999999893
8.54069235897328,3,100,100,5,3000,core,Ours,5.667999999999893
2.6427663604008353,3,100,100,5,3000,A1,HOSVD,4.9659999999998945
0.006381406133464633,3,100,100,5,3000,A2,HOSVD,4.9659999999998945
0.03973994341657166,3,100,100,5,3000,A3,HOSVD,4.9659999999998945
8.540697948188834,3,100,100,5,3000,core,HOSVD,4.9659999999998945
2.6320292945384565,3,100,100,5,3000,A1,HOOI,2.724999999999909
0.007164230606575899,3,100,100,5,3000,A2,HOOI,2.724999999999909
0.039794935860934,3,100,100,5,3000,A3,HOOI,2.724999999999909
8.539005600737374,3,100,100,5,3000,core,HOOI,2.724999999999909
3.179547023423882,3,100,100,5,3000,A1,Olga,1.4890000000000327
0.003522204092985349,3,100,100,5,3000,A2,Olga,1.4890000000000327
0.9879124408031338,3,100,100,5,3000,A3,Tracy,1.4890000000000327
8.538824621817046,3,100,100,5,3000,core,Tracy_Olga,1.4890000000000327
2.9238816689196683,3,100,500,5,3000,A1,NTD,14.659999999999854
0.4781150091331449,3,100,500,5,3000,A2,NTD,14.659999999999854
497.0001651179813,3,100,500,5,3000,A3,NTD,14.659999999999854
12.768716851666891,3,100,500,5,3000,core,NTD,14.659999999999854
3.720057441044061,3,100,500,5,3000,A1,Ours,0.5270000000000437
0.00893583538666334,3,100,500,5,3000,A2,Ours,0.5270000000000437
0.08971461824476033,3,100,500,5,3000,A3,Ours,0.5270000000000437
8.52534288010556,3,100,500,5,3000,core,Ours,0.5270000000000437
3.720057441044061,3,100,500,5,3000,A1,HOSVD,0.9059999999999491
0.00893583538666334,3,100,500,5,3000,A2,HOSVD,0.9059999999999491
0.0897600033401707,3,100,500,5,3000,A3,HOSVD,0.9059999999999491
8.525346510135224,3,100,500,5,3000,core,HOSVD,0.9059999999999491
3.7173038094086035,3,100,500,5,3000,A1,HOOI,1.68300000000022
0.01060050372987913,3,100,500,5,3000,A2,HOOI,1.68300000000022
0.08917117224580029,3,100,500,5,3000,A3,HOOI,1.68300000000022
8.525159838624045,3,100,500,5,3000,core,HOOI,1.68300000000022
3.120732069044433,3,100,500,5,3000,A1,Olga,0.65300000000002
0.003500682400819234,3,100,500,5,3000,A2,Olga,0.65300000000002
1.2592591357432197,3,100,500,5,3000,A3,Tracy,0.65300000000002
8.580031328864937,3,100,500,5,3000,core,Tracy_Olga,0.65300000000002
4.051515478347798,3,100,1000,5,3000,A1,NTD,34.725999999999885
0.5497977770682914,3,100,1000,5,3000,A2,NTD,34.725999999999885
997.0004837878172,3,100,1000,5,3000,A3,NTD,34.725999999999885
10.71875902422776,3,100,1000,5,3000,core,NTD,34.725999999999885
3.3390987106967485,3,100,1000,5,3000,A1,Ours,0.5060000000000855
0.015548914752161865,3,100,1000,5,3000,A2,Ours,0.5060000000000855
0.4976897905649832,3,100,1000,5,3000,A3,Ours,0.5060000000000855
8.040611435532684,3,100,1000,5,3000,core,Ours,0.5060000000000855
3.3390987106967485,3,100,1000,5,3000,A1,HOSVD,1.2369999999998527
0.015548914752161865,3,100,1000,5,3000,A2,HOSVD,1.2369999999998527
0.4974606053769493,3,100,1000,5,3000,A3,HOSVD,1.2369999999998527
8.041055647727736,3,100,1000,5,3000,core,HOSVD,1.2369999999998527
3.34330653162802,3,100,1000,5,3000,A1,HOOI,1.3430000000000746
0.016440309680357586,3,100,1000,5,3000,A2,HOOI,1.3430000000000746
0.4865586647073701,3,100,1000,5,3000,A3,HOOI,1.3430000000000746
8.064648635530645,3,100,1000,5,3000,core,HOOI,1.3430000000000746
2.8914073578785886,3,100,1000,5,3000,A1,Olga,0.6330000000000382
0.013004373073273684,3,100,1000,5,3000,A2,Olga,0.6330000000000382
1.437966383213335,3,100,1000,5,3000,A3,Tracy,0.6330000000000382
8.101998777214238,3,100,1000,5,3000,core,Tracy_Olga,0.6330000000000382
2.69834979716395,3,100,2498,5,3000,A1,NTD,87.20399999999995
1.0087533152709223,3,100,2498,5,3000,A2,NTD,87.20399999999995
2495.0527616324816,3,100,2498,5,3000,A3,NTD,87.20399999999995
8.615543103040293,3,100,2498,5,3000,core,NTD,87.20399999999995
2.9122142113220435,3,100,2498,5,3000,A1,Ours,2.22400000000016
0.015001757710220913,3,100,2498,5,3000,A2,Ours,2.22400000000016
2.5225614921906896,3,100,2498,5,3000,A3,Ours,2.22400000000016
10.907467145510452,3,100,2498,5,3000,core,Ours,2.22400000000016
2.9122142113220435,3,100,2498,5,3000,A1,HOSVD,0.9699999999997999
0.015001757710220913,3,100,2498,5,3000,A2,HOSVD,0.9699999999997999
2.517445363329806,3,100,2498,5,3000,A3,HOSVD,0.9699999999997999
10.888514964322082,3,100,2498,5,3000,core,HOSVD,0.9699999999997999
2.908496202943897,3,100,2498,5,3000,A1,HOOI,2.1410000000000764
0.014609616093720641,3,100,2498,5,3000,A2,HOOI,2.1410000000000764
2.5185746900570964,3,100,2498,5,3000,A3,HOOI,2.1410000000000764
10.856005463553053,3,100,2498,5,3000,core,HOOI,2.1410000000000764
2.6288898000511085,3,100,2498,5,3000,A1,Olga,1.1289999999999054
0.019675224323056635,3,100,2498,5,3000,A2,Olga,1.1289999999999054
2.943748323851801,3,100,2498,5,3000,A3,Tracy,1.1289999999999054
10.820109478549051,3,100,2498,5,3000,core,Tracy_Olga,1.1289999999999054
2.8450002039011495,3,100,4990,5,3000,A1,NTD,168.24099999999999
0.8702350408932193,3,100,4990,5,3000,A2,NTD,168.24099999999999
4987.067592388827,3,100,4990,5,3000,A3,NTD,168.24099999999999
9.33982069862076,3,100,4990,5,3000,core,NTD,168.24099999999999
3.362827143256601,3,100,4990,5,3000,A1,Ours,8.498000000000047
0.001931934263105329,3,100,4990,5,3000,A2,Ours,8.498000000000047
2.542388376515998,3,100,4990,5,3000,A3,Ours,8.498000000000047
9.739253174239348,3,100,4990,5,3000,core,Ours,8.498000000000047
3.362827143256601,3,100,4990,5,3000,A1,HOSVD,3.01299999999992
0.001931934263105329,3,100,4990,5,3000,A2,HOSVD,3.01299999999992
2.5212881468264934,3,100,4990,5,3000,A3,HOSVD,3.01299999999992
9.672313157886574,3,100,4990,5,3000,core,HOSVD,3.01299999999992
3.375121959056473,3,100,4990,5,3000,A1,HOOI,5.300999999999931
0.002189413430285537,3,100,4990,5,3000,A2,HOOI,5.300999999999931
2.5231426198741915,3,100,4990,5,3000,A3,HOOI,5.300999999999931
12.210877371707452,3,100,4990,5,3000,core,HOOI,5.300999999999931
3.380417999285124,3,100,4990,5,3000,A1,Olga,2.7280000000000655
0.024782328824011834,3,100,4990,5,3000,A2,Olga,2.7280000000000655
2.776125077295772,3,100,4990,5,3000,A3,Tracy,2.7280000000000655
12.255504874591384,3,100,4990,5,3000,core,Tracy_Olga,2.7280000000000655
5.81291723754699,3,100,5979,5,3000,A1,NTD,208.07600000000002
3.7605434834821865,3,100,5979,5,3000,A2,NTD,208.07600000000002
5976.081518246625,3,100,5979,5,3000,A3,NTD,208.07600000000002
9.564787558780885,3,100,5979,5,3000,core,NTD,208.07600000000002
3.2370705543026475,3,100,5979,5,3000,A1,Ours,7.947999999999865
0.013158139859525684,3,100,5979,5,3000,A2,Ours,7.947999999999865
2.5761690376122943,3,100,5979,5,3000,A3,Ours,7.947999999999865
11.776978920443167,3,100,5979,5,3000,core,Ours,7.947999999999865
3.2370705543026475,3,100,5979,5,3000,A1,HOSVD,5.33600000000024
0.013158139859525684,3,100,5979,5,3000,A2,HOSVD,5.33600000000024
2.5361274231023225,3,100,5979,5,3000,A3,HOSVD,5.33600000000024
11.6955605657481,3,100,5979,5,3000,core,HOSVD,5.33600000000024
3.229402823021348,3,100,5979,5,3000,A1,HOOI,5.786000000000058
0.013327426971377428,3,100,5979,5,3000,A2,HOOI,5.786000000000058
2.5361422038608215,3,100,5979,5,3000,A3,HOOI,5.786000000000058
11.707565225287263,3,100,5979,5,3000,core,HOOI,5.786000000000058
2.582500875060681,3,100,5979,5,3000,A1,Olga,3.3479999999999563
0.04966577634954046,3,100,5979,5,3000,A2,Olga,3.3479999999999563
2.8741773978896945,3,100,5979,5,3000,A3,Tracy,3.3479999999999563
11.622996982627724,3,100,5979,5,3000,core,Tracy_Olga,3.3479999999999563
1.8353193494643085,3,100,6967,5,3000,A1,NTD,227.39200000000028
1.8612609565148188,3,100,6967,5,3000,A2,NTD,227.39200000000028
6964.086768202868,3,100,6967,5,3000,A3,NTD,227.39200000000028
9.520379462202769,3,100,6967,5,3000,core,NTD,227.39200000000028
2.464768675158719,3,100,6967,5,3000,A1,Ours,8.452999999999975
0.013114378556886854,3,100,6967,5,3000,A2,Ours,8.452999999999975
2.581905002291424,3,100,6967,5,3000,A3,Ours,8.452999999999975
9.563056657256862,3,100,6967,5,3000,core,Ours,8.452999999999975
2.464768675158719,3,100,6967,5,3000,A1,HOSVD,3.074000000000069
0.013114378556886854,3,100,6967,5,3000,A2,HOSVD,3.074000000000069
2.534465085386903,3,100,6967,5,3000,A3,HOSVD,3.074000000000069
9.443403414816505,3,100,6967,5,3000,core,HOSVD,3.074000000000069
2.4679909710032226,3,100,6967,5,3000,A1,HOOI,6.858000000000175
0.013987042862818847,3,100,6967,5,3000,A2,HOOI,6.858000000000175
2.535661526788511,3,100,6967,5,3000,A3,HOOI,6.858000000000175
9.458482875036458,3,100,6967,5,3000,core,HOOI,6.858000000000175
3.09087775695645,3,100,6967,5,3000,A1,Olga,3.880000000000109
0.004457675911724718,3,100,6967,5,3000,A2,Olga,3.880000000000109
2.8507678998835977,3,100,6967,5,3000,A3,Tracy,3.880000000000109
11.098468551716422,3,100,6967,5,3000,core,Tracy_Olga,3.880000000000109
3.1804747862492246,3,100,7962,5,3000,A1,NTD,246.38400000000001
0.45433450594009644,3,100,7962,5,3000,A2,NTD,246.38400000000001
7959.101783360856,3,100,7962,5,3000,A3,NTD,246.38400000000001
5.947216432314549,3,100,7962,5,3000,core,NTD,246.38400000000001
2.67655971176241,3,100,7962,5,3000,A1,Ours,18.610999999999876
0.013200317102192903,3,100,7962,5,3000,A2,Ours,18.610999999999876
2.627727032529957,3,100,7962,5,3000,A3,Ours,18.610999999999876
9.835374690661213,3,100,7962,5,3000,core,Ours,18.610999999999876
2.67655971176241,3,100,7962,5,3000,A1,HOSVD,9.606999999999971
0.013200317102192903,3,100,7962,5,3000,A2,HOSVD,9.606999999999971
2.5736283606588928,3,100,7962,5,3000,A3,HOSVD,9.606999999999971
9.67250234713685,3,100,7962,5,3000,core,HOSVD,9.606999999999971
2.684215746111963,3,100,7962,5,3000,A1,HOOI,8.708999999999833
0.011790187979034248,3,100,7962,5,3000,A2,HOOI,8.708999999999833
2.576141735802281,3,100,7962,5,3000,A3,HOOI,8.708999999999833
9.656865077744852,3,100,7962,5,3000,core,HOOI,8.708999999999833
2.878591571232809,3,100,7962,5,3000,A1,Olga,5.652000000000044
0.037181300689023485,3,100,7962,5,3000,A2,Olga,5.652000000000044
2.8224390594847812,3,100,7962,5,3000,A3,Tracy,5.652000000000044
12.174948422423565,3,100,7962,5,3000,core,Tracy_Olga,5.652000000000044
4.04863503015754,3,100,8950,5,3000,A1,NTD,285.88599999999997
3.8492931250056928,3,100,8950,5,3000,A2,NTD,285.88599999999997
8947.113102259163,3,100,8950,5,3000,A3,NTD,285.88599999999997
11.163459868400196,3,100,8950,5,3000,core,NTD,285.88599999999997
2.538907423073435,3,100,8950,5,3000,A1,Ours,11.694999999999709
0.0012320855814189036,3,100,8950,5,3000,A2,Ours,11.694999999999709
2.6321199801249286,3,100,8950,5,3000,A3,Ours,11.694999999999709
12.15908886028289,3,100,8950,5,3000,core,Ours,11.694999999999709
2.538907423073435,3,100,8950,5,3000,A1,HOSVD,3.3109999999996944
0.0012320855814189036,3,100,8950,5,3000,A2,HOSVD,3.3109999999996944
2.560254929617684,3,100,8950,5,3000,A3,HOSVD,3.3109999999996944
12.179537265687726,3,100,8950,5,3000,core,HOSVD,3.3109999999996944
2.5393061798705885,3,100,8950,5,3000,A1,HOOI,9.014000000000124
0.0027814473099194623,3,100,8950,5,3000,A2,HOOI,9.014000000000124
2.5634598991896222,3,100,8950,5,3000,A3,HOOI,9.014000000000124
12.181089988414241,3,100,8950,5,3000,core,HOOI,9.014000000000124
3.5236026051198843,3,100,8950,5,3000,A1,Olga,6.048999999999978
0.03408550429952132,3,100,8950,5,3000,A2,Olga,6.048999999999978
2.8331607548875306,3,100,8950,5,3000,A3,Tracy,6.048999999999978
12.19933813796144,3,100,8950,5,3000,core,Tracy_Olga,6.048999999999978
2.4754520399254245,3,100,9931,5,3000,A1,NTD,315.759
4.150716298000603,3,100,9931,5,3000,A2,NTD,315.759
9928.120510318851,3,100,9931,5,3000,A3,NTD,315.759
13.47662254460283,3,100,9931,5,3000,core,NTD,315.759
2.82326313058267,3,100,9931,5,3000,A1,Ours,33.403999999999996
0.01656411501408434,3,100,9931,5,3000,A2,Ours,33.403999999999996
2.641407727234974,3,100,9931,5,3000,A3,Ours,33.403999999999996
9.769781935045245,3,100,9931,5,3000,core,Ours,33.403999999999996
2.82326313058267,3,100,9931,5,3000,A1,HOSVD,20.29300000000012
0.01656411501408434,3,100,9931,5,3000,A2,HOSVD,20.29300000000012
2.5551426708776592,3,100,9931,5,3000,A3,HOSVD,20.29300000000012
9.597891586910844,3,100,9931,5,3000,core,HOSVD,20.29300000000012
2.831185385680098,3,100,9931,5,3000,A1,HOOI,28.277999999999793
0.01679842910115962,3,100,9931,5,3000,A2,HOOI,28.277999999999793
2.555351139697064,3,100,9931,5,3000,A3,HOOI,28.277999999999793
9.61072260411854,3,100,9931,5,3000,core,HOOI,28.277999999999793
3.0763185541290827,3,100,9931,5,3000,A1,Olga,21.296000000000276
0.025995494666222814,3,100,9931,5,3000,A2,Olga,21.296000000000276
2.8227954473764285,3,100,9931,5,3000,A3,Tracy,21.296000000000276
9.706731910093387,3,100,9931,5,3000,core,Tracy_Olga,21.296000000000276
2.514646889604686,3,100,100,5,10000,A1,NTD,3.6799999999998363
0.3647792542117429,3,100,100,5,10000,A2,NTD,3.6799999999998363
97,3,100,100,5,10000,A3,NTD,3.6799999999998363
12.981042183635795,3,100,100,5,10000,core,NTD,3.6799999999998363
1.3819613015918546,3,100,100,5,10000,A1,Ours,3.8089999999997417
0.0042245515895337525,3,100,100,5,10000,A2,Ours,3.8089999999997417
0.023359435927532937,3,100,100,5,10000,A3,Ours,3.8089999999997417
8.51872149236423,3,100,100,5,10000,core,Ours,3.8089999999997417
1.3819613015918546,3,100,100,5,10000,A1,HOSVD,2.8040000000000873
0.0042245515895337525,3,100,100,5,10000,A2,HOSVD,2.8040000000000873
0.023359560444580107,3,100,100,5,10000,A3,HOSVD,2.8040000000000873
8.5187220023585,3,100,100,5,10000,core,HOSVD,2.8040000000000873
1.3795835307239832,3,100,100,5,10000,A1,HOOI,4.77599999999984
0.004629548544370951,3,100,100,5,10000,A2,HOOI,4.77599999999984
0.02323242751067737,3,100,100,5,10000,A3,HOOI,4.77599999999984
8.518469221959975,3,100,100,5,10000,core,HOOI,4.77599999999984
1.212984760553836,3,100,100,5,10000,A1,Olga,4.420999999999822
0.002886923766816323,3,100,100,5,10000,A2,Olga,4.420999999999822
0.9884291755366118,3,100,100,5,10000,A3,Tracy,4.420999999999822
8.508119809699716,3,100,100,5,10000,core,Tracy_Olga,4.420999999999822
3.243177215438371,3,100,500,5,10000,A1,NTD,14.527999999999793
0.31031676088457094,3,100,500,5,10000,A2,NTD,14.527999999999793
497.0000296572966,3,100,500,5,10000,A3,NTD,14.527999999999793
7.918926209337007,3,100,500,5,10000,core,NTD,14.527999999999793
1.8809950190889695,3,100,500,5,10000,A1,Ours,3.44399999999996
0.005353261817866503,3,100,500,5,10000,A2,Ours,3.44399999999996
0.04723765903718745,3,100,500,5,10000,A3,Ours,3.44399999999996
8.53020247469938,3,100,500,5,10000,core,Ours,3.44399999999996
1.8809950190889695,3,100,500,5,10000,A1,HOSVD,4.07300000000032
0.005353261817866503,3,100,500,5,10000,A2,HOSVD,4.07300000000032
0.047241597705926945,3,100,500,5,10000,A3,HOSVD,4.07300000000032
8.530202043769554,3,100,500,5,10000,core,HOSVD,4.07300000000032
1.8864204028867226,3,100,500,5,10000,A1,HOOI,2.542000000000371
0.00555048271250537,3,100,500,5,10000,A2,HOOI,2.542000000000371
0.0472298750845278,3,100,500,5,10000,A3,HOOI,2.542000000000371
8.530551559993853,3,100,500,5,10000,core,HOOI,2.542000000000371
1.3362291090930414,3,100,500,5,10000,A1,Olga,1.2619999999997162
0.003456277199986173,3,100,500,5,10000,A2,Olga,1.2619999999997162
1.254564841829623,3,100,500,5,10000,A3,Tracy,1.2619999999997162
8.547414594858472,3,100,500,5,10000,core,Tracy_Olga,1.2619999999997162
3.139278602538433,3,100,1000,5,10000,A1,NTD,31.99200000000019
0.43614132311711873,3,100,1000,5,10000,A2,NTD,31.99200000000019
997.0000311277944,3,100,1000,5,10000,A3,NTD,31.99200000000019
9.95530786761184,3,100,1000,5,10000,core,NTD,31.99200000000019
1.8547518444271238,3,100,1000,5,10000,A1,Ours,0.8800000000001091
0.005475596171175421,3,100,1000,5,10000,A2,Ours,0.8800000000001091
0.09273817334966107,3,100,1000,5,10000,A3,Ours,0.8800000000001091
8.515649053166172,3,100,1000,5,10000,core,Ours,0.8800000000001091
1.8547518444271238,3,100,1000,5,10000,A1,HOSVD,0.7729999999996835
0.005475596171175421,3,100,1000,5,10000,A2,HOSVD,0.7729999999996835
0.09272502760387011,3,100,1000,5,10000,A3,HOSVD,0.7729999999996835
8.515604290916665,3,100,1000,5,10000,core,HOSVD,0.7729999999996835
1.8514386409465111,3,100,1000,5,10000,A1,HOOI,1.69399999999996
0.005354992001604603,3,100,1000,5,10000,A2,HOOI,1.69399999999996
0.09299045699364678,3,100,1000,5,10000,A3,HOOI,1.69399999999996
8.515802701084363,3,100,1000,5,10000,core,HOOI,1.69399999999996
1.6801719740126835,3,100,1000,5,10000,A1,Olga,1.3890000000001237
0.0025791942430343022,3,100,1000,5,10000,A2,Olga,1.3890000000001237
1.6147897414210732,3,100,1000,5,10000,A3,Tracy,1.3890000000001237
13.081141916166715,3,100,1000,5,10000,core,Tracy_Olga,1.3890000000001237
3.237600716428684,3,100,2500,5,10000,A1,NTD,96.52000000000044
0.3230632458648532,3,100,2500,5,10000,A2,NTD,96.52000000000044
2497.0003740294496,3,100,2500,5,10000,A3,NTD,96.52000000000044
14.26445410832434,3,100,2500,5,10000,core,NTD,96.52000000000044
1.9862041866567002,3,100,2500,5,10000,A1,Ours,1.8840000000000146
0.01488884010645664,3,100,2500,5,10000,A2,Ours,1.8840000000000146
0.556027998733232,3,100,2500,5,10000,A3,Ours,1.8840000000000146
8.090016589995384,3,100,2500,5,10000,core,Ours,1.8840000000000146
1.9862041866567002,3,100,2500,5,10000,A1,HOSVD,1.6909999999998035
0.01488884010645664,3,100,2500,5,10000,A2,HOSVD,1.6909999999998035
0.555847180405329,3,100,2500,5,10000,A3,HOSVD,1.6909999999998035
8.089499159450112,3,100,2500,5,10000,core,HOSVD,1.6909999999998035
1.9819391716828798,3,100,2500,5,10000,A1,HOOI,2.756000000000313
0.0147166612729756,3,100,2500,5,10000,A2,HOOI,2.756000000000313
0.5801632943472633,3,100,2500,5,10000,A3,HOOI,2.756000000000313
8.088432928151631,3,100,2500,5,10000,core,HOOI,2.756000000000313
1.7263892512850676,3,100,2500,5,10000,A1,Olga,1.1179999999999382
0.006494840817774669,3,100,2500,5,10000,A2,Olga,1.1179999999999382
1.5807065661977127,3,100,2500,5,10000,A3,Tracy,1.1179999999999382
8.08742344464866,3,100,2500,5,10000,core,Tracy_Olga,1.1179999999999382
3.238798011772287,3,100,4997,5,10000,A1,NTD,169.76999999999998
0.7297412261439381,3,100,4997,5,10000,A2,NTD,169.76999999999998
4994.029496780433,3,100,4997,5,10000,A3,NTD,169.76999999999998
12.276353222782987,3,100,4997,5,10000,core,NTD,169.76999999999998
1.9701788139461645,3,100,4997,5,10000,A1,Ours,5.481999999999516
0.0026771608121916157,3,100,4997,5,10000,A2,Ours,5.481999999999516
2.4994410597685226,3,100,4997,5,10000,A3,Ours,5.481999999999516
11.696518286590926,3,100,4997,5,10000,core,Ours,5.481999999999516
1.9701788139461645,3,100,4997,5,10000,A1,HOSVD,3.688000000000102
0.0026771608121916157,3,100,4997,5,10000,A2,HOSVD,3.688000000000102
2.4971761425173225,3,100,4997,5,10000,A3,HOSVD,3.688000000000102
11.696791309309628,3,100,4997,5,10000,core,HOSVD,3.688000000000102
1.964171967911904,3,100,4997,5,10000,A1,HOOI,5.932999999999993
0.0028351465948234147,3,100,4997,5,10000,A2,HOOI,5.932999999999993
2.500177868146761,3,100,4997,5,10000,A3,HOOI,5.932999999999993
11.706483083983018,3,100,4997,5,10000,core,HOOI,5.932999999999993
1.5457279896433904,3,100,4997,5,10000,A1,Olga,2.842999999999847
0.002852479704080449,3,100,4997,5,10000,A2,Olga,2.842999999999847
2.9570592918736587,3,100,4997,5,10000,A3,Tracy,2.842999999999847
11.726231678831578,3,100,4997,5,10000,core,Tracy_Olga,2.842999999999847
3.0709525668122355,3,100,5996,5,10000,A1,NTD,203.9349999999995
0.4509793878296115,3,100,5996,5,10000,A2,NTD,203.9349999999995
5993.041340479433,3,100,5996,5,10000,A3,NTD,203.9349999999995
13.373867406475293,3,100,5996,5,10000,core,NTD,203.9349999999995
1.4768444138164114,3,100,5996,5,10000,A1,Ours,6.747000000000298
0.006372852106783169,3,100,5996,5,10000,A2,Ours,6.747000000000298
2.52041641963782,3,100,5996,5,10000,A3,Ours,6.747000000000298
11.788292602822168,3,100,5996,5,10000,core,Ours,6.747000000000298
1.4768444138164114,3,100,5996,5,10000,A1,HOSVD,2.13799999999992
0.006372852106783169,3,100,5996,5,10000,A2,HOSVD,2.13799999999992
2.5165406314889553,3,100,5996,5,10000,A3,HOSVD,2.13799999999992
11.7824608824052,3,100,5996,5,10000,core,HOSVD,2.13799999999992
1.479742501980474,3,100,5996,5,10000,A1,HOOI,5.0659999999998035
0.006465128183330189,3,100,5996,5,10000,A2,HOOI,5.0659999999998035
2.5173721886845146,3,100,5996,5,10000,A3,HOOI,5.0659999999998035
11.796018906789365,3,100,5996,5,10000,core,HOOI,5.0659999999998035
1.6621105734425057,3,100,5996,5,10000,A1,Olga,3.2910000000001673
0.014088488839087488,3,100,5996,5,10000,A2,Olga,3.2910000000001673
2.8856852404594155,3,100,5996,5,10000,A3,Tracy,3.2910000000001673
11.741406668738447,3,100,5996,5,10000,core,Tracy_Olga,3.2910000000001673
1.8869088562049154,3,100,6995,5,10000,A1,NTD,227.4280000000008
0.2103955221320067,3,100,6995,5,10000,A2,NTD,227.4280000000008
6992.050627186952,3,100,6995,5,10000,A3,NTD,227.4280000000008
9.583314121193123,3,100,6995,5,10000,core,NTD,227.4280000000008
2.1051456376899855,3,100,6995,5,10000,A1,Ours,8.539999999999964
0.006638691294242131,3,100,6995,5,10000,A2,Ours,8.539999999999964
2.4706018848647875,3,100,6995,5,10000,A3,Ours,8.539999999999964
8.599268272547512,3,100,6995,5,10000,core,Ours,8.539999999999964
2.1051456376899855,3,100,6995,5,10000,A1,HOSVD,2.899999999999636
0.006638691294242131,3,100,6995,5,10000,A2,HOSVD,2.899999999999636
2.464723767993457,3,100,6995,5,10000,A3,HOSVD,2.899999999999636
8.591981282799122,3,100,6995,5,10000,core,HOSVD,2.899999999999636
2.101044847419602,3,100,6995,5,10000,A1,HOOI,6.786999999999352
0.0068510146123864114,3,100,6995,5,10000,A2,HOOI,6.786999999999352
2.4643001672111167,3,100,6995,5,10000,A3,HOOI,6.786999999999352
8.608603310116212,3,100,6995,5,10000,core,HOOI,6.786999999999352
1.6025021721105481,3,100,6995,5,10000,A1,Olga,4.649999999999636
0.003204071139090497,3,100,6995,5,10000,A2,Olga,4.649999999999636
2.907351933484313,3,100,6995,5,10000,A3,Tracy,4.649999999999636
8.620628243689492,3,100,6995,5,10000,core,Tracy_Olga,4.649999999999636
2.7788898166058686,3,100,7993,5,10000,A1,NTD,255.63900000000012
0.5764867779371543,3,100,7993,5,10000,A2,NTD,255.63900000000012
7990.046579203217,3,100,7993,5,10000,A3,NTD,255.63900000000012
9.376100414974175,3,100,7993,5,10000,core,NTD,255.63900000000012
1.8809079367068167,3,100,7993,5,10000,A1,Ours,11.149999999999636
0.004737809870470374,3,100,7993,5,10000,A2,Ours,11.149999999999636
2.534882939012444,3,100,7993,5,10000,A3,Ours,11.149999999999636
9.267745724095397,3,100,7993,5,10000,core,Ours,11.149999999999636
1.8809079367068167,3,100,7993,5,10000,A1,HOSVD,2.826000000000022
0.004737809870470374,3,100,7993,5,10000,A2,HOSVD,2.826000000000022
2.5295515935705453,3,100,7993,5,10000,A3,HOSVD,2.826000000000022
9.254961885975588,3,100,7993,5,10000,core,HOSVD,2.826000000000022
1.8783227641858542,3,100,7993,5,10000,A1,HOOI,7.631999999999607
0.004568967030299916,3,100,7993,5,10000,A2,HOOI,7.631999999999607
2.530413668893431,3,100,7993,5,10000,A3,HOOI,7.631999999999607
9.240786733047102,3,100,7993,5,10000,core,HOOI,7.631999999999607
2.2798746648775925,3,100,7993,5,10000,A1,Olga,5.14600000000064
0.0014359151038596198,3,100,7993,5,10000,A2,Olga,5.14600000000064
2.8720116574291477,3,100,7993,5,10000,A3,Tracy,5.14600000000064
10.800726896541054,3,100,7993,5,10000,core,Tracy_Olga,5.14600000000064
2.649617084356491,3,100,8987,5,10000,A1,NTD,277.58899999999994
3.3420408280280256,3,100,8987,5,10000,A2,NTD,277.58899999999994
8984.056771407415,3,100,8987,5,10000,A3,NTD,277.58899999999994
7.388360696784053,3,100,8987,5,10000,core,NTD,277.58899999999994
1.8840994290527422,3,100,8987,5,10000,A1,Ours,11.644000000000233
0.003298828683565141,3,100,8987,5,10000,A2,Ours,11.644000000000233
2.5477809916033434,3,100,8987,5,10000,A3,Ours,11.644000000000233
11.543710131308913,3,100,8987,5,10000,core,Ours,11.644000000000233
1.8840994290527422,3,100,8987,5,10000,A1,HOSVD,3.230999999999767
0.003298828683565141,3,100,8987,5,10000,A2,HOSVD,3.230999999999767
2.5409383351993036,3,100,8987,5,10000,A3,HOSVD,3.230999999999767
11.532451405530207,3,100,8987,5,10000,core,HOSVD,3.230999999999767
1.8836648609922322,3,100,8987,5,10000,A1,HOOI,10.337000000000444
0.003564852558084177,3,100,8987,5,10000,A2,HOOI,10.337000000000444
2.54180464750523,3,100,8987,5,10000,A3,HOOI,10.337000000000444
11.534050975110421,3,100,8987,5,10000,core,HOOI,10.337000000000444
1.5831157407884302,3,100,8987,5,10000,A1,Olga,5.661000000000058
0.013514443784427654,3,100,8987,5,10000,A2,Olga,5.661000000000058
2.8225147006278997,3,100,8987,5,10000,A3,Tracy,5.661000000000058
11.63732703859196,3,100,8987,5,10000,core,Tracy_Olga,5.661000000000058
2.859838016459655,3,100,9982,5,10000,A1,NTD,315.6080000000002
0.211379566712463,3,100,9982,5,10000,A2,NTD,315.6080000000002
9979.04663778691,3,100,9982,5,10000,A3,NTD,315.6080000000002
12.935393673537293,3,100,9982,5,10000,core,NTD,315.6080000000002
1.4160927370406258,3,100,9982,5,10000,A1,Ours,12.625
0.008326386617555562,3,100,9982,5,10000,A2,Ours,12.625
2.5449884130883427,3,100,9982,5,10000,A3,Ours,12.625
12.114491806695943,3,100,9982,5,10000,core,Ours,12.625
1.4160927370406258,3,100,9982,5,10000,A1,HOSVD,2.944999999999709
0.008326386617555562,3,100,9982,5,10000,A2,HOSVD,2.944999999999709
2.536607265256482,3,100,9982,5,10000,A3,HOSVD,2.944999999999709
12.115427140482986,3,100,9982,5,10000,core,HOSVD,2.944999999999709
1.4202851030895098,3,100,9982,5,10000,A1,HOOI,10.234999999999673
0.008314799674174434,3,100,9982,5,10000,A2,HOOI,10.234999999999673
2.5380538022388683,3,100,9982,5,10000,A3,HOOI,10.234999999999673
12.123008143088532,3,100,9982,5,10000,core,HOOI,10.234999999999673
1.5474413273182157,3,100,9982,5,10000,A1,Olga,6.368999999999687
0.017547635991190354,3,100,9982,5,10000,A2,Olga,6.368999999999687
2.8168849919261345,3,100,9982,5,10000,A3,Tracy,6.368999999999687
11.530398527456,3,100,9982,5,10000,core,Tracy_Olga,6.368999999999687
