error,K,Q1,R,Q2,M,mode,method,time
22.345688828488942,3,100,981,5,100,A1,NTD,36.531
2.515943457925412,3,100,981,5,100,A2,NTD,36.531
978.2414577749796,3,100,981,5,100,A3,NTD,36.531
11.562628097786998,3,100,981,5,100,core,NTD,36.531
16.75086001539416,3,100,981,5,100,A1,Ours,2.8980000000000032
0.08998226328650318,3,100,981,5,100,A2,Ours,2.8980000000000032
3.3777103066078413,3,100,981,5,100,A3,Ours,2.8980000000000032
11.020755669571782,3,100,981,5,100,core,Ours,2.8980000000000032
16.75086001539416,3,100,981,5,100,A1,HOSVD,5.1640000000000015
0.08998226328650318,3,100,981,5,100,A2,HOSVD,5.1640000000000015
2.498604372758184,3,100,981,5,100,A3,HOSVD,5.1640000000000015
13.541611364631152,3,100,981,5,100,core,HOSVD,5.1640000000000015
16.968522804928373,3,100,981,5,100,A1,HOOI,6.917000000000002
0.08272823212816195,3,100,981,5,100,A2,HOOI,6.917000000000002
2.524853587200845,3,100,981,5,100,A3,HOOI,6.917000000000002
13.541611364631152,3,100,981,5,100,core,HOOI,6.917000000000002
14.223038475016086,3,100,981,5,100,A1,Olga,5.041000000000004
0.657822150130918,3,100,981,5,100,A2,Olga,5.041000000000004
2.911520415436597,3,100,981,5,100,A3,Tracy,5.041000000000004
13.162936396608997,3,100,981,5,100,core,Tracy_Olga,5.041000000000004
118.88914086842232,3,100,4524,5,100,A1,NTD,162.33200000000002
3.494080444066736,3,100,4524,5,100,A2,NTD,162.33200000000002
4521.571865046087,3,100,4524,5,100,A3,NTD,162.33200000000002
11.553699020007603,3,100,4524,5,100,core,NTD,162.33200000000002
13.624598344258628,3,100,4524,5,100,A1,Ours,8.311999999999983
0.1337056158533129,3,100,4524,5,100,A2,Ours,8.311999999999983
5.38128993839444,3,100,4524,5,100,A3,Ours,8.311999999999983
9.980105290764493,3,100,4524,5,100,core,Ours,8.311999999999983
13.624598344258628,3,100,4524,5,100,A1,HOSVD,8.698000000000008
0.1337056158533129,3,100,4524,5,100,A2,HOSVD,8.698000000000008
4.833724883088553,3,100,4524,5,100,A3,HOSVD,8.698000000000008
11.912529540760302,3,100,4524,5,100,core,HOSVD,8.698000000000008
39.877449624248996,3,100,4524,5,100,A1,Olga,18.972000000000037
0.9078864566695382,3,100,4524,5,100,A2,Olga,18.972000000000037
3.794520641378268,3,100,4524,5,100,A3,Tracy,18.972000000000037
11.371775521940311,3,100,4524,5,100,core,Tracy_Olga,18.972000000000037
124.51186608707553,3,100,8184,5,100,A1,NTD,286.73799999999994
0.5264072889948608,3,100,8184,5,100,A2,NTD,286.73799999999994
8181.519942801288,3,100,8184,5,100,A3,NTD,286.73799999999994
9.52314582765658,3,100,8184,5,100,core,NTD,286.73799999999994
11.87056562051116,3,100,8184,5,100,A1,Ours,30.470000000000027
0.165813265459794,3,100,8184,5,100,A2,Ours,30.470000000000027
5.324830346699886,3,100,8184,5,100,A3,Ours,30.470000000000027
13.919091225881266,3,100,8184,5,100,core,Ours,30.470000000000027
84.19325728264202,3,100,8184,5,100,A1,Olga,8.007000000000062
1.7376173545001943,3,100,8184,5,100,A2,Olga,8.007000000000062
4.031986881208285,3,100,8184,5,100,A3,Tracy,8.007000000000062
9.6478132698244,3,100,8184,5,100,core,Tracy_Olga,8.007000000000062
4.4360777651348835,3,100,996,5,500,A1,NTD,28.341000000000008
0.5263907859249063,3,100,996,5,500,A2,NTD,28.341000000000008
993.1299943004326,3,100,996,5,500,A3,NTD,28.341000000000008
8.306824071827613,3,100,996,5,500,core,NTD,28.341000000000008
7.168357335288376,3,100,996,5,500,A1,Ours,1.5289999999999964
0.015281196305648996,3,100,996,5,500,A2,Ours,1.5289999999999964
2.505379173112181,3,100,996,5,500,A3,Ours,1.5289999999999964
13.447573377003096,3,100,996,5,500,core,Ours,1.5289999999999964
7.168357335288376,3,100,996,5,500,A1,HOSVD,1.1789999999999736
0.015281196305648996,3,100,996,5,500,A2,HOSVD,1.1789999999999736
2.470811184787629,3,100,996,5,500,A3,HOSVD,1.1789999999999736
13.42497303460521,3,100,996,5,500,core,HOSVD,1.1789999999999736
7.178635747577004,3,100,996,5,500,A1,HOOI,2.004000000000019
0.015882866438148964,3,100,996,5,500,A2,HOOI,2.004000000000019
2.4770247459190875,3,100,996,5,500,A3,HOOI,2.004000000000019
13.368697749550247,3,100,996,5,500,core,HOOI,2.004000000000019
5.941201206144179,3,100,996,5,500,A1,Olga,1.483000000000061
0.08835268619184325,3,100,996,5,500,A2,Olga,1.483000000000061
2.931425686989156,3,100,996,5,500,A3,Tracy,1.483000000000061
13.481867781254174,3,100,996,5,500,core,Tracy_Olga,1.483000000000061
72.69528462719674,3,100,4905,5,500,A1,NTD,173.65700000000004
2.5264135829386576,3,100,4905,5,500,A2,NTD,173.65700000000004
4902.196989732399,3,100,4905,5,500,A3,NTD,173.65700000000004
12.274682528448809,3,100,4905,5,500,core,NTD,173.65700000000004
9.039125906132302,3,100,4905,5,500,A1,Ours,14.769999999999982
0.019435546033152,3,100,4905,5,500,A2,Ours,14.769999999999982
4.726848282078554,3,100,4905,5,500,A3,Ours,14.769999999999982
14.138123125387644,3,100,4905,5,500,core,Ours,14.769999999999982
9.039125906132302,3,100,4905,5,500,A1,HOSVD,4.413000000000011
0.019435546033152,3,100,4905,5,500,A2,HOSVD,4.413000000000011
2.552307835802711,3,100,4905,5,500,A3,HOSVD,4.413000000000011
13.415199524099862,3,100,4905,5,500,core,HOSVD,4.413000000000011
9.088056204120202,3,100,4905,5,500,A1,HOOI,6.1299999999999955
0.025270453753190498,3,100,4905,5,500,A2,HOOI,6.1299999999999955
2.5546545741715834,3,100,4905,5,500,A3,HOOI,6.1299999999999955
13.362608047220187,3,100,4905,5,500,core,HOOI,6.1299999999999955
9.769135082314358,3,100,4905,5,500,A1,Olga,4.4109999999999445
0.03772901533561688,3,100,4905,5,500,A2,Olga,4.4109999999999445
2.945108845155989,3,100,4905,5,500,A3,Tracy,4.4109999999999445
13.473348225655933,3,100,4905,5,500,core,Tracy_Olga,4.4109999999999445
43.05671274447931,3,100,9564,5,500,A1,NTD,342.23900000000003
2.506784369017484,3,100,9564,5,500,A2,NTD,342.23900000000003
9561.281154429947,3,100,9564,5,500,A3,NTD,342.23900000000003
10.145698128569482,3,100,9564,5,500,core,NTD,342.23900000000003
6.044143948317893,3,100,9564,5,500,A1,Ours,14.19900000000007
0.03936294023704892,3,100,9564,5,500,A2,Ours,14.19900000000007
5.336071180364712,3,100,9564,5,500,A3,Ours,14.19900000000007
10.757591325857211,3,100,9564,5,500,core,Ours,14.19900000000007
6.044143948317893,3,100,9564,5,500,A1,HOSVD,9.95900000000006
0.03936294023704892,3,100,9564,5,500,A2,HOSVD,9.95900000000006
3.713493462858819,3,100,9564,5,500,A3,HOSVD,9.95900000000006
12.662100584057484,3,100,9564,5,500,core,HOSVD,9.95900000000006
6.082486003915194,3,100,9564,5,500,A1,HOOI,16.225999999999885
0.03814412263136541,3,100,9564,5,500,A2,HOOI,16.225999999999885
2.591247360157163,3,100,9564,5,500,A3,HOOI,16.225999999999885
13.243155700605122,3,100,9564,5,500,core,HOOI,16.225999999999885
11.505241473948061,3,100,9564,5,500,A1,Olga,13.586999999999989
0.4879883481501425,3,100,9564,5,500,A2,Olga,13.586999999999989
3.8885855269750933,3,100,9564,5,500,A3,Tracy,13.586999999999989
9.335057769063829,3,100,9564,5,500,core,Tracy_Olga,13.586999999999989
3.968126899336825,3,100,1000,5,1000,A1,NTD,27.98400000000015
0.21147928367333185,3,100,1000,5,1000,A2,NTD,27.98400000000015
997.0011625429572,3,100,1000,5,1000,A3,NTD,27.98400000000015
13.263491777139178,3,100,1000,5,1000,core,NTD,27.98400000000015
4.789279967910977,3,100,1000,5,1000,A1,Ours,4.433999999999969
0.02014719572985069,3,100,1000,5,1000,A2,Ours,4.433999999999969
0.5437249674030791,3,100,1000,5,1000,A3,Ours,4.433999999999969
12.739732611316823,3,100,1000,5,1000,core,Ours,4.433999999999969
4.789279967910977,3,100,1000,5,1000,A1,HOSVD,3.449000000000069
0.02014719572985069,3,100,1000,5,1000,A2,HOSVD,3.449000000000069
0.5375671412272445,3,100,1000,5,1000,A3,HOSVD,3.449000000000069
12.728825762971269,3,100,1000,5,1000,core,HOSVD,3.449000000000069
4.790926068419234,3,100,1000,5,1000,A1,HOOI,2.9780000000000655
0.019804953347657243,3,100,1000,5,1000,A2,HOOI,2.9780000000000655
0.5490054380909977,3,100,1000,5,1000,A3,HOOI,2.9780000000000655
12.728855291800842,3,100,1000,5,1000,core,HOOI,2.9780000000000655
4.246749633455245,3,100,1000,5,1000,A1,Olga,2.505999999999858
0.060407162032248614,3,100,1000,5,1000,A2,Olga,2.505999999999858
1.4482840633819767,3,100,1000,5,1000,A3,Tracy,2.505999999999858
12.924268115731675,3,100,1000,5,1000,core,Tracy_Olga,2.505999999999858
3.3562328399308634,3,100,4959,5,1000,A1,NTD,155.0999999999999
2.5264036373647354,3,100,4959,5,1000,A2,NTD,155.0999999999999
4956.138261995924,3,100,4959,5,1000,A3,NTD,155.0999999999999
11.349769013318827,3,100,4959,5,1000,core,NTD,155.0999999999999
4.208907347723795,3,100,4959,5,1000,A1,Ours,4.782000000000153
0.03154672493093997,3,100,4959,5,1000,A2,Ours,4.782000000000153
2.918454461989726,3,100,4959,5,1000,A3,Ours,4.782000000000153
7.68098841117273,3,100,4959,5,1000,core,Ours,4.782000000000153
4.208907347723795,3,100,4959,5,1000,A1,HOSVD,1.5440000000000964
0.03154672493093997,3,100,4959,5,1000,A2,HOSVD,1.5440000000000964
2.516698872299991,3,100,4959,5,1000,A3,HOSVD,1.5440000000000964
13.36898074861456,3,100,4959,5,1000,core,HOSVD,1.5440000000000964
4.189288618589393,3,100,4959,5,1000,A1,HOOI,4.826000000000022
0.029983820765576874,3,100,4959,5,1000,A2,HOOI,4.826000000000022
2.5269982954833012,3,100,4959,5,1000,A3,HOOI,4.826000000000022
13.397499091040743,3,100,4959,5,1000,core,HOOI,4.826000000000022
5.137428744781891,3,100,4959,5,1000,A1,Olga,3.2339999999999236
0.0637765370300248,3,100,4959,5,1000,A2,Olga,3.2339999999999236
2.8912024553113027,3,100,4959,5,1000,A3,Tracy,3.2339999999999236
13.414766361274737,3,100,4959,5,1000,core,Tracy_Olga,3.2339999999999236
5.798713205192277,3,100,9775,5,1000,A1,NTD,363.20900000000006
3.9901459593991984,3,100,9775,5,1000,A2,NTD,363.20900000000006
9772.160648762756,3,100,9775,5,1000,A3,NTD,363.20900000000006
10.959175793720094,3,100,9775,5,1000,core,NTD,363.20900000000006
6.732931168220866,3,100,9775,5,1000,A1,Ours,24.451000000000022
0.04296659422904884,3,100,9775,5,1000,A2,Ours,24.451000000000022
4.857250144248771,3,100,9775,5,1000,A3,Ours,24.451000000000022
12.177555238396991,3,100,9775,5,1000,core,Ours,24.451000000000022
6.732931168220866,3,100,9775,5,1000,A1,HOSVD,17.769999999999982
0.04296659422904884,3,100,9775,5,1000,A2,HOSVD,17.769999999999982
2.5403967751134324,3,100,9775,5,1000,A3,HOSVD,17.769999999999982
13.42224461292744,3,100,9775,5,1000,core,HOSVD,17.769999999999982
6.667766688654052,3,100,9775,5,1000,A1,HOOI,24.278999999999996
0.04454905987593847,3,100,9775,5,1000,A2,HOOI,24.278999999999996
3.5026738681187597,3,100,9775,5,1000,A3,HOOI,24.278999999999996
10.03611112970976,3,100,9775,5,1000,core,HOOI,24.278999999999996
5.539819393824298,3,100,9775,5,1000,A1,Olga,23.25999999999999
0.05652834970584047,3,100,9775,5,1000,A2,Olga,23.25999999999999
2.9419982003843472,3,100,9775,5,1000,A3,Tracy,23.25999999999999
13.451976664196309,3,100,9775,5,1000,core,Tracy_Olga,23.25999999999999
3.8076969981823616,3,100,1000,5,2500,A1,NTD,26.409000000000106
0.9094983904191858,3,100,1000,5,2500,A2,NTD,26.409000000000106
997.0005953149346,3,100,1000,5,2500,A3,NTD,26.409000000000106
12.066535528509354,3,100,1000,5,2500,core,NTD,26.409000000000106
3.6704959369053443,3,100,1000,5,2500,A1,Ours,5.658000000000129
0.009386069097121148,3,100,1000,5,2500,A2,Ours,5.658000000000129
0.15008301696084894,3,100,1000,5,2500,A3,Ours,5.658000000000129
12.841647347306814,3,100,1000,5,2500,core,Ours,5.658000000000129
3.6704959369053443,3,100,1000,5,2500,A1,HOSVD,6.076999999999998
0.009386069097121148,3,100,1000,5,2500,A2,HOSVD,6.076999999999998
0.1497353329363729,3,100,1000,5,2500,A3,HOSVD,6.076999999999998
12.840066012988544,3,100,1000,5,2500,core,HOSVD,6.076999999999998
3.6506170701494214,3,100,1000,5,2500,A1,HOOI,6.260999999999967
0.010286505908886228,3,100,1000,5,2500,A2,HOOI,6.260999999999967
0.1484744312296246,3,100,1000,5,2500,A3,HOOI,6.260999999999967
12.84372227984864,3,100,1000,5,2500,core,HOOI,6.260999999999967
2.529523968561878,3,100,1000,5,2500,A1,Olga,5.744000000000142
0.009022625740973138,3,100,1000,5,2500,A2,Olga,5.744000000000142
1.3674784477510225,3,100,1000,5,2500,A3,Tracy,5.744000000000142
12.833288312672979,3,100,1000,5,2500,core,Tracy_Olga,5.744000000000142
3.456293397713741,3,100,4987,5,2500,A1,NTD,164.5250000000001
0.5264078118130175,3,100,4987,5,2500,A2,NTD,164.5250000000001
4984.062462391248,3,100,4987,5,2500,A3,NTD,164.5250000000001
13.286785345795796,3,100,4987,5,2500,core,NTD,164.5250000000001
4.370460533914213,3,100,4987,5,2500,A1,Ours,5.927999999999884
0.014446015595427268,3,100,4987,5,2500,A2,Ours,5.927999999999884
2.5768651188723393,3,100,4987,5,2500,A3,Ours,5.927999999999884
13.267174989157835,3,100,4987,5,2500,core,Ours,5.927999999999884
4.370460533914213,3,100,4987,5,2500,A1,HOSVD,1.7029999999999745
0.014446015595427268,3,100,4987,5,2500,A2,HOSVD,1.7029999999999745
2.5454782888955094,3,100,4987,5,2500,A3,HOSVD,1.7029999999999745
13.260634495392345,3,100,4987,5,2500,core,HOSVD,1.7029999999999745
4.380965207036092,3,100,4987,5,2500,A1,HOOI,4.2270000000003165
0.014479534975100846,3,100,4987,5,2500,A2,HOOI,4.2270000000003165
2.553502247936606,3,100,4987,5,2500,A3,HOOI,4.2270000000003165
13.240944271480894,3,100,4987,5,2500,core,HOOI,4.2270000000003165
3.061741851376842,3,100,4987,5,2500,A1,Olga,2.6479999999996835
0.06540485713685712,3,100,4987,5,2500,A2,Olga,2.6479999999996835
2.9083363950430368,3,100,4987,5,2500,A3,Tracy,2.6479999999996835
13.142222608390519,3,100,4987,5,2500,core,Tracy_Olga,2.6479999999996835
2.8560559651304316,3,100,9920,5,2500,A1,NTD,323.4290000000001
3.6401539446344358,3,100,9920,5,2500,A2,NTD,323.4290000000001
9917.099099455554,3,100,9920,5,2500,A3,NTD,323.4290000000001
13.105289398159137,3,100,9920,5,2500,core,NTD,323.4290000000001
3.6464377927834404,3,100,9920,5,2500,A1,Ours,13.412000000000262
0.014493546835921214,3,100,9920,5,2500,A2,Ours,13.412000000000262
2.8740314604542005,3,100,9920,5,2500,A3,Ours,13.412000000000262
10.528228830849217,3,100,9920,5,2500,core,Ours,13.412000000000262
3.6464377927834404,3,100,9920,5,2500,A1,HOSVD,3.9329999999999927
0.014493546835921214,3,100,9920,5,2500,A2,HOSVD,3.9329999999999927
2.5067092896590433,3,100,9920,5,2500,A3,HOSVD,3.9329999999999927
13.408951660996612,3,100,9920,5,2500,core,HOSVD,3.9329999999999927
4.1792836632375865,3,100,9920,5,2500,A1,HOOI,10.57400000000007
0.015969747807333647,3,100,9920,5,2500,A2,HOOI,10.57400000000007
2.5041410671616773,3,100,9920,5,2500,A3,HOOI,10.57400000000007
13.403299075000792,3,100,9920,5,2500,core,HOOI,10.57400000000007
3.4328962759612094,3,100,9920,5,2500,A1,Olga,6.544000000000324
0.035123106046615477,3,100,9920,5,2500,A2,Olga,6.544000000000324
2.9126222835867477,3,100,9920,5,2500,A3,Tracy,6.544000000000324
13.41777947974533,3,100,9920,5,2500,core,Tracy_Olga,6.544000000000324
3.457447078568768,3,100,1000,5,5000,A1,NTD,28.29599999999982
0.061243159142758005,3,100,1000,5,5000,A2,NTD,28.29599999999982
997.0001917626485,3,100,1000,5,5000,A3,NTD,28.29599999999982
13.311698182453467,3,100,1000,5,5000,core,NTD,28.29599999999982
2.7444791576484664,3,100,1000,5,5000,A1,Ours,3.0970000000002074
0.018980272769606323,3,100,1000,5,5000,A2,Ours,3.0970000000002074
0.22072408180000871,3,100,1000,5,5000,A3,Ours,3.0970000000002074
8.313722033799184,3,100,1000,5,5000,core,Ours,3.0970000000002074
2.7444791576484664,3,100,1000,5,5000,A1,HOSVD,1.5340000000001055
0.018980272769606323,3,100,1000,5,5000,A2,HOSVD,1.5340000000001055
0.22075032773862568,3,100,1000,5,5000,A3,HOSVD,1.5340000000001055
8.313623689380147,3,100,1000,5,5000,core,HOSVD,1.5340000000001055
2.7383826720366216,3,100,1000,5,5000,A1,HOOI,1.3510000000001128
0.01860007646181115,3,100,1000,5,5000,A2,HOOI,1.3510000000001128
0.2201396914285169,3,100,1000,5,5000,A3,HOOI,1.3510000000001128
8.313952076944071,3,100,1000,5,5000,core,HOOI,1.3510000000001128
1.6472542283349512,3,100,1000,5,5000,A1,Olga,0.6869999999998981
0.016261803315520053,3,100,1000,5,5000,A2,Olga,0.6869999999998981
1.3917234023750646,3,100,1000,5,5000,A3,Tracy,0.6869999999998981
13.080591026127879,3,100,1000,5,5000,core,Tracy_Olga,0.6869999999998981
2.847209867783864,3,100,4990,5,5000,A1,NTD,154.18799999999965
0.19001125756345597,3,100,4990,5,5000,A2,NTD,154.18799999999965
4987.033826567562,3,100,4990,5,5000,A3,NTD,154.18799999999965
10.18820457034631,3,100,4990,5,5000,core,NTD,154.18799999999965
2.5123484010468426,3,100,4990,5,5000,A1,Ours,4.998000000000047
0.017918061999159345,3,100,4990,5,5000,A2,Ours,4.998000000000047
2.4654267184905816,3,100,4990,5,5000,A3,Ours,4.998000000000047
13.351711688214145,3,100,4990,5,5000,core,Ours,4.998000000000047
2.5123484010468426,3,100,4990,5,5000,A1,HOSVD,1.8299999999999272
0.017918061999159345,3,100,4990,5,5000,A2,HOSVD,1.8299999999999272
2.457644715346425,3,100,4990,5,5000,A3,HOSVD,1.8299999999999272
13.34645436046434,3,100,4990,5,5000,core,HOSVD,1.8299999999999272
2.501668011679715,3,100,4990,5,5000,A1,HOOI,4.432999999999993
0.017995121644931694,3,100,4990,5,5000,A2,HOOI,4.432999999999993
2.458759788040387,3,100,4990,5,5000,A3,HOOI,4.432999999999993
13.342500694715183,3,100,4990,5,5000,core,HOOI,4.432999999999993
1.938320497343756,3,100,4990,5,5000,A1,Olga,2.5599999999999454
0.007883636028543148,3,100,4990,5,5000,A2,Olga,2.5599999999999454
2.8663160693780974,3,100,4990,5,5000,A3,Tracy,2.5599999999999454
13.37701460466013,3,100,4990,5,5000,core,Tracy_Olga,2.5599999999999454
2.4783091193039435,3,100,9957,5,5000,A1,NTD,332.6279999999997
2.4167912226544526,3,100,9957,5,5000,A2,NTD,332.6279999999997
9954.070864754642,3,100,9957,5,5000,A3,NTD,332.6279999999997
8.174509187658648,3,100,9957,5,5000,core,NTD,332.6279999999997
2.9781376780386566,3,100,9957,5,5000,A1,Ours,22.08699999999999
0.02317341616880012,3,100,9957,5,5000,A2,Ours,22.08699999999999
2.542221641487606,3,100,9957,5,5000,A3,Ours,22.08699999999999
13.400902027441624,3,100,9957,5,5000,core,Ours,22.08699999999999
2.9781376780386566,3,100,9957,5,5000,A1,HOSVD,9.956000000000131
0.02317341616880012,3,100,9957,5,5000,A2,HOSVD,9.956000000000131
2.5124566164756144,3,100,9957,5,5000,A3,HOSVD,9.956000000000131
13.391619243921957,3,100,9957,5,5000,core,HOSVD,9.956000000000131
2.972611988569317,3,100,9957,5,5000,A1,HOOI,13.390000000000327
0.022553500691429466,3,100,9957,5,5000,A2,HOOI,13.390000000000327
2.5107670009198535,3,100,9957,5,5000,A3,HOOI,13.390000000000327
13.388122384442267,3,100,9957,5,5000,core,HOOI,13.390000000000327
2.8710672141935176,3,100,9957,5,5000,A1,Olga,7.068000000000211
0.009676595983201686,3,100,9957,5,5000,A2,Olga,7.068000000000211
2.9154794111811224,3,100,9957,5,5000,A3,Tracy,7.068000000000211
13.38082118067591,3,100,9957,5,5000,core,Tracy_Olga,7.068000000000211
2.994341041339601,3,100,1000,5,6000,A1,NTD,27.802999999999884
0.07672475942010865,3,100,1000,5,6000,A2,NTD,27.802999999999884
997.000205993287,3,100,1000,5,6000,A3,NTD,27.802999999999884
13.565722570366956,3,100,1000,5,6000,core,NTD,27.802999999999884
1.6753126392904627,3,100,1000,5,6000,A1,Ours,0.8769999999999527
0.007578554170506558,3,100,1000,5,6000,A2,Ours,0.8769999999999527
0.2165478366605602,3,100,1000,5,6000,A3,Ours,0.8769999999999527
13.095544765841845,3,100,1000,5,6000,core,Ours,0.8769999999999527
1.6753126392904627,3,100,1000,5,6000,A1,HOSVD,0.580000000000382
0.007578554170506558,3,100,1000,5,6000,A2,HOSVD,0.580000000000382
0.21636408151218714,3,100,1000,5,6000,A3,HOSVD,0.580000000000382
13.095386941548211,3,100,1000,5,6000,core,HOSVD,0.580000000000382
1.6718803315423745,3,100,1000,5,6000,A1,HOOI,0.7919999999999163
0.008081081418211632,3,100,1000,5,6000,A2,HOOI,0.7919999999999163
0.222742259388196,3,100,1000,5,6000,A3,HOOI,0.7919999999999163
13.100102642700504,3,100,1000,5,6000,core,HOOI,0.7919999999999163
1.6810292516215535,3,100,1000,5,6000,A1,Olga,0.500999999999749
0.004736119043345176,3,100,1000,5,6000,A2,Olga,0.500999999999749
1.373934565818758,3,100,1000,5,6000,A3,Tracy,0.500999999999749
13.072512926549882,3,100,1000,5,6000,core,Tracy_Olga,0.500999999999749
2.646589629311025,3,100,4994,5,6000,A1,NTD,156.4649999999997
0.16806527031029606,3,100,4994,5,6000,A2,NTD,156.4649999999997
4991.026628639624,3,100,4994,5,6000,A3,NTD,156.4649999999997
13.570519270251532,3,100,4994,5,6000,core,NTD,156.4649999999997
2.69017871649284,3,100,4994,5,6000,A1,Ours,4.463999999999942
0.016491060866059885,3,100,4994,5,6000,A2,Ours,4.463999999999942
2.5024675220746753,3,100,4994,5,6000,A3,Ours,4.463999999999942
8.22766425839818,3,100,4994,5,6000,core,Ours,4.463999999999942
2.69017871649284,3,100,4994,5,6000,A1,HOSVD,1.7010000000000218
0.016491060866059885,3,100,4994,5,6000,A2,HOSVD,1.7010000000000218
2.497028619086276,3,100,4994,5,6000,A3,HOSVD,1.7010000000000218
8.228962785124207,3,100,4994,5,6000,core,HOSVD,1.7010000000000218
2.6927651068829954,3,100,4994,5,6000,A1,HOOI,4.045000000000073
0.01645056899967777,3,100,4994,5,6000,A2,HOOI,4.045000000000073
2.496407431763973,3,100,4994,5,6000,A3,HOOI,4.045000000000073
8.228673782629667,3,100,4994,5,6000,core,HOOI,4.045000000000073
1.5984675985873935,3,100,4994,5,6000,A1,Olga,2.6019999999998618
0.010258182729066393,3,100,4994,5,6000,A2,Olga,2.6019999999998618
2.914687129088569,3,100,4994,5,6000,A3,Tracy,2.6019999999998618
13.077381616739258,3,100,4994,5,6000,core,Tracy_Olga,2.6019999999998618
2.4613306885176587,3,100,9967,5,6000,A1,NTD,322.96100000000024
0.5263112759804331,3,100,9967,5,6000,A2,NTD,322.96100000000024
9964.055834579582,3,100,9967,5,6000,A3,NTD,322.96100000000024
11.007905484506841,3,100,9967,5,6000,core,NTD,322.96100000000024
1.8644631859499095,3,100,9967,5,6000,A1,Ours,13.094000000000051
0.009298195477482793,3,100,9967,5,6000,A2,Ours,13.094000000000051
2.52367824666628,3,100,9967,5,6000,A3,Ours,13.094000000000051
13.386430650451295,3,100,9967,5,6000,core,Ours,13.094000000000051
1.8644631859499095,3,100,9967,5,6000,A1,HOSVD,3.0709999999999127
0.009298195477482793,3,100,9967,5,6000,A2,HOSVD,3.0709999999999127
2.5030644154045874,3,100,9967,5,6000,A3,HOSVD,3.0709999999999127
13.378137841231268,3,100,9967,5,6000,core,HOSVD,3.0709999999999127
1.8627487932124125,3,100,9967,5,6000,A1,HOOI,10.456000000000131
0.008985689738874356,3,100,9967,5,6000,A2,HOOI,10.456000000000131
2.5003857240232406,3,100,9967,5,6000,A3,HOOI,10.456000000000131
13.373396429532496,3,100,9967,5,6000,core,HOOI,10.456000000000131
1.6459708514509857,3,100,9967,5,6000,A1,Olga,11.202000000000226
0.011816058065659213,3,100,9967,5,6000,A2,Olga,11.202000000000226
2.9075404913434753,3,100,9967,5,6000,A3,Tracy,11.202000000000226
13.388781324164633,3,100,9967,5,6000,core,Tracy_Olga,11.202000000000226
4.991952390660276,3,100,1000,5,7000,A1,NTD,28.06999999999971
0.12863712693705132,3,100,1000,5,7000,A2,NTD,28.06999999999971
997.0002441164376,3,100,1000,5,7000,A3,NTD,28.06999999999971
11.787526407194921,3,100,1000,5,7000,core,NTD,28.06999999999971
1.4555116604312157,3,100,1000,5,7000,A1,Ours,6.9529999999999745
0.015518555239991379,3,100,1000,5,7000,A2,Ours,6.9529999999999745
0.07658737864407306,3,100,1000,5,7000,A3,Ours,6.9529999999999745
12.91193765702293,3,100,1000,5,7000,core,Ours,6.9529999999999745
1.4555116604312157,3,100,1000,5,7000,A1,HOSVD,7.943000000000211
0.015518555239991379,3,100,1000,5,7000,A2,HOSVD,7.943000000000211
0.07659366404664397,3,100,1000,5,7000,A3,HOSVD,7.943000000000211
12.911941040690696,3,100,1000,5,7000,core,HOSVD,7.943000000000211
1.4531496500124879,3,100,1000,5,7000,A1,HOOI,9.365999999999985
0.015345209911188096,3,100,1000,5,7000,A2,HOOI,9.365999999999985
0.07645191516663426,3,100,1000,5,7000,A3,HOOI,9.365999999999985
12.91131017895829,3,100,1000,5,7000,core,HOOI,9.365999999999985
1.9734324358366466,3,100,1000,5,7000,A1,Olga,7.726000000000113
0.007522919610932151,3,100,1000,5,7000,A2,Olga,7.726000000000113
1.348722088199209,3,100,1000,5,7000,A3,Tracy,7.726000000000113
12.9031560715755,3,100,1000,5,7000,core,Tracy_Olga,7.726000000000113
3.2403796296314398,3,100,4996,5,7000,A1,NTD,159.63900000000012
0.16541555182913778,3,100,4996,5,7000,A2,NTD,159.63900000000012
4993.0261060681805,3,100,4996,5,7000,A3,NTD,159.63900000000012
13.665485896263204,3,100,4996,5,7000,core,NTD,159.63900000000012
2.752213805707079,3,100,4996,5,7000,A1,Ours,4.885999999999967
0.005462828841830712,3,100,4996,5,7000,A2,Ours,4.885999999999967
2.477106557552576,3,100,4996,5,7000,A3,Ours,4.885999999999967
13.268342358122448,3,100,4996,5,7000,core,Ours,4.885999999999967
2.752213805707079,3,100,4996,5,7000,A1,HOSVD,2.163000000000011
0.005462828841830712,3,100,4996,5,7000,A2,HOSVD,2.163000000000011
2.4730596818411508,3,100,4996,5,7000,A3,HOSVD,2.163000000000011
13.266700658926265,3,100,4996,5,7000,core,HOSVD,2.163000000000011
2.746269070076086,3,100,4996,5,7000,A1,HOOI,4.066000000000258
0.0059046129632895974,3,100,4996,5,7000,A2,HOOI,4.066000000000258
2.478474211914353,3,100,4996,5,7000,A3,HOOI,4.066000000000258
13.255940335288079,3,100,4996,5,7000,core,HOOI,4.066000000000258
1.5790880048394844,3,100,4996,5,7000,A1,Olga,2.4789999999998145
0.010667864127428131,3,100,4996,5,7000,A2,Olga,2.4789999999998145
2.9225141567827766,3,100,4996,5,7000,A3,Tracy,2.4789999999998145
13.257335078018706,3,100,4996,5,7000,core,Tracy_Olga,2.4789999999998145
4.317013791224047,3,100,9976,5,7000,A1,NTD,320.91700000000037
2.2627545305925167,3,100,9976,5,7000,A2,NTD,320.91700000000037
9973.049321867305,3,100,9976,5,7000,A3,NTD,320.91700000000037
13.213351487747264,3,100,9976,5,7000,core,NTD,320.91700000000037
2.246258115065818,3,100,9976,5,7000,A1,Ours,12.800999999999476
0.012935382457218834,3,100,9976,5,7000,A2,Ours,12.800999999999476
2.5153223271296485,3,100,9976,5,7000,A3,Ours,12.800999999999476
13.372119806902816,3,100,9976,5,7000,core,Ours,12.800999999999476
2.246258115065818,3,100,9976,5,7000,A1,HOSVD,3.2539999999999054
0.012935382457218834,3,100,9976,5,7000,A2,HOSVD,3.2539999999999054
2.500263061029784,3,100,9976,5,7000,A3,HOSVD,3.2539999999999054
13.368276884090687,3,100,9976,5,7000,core,HOSVD,3.2539999999999054
2.2453412114082187,3,100,9976,5,7000,A1,HOOI,10.141999999999825
0.01262231034123056,3,100,9976,5,7000,A2,HOOI,10.141999999999825
2.5033200908530575,3,100,9976,5,7000,A3,HOOI,10.141999999999825
13.370979987630466,3,100,9976,5,7000,core,HOOI,10.141999999999825
1.5979934471438941,3,100,9976,5,7000,A1,Olga,6.445999999999913
0.01836181022667488,3,100,9976,5,7000,A2,Olga,6.445999999999913
2.903572748438899,3,100,9976,5,7000,A3,Tracy,6.445999999999913
13.36486281492984,3,100,9976,5,7000,core,Tracy_Olga,6.445999999999913
4.810680270641689,3,100,1000,5,8000,A1,NTD,27.371000000000095
0.2884839477844569,3,100,1000,5,8000,A2,NTD,27.371000000000095
997.0001209063278,3,100,1000,5,8000,A3,NTD,27.371000000000095
11.74941752637385,3,100,1000,5,8000,core,NTD,27.371000000000095
2.1712904405003797,3,100,1000,5,8000,A1,Ours,0.46200000000044383
0.014560884848813176,3,100,1000,5,8000,A2,Ours,0.46200000000044383
0.10477933030171999,3,100,1000,5,8000,A3,Ours,0.46200000000044383
12.921299307413538,3,100,1000,5,8000,core,Ours,0.46200000000044383
2.1712904405003797,3,100,1000,5,8000,A1,HOSVD,0.39500000000043656
0.014560884848813176,3,100,1000,5,8000,A2,HOSVD,0.39500000000043656
0.1047333778660031,3,100,1000,5,8000,A3,HOSVD,0.39500000000043656
12.921200969463872,3,100,1000,5,8000,core,HOSVD,0.39500000000043656
2.169321804164939,3,100,1000,5,8000,A1,HOOI,0.7079999999996289
0.014628379736727978,3,100,1000,5,8000,A2,HOOI,0.7079999999996289
0.10328833462966452,3,100,1000,5,8000,A3,HOOI,0.7079999999996289
12.922249991703346,3,100,1000,5,8000,core,HOOI,0.7079999999996289
1.5284897908506159,3,100,1000,5,8000,A1,Olga,0.4459999999999127
0.0072622560328819055,3,100,1000,5,8000,A2,Olga,0.4459999999999127
1.3632733473864482,3,100,1000,5,8000,A3,Tracy,0.4459999999999127
12.915100409121298,3,100,1000,5,8000,core,Tracy_Olga,0.4459999999999127
3.683096027577726,3,100,4997,5,8000,A1,NTD,153.96500000000015
2.508399227008578,3,100,4997,5,8000,A2,NTD,153.96500000000015
4994.037874534446,3,100,4997,5,8000,A3,NTD,153.96500000000015
13.091450108604727,3,100,4997,5,8000,core,NTD,153.96500000000015
1.7596393642376083,3,100,4997,5,8000,A1,Ours,5.118999999999687
0.0019523551111642944,3,100,4997,5,8000,A2,Ours,5.118999999999687
2.4936169340195007,3,100,4997,5,8000,A3,Ours,5.118999999999687
8.16359053941363,3,100,4997,5,8000,core,Ours,5.118999999999687
1.7596393642376083,3,100,4997,5,8000,A1,HOSVD,1.681999999999789
0.0019523551111642944,3,100,4997,5,8000,A2,HOSVD,1.681999999999789
2.490345249937261,3,100,4997,5,8000,A3,HOSVD,1.681999999999789
8.164292886652415,3,100,4997,5,8000,core,HOSVD,1.681999999999789
1.7747339216325957,3,100,4997,5,8000,A1,HOOI,4.438000000000102
0.0016170710990404738,3,100,4997,5,8000,A2,HOOI,4.438000000000102
2.64488030684983,3,100,4997,5,8000,A3,HOOI,4.438000000000102
8.105375958980021,3,100,4997,5,8000,core,HOOI,4.438000000000102
1.6613072344488828,3,100,4997,5,8000,A1,Olga,2.5119999999997162
0.004986362393200608,3,100,4997,5,8000,A2,Olga,2.5119999999997162
2.9343302606554422,3,100,4997,5,8000,A3,Tracy,2.5119999999997162
13.057514245122768,3,100,4997,5,8000,core,Tracy_Olga,2.5119999999997162
4.622999755337433,3,100,9982,5,8000,A1,NTD,327.9340000000002
0.12915986236768634,3,100,9982,5,8000,A2,NTD,327.9340000000002
9979.040476175684,3,100,9982,5,8000,A3,NTD,327.9340000000002
13.536660613113632,3,100,9982,5,8000,core,NTD,327.9340000000002
3.210609434154995,3,100,9982,5,8000,A1,Ours,12.981999999999971
0.00797573567903127,3,100,9982,5,8000,A2,Ours,12.981999999999971
2.5130706874098374,3,100,9982,5,8000,A3,Ours,12.981999999999971
13.213662402171096,3,100,9982,5,8000,core,Ours,12.981999999999971
3.210609434154995,3,100,9982,5,8000,A1,HOSVD,3.08600000000024
0.00797573567903127,3,100,9982,5,8000,A2,HOSVD,3.08600000000024
2.5006096751712117,3,100,9982,5,8000,A3,HOSVD,3.08600000000024
13.21090963032935,3,100,9982,5,8000,core,HOSVD,3.08600000000024
3.2114647916261343,3,100,9982,5,8000,A1,HOOI,10.42200000000048
0.007850852328435558,3,100,9982,5,8000,A2,HOOI,10.42200000000048
2.5006067327161396,3,100,9982,5,8000,A3,HOOI,10.42200000000048
13.19828389567673,3,100,9982,5,8000,core,HOOI,10.42200000000048
1.9142551182039018,3,100,9982,5,8000,A1,Olga,6.544999999999163
0.021045359271291378,3,100,9982,5,8000,A2,Olga,6.544999999999163
2.9402543607710907,3,100,9982,5,8000,A3,Tracy,6.544999999999163
13.309156167688617,3,100,9982,5,8000,core,Tracy_Olga,6.544999999999163
4.305368495210492,3,100,1000,5,9000,A1,NTD,27.57799999999952
0.23681462803586018,3,100,1000,5,9000,A2,NTD,27.57799999999952
997.0000961464816,3,100,1000,5,9000,A3,NTD,27.57799999999952
11.89638105844374,3,100,1000,5,9000,core,NTD,27.57799999999952
1.8538731293454327,3,100,1000,5,9000,A1,Ours,0.6320000000005166
0.005140764909552242,3,100,1000,5,9000,A2,Ours,0.6320000000005166
0.07705197231586709,3,100,1000,5,9000,A3,Ours,0.6320000000005166
12.925659777583514,3,100,1000,5,9000,core,Ours,0.6320000000005166
1.8538731293454327,3,100,1000,5,9000,A1,HOSVD,0.3850000000002183
0.005140764909552242,3,100,1000,5,9000,A2,HOSVD,0.3850000000002183
0.07702869963040172,3,100,1000,5,9000,A3,HOSVD,0.3850000000002183
12.925609158317489,3,100,1000,5,9000,core,HOSVD,0.3850000000002183
1.8557673525565355,3,100,1000,5,9000,A1,HOOI,0.6599999999998545
0.005174959243252001,3,100,1000,5,9000,A2,HOOI,0.6599999999998545
0.07729012070762098,3,100,1000,5,9000,A3,HOOI,0.6599999999998545
12.925343071498661,3,100,1000,5,9000,core,HOOI,0.6599999999998545
1.4163182117184596,3,100,1000,5,9000,A1,Olga,0.43100000000049477
0.002657231856257645,3,100,1000,5,9000,A2,Olga,0.43100000000049477
1.352776969188732,3,100,1000,5,9000,A3,Tracy,0.43100000000049477
12.900908324437227,3,100,1000,5,9000,core,Tracy_Olga,0.43100000000049477
5.304350328417412,3,100,4994,5,9000,A1,NTD,152.46600000000035
0.5464741123075042,3,100,4994,5,9000,A2,NTD,152.46600000000035
4991.0435457951535,3,100,4994,5,9000,A3,NTD,152.46600000000035
11.853461011556162,3,100,4994,5,9000,core,NTD,152.46600000000035
2.499291244051971,3,100,4994,5,9000,A1,Ours,4.414999999999964
0.005229730771826405,3,100,4994,5,9000,A2,Ours,4.414999999999964
2.4776961991420965,3,100,4994,5,9000,A3,Ours,4.414999999999964
8.174773800093753,3,100,4994,5,9000,core,Ours,4.414999999999964
2.499291244051971,3,100,4994,5,9000,A1,HOSVD,1.6649999999999636
0.005229730771826405,3,100,4994,5,9000,A2,HOSVD,1.6649999999999636
2.4749563801659855,3,100,4994,5,9000,A3,HOSVD,1.6649999999999636
8.175262861630893,3,100,4994,5,9000,core,HOSVD,1.6649999999999636
2.4981149548714483,3,100,4994,5,9000,A1,HOOI,4.155999999999949
0.005005709195667198,3,100,4994,5,9000,A2,HOOI,4.155999999999949
2.476971461837178,3,100,4994,5,9000,A3,HOOI,4.155999999999949
8.174176661564232,3,100,4994,5,9000,core,HOOI,4.155999999999949
1.5485396988465356,3,100,4994,5,9000,A1,Olga,2.5039999999999054
0.007559269530738281,3,100,4994,5,9000,A2,Olga,2.5039999999999054
2.9945561987045237,3,100,4994,5,9000,A3,Tracy,2.5039999999999054
13.062555148041398,3,100,4994,5,9000,core,Tracy_Olga,2.5039999999999054
2.7028723968219115,3,100,9987,5,9000,A1,NTD,324.77499999999964
1.58166057121453,3,100,9987,5,9000,A2,NTD,324.77499999999964
9984.052041077108,3,100,9987,5,9000,A3,NTD,324.77499999999964
12.525795353841131,3,100,9987,5,9000,core,NTD,324.77499999999964
1.6342240148505995,3,100,9987,5,9000,A1,Ours,13.722000000000662
0.0062582776935602045,3,100,9987,5,9000,A2,Ours,13.722000000000662
2.49735022755835,3,100,9987,5,9000,A3,Ours,13.722000000000662
13.372412928436512,3,100,9987,5,9000,core,Ours,13.722000000000662
1.6342240148505995,3,100,9987,5,9000,A1,HOSVD,3.9399999999996
0.0062582776935602045,3,100,9987,5,9000,A2,HOSVD,3.9399999999996
2.488246195725417,3,100,9987,5,9000,A3,HOSVD,3.9399999999996
13.368680401172263,3,100,9987,5,9000,core,HOSVD,3.9399999999996
1.634989543414485,3,100,9987,5,9000,A1,HOOI,10.932000000000698
0.005882031898827054,3,100,9987,5,9000,A2,HOOI,10.932000000000698
2.4863210563065974,3,100,9987,5,9000,A3,HOOI,10.932000000000698
13.365539460108323,3,100,9987,5,9000,core,HOOI,10.932000000000698
1.8636621923749226,3,100,9987,5,9000,A1,Olga,6.760000000000218
0.00464996721549432,3,100,9987,5,9000,A2,Olga,6.760000000000218
2.8883271904171037,3,100,9987,5,9000,A3,Tracy,6.760000000000218
13.394561624959263,3,100,9987,5,9000,core,Tracy_Olga,6.760000000000218
4.317096236875975,3,100,1000,5,10000,A1,NTD,28.09600000000046
0.22722001936295652,3,100,1000,5,10000,A2,NTD,28.09600000000046
997.0000368473825,3,100,1000,5,10000,A3,NTD,28.09600000000046
13.363855667753652,3,100,1000,5,10000,core,NTD,28.09600000000046
1.8673696863648241,3,100,1000,5,10000,A1,Ours,0.5339999999996508
0.008514883279638705,3,100,1000,5,10000,A2,Ours,0.5339999999996508
0.07614927861783262,3,100,1000,5,10000,A3,Ours,0.5339999999996508
12.957337878240361,3,100,1000,5,10000,core,Ours,0.5339999999996508
1.8673696863648241,3,100,1000,5,10000,A1,HOSVD,0.6590000000005602
0.008514883279638705,3,100,1000,5,10000,A2,HOSVD,0.6590000000005602
0.07616402997433357,3,100,1000,5,10000,A3,HOSVD,0.6590000000005602
12.95727543503815,3,100,1000,5,10000,core,HOSVD,0.6590000000005602
1.8864244465771487,3,100,1000,5,10000,A1,HOOI,0.6710000000002765
0.008520778470206686,3,100,1000,5,10000,A2,HOOI,0.6710000000002765
0.07631880994337076,3,100,1000,5,10000,A3,HOOI,0.6710000000002765
12.952477962025924,3,100,1000,5,10000,core,HOOI,0.6710000000002765
1.606021617078555,3,100,1000,5,10000,A1,Olga,0.4260000000003856
0.0052129316926166035,3,100,1000,5,10000,A2,Olga,0.4260000000003856
1.3476557536422817,3,100,1000,5,10000,A3,Tracy,0.4260000000003856
12.947875735723203,3,100,1000,5,10000,core,Tracy_Olga,0.4260000000003856
3.83804693940573,3,100,4995,5,10000,A1,NTD,156.42000000000007
0.09235607390636405,3,100,4995,5,10000,A2,NTD,156.42000000000007
4992.026536759898,3,100,4995,5,10000,A3,NTD,156.42000000000007
8.527815277398464,3,100,4995,5,10000,core,NTD,156.42000000000007
1.5412322126050262,3,100,4995,5,10000,A1,Ours,4.90099999999984
0.005831862101950395,3,100,4995,5,10000,A2,Ours,4.90099999999984
2.4660057105802737,3,100,4995,5,10000,A3,Ours,4.90099999999984
13.019040129197833,3,100,4995,5,10000,core,Ours,4.90099999999984
1.5412322126050262,3,100,4995,5,10000,A1,HOSVD,1.7429999999994834
0.005831862101950395,3,100,4995,5,10000,A2,HOSVD,1.7429999999994834
2.4638192937328425,3,100,4995,5,10000,A3,HOSVD,1.7429999999994834
13.012457046643789,3,100,4995,5,10000,core,HOSVD,1.7429999999994834
1.5399381351441694,3,100,4995,5,10000,A1,HOOI,4.337000000000444
0.006503389399843897,3,100,4995,5,10000,A2,HOOI,4.337000000000444
2.4664846331349106,3,100,4995,5,10000,A3,HOOI,4.337000000000444
12.97255571922402,3,100,4995,5,10000,core,HOOI,4.337000000000444
1.767370628826937,3,100,4995,5,10000,A1,Olga,2.5429999999996653
0.01674419345006297,3,100,4995,5,10000,A2,Olga,2.5429999999996653
3.0385808052550485,3,100,4995,5,10000,A3,Tracy,2.5429999999996653
13.055265563270849,3,100,4995,5,10000,core,Tracy_Olga,2.5429999999996653
3.715322862093981,3,100,9991,5,10000,A1,NTD,326.9979999999996
0.3285039890972889,3,100,9991,5,10000,A2,NTD,326.9979999999996
9988.043156494407,3,100,9991,5,10000,A3,NTD,326.9979999999996
10.140339826905917,3,100,9991,5,10000,core,NTD,326.9979999999996
1.5668032476365896,3,100,9991,5,10000,A1,Ours,13.304000000000087
0.00842436204864952,3,100,9991,5,10000,A2,Ours,13.304000000000087
2.492184284993917,3,100,9991,5,10000,A3,Ours,13.304000000000087
13.364794347508186,3,100,9991,5,10000,core,Ours,13.304000000000087
1.5668032476365896,3,100,9991,5,10000,A1,HOSVD,3.1799999999993815
0.00842436204864952,3,100,9991,5,10000,A2,HOSVD,3.1799999999993815
2.4842559363502374,3,100,9991,5,10000,A3,HOSVD,3.1799999999993815
13.362655758366078,3,100,9991,5,10000,core,HOSVD,3.1799999999993815
1.5641458225801808,3,100,9991,5,10000,A1,HOOI,10.701000000000022
0.008114982112461309,3,100,9991,5,10000,A2,HOOI,10.701000000000022
2.4846179636078896,3,100,9991,5,10000,A3,HOOI,10.701000000000022
13.363045764516848,3,100,9991,5,10000,core,HOOI,10.701000000000022
1.6499795942059048,3,100,9991,5,10000,A1,Olga,6.1710000000002765
0.009365102489278061,3,100,9991,5,10000,A2,Olga,6.1710000000002765
2.911585528996482,3,100,9991,5,10000,A3,Tracy,6.1710000000002765
13.363026597108108,3,100,9991,5,10000,core,Tracy_Olga,6.1710000000002765
