error,K,Q1,R,Q2,M,mode,method,time
9.049208354086515,3,100,978,5,100,A1,NTD,37.756
4.0251925852696475,3,100,978,5,100,A2,NTD,37.756
975.2654090323116,3,100,978,5,100,A3,NTD,37.756
10.72374831105437,3,100,978,5,100,core,NTD,37.756
14.313453368891222,3,100,978,5,100,A1,Ours,4.763999999999996
0.08233768072704586,3,100,978,5,100,A2,Ours,4.763999999999996
4.078178074732998,3,100,978,5,100,A3,Ours,4.763999999999996
12.025877778123778,3,100,978,5,100,core,Ours,4.763999999999996
14.313453368891222,3,100,978,5,100,A1,HOSVD,4.7890000000000015
0.08233768072704586,3,100,978,5,100,A2,HOSVD,4.7890000000000015
2.5464098009569156,3,100,978,5,100,A3,HOSVD,4.7890000000000015
9.39663092777702,3,100,978,5,100,core,HOSVD,4.7890000000000015
15.367850163821247,3,100,978,5,100,A1,HOOI,4.947000000000003
0.13372770530871625,3,100,978,5,100,A2,HOOI,4.947000000000003
2.566865311118122,3,100,978,5,100,A3,HOOI,4.947000000000003
11.994258548314583,3,100,978,5,100,core,HOOI,4.947000000000003
22.38059001367809,3,100,978,5,100,A1,Olga,5.918999999999997
0.3210640763418783,3,100,978,5,100,A2,Olga,5.918999999999997
2.891542600621063,3,100,978,5,100,A3,Tracy,5.918999999999997
9.811026039805308,3,100,978,5,100,core,Tracy_Olga,5.918999999999997
95.96642132270962,3,100,4517,5,100,A1,NTD,160.03
2.0251936539608284,3,100,4517,5,100,A2,NTD,160.03
4514.512643012135,3,100,4517,5,100,A3,NTD,160.03
11.617489314573284,3,100,4517,5,100,core,NTD,160.03
18.57065211729048,3,100,4517,5,100,A1,Ours,7.722000000000008
0.1246263706577929,3,100,4517,5,100,A2,Ours,7.722000000000008
5.322362019500181,3,100,4517,5,100,A3,Ours,7.722000000000008
8.378817926737861,3,100,4517,5,100,core,Ours,7.722000000000008
18.57065211729048,3,100,4517,5,100,A1,HOSVD,8.568999999999988
0.1246263706577929,3,100,4517,5,100,A2,HOSVD,8.568999999999988
2.6995261612732984,3,100,4517,5,100,A3,HOSVD,8.568999999999988
8.024714015633633,3,100,4517,5,100,core,HOSVD,8.568999999999988
18.345613284823127,3,100,4517,5,100,A1,HOOI,19.63300000000001
0.10567591448421637,3,100,4517,5,100,A2,HOOI,19.63300000000001
3.810203264654075,3,100,4517,5,100,A3,HOOI,19.63300000000001
10.99961230778945,3,100,4517,5,100,core,HOOI,19.63300000000001
42.857653833533206,3,100,4517,5,100,A1,Olga,15.03000000000003
1.2608598153083144,3,100,4517,5,100,A2,Olga,15.03000000000003
3.0962818125461284,3,100,4517,5,100,A3,Tracy,15.03000000000003
10.537976313007462,3,100,4517,5,100,core,Tracy_Olga,15.03000000000003
104.32811844735016,3,100,8217,5,100,A1,NTD,280.25800000000004
4.024952865411587,3,100,8217,5,100,A2,NTD,280.25800000000004
8214.571547867281,3,100,8217,5,100,A3,NTD,280.25800000000004
10.040921697570294,3,100,8217,5,100,core,NTD,280.25800000000004
21.56151402848537,3,100,8217,5,100,A1,Ours,21.129999999999995
0.16384950800324202,3,100,8217,5,100,A2,Ours,21.129999999999995
5.333173313614767,3,100,8217,5,100,A3,Ours,21.129999999999995
8.017332993583194,3,100,8217,5,100,core,Ours,21.129999999999995
21.56151402848537,3,100,8217,5,100,A1,HOSVD,23.193000000000097
0.16384950800324202,3,100,8217,5,100,A2,HOSVD,23.193000000000097
2.8643999905765787,3,100,8217,5,100,A3,HOSVD,23.193000000000097
8.182198510585337,3,100,8217,5,100,core,HOSVD,23.193000000000097
21.926105925727015,3,100,8217,5,100,A1,HOOI,23.75100000000009
0.19870647849783654,3,100,8217,5,100,A2,HOOI,23.75100000000009
3.883021867822691,3,100,8217,5,100,A3,HOOI,23.75100000000009
11.62183743461447,3,100,8217,5,100,core,HOOI,23.75100000000009
73.17809221705463,3,100,8217,5,100,A1,Olga,6.9249999999999545
4.237056992850594,3,100,8217,5,100,A2,Olga,6.9249999999999545
3.2968844094832277,3,100,8217,5,100,A3,Tracy,6.9249999999999545
10.164256037804915,3,100,8217,5,100,core,Tracy_Olga,6.9249999999999545
3.2331559280887774,3,100,997,5,500,A1,NTD,27.105000000000018
4.024944494026018,3,100,997,5,500,A2,NTD,27.105000000000018
994.0715712763576,3,100,997,5,500,A3,NTD,27.105000000000018
13.84546705160844,3,100,997,5,500,core,NTD,27.105000000000018
7.952461810767923,3,100,997,5,500,A1,Ours,0.5399999999999636
0.03803643317331125,3,100,997,5,500,A2,Ours,0.5399999999999636
2.5565055996919734,3,100,997,5,500,A3,Ours,0.5399999999999636
10.192518066942647,3,100,997,5,500,core,Ours,0.5399999999999636
7.952461810767923,3,100,997,5,500,A1,HOSVD,0.49700000000007094
0.03803643317331125,3,100,997,5,500,A2,HOSVD,0.49700000000007094
2.5262157111963854,3,100,997,5,500,A3,HOSVD,0.49700000000007094
10.185104747352842,3,100,997,5,500,core,HOSVD,0.49700000000007094
7.901234082257472,3,100,997,5,500,A1,HOOI,0.8350000000000364
0.039032619961201546,3,100,997,5,500,A2,HOOI,0.8350000000000364
2.5416854536476934,3,100,997,5,500,A3,HOOI,0.8350000000000364
10.157774731442188,3,100,997,5,500,core,HOOI,0.8350000000000364
5.888895859916173,3,100,997,5,500,A1,Olga,0.4780000000000655
0.04157278709223453,3,100,997,5,500,A2,Olga,0.4780000000000655
2.8865022801039224,3,100,997,5,500,A3,Tracy,0.4780000000000655
10.09810205920556,3,100,997,5,500,core,Tracy_Olga,0.4780000000000655
31.334089601943788,3,100,4894,5,500,A1,NTD,161.038
4.000134970277503,3,100,4894,5,500,A2,NTD,161.038
4891.214075490243,3,100,4894,5,500,A3,NTD,161.038
10.137387334009968,3,100,4894,5,500,core,NTD,161.038
10.19990951751793,3,100,4894,5,500,A1,Ours,10.668000000000006
0.032308002408024596,3,100,4894,5,500,A2,Ours,10.668000000000006
4.715272238206632,3,100,4894,5,500,A3,Ours,10.668000000000006
13.167333100294064,3,100,4894,5,500,core,Ours,10.668000000000006
10.19990951751793,3,100,4894,5,500,A1,HOSVD,6.7970000000000255
0.032308002408024596,3,100,4894,5,500,A2,HOSVD,6.7970000000000255
2.5730041716336185,3,100,4894,5,500,A3,HOSVD,6.7970000000000255
9.222693295710277,3,100,4894,5,500,core,HOSVD,6.7970000000000255
10.261167828699147,3,100,4894,5,500,A1,HOOI,8.400000000000091
0.03158459016207702,3,100,4894,5,500,A2,HOOI,8.400000000000091
2.5857708264879413,3,100,4894,5,500,A3,HOOI,8.400000000000091
9.259920770997956,3,100,4894,5,500,core,HOOI,8.400000000000091
8.694390774808163,3,100,4894,5,500,A1,Olga,14.821000000000026
0.12504174232804272,3,100,4894,5,500,A2,Olga,14.821000000000026
2.972324961095549,3,100,4894,5,500,A3,Tracy,14.821000000000026
8.197508898624074,3,100,4894,5,500,core,Tracy_Olga,14.821000000000026
44.42108547548542,3,100,9589,5,500,A1,NTD,316.55999999999995
2.025082805410042,3,100,9589,5,500,A2,NTD,316.55999999999995
9586.327650001815,3,100,9589,5,500,A3,NTD,316.55999999999995
12.498279044100341,3,100,9589,5,500,core,NTD,316.55999999999995
8.202303153676196,3,100,9589,5,500,A1,Ours,13.029999999999973
0.02288482995845313,3,100,9589,5,500,A2,Ours,13.029999999999973
5.293186785224437,3,100,9589,5,500,A3,Ours,13.029999999999973
12.39859055595056,3,100,9589,5,500,core,Ours,13.029999999999973
8.202303153676196,3,100,9589,5,500,A1,HOSVD,3.18100000000004
0.02288482995845313,3,100,9589,5,500,A2,HOSVD,3.18100000000004
2.595858793515575,3,100,9589,5,500,A3,HOSVD,3.18100000000004
9.419054689042042,3,100,9589,5,500,core,HOSVD,3.18100000000004
8.127200395274587,3,100,9589,5,500,A1,HOOI,13.103000000000065
0.019089424188164963,3,100,9589,5,500,A2,HOOI,13.103000000000065
3.5511501469041598,3,100,9589,5,500,A3,HOOI,13.103000000000065
9.467537399269714,3,100,9589,5,500,core,HOOI,13.103000000000065
12.09349470202926,3,100,9589,5,500,A1,Olga,6.895999999999958
0.4127967613087028,3,100,9589,5,500,A2,Olga,6.895999999999958
3.030209304691492,3,100,9589,5,500,A3,Tracy,6.895999999999958
9.362277562888517,3,100,9589,5,500,core,Tracy_Olga,6.895999999999958
2.2532231460405563,3,100,1000,5,1000,A1,NTD,28.07900000000018
0.6344958010595179,3,100,1000,5,1000,A2,NTD,28.07900000000018
997.0009597366638,3,100,1000,5,1000,A3,NTD,28.07900000000018
10.558402474065963,3,100,1000,5,1000,core,NTD,28.07900000000018
6.598894228028815,3,100,1000,5,1000,A1,Ours,3.3209999999999127
0.045640106923456915,3,100,1000,5,1000,A2,Ours,3.3209999999999127
0.5230435834406756,3,100,1000,5,1000,A3,Ours,3.3209999999999127
8.211076567970776,3,100,1000,5,1000,core,Ours,3.3209999999999127
6.598894228028815,3,100,1000,5,1000,A1,HOSVD,2.3199999999999363
0.045640106923456915,3,100,1000,5,1000,A2,HOSVD,2.3199999999999363
0.5181175995147791,3,100,1000,5,1000,A3,HOSVD,2.3199999999999363
8.216370230291426,3,100,1000,5,1000,core,HOSVD,2.3199999999999363
6.599585348195064,3,100,1000,5,1000,A1,HOOI,2.257999999999811
0.0496310846257625,3,100,1000,5,1000,A2,HOOI,2.257999999999811
0.5323070083329932,3,100,1000,5,1000,A3,HOOI,2.257999999999811
8.203750009953476,3,100,1000,5,1000,core,HOOI,2.257999999999811
5.229992281271542,3,100,1000,5,1000,A1,Olga,2.6639999999999873
0.04289626685407132,3,100,1000,5,1000,A2,Olga,2.6639999999999873
1.4166673512214973,3,100,1000,5,1000,A3,Tracy,2.6639999999999873
8.731750877602565,3,100,1000,5,1000,core,Tracy_Olga,2.6639999999999873
85.0784291129952,3,100,4950,5,1000,A1,NTD,155.02099999999996
2.0252184685620436,3,100,4950,5,1000,A2,NTD,155.02099999999996
4947.11044151992,3,100,4950,5,1000,A3,NTD,155.02099999999996
9.794875143636983,3,100,4950,5,1000,core,NTD,155.02099999999996
7.065834781380728,3,100,4950,5,1000,A1,Ours,4.608000000000175
0.04872955916500752,3,100,4950,5,1000,A2,Ours,4.608000000000175
2.9039173004762335,3,100,4950,5,1000,A3,Ours,4.608000000000175
10.272014241253588,3,100,4950,5,1000,core,Ours,4.608000000000175
7.065834781380728,3,100,4950,5,1000,A1,HOSVD,2.004000000000133
0.04872955916500752,3,100,4950,5,1000,A2,HOSVD,2.004000000000133
2.5424771157928707,3,100,4950,5,1000,A3,HOSVD,2.004000000000133
8.190241239451899,3,100,4950,5,1000,core,HOSVD,2.004000000000133
7.092326055384654,3,100,4950,5,1000,A1,HOOI,4.403999999999996
0.04534439615683895,3,100,4950,5,1000,A2,HOOI,4.403999999999996
2.545609655137401,3,100,4950,5,1000,A3,HOOI,4.403999999999996
8.217391122014607,3,100,4950,5,1000,core,HOOI,4.403999999999996
7.5324534826213965,3,100,4950,5,1000,A1,Olga,2.6140000000000327
0.08305822961335683,3,100,4950,5,1000,A2,Olga,2.6140000000000327
2.958053467414823,3,100,4950,5,1000,A3,Tracy,2.6140000000000327
9.299625777391261,3,100,4950,5,1000,core,Tracy_Olga,2.6140000000000327
72.72327539339803,3,100,9784,5,1000,A1,NTD,311.1589999999999
1.9750491757316444,3,100,9784,5,1000,A2,NTD,311.1589999999999
9781.205240100013,3,100,9784,5,1000,A3,NTD,311.1589999999999
7.9874546763974275,3,100,9784,5,1000,core,NTD,311.1589999999999
5.39125488512496,3,100,9784,5,1000,A1,Ours,11.632000000000062
0.043492059425495604,3,100,9784,5,1000,A2,Ours,11.632000000000062
5.278355570712668,3,100,9784,5,1000,A3,Ours,11.632000000000062
7.114786666197479,3,100,9784,5,1000,core,Ours,11.632000000000062
5.39125488512496,3,100,9784,5,1000,A1,HOSVD,3.31899999999996
0.043492059425495604,3,100,9784,5,1000,A2,HOSVD,3.31899999999996
2.542672806172084,3,100,9784,5,1000,A3,HOSVD,3.31899999999996
9.381640663141216,3,100,9784,5,1000,core,HOSVD,3.31899999999996
6.7606067945568755,3,100,9784,5,1000,A1,HOOI,9.472999999999956
0.041978682420839325,3,100,9784,5,1000,A2,HOOI,9.472999999999956
2.558220069324588,3,100,9784,5,1000,A3,HOOI,9.472999999999956
9.414056502524923,3,100,9784,5,1000,core,HOOI,9.472999999999956
6.7658990977785525,3,100,9784,5,1000,A1,Olga,6.841999999999871
0.07644912301505886,3,100,9784,5,1000,A2,Olga,6.841999999999871
2.9539937336081303,3,100,9784,5,1000,A3,Tracy,6.841999999999871
9.399659546130755,3,100,9784,5,1000,core,Tracy_Olga,6.841999999999871
12.483509972361823,3,100,1000,5,2500,A1,NTD,28.4699999999998
3.233934522670145,3,100,1000,5,2500,A2,NTD,28.4699999999998
997.000208120828,3,100,1000,5,2500,A3,NTD,28.4699999999998
14.186552826246215,3,100,1000,5,2500,core,NTD,28.4699999999998
4.499906937486977,3,100,1000,5,2500,A1,Ours,1.362999999999829
0.025776440855308135,3,100,1000,5,2500,A2,Ours,1.362999999999829
0.21091167720905032,3,100,1000,5,2500,A3,Ours,1.362999999999829
12.31013760124653,3,100,1000,5,2500,core,Ours,1.362999999999829
4.499906937486977,3,100,1000,5,2500,A1,HOSVD,1.8489999999999327
0.025776440855308135,3,100,1000,5,2500,A2,HOSVD,1.8489999999999327
0.21021146884458525,3,100,1000,5,2500,A3,HOSVD,1.8489999999999327
12.309139775184404,3,100,1000,5,2500,core,HOSVD,1.8489999999999327
4.497416012825482,3,100,1000,5,2500,A1,HOOI,0.7770000000000437
0.02674606982889753,3,100,1000,5,2500,A2,HOOI,0.7770000000000437
0.20894430675151068,3,100,1000,5,2500,A3,HOOI,0.7770000000000437
12.315431452845282,3,100,1000,5,2500,core,HOOI,0.7770000000000437
3.935184808490308,3,100,1000,5,2500,A1,Olga,0.4329999999999927
0.01517161548501992,3,100,1000,5,2500,A2,Olga,0.4329999999999927
1.367357135788397,3,100,1000,5,2500,A3,Tracy,0.4329999999999927
12.989310934563724,3,100,1000,5,2500,core,Tracy_Olga,0.4329999999999927
2.165074002214019,3,100,4984,5,2500,A1,NTD,152.0619999999999
1.975043849615346,3,100,4984,5,2500,A2,NTD,152.0619999999999
4981.059072757975,3,100,4984,5,2500,A3,NTD,152.0619999999999
11.895856996334773,3,100,4984,5,2500,core,NTD,152.0619999999999
3.079731160058811,3,100,4984,5,2500,A1,Ours,14.007000000000062
0.022779991432243542,3,100,4984,5,2500,A2,Ours,14.007000000000062
2.5489384197607037,3,100,4984,5,2500,A3,Ours,14.007000000000062
13.24248509066232,3,100,4984,5,2500,core,Ours,14.007000000000062
3.079731160058811,3,100,4984,5,2500,A1,HOSVD,9.663999999999987
0.022779991432243542,3,100,4984,5,2500,A2,HOSVD,9.663999999999987
2.5194929260139833,3,100,4984,5,2500,A3,HOSVD,9.663999999999987
13.242074522210803,3,100,4984,5,2500,core,HOSVD,9.663999999999987
3.0848672291555115,3,100,4984,5,2500,A1,HOOI,12.229000000000042
0.02211843991694131,3,100,4984,5,2500,A2,HOOI,12.229000000000042
2.5254356756619267,3,100,4984,5,2500,A3,HOOI,12.229000000000042
13.236688762997627,3,100,4984,5,2500,core,HOOI,12.229000000000042
4.199400382279834,3,100,4984,5,2500,A1,Olga,10.52800000000002
0.03764443896256467,3,100,4984,5,2500,A2,Olga,10.52800000000002
2.912223033452352,3,100,4984,5,2500,A3,Tracy,10.52800000000002
13.197811399402832,3,100,4984,5,2500,core,Tracy_Olga,10.52800000000002
1.7593863689569704,3,100,9922,5,2500,A1,NTD,326.3149999999998
4.0249540777166715,3,100,9922,5,2500,A2,NTD,326.3149999999998
9919.10324395104,3,100,9922,5,2500,A3,NTD,326.3149999999998
9.655640320512818,3,100,9922,5,2500,core,NTD,326.3149999999998
5.754512289146114,3,100,9922,5,2500,A1,Ours,13.590999999999894
0.02107786927594157,3,100,9922,5,2500,A2,Ours,13.590999999999894
2.8538915004379897,3,100,9922,5,2500,A3,Ours,13.590999999999894
10.531397123731523,3,100,9922,5,2500,core,Ours,13.590999999999894
5.754512289146114,3,100,9922,5,2500,A1,HOSVD,3.9539999999997235
0.02107786927594157,3,100,9922,5,2500,A2,HOSVD,3.9539999999997235
2.5137937325050026,3,100,9922,5,2500,A3,HOSVD,3.9539999999997235
13.219838615404706,3,100,9922,5,2500,core,HOSVD,3.9539999999997235
5.739704486864382,3,100,9922,5,2500,A1,HOOI,10.407000000000153
0.02211934837452898,3,100,9922,5,2500,A2,HOOI,10.407000000000153
3.6728241455122075,3,100,9922,5,2500,A3,HOOI,10.407000000000153
10.940970122031263,3,100,9922,5,2500,core,HOOI,10.407000000000153
4.020882524308076,3,100,9922,5,2500,A1,Olga,6.690000000000055
0.02983307807036214,3,100,9922,5,2500,A2,Olga,6.690000000000055
2.9307962161980847,3,100,9922,5,2500,A3,Tracy,6.690000000000055
9.332624096033923,3,100,9922,5,2500,core,Tracy_Olga,6.690000000000055
1.9975669220806846,3,100,1000,5,5000,A1,NTD,28.22499999999991
4.411856251073134,3,100,1000,5,5000,A2,NTD,28.22499999999991
997.0001005805875,3,100,1000,5,5000,A3,NTD,28.22499999999991
11.604244669789663,3,100,1000,5,5000,core,NTD,28.22499999999991
3.2942750266210914,3,100,1000,5,5000,A1,Ours,0.48099999999976717
0.011392734121687991,3,100,1000,5,5000,A2,Ours,0.48099999999976717
0.13407723951325026,3,100,1000,5,5000,A3,Ours,0.48099999999976717
12.44759727939559,3,100,1000,5,5000,core,Ours,0.48099999999976717
3.2942750266210914,3,100,1000,5,5000,A1,HOSVD,0.40499999999974534
0.011392734121687991,3,100,1000,5,5000,A2,HOSVD,0.40499999999974534
0.13390602732144838,3,100,1000,5,5000,A3,HOSVD,0.40499999999974534
12.447479340572455,3,100,1000,5,5000,core,HOSVD,0.40499999999974534
3.288764277363521,3,100,1000,5,5000,A1,HOOI,0.706000000000131
0.011676580965994488,3,100,1000,5,5000,A2,HOOI,0.706000000000131
0.1348750872812127,3,100,1000,5,5000,A3,HOOI,0.706000000000131
12.446442996679886,3,100,1000,5,5000,core,HOOI,0.706000000000131
2.738169563207355,3,100,1000,5,5000,A1,Olga,0.6199999999998909
0.010509204616765716,3,100,1000,5,5000,A2,Olga,0.6199999999998909
1.3601166100586803,3,100,1000,5,5000,A3,Tracy,0.6199999999998909
13.108041838615518,3,100,1000,5,5000,core,Tracy_Olga,0.6199999999998909
1.8402208053777032,3,100,4990,5,5000,A1,NTD,156.78600000000006
3.9977397118625744,3,100,4990,5,5000,A2,NTD,156.78600000000006
4987.027566593237,3,100,4990,5,5000,A3,NTD,156.78600000000006
12.682414077724472,3,100,4990,5,5000,core,NTD,156.78600000000006
2.4061447359549613,3,100,4990,5,5000,A1,Ours,5.050000000000182
0.024785943192410214,3,100,4990,5,5000,A2,Ours,5.050000000000182
2.513139721355971,3,100,4990,5,5000,A3,Ours,5.050000000000182
13.240704684615537,3,100,4990,5,5000,core,Ours,5.050000000000182
2.4061447359549613,3,100,4990,5,5000,A1,HOSVD,3.1799999999998363
0.024785943192410214,3,100,4990,5,5000,A2,HOSVD,3.1799999999998363
2.5058014772454515,3,100,4990,5,5000,A3,HOSVD,3.1799999999998363
13.239582085783956,3,100,4990,5,5000,core,HOSVD,3.1799999999998363
2.4092733130827786,3,100,4990,5,5000,A1,HOOI,8.643000000000029
0.02466294525843712,3,100,4990,5,5000,A2,HOOI,8.643000000000029
2.506906794470386,3,100,4990,5,5000,A3,HOOI,8.643000000000029
13.215811324417611,3,100,4990,5,5000,core,HOOI,8.643000000000029
2.1498060760120747,3,100,4990,5,5000,A1,Olga,2.9030000000002474
0.016589719355907185,3,100,4990,5,5000,A2,Olga,2.9030000000002474
2.9093499899568376,3,100,4990,5,5000,A3,Tracy,2.9030000000002474
13.160131189941728,3,100,4990,5,5000,core,Tracy_Olga,2.9030000000002474
1.5977435909031779,3,100,9963,5,5000,A1,NTD,336.029
1.7709934247205499,3,100,9963,5,5000,A2,NTD,336.029
9960.047103996287,3,100,9963,5,5000,A3,NTD,336.029
9.735826743847817,3,100,9963,5,5000,core,NTD,336.029
3.4769680830258247,3,100,9963,5,5000,A1,Ours,14.650000000000091
0.005499667579581013,3,100,9963,5,5000,A2,Ours,14.650000000000091
2.5145421206621914,3,100,9963,5,5000,A3,Ours,14.650000000000091
13.246119415396217,3,100,9963,5,5000,core,Ours,14.650000000000091
3.4769680830258247,3,100,9963,5,5000,A1,HOSVD,3.132000000000062
0.005499667579581013,3,100,9963,5,5000,A2,HOSVD,3.132000000000062
2.485018796685733,3,100,9963,5,5000,A3,HOSVD,3.132000000000062
13.242058290634798,3,100,9963,5,5000,core,HOSVD,3.132000000000062
3.475031679278397,3,100,9963,5,5000,A1,HOOI,11.719000000000051
0.005360034106826536,3,100,9963,5,5000,A2,HOOI,11.719000000000051
2.4851640198821685,3,100,9963,5,5000,A3,HOOI,11.719000000000051
13.24434387244353,3,100,9963,5,5000,core,HOOI,11.719000000000051
3.1915976069734024,3,100,9963,5,5000,A1,Olga,6.7409999999999854
0.022666547254015092,3,100,9963,5,5000,A2,Olga,6.7409999999999854
2.8950993816327197,3,100,9963,5,5000,A3,Tracy,6.7409999999999854
13.20285470985643,3,100,9963,5,5000,core,Tracy_Olga,6.7409999999999854
2.2710294409390768,3,100,1000,5,6000,A1,NTD,28.416999999999916
0.07473495755099312,3,100,1000,5,6000,A2,NTD,28.416999999999916
997.0000703600963,3,100,1000,5,6000,A3,NTD,28.416999999999916
12.738746823320586,3,100,1000,5,6000,core,NTD,28.416999999999916
3.741324070005358,3,100,1000,5,6000,A1,Ours,0.4800000000000182
0.015385487165552719,3,100,1000,5,6000,A2,Ours,0.4800000000000182
0.09331922639297535,3,100,1000,5,6000,A3,Ours,0.4800000000000182
8.134765114088115,3,100,1000,5,6000,core,Ours,0.4800000000000182
3.741324070005358,3,100,1000,5,6000,A1,HOSVD,0.5090000000000146
0.015385487165552719,3,100,1000,5,6000,A2,HOSVD,0.5090000000000146
0.09316021271078041,3,100,1000,5,6000,A3,HOSVD,0.5090000000000146
8.134759005333542,3,100,1000,5,6000,core,HOSVD,0.5090000000000146
3.7347196038230086,3,100,1000,5,6000,A1,HOOI,0.6880000000001019
0.014121013107582606,3,100,1000,5,6000,A2,HOOI,0.6880000000001019
0.0920373222452365,3,100,1000,5,6000,A3,HOOI,0.6880000000001019
8.134452752951448,3,100,1000,5,6000,core,HOOI,0.6880000000001019
2.2675262890432837,3,100,1000,5,6000,A1,Olga,0.5769999999997708
0.021637499457531496,3,100,1000,5,6000,A2,Olga,0.5769999999997708
1.3458387388723438,3,100,1000,5,6000,A3,Tracy,0.5769999999997708
13.074128883816895,3,100,1000,5,6000,core,Tracy_Olga,0.5769999999997708
4.730224052838913,3,100,4995,5,6000,A1,NTD,161.31100000000015
0.14423291240186,3,100,4995,5,6000,A2,NTD,161.31100000000015
4992.030612720393,3,100,4995,5,6000,A3,NTD,161.31100000000015
13.409169959249171,3,100,4995,5,6000,core,NTD,161.31100000000015
3.1728390274587692,3,100,4995,5,6000,A1,Ours,5.311000000000149
0.011637407591797872,3,100,4995,5,6000,A2,Ours,5.311000000000149
2.5311713229983286,3,100,4995,5,6000,A3,Ours,5.311000000000149
13.261187158399112,3,100,4995,5,6000,core,Ours,5.311000000000149
3.1728390274587692,3,100,4995,5,6000,A1,HOSVD,1.524000000000342
0.011637407591797872,3,100,4995,5,6000,A2,HOSVD,1.524000000000342
2.52548494382764,3,100,4995,5,6000,A3,HOSVD,1.524000000000342
13.26047343237456,3,100,4995,5,6000,core,HOSVD,1.524000000000342
3.166859884158472,3,100,4995,5,6000,A1,HOOI,4.354000000000269
0.01168818136267101,3,100,4995,5,6000,A2,HOOI,4.354000000000269
2.5273689983143535,3,100,4995,5,6000,A3,HOOI,4.354000000000269
13.258898527679298,3,100,4995,5,6000,core,HOOI,4.354000000000269
2.5059908568486065,3,100,4995,5,6000,A1,Olga,2.7450000000003456
0.020601478690476942,3,100,4995,5,6000,A2,Olga,2.7450000000003456
2.976906577631057,3,100,4995,5,6000,A3,Tracy,2.7450000000003456
13.24889137997428,3,100,4995,5,6000,core,Tracy_Olga,2.7450000000003456
1.4801170357949283,3,100,9964,5,6000,A1,NTD,331.16899999999987
1.2804051858423253,3,100,9964,5,6000,A2,NTD,331.16899999999987
9961.049505509412,3,100,9964,5,6000,A3,NTD,331.16899999999987
13.374446931016761,3,100,9964,5,6000,core,NTD,331.16899999999987
3.0652265447231914,3,100,9964,5,6000,A1,Ours,12.805000000000291
0.003932479225294461,3,100,9964,5,6000,A2,Ours,12.805000000000291
2.519296829971971,3,100,9964,5,6000,A3,Ours,12.805000000000291
13.228662352789945,3,100,9964,5,6000,core,Ours,12.805000000000291
3.0652265447231914,3,100,9964,5,6000,A1,HOSVD,3.9420000000000073
0.003932479225294461,3,100,9964,5,6000,A2,HOSVD,3.9420000000000073
2.4986839311769895,3,100,9964,5,6000,A3,HOSVD,3.9420000000000073
13.228859457045868,3,100,9964,5,6000,core,HOSVD,3.9420000000000073
3.0617099842104154,3,100,9964,5,6000,A1,HOOI,10.626999999999953
0.0032322537629745547,3,100,9964,5,6000,A2,HOOI,10.626999999999953
2.498995247466136,3,100,9964,5,6000,A3,HOOI,10.626999999999953
13.225296480198923,3,100,9964,5,6000,core,HOOI,10.626999999999953
2.276015910012325,3,100,9964,5,6000,A1,Olga,7.2520000000004075
0.015904145778191128,3,100,9964,5,6000,A2,Olga,7.2520000000004075
2.91482839163894,3,100,9964,5,6000,A3,Tracy,7.2520000000004075
13.204141005568276,3,100,9964,5,6000,core,Tracy_Olga,7.2520000000004075
2.778570746343995,3,100,1000,5,7000,A1,NTD,27.490999999999985
0.2245604805856207,3,100,1000,5,7000,A2,NTD,27.490999999999985
997.0000722024477,3,100,1000,5,7000,A3,NTD,27.490999999999985
11.288709667402202,3,100,1000,5,7000,core,NTD,27.490999999999985
1.9450939447942284,3,100,1000,5,7000,A1,Ours,0.6269999999999527
0.003770574566761601,3,100,1000,5,7000,A2,Ours,0.6269999999999527
0.11703260693064026,3,100,1000,5,7000,A3,Ours,0.6269999999999527
12.37290090584835,3,100,1000,5,7000,core,Ours,0.6269999999999527
1.9450939447942284,3,100,1000,5,7000,A1,HOSVD,0.5990000000001601
0.003770574566761601,3,100,1000,5,7000,A2,HOSVD,0.5990000000001601
0.11694170223329332,3,100,1000,5,7000,A3,HOSVD,0.5990000000001601
12.372358122311585,3,100,1000,5,7000,core,HOSVD,0.5990000000001601
2.001309181505699,3,100,1000,5,7000,A1,HOOI,0.8840000000000146
0.0032075645913616697,3,100,1000,5,7000,A2,HOOI,0.8840000000000146
0.1168069144687036,3,100,1000,5,7000,A3,HOOI,0.8840000000000146
12.381613610986511,3,100,1000,5,7000,core,HOOI,0.8840000000000146
1.8315279773038768,3,100,1000,5,7000,A1,Olga,0.774000000000342
0.00928544114968243,3,100,1000,5,7000,A2,Olga,0.774000000000342
1.3573979441066149,3,100,1000,5,7000,A3,Tracy,0.774000000000342
13.073050562742205,3,100,1000,5,7000,core,Tracy_Olga,0.774000000000342
1.9528586698401245,3,100,4992,5,7000,A1,NTD,156.79100000000017
4.710241901940124,3,100,4992,5,7000,A2,NTD,156.79100000000017
4989.035784986089,3,100,4992,5,7000,A3,NTD,156.79100000000017
13.356806356850802,3,100,4992,5,7000,core,NTD,156.79100000000017
2.1183125732423465,3,100,4992,5,7000,A1,Ours,11.4699999999998
0.014252087144846676,3,100,4992,5,7000,A2,Ours,11.4699999999998
2.5023957990758854,3,100,4992,5,7000,A3,Ours,11.4699999999998
13.226830428489091,3,100,4992,5,7000,core,Ours,11.4699999999998
2.1183125732423465,3,100,4992,5,7000,A1,HOSVD,13.68899999999985
0.014252087144846676,3,100,4992,5,7000,A2,HOSVD,13.68899999999985
2.4984543578846212,3,100,4992,5,7000,A3,HOSVD,13.68899999999985
13.226426793730367,3,100,4992,5,7000,core,HOSVD,13.68899999999985
2.132166207852612,3,100,4992,5,7000,A1,HOOI,21.054000000000087
0.013955263153961372,3,100,4992,5,7000,A2,HOOI,21.054000000000087
2.499348808962285,3,100,4992,5,7000,A3,HOOI,21.054000000000087
13.218753036435219,3,100,4992,5,7000,core,HOOI,21.054000000000087
1.8195978365116983,3,100,4992,5,7000,A1,Olga,18.039000000000215
0.014350815512681336,3,100,4992,5,7000,A2,Olga,18.039000000000215
2.921354816081862,3,100,4992,5,7000,A3,Tracy,18.039000000000215
13.208180888477967,3,100,4992,5,7000,core,Tracy_Olga,18.039000000000215
2.833214320399976,3,100,9974,5,7000,A1,NTD,331.3589999999999
4.024485955836728,3,100,9974,5,7000,A2,NTD,331.3589999999999
9971.040980687896,3,100,9974,5,7000,A3,NTD,331.3589999999999
12.642824569812591,3,100,9974,5,7000,core,NTD,331.3589999999999
2.7636178104041367,3,100,9974,5,7000,A1,Ours,13.635999999999513
0.013603485264578372,3,100,9974,5,7000,A2,Ours,13.635999999999513
2.5020698810409128,3,100,9974,5,7000,A3,Ours,13.635999999999513
8.026414235724893,3,100,9974,5,7000,core,Ours,13.635999999999513
2.7636178104041367,3,100,9974,5,7000,A1,HOSVD,3.8330000000005384
0.013603485264578372,3,100,9974,5,7000,A2,HOSVD,3.8330000000005384
2.486955342512131,3,100,9974,5,7000,A3,HOSVD,3.8330000000005384
8.02433014843109,3,100,9974,5,7000,core,HOSVD,3.8330000000005384
2.76503577634255,3,100,9974,5,7000,A1,HOOI,11.71100000000024
0.013819618475469248,3,100,9974,5,7000,A2,HOOI,11.71100000000024
2.4886065062409966,3,100,9974,5,7000,A3,HOOI,11.71100000000024
8.028523000519929,3,100,9974,5,7000,core,HOOI,11.71100000000024
2.262190604683921,3,100,9974,5,7000,A1,Olga,7.359000000000378
0.009213213766912198,3,100,9974,5,7000,A2,Olga,7.359000000000378
2.901306938627633,3,100,9974,5,7000,A3,Tracy,7.359000000000378
9.36646440296733,3,100,9974,5,7000,core,Tracy_Olga,7.359000000000378
3.12006888045371,3,100,1000,5,8000,A1,NTD,27.462999999999738
2.1026514180004288,3,100,1000,5,8000,A2,NTD,27.462999999999738
997.0000487295172,3,100,1000,5,8000,A3,NTD,27.462999999999738
13.333883832665698,3,100,1000,5,8000,core,NTD,27.462999999999738
2.94232524408691,3,100,1000,5,8000,A1,Ours,0.5190000000002328
0.008919925679347565,3,100,1000,5,8000,A2,Ours,0.5190000000002328
0.10250329638861937,3,100,1000,5,8000,A3,Ours,0.5190000000002328
12.338956018754816,3,100,1000,5,8000,core,Ours,0.5190000000002328
2.94232524408691,3,100,1000,5,8000,A1,HOSVD,0.7179999999998472
0.008919925679347565,3,100,1000,5,8000,A2,HOSVD,0.7179999999998472
0.10247144581807575,3,100,1000,5,8000,A3,HOSVD,0.7179999999998472
12.338707221929761,3,100,1000,5,8000,core,HOSVD,0.7179999999998472
2.945425492708462,3,100,1000,5,8000,A1,HOOI,0.8500000000003638
0.008816519820782874,3,100,1000,5,8000,A2,HOOI,0.8500000000003638
0.10131374848476653,3,100,1000,5,8000,A3,HOOI,0.8500000000003638
12.341038251626152,3,100,1000,5,8000,core,HOOI,0.8500000000003638
2.044197872763976,3,100,1000,5,8000,A1,Olga,0.9639999999999418
0.005572518936452263,3,100,1000,5,8000,A2,Olga,0.9639999999999418
1.3476642216457955,3,100,1000,5,8000,A3,Tracy,0.9639999999999418
13.134215288808626,3,100,1000,5,8000,core,Tracy_Olga,0.9639999999999418
2.666330289470964,3,100,4994,5,8000,A1,NTD,159.80299999999988
0.05615902689747379,3,100,4994,5,8000,A2,NTD,159.80299999999988
4991.01945366918,3,100,4994,5,8000,A3,NTD,159.80299999999988
10.551218532829171,3,100,4994,5,8000,core,NTD,159.80299999999988
2.7667156138892306,3,100,4994,5,8000,A1,Ours,5.2590000000000146
0.011128392836739285,3,100,4994,5,8000,A2,Ours,5.2590000000000146
2.498240219969592,3,100,4994,5,8000,A3,Ours,5.2590000000000146
13.216976133191123,3,100,4994,5,8000,core,Ours,5.2590000000000146
2.7667156138892306,3,100,4994,5,8000,A1,HOSVD,1.6359999999995125
0.011128392836739285,3,100,4994,5,8000,A2,HOSVD,1.6359999999995125
2.495209361959556,3,100,4994,5,8000,A3,HOSVD,1.6359999999995125
13.21668774450949,3,100,4994,5,8000,core,HOSVD,1.6359999999995125
2.759471057375153,3,100,4994,5,8000,A1,HOOI,4.3070000000006985
0.01097856425668274,3,100,4994,5,8000,A2,HOOI,4.3070000000006985
2.497214078054211,3,100,4994,5,8000,A3,HOOI,4.3070000000006985
13.213458597088156,3,100,4994,5,8000,core,HOOI,4.3070000000006985
1.8388378214531436,3,100,4994,5,8000,A1,Olga,2.4589999999998327
0.016178364620582628,3,100,4994,5,8000,A2,Olga,2.4589999999998327
2.9342876907893447,3,100,4994,5,8000,A3,Tracy,2.4589999999998327
13.186233385342055,3,100,4994,5,8000,core,Tracy_Olga,2.4589999999998327
1.787780627735094,3,100,9980,5,8000,A1,NTD,332.4899999999998
0.011679028652692453,3,100,9980,5,8000,A2,NTD,332.4899999999998
9977.036022869133,3,100,9980,5,8000,A3,NTD,332.4899999999998
10.212044736473143,3,100,9980,5,8000,core,NTD,332.4899999999998
2.540544405433545,3,100,9980,5,8000,A1,Ours,14.019000000000233
0.011903479599166713,3,100,9980,5,8000,A2,Ours,14.019000000000233
2.4886836367283,3,100,9980,5,8000,A3,Ours,14.019000000000233
9.320843021022728,3,100,9980,5,8000,core,Ours,14.019000000000233
2.540544405433545,3,100,9980,5,8000,A1,HOSVD,4.688000000000102
0.011903479599166713,3,100,9980,5,8000,A2,HOSVD,4.688000000000102
2.4768392887896096,3,100,9980,5,8000,A3,HOSVD,4.688000000000102
9.326932617611455,3,100,9980,5,8000,core,HOSVD,4.688000000000102
2.5206208101207226,3,100,9980,5,8000,A1,HOOI,10.989000000000487
0.011952546747310238,3,100,9980,5,8000,A2,HOOI,10.989000000000487
2.47770601972729,3,100,9980,5,8000,A3,HOOI,10.989000000000487
9.326594621060314,3,100,9980,5,8000,core,HOOI,10.989000000000487
2.3077292894137567,3,100,9980,5,8000,A1,Olga,7.292999999999665
0.012764368877462925,3,100,9980,5,8000,A2,Olga,7.292999999999665
2.9097620553551597,3,100,9980,5,8000,A3,Tracy,7.292999999999665
9.36764821013262,3,100,9980,5,8000,core,Tracy_Olga,7.292999999999665
1.7686122416569008,3,100,1000,5,9000,A1,NTD,27.40100000000075
0.10039750017978095,3,100,1000,5,9000,A2,NTD,27.40100000000075
997.0000411644355,3,100,1000,5,9000,A3,NTD,27.40100000000075
11.852332598815458,3,100,1000,5,9000,core,NTD,27.40100000000075
1.8927177878591213,3,100,1000,5,9000,A1,Ours,0.48799999999937427
0.006614784498705,3,100,1000,5,9000,A2,Ours,0.48799999999937427
0.08675057945567856,3,100,1000,5,9000,A3,Ours,0.48799999999937427
12.300227379169451,3,100,1000,5,9000,core,Ours,0.48799999999937427
1.8927177878591213,3,100,1000,5,9000,A1,HOSVD,0.4459999999999127
0.006614784498705,3,100,1000,5,9000,A2,HOSVD,0.4459999999999127
0.0867089927861796,3,100,1000,5,9000,A3,HOSVD,0.4459999999999127
12.300080578147291,3,100,1000,5,9000,core,HOSVD,0.4459999999999127
1.8945504738237253,3,100,1000,5,9000,A1,HOOI,0.7129999999997381
0.006260246413950328,3,100,1000,5,9000,A2,HOOI,0.7129999999997381
0.08726560255307302,3,100,1000,5,9000,A3,HOOI,0.7129999999997381
12.300435862394664,3,100,1000,5,9000,core,HOOI,0.7129999999997381
1.7646017872161193,3,100,1000,5,9000,A1,Olga,0.5
0.004429325273880674,3,100,1000,5,9000,A2,Olga,0.5
1.3458079221570376,3,100,1000,5,9000,A3,Tracy,0.5
13.148845334358315,3,100,1000,5,9000,core,Tracy_Olga,0.5
2.4387052852716167,3,100,4995,5,9000,A1,NTD,152.78499999999985
0.031879797029133836,3,100,4995,5,9000,A2,NTD,152.78499999999985
4992.0199712595995,3,100,4995,5,9000,A3,NTD,152.78499999999985
13.36926453164947,3,100,4995,5,9000,core,NTD,152.78499999999985
2.419780446677581,3,100,4995,5,9000,A1,Ours,5.037000000000262
0.007657632653152063,3,100,4995,5,9000,A2,Ours,5.037000000000262
2.595120150679194,3,100,4995,5,9000,A3,Ours,5.037000000000262
13.235958625676368,3,100,4995,5,9000,core,Ours,5.037000000000262
2.419780446677581,3,100,4995,5,9000,A1,HOSVD,1.8190000000004147
0.007657632653152063,3,100,4995,5,9000,A2,HOSVD,1.8190000000004147
2.5926189565058038,3,100,4995,5,9000,A3,HOSVD,1.8190000000004147
13.234941935104414,3,100,4995,5,9000,core,HOSVD,1.8190000000004147
2.417408584148332,3,100,4995,5,9000,A1,HOOI,4.804000000000087
0.008175673288002559,3,100,4995,5,9000,A2,HOOI,4.804000000000087
2.5897993459620188,3,100,4995,5,9000,A3,HOOI,4.804000000000087
13.250204232696094,3,100,4995,5,9000,core,HOOI,4.804000000000087
1.8572205281405925,3,100,4995,5,9000,A1,Olga,3.0969999999997526
0.004605823257346538,3,100,4995,5,9000,A2,Olga,3.0969999999997526
2.9574988663955466,3,100,4995,5,9000,A3,Tracy,3.0969999999997526
13.136282622472018,3,100,4995,5,9000,core,Tracy_Olga,3.0969999999997526
1.7403576676947397,3,100,9980,5,9000,A1,NTD,318.0470000000005
0.7925961671455546,3,100,9980,5,9000,A2,NTD,318.0470000000005
9977.037570292227,3,100,9980,5,9000,A3,NTD,318.0470000000005
11.976689717180482,3,100,9980,5,9000,core,NTD,318.0470000000005
2.045302079133859,3,100,9980,5,9000,A1,Ours,13.511999999999716
0.01996869063351628,3,100,9980,5,9000,A2,Ours,13.511999999999716
2.4880846980625555,3,100,9980,5,9000,A3,Ours,13.511999999999716
13.224406025054648,3,100,9980,5,9000,core,Ours,13.511999999999716
2.045302079133859,3,100,9980,5,9000,A1,HOSVD,3.6289999999999054
0.01996869063351628,3,100,9980,5,9000,A2,HOSVD,3.6289999999999054
2.478903963421829,3,100,9980,5,9000,A3,HOSVD,3.6289999999999054
13.224676571800225,3,100,9980,5,9000,core,HOSVD,3.6289999999999054
2.0466818461393887,3,100,9980,5,9000,A1,HOOI,10.740999999999985
0.019971250730813076,3,100,9980,5,9000,A2,HOOI,10.740999999999985
2.4799798227056926,3,100,9980,5,9000,A3,HOOI,10.740999999999985
12.510011267482332,3,100,9980,5,9000,core,HOOI,10.740999999999985
1.5079374577001647,3,100,9980,5,9000,A1,Olga,6.457999999999629
0.018398625107977823,3,100,9980,5,9000,A2,Olga,6.457999999999629
2.9108055103071915,3,100,9980,5,9000,A3,Tracy,6.457999999999629
13.19737252853699,3,100,9980,5,9000,core,Tracy_Olga,6.457999999999629
2.8608562614281814,3,100,1000,5,10000,A1,NTD,28.02899999999954
1.362565101954302,3,100,1000,5,10000,A2,NTD,28.02899999999954
997.0000568354325,3,100,1000,5,10000,A3,NTD,28.02899999999954
13.745990947487252,3,100,1000,5,10000,core,NTD,28.02899999999954
1.945638076051924,3,100,1000,5,10000,A1,Ours,0.6559999999999491
0.008236010268191681,3,100,1000,5,10000,A2,Ours,0.6559999999999491
0.07123157077859449,3,100,1000,5,10000,A3,Ours,0.6559999999999491
12.386148122283203,3,100,1000,5,10000,core,Ours,0.6559999999999491
1.945638076051924,3,100,1000,5,10000,A1,HOSVD,0.5440000000007785
0.008236010268191681,3,100,1000,5,10000,A2,HOSVD,0.5440000000007785
0.07118475441697611,3,100,1000,5,10000,A3,HOSVD,0.5440000000007785
12.385837086691714,3,100,1000,5,10000,core,HOSVD,0.5440000000007785
1.9383045108409522,3,100,1000,5,10000,A1,HOOI,0.7699999999995271
0.0072684427787685175,3,100,1000,5,10000,A2,HOOI,0.7699999999995271
0.07108233310804504,3,100,1000,5,10000,A3,HOOI,0.7699999999995271
12.385455974020664,3,100,1000,5,10000,core,HOOI,0.7699999999995271
1.6960720422934361,3,100,1000,5,10000,A1,Olga,0.6660000000001673
0.009739414795310333,3,100,1000,5,10000,A2,Olga,0.6660000000001673
1.346700094802312,3,100,1000,5,10000,A3,Tracy,0.6660000000001673
13.132968326543725,3,100,1000,5,10000,core,Tracy_Olga,0.6660000000001673
2.9210507687919076,3,100,4995,5,10000,A1,NTD,152.58299999999963
1.5223853700199776,3,100,4995,5,10000,A2,NTD,152.58299999999963
4992.019179702616,3,100,4995,5,10000,A3,NTD,152.58299999999963
12.88376521310846,3,100,4995,5,10000,core,NTD,152.58299999999963
2.240920477143261,3,100,4995,5,10000,A1,Ours,5.1030000000000655
0.005390942661831852,3,100,4995,5,10000,A2,Ours,5.1030000000000655
2.5401067107666053,3,100,4995,5,10000,A3,Ours,5.1030000000000655
13.215293292672236,3,100,4995,5,10000,core,Ours,5.1030000000000655
2.240920477143261,3,100,4995,5,10000,A1,HOSVD,1.9070000000001528
0.005390942661831852,3,100,4995,5,10000,A2,HOSVD,1.9070000000001528
2.5382232158817306,3,100,4995,5,10000,A3,HOSVD,1.9070000000001528
13.215306276317822,3,100,4995,5,10000,core,HOSVD,1.9070000000001528
2.2308558841943604,3,100,4995,5,10000,A1,HOOI,4.8049999999993815
0.006139532735884359,3,100,4995,5,10000,A2,HOOI,4.8049999999993815
2.536377171550995,3,100,4995,5,10000,A3,HOOI,4.8049999999993815
13.211399849291443,3,100,4995,5,10000,core,HOOI,4.8049999999993815
1.5589387463528923,3,100,4995,5,10000,A1,Olga,2.9309999999995853
0.004126865358136726,3,100,4995,5,10000,A2,Olga,2.9309999999995853
2.942726788895069,3,100,4995,5,10000,A3,Tracy,2.9309999999995853
13.210824195593416,3,100,4995,5,10000,core,Tracy_Olga,2.9309999999995853
1.7961988402956535,3,100,9987,5,10000,A1,NTD,325.71300000000065
1.2962877781515236,3,100,9987,5,10000,A2,NTD,325.71300000000065
9984.0282496485,3,100,9987,5,10000,A3,NTD,325.71300000000065
12.144844098776096,3,100,9987,5,10000,core,NTD,325.71300000000065
2.1610948138317077,3,100,9987,5,10000,A1,Ours,13.770000000000437
0.005796204985071143,3,100,9987,5,10000,A2,Ours,13.770000000000437
2.49464411280391,3,100,9987,5,10000,A3,Ours,13.770000000000437
8.030093117483219,3,100,9987,5,10000,core,Ours,13.770000000000437
2.1610948138317077,3,100,9987,5,10000,A1,HOSVD,3.2509999999992942
0.005796204985071143,3,100,9987,5,10000,A2,HOSVD,3.2509999999992942
2.4872480310271228,3,100,9987,5,10000,A3,HOSVD,3.2509999999992942
8.029074227645808,3,100,9987,5,10000,core,HOSVD,3.2509999999992942
2.1620242055555927,3,100,9987,5,10000,A1,HOOI,11.073999999999614
0.005556298798141588,3,100,9987,5,10000,A2,HOOI,11.073999999999614
2.4874490937547455,3,100,9987,5,10000,A3,HOOI,11.073999999999614
8.024473726968226,3,100,9987,5,10000,core,HOOI,11.073999999999614
1.6618277562385972,3,100,9987,5,10000,A1,Olga,6.247000000000298
0.013561200383160119,3,100,9987,5,10000,A2,Olga,6.247000000000298
2.8944312741304965,3,100,9987,5,10000,A3,Tracy,6.247000000000298
13.19557363417737,3,100,9987,5,10000,core,Tracy_Olga,6.247000000000298
