error,K,Q1,R,Q2,M,mode,method,time
6.725038156980926,3,100,100,5,100,A1,NTD,4.265
3.1239801409690466,3,100,100,5,100,A2,NTD,4.265
97.00333887901903,3,100,100,5,100,A3,NTD,4.265
9.974138542273332,3,100,100,5,100,core,NTD,4.265
16.90783183231045,3,100,100,5,100,A1,Ours,0.6950000000000003
0.35697913336996573,3,100,100,5,100,A2,Ours,0.6950000000000003
0.3020921935541582,3,100,100,5,100,A3,Ours,0.6950000000000003
12.229184481733956,3,100,100,5,100,core,Ours,0.6950000000000003
16.90783183231045,3,100,100,5,100,A1,HOSVD,2.632999999999999
0.35697913336996573,3,100,100,5,100,A2,HOSVD,2.632999999999999
0.3151633448745147,3,100,100,5,100,A3,HOSVD,2.632999999999999
12.223982898509359,3,100,100,5,100,core,HOSVD,2.632999999999999
16.798332941088265,3,100,100,5,100,A1,HOOI,2.7560000000000002
0.2553020168854187,3,100,100,5,100,A2,HOOI,2.7560000000000002
0.2615658014141284,3,100,100,5,100,A3,HOOI,2.7560000000000002
12.109955417249324,3,100,100,5,100,core,HOOI,2.7560000000000002
16.71066193434998,3,100,100,5,100,A1,Olga,2.7059999999999995
0.6634154982862993,3,100,100,5,100,A2,Olga,2.7059999999999995
1.034672738436106,3,100,100,5,100,A3,Tracy,2.7059999999999995
12.297083607308046,3,100,100,5,100,core,Tracy_Olga,2.7059999999999995
6.953860568003491,3,100,497,5,100,A1,NTD,21.285
4.001841884404043,3,100,497,5,100,A2,NTD,21.285
494.18559719895586,3,100,497,5,100,A3,NTD,21.285
11.300165377191954,3,100,497,5,100,core,NTD,21.285
15.290912641320617,3,100,497,5,100,A1,Ours,3.2109999999999985
0.5203330437668178,3,100,497,5,100,A2,Ours,3.2109999999999985
2.848021668368421,3,100,497,5,100,A3,Ours,3.2109999999999985
8.37699736537267,3,100,497,5,100,core,Ours,3.2109999999999985
15.290912641320617,3,100,497,5,100,A1,HOSVD,5.414999999999999
0.5203330437668178,3,100,497,5,100,A2,HOSVD,5.414999999999999
2.4616706879325387,3,100,497,5,100,A3,HOSVD,5.414999999999999
11.784471215738257,3,100,497,5,100,core,HOSVD,5.414999999999999
14.89613399109811,3,100,497,5,100,A1,HOOI,5.024999999999999
0.19748007298795522,3,100,497,5,100,A2,HOOI,5.024999999999999
2.4660204409920383,3,100,497,5,100,A3,HOOI,5.024999999999999
13.611957590597356,3,100,497,5,100,core,HOOI,5.024999999999999
21.382189734694336,3,100,497,5,100,A1,Olga,2.719000000000001
1.416127476867798,3,100,497,5,100,A2,Olga,2.719000000000001
2.8016135654162837,3,100,497,5,100,A3,Tracy,2.719000000000001
12.497670915711735,3,100,497,5,100,core,Tracy_Olga,2.719000000000001
31.219623140374402,3,100,986,5,100,A1,NTD,37.028999999999996
2.0019733455686475,3,100,986,5,100,A2,NTD,37.028999999999996
983.2063512096234,3,100,986,5,100,A3,NTD,37.028999999999996
10.37079375633553,3,100,986,5,100,core,NTD,37.028999999999996
12.977937581420496,3,100,986,5,100,A1,Ours,10.588999999999999
0.3739363523741522,3,100,986,5,100,A2,Ours,10.588999999999999
3.438979067251552,3,100,986,5,100,A3,Ours,10.588999999999999
10.51165779975877,3,100,986,5,100,core,Ours,10.588999999999999
12.977937581420496,3,100,986,5,100,A1,HOSVD,12.665999999999997
0.3739363523741522,3,100,986,5,100,A2,HOSVD,12.665999999999997
2.5283900492359033,3,100,986,5,100,A3,HOSVD,12.665999999999997
12.598609023927754,3,100,986,5,100,core,HOSVD,12.665999999999997
12.972074111477044,3,100,986,5,100,A1,HOOI,11.480999999999995
0.2461724690764653,3,100,986,5,100,A2,HOOI,11.480999999999995
2.5684075910081665,3,100,986,5,100,A3,HOOI,11.480999999999995
12.473711531387549,3,100,986,5,100,core,HOOI,11.480999999999995
29.017830942624812,3,100,986,5,100,A1,Olga,7.222000000000008
1.9626468780275341,3,100,986,5,100,A2,Olga,7.222000000000008
2.857051574847883,3,100,986,5,100,A3,Tracy,7.222000000000008
12.045721892889134,3,100,986,5,100,core,Tracy_Olga,7.222000000000008
72.68243205301093,3,100,2376,5,100,A1,NTD,89.376
3.9980531003903192,3,100,2376,5,100,A2,NTD,89.376
2373.3591162983143,3,100,2376,5,100,A3,NTD,89.376
12.012925028872342,3,100,2376,5,100,core,NTD,89.376
14.35998189396282,3,100,2376,5,100,A1,Ours,7.25
0.12712334310326873,3,100,2376,5,100,A2,Ours,7.25
5.3732316047129745,3,100,2376,5,100,A3,Ours,7.25
11.621844189957198,3,100,2376,5,100,core,Ours,7.25
14.35998189396282,3,100,2376,5,100,A1,HOSVD,4.459000000000003
0.12712334310326873,3,100,2376,5,100,A2,HOSVD,4.459000000000003
3.89733221772608,3,100,2376,5,100,A3,HOSVD,4.459000000000003
11.908805122247163,3,100,2376,5,100,core,HOSVD,4.459000000000003
14.264602163882863,3,100,2376,5,100,A1,HOOI,6
0.28740275716299285,3,100,2376,5,100,A2,HOOI,6
2.658309155483002,3,100,2376,5,100,A3,HOOI,6
12.634700435820418,3,100,2376,5,100,core,HOOI,6
68.49188823660107,3,100,2376,5,100,A1,Olga,2.2809999999999775
4.1832917626579,3,100,2376,5,100,A2,Olga,2.2809999999999775
2.947213222582406,3,100,2376,5,100,A3,Tracy,2.2809999999999775
10.363351404680362,3,100,2376,5,100,core,Tracy_Olga,2.2809999999999775
94.29254454333385,3,100,4522,5,100,A1,NTD,166.90599999999998
4.004268569288316,3,100,4522,5,100,A2,NTD,166.90599999999998
4519.475945420784,3,100,4522,5,100,A3,NTD,166.90599999999998
9.904250362667886,3,100,4522,5,100,core,NTD,166.90599999999998
15.045023617139313,3,100,4522,5,100,A1,Ours,18.079000000000008
0.1348146570775817,3,100,4522,5,100,A2,Ours,18.079000000000008
5.351748651972915,3,100,4522,5,100,A3,Ours,18.079000000000008
8.764028911949774,3,100,4522,5,100,core,Ours,18.079000000000008
15.045023617139313,3,100,4522,5,100,A1,HOSVD,15.990000000000009
0.1348146570775817,3,100,4522,5,100,A2,HOSVD,15.990000000000009
4.061949783812468,3,100,4522,5,100,A3,HOSVD,15.990000000000009
9.181538816921472,3,100,4522,5,100,core,HOSVD,15.990000000000009
14.497761678194609,3,100,4522,5,100,A1,HOOI,18.398000000000025
0.17608235382922527,3,100,4522,5,100,A2,HOOI,18.398000000000025
3.8108598220432777,3,100,4522,5,100,A3,HOOI,18.398000000000025
9.897229129316846,3,100,4522,5,100,core,HOOI,18.398000000000025
74.62364957370428,3,100,4522,5,100,A1,Olga,7.549000000000035
3.0528623922678144,3,100,4522,5,100,A2,Olga,7.549000000000035
3.0248573095411575,3,100,4522,5,100,A3,Tracy,7.549000000000035
13.742684319540038,3,100,4522,5,100,core,Tracy_Olga,7.549000000000035
85.26925870781972,3,100,5271,5,100,A1,NTD,193.80700000000002
3.9980602105881817,3,100,5271,5,100,A2,NTD,193.80700000000002
5268.453064094928,3,100,5271,5,100,A3,NTD,193.80700000000002
9.999598954885348,3,100,5271,5,100,core,NTD,193.80700000000002
22.944288190484645,3,100,5271,5,100,A1,Ours,12.05600000000004
0.3193934235022329,3,100,5271,5,100,A2,Ours,12.05600000000004
5.196168688164574,3,100,5271,5,100,A3,Ours,12.05600000000004
13.613073515795014,3,100,5271,5,100,core,Ours,12.05600000000004
22.944288190484645,3,100,5271,5,100,A1,HOSVD,7.087999999999965
0.3193934235022329,3,100,5271,5,100,A2,HOSVD,7.087999999999965
3.8683705090302647,3,100,5271,5,100,A3,HOSVD,7.087999999999965
10.37893347359937,3,100,5271,5,100,core,HOSVD,7.087999999999965
22.552556472681683,3,100,5271,5,100,A1,HOOI,14.37600000000009
0.29038560691771353,3,100,5271,5,100,A2,HOOI,14.37600000000009
3.580800395685832,3,100,5271,5,100,A3,HOOI,14.37600000000009
9.630870405734836,3,100,5271,5,100,core,HOOI,14.37600000000009
74.90029809242758,3,100,5271,5,100,A1,Olga,11.961999999999989
3.2998190874470947,3,100,5271,5,100,A2,Olga,11.961999999999989
4.034168206003094,3,100,5271,5,100,A3,Tracy,11.961999999999989
10.388197254865162,3,100,5271,5,100,core,Tracy_Olga,11.961999999999989
114.82367638741567,3,100,6068,5,100,A1,NTD,205.50099999999998
4.002344780764025,3,100,6068,5,100,A2,NTD,205.50099999999998
6065.5322336240915,3,100,6068,5,100,A3,NTD,205.50099999999998
9.428742425978305,3,100,6068,5,100,core,NTD,205.50099999999998
15.598385823535356,3,100,6068,5,100,A1,Ours,7.211999999999989
0.20411168246076838,3,100,6068,5,100,A2,Ours,7.211999999999989
5.226974626847257,3,100,6068,5,100,A3,Ours,7.211999999999989
8.396410852991304,3,100,6068,5,100,core,Ours,7.211999999999989
15.598385823535356,3,100,6068,5,100,A1,HOSVD,2.326000000000022
0.20411168246076838,3,100,6068,5,100,A2,HOSVD,2.326000000000022
3.7215305430416183,3,100,6068,5,100,A3,HOSVD,2.326000000000022
9.99945524525312,3,100,6068,5,100,core,HOSVD,2.326000000000022
13.008646483516419,3,100,6068,5,100,A1,HOOI,7.88799999999992
0.08295763557513083,3,100,6068,5,100,A2,HOOI,7.88799999999992
2.828269008521843,3,100,6068,5,100,A3,HOOI,7.88799999999992
12.751734124051389,3,100,6068,5,100,core,HOOI,7.88799999999992
97.40027137000963,3,100,6068,5,100,A1,Olga,3.2670000000000528
3.8367761061491232,3,100,6068,5,100,A2,Olga,3.2670000000000528
3.1007566103842747,3,100,6068,5,100,A3,Tracy,3.2670000000000528
9.373475897922104,3,100,6068,5,100,core,Tracy_Olga,3.2670000000000528
110.95974861695737,3,100,6816,5,100,A1,NTD,221.07399999999996
3.997669399676967,3,100,6816,5,100,A2,NTD,221.07399999999996
6813.54795278432,3,100,6816,5,100,A3,NTD,221.07399999999996
9.837489833728148,3,100,6816,5,100,core,NTD,221.07399999999996
20.003547708510737,3,100,6816,5,100,A1,Ours,10.55099999999993
0.18515049138035355,3,100,6816,5,100,A2,Ours,10.55099999999993
5.267262069072752,3,100,6816,5,100,A3,Ours,10.55099999999993
13.97388729506284,3,100,6816,5,100,core,Ours,10.55099999999993
20.003547708510737,3,100,6816,5,100,A1,HOSVD,8.126999999999953
0.18515049138035355,3,100,6816,5,100,A2,HOSVD,8.126999999999953
3.8127554342133743,3,100,6816,5,100,A3,HOSVD,8.126999999999953
10.158721890223744,3,100,6816,5,100,core,HOSVD,8.126999999999953
75.46415144795124,3,100,6816,5,100,A1,Olga,4.038999999999987
3.7041312991004176,3,100,6816,5,100,A2,Olga,4.038999999999987
4.524260818118262,3,100,6816,5,100,A3,Tracy,4.038999999999987
13.665664938736036,3,100,6816,5,100,core,Tracy_Olga,4.038999999999987
127.81637882780907,3,100,7523,5,100,A1,NTD,244.2729999999999
4.006648871590119,3,100,7523,5,100,A2,NTD,244.2729999999999
7520.58360439238,3,100,7523,5,100,A3,NTD,244.2729999999999
10.380176996443154,3,100,7523,5,100,core,NTD,244.2729999999999
16.268150340125946,3,100,7523,5,100,A1,Ours,11.163000000000011
0.22062390000590015,3,100,7523,5,100,A2,Ours,11.163000000000011
4.654734356807721,3,100,7523,5,100,A3,Ours,11.163000000000011
11.999622607900804,3,100,7523,5,100,core,Ours,11.163000000000011
16.633441223622796,3,100,7523,5,100,A1,HOOI,10.593000000000075
0.10333037418295882,3,100,7523,5,100,A2,HOOI,10.593000000000075
4.809630628246762,3,100,7523,5,100,A3,HOOI,10.593000000000075
12.950287338014554,3,100,7523,5,100,core,HOOI,10.593000000000075
79.47581279123729,3,100,7523,5,100,A1,Olga,4.747000000000071
3.9631733549305643,3,100,7523,5,100,A2,Olga,4.747000000000071
3.181770395806161,3,100,7523,5,100,A3,Tracy,4.747000000000071
8.806799394412431,3,100,7523,5,100,core,Tracy_Olga,4.747000000000071
114.48088892027354,3,100,8176,5,100,A1,NTD,259.903
0.006668943894492271,3,100,8176,5,100,A2,NTD,259.903
8173.563822551877,3,100,8176,5,100,A3,NTD,259.903
9.751104464813979,3,100,8176,5,100,core,NTD,259.903
17.53546161692159,3,100,8176,5,100,A1,Ours,25.465999999999894
0.4119263077280213,3,100,8176,5,100,A2,Ours,25.465999999999894
5.146574839584007,3,100,8176,5,100,A3,Ours,25.465999999999894
11.621833597595906,3,100,8176,5,100,core,Ours,25.465999999999894
17.53546161692159,3,100,8176,5,100,A1,HOSVD,16.548999999999978
0.4119263077280213,3,100,8176,5,100,A2,HOSVD,16.548999999999978
4.771939709496243,3,100,8176,5,100,A3,HOSVD,16.548999999999978
11.991339660356115,3,100,8176,5,100,core,HOSVD,16.548999999999978
15.83898987268795,3,100,8176,5,100,A1,HOOI,25.09699999999998
0.1912358871952484,3,100,8176,5,100,A2,HOOI,25.09699999999998
4.12126779349389,3,100,8176,5,100,A3,HOOI,25.09699999999998
13.185293892954304,3,100,8176,5,100,core,HOOI,25.09699999999998
2.8184340456017303,3,100,100,5,3000,A1,NTD,3.3789999999999054
3.208661365378973,3,100,100,5,3000,A2,NTD,3.3789999999999054
97.0002858068463,3,100,100,5,3000,A3,NTD,3.3789999999999054
13.338164330111027,3,100,100,5,3000,core,NTD,3.3789999999999054
4.281885118680302,3,100,100,5,3000,A1,Ours,5.69399999999996
0.031158037850060653,3,100,100,5,3000,A2,Ours,5.69399999999996
0.04179442051477336,3,100,100,5,3000,A3,Ours,5.69399999999996
11.85624724236002,3,100,100,5,3000,core,Ours,5.69399999999996
4.281885118680302,3,100,100,5,3000,A1,HOSVD,4.552999999999884
0.031158037850060653,3,100,100,5,3000,A2,HOSVD,4.552999999999884
0.04179851726584902,3,100,100,5,3000,A3,HOSVD,4.552999999999884
11.856249803335766,3,100,100,5,3000,core,HOSVD,4.552999999999884
4.294883943654612,3,100,100,5,3000,A1,HOOI,3.158999999999878
0.023540216874337567,3,100,100,5,3000,A2,HOOI,3.158999999999878
0.04161485682284839,3,100,100,5,3000,A3,HOOI,3.158999999999878
11.853938560373642,3,100,100,5,3000,core,HOOI,3.158999999999878
4.251114914909559,3,100,100,5,3000,A1,Olga,4.330000000000155
0.0283083383871463,3,100,100,5,3000,A2,Olga,4.330000000000155
0.9750120098063908,3,100,100,5,3000,A3,Tracy,4.330000000000155
12.143963502819856,3,100,100,5,3000,core,Tracy_Olga,4.330000000000155
3.856555942586792,3,100,500,5,3000,A1,NTD,14.09900000000016
0.8103381399633343,3,100,500,5,3000,A2,NTD,14.09900000000016
497.0003513940363,3,100,500,5,3000,A3,NTD,14.09900000000016
10.458668888511236,3,100,500,5,3000,core,NTD,14.09900000000016
3.7996586276165187,3,100,500,5,3000,A1,Ours,0.8579999999999472
0.05205829092689473,3,100,500,5,3000,A2,Ours,0.8579999999999472
0.09325051858099084,3,100,500,5,3000,A3,Ours,0.8579999999999472
11.877022385460348,3,100,500,5,3000,core,Ours,0.8579999999999472
3.7996586276165187,3,100,500,5,3000,A1,HOSVD,0.5460000000000491
0.05205829092689473,3,100,500,5,3000,A2,HOSVD,0.5460000000000491
0.09315474773204034,3,100,500,5,3000,A3,HOSVD,0.5460000000000491
11.877050955417676,3,100,500,5,3000,core,HOSVD,0.5460000000000491
3.799058343744976,3,100,500,5,3000,A1,HOOI,0.7339999999999236
0.04350496984968664,3,100,500,5,3000,A2,HOOI,0.7339999999999236
0.09344640483031973,3,100,500,5,3000,A3,HOOI,0.7339999999999236
11.874820911606248,3,100,500,5,3000,core,HOOI,0.7339999999999236
2.7063166472971987,3,100,500,5,3000,A1,Olga,0.3160000000000309
0.013394026418675218,3,100,500,5,3000,A2,Olga,0.3160000000000309
1.3126055931269898,3,100,500,5,3000,A3,Tracy,0.3160000000000309
11.914145428330585,3,100,500,5,3000,core,Tracy_Olga,0.3160000000000309
3.813601697560865,3,100,1000,5,3000,A1,NTD,34.89200000000005
0.07183440623002872,3,100,1000,5,3000,A2,NTD,34.89200000000005
997.0001474379061,3,100,1000,5,3000,A3,NTD,34.89200000000005
9.082372398619023,3,100,1000,5,3000,core,NTD,34.89200000000005
2.600785358933752,3,100,1000,5,3000,A1,Ours,0.49500000000011823
0.04830908456614257,3,100,1000,5,3000,A2,Ours,0.49500000000011823
0.28534986211323327,3,100,1000,5,3000,A3,Ours,0.49500000000011823
11.686893152049475,3,100,1000,5,3000,core,Ours,0.49500000000011823
2.600785358933752,3,100,1000,5,3000,A1,HOSVD,0.40399999999999636
0.04830908456614257,3,100,1000,5,3000,A2,HOSVD,0.40399999999999636
0.285055152099848,3,100,1000,5,3000,A3,HOSVD,0.40399999999999636
11.686574279281574,3,100,1000,5,3000,core,HOSVD,0.40399999999999636
2.5760471134005427,3,100,1000,5,3000,A1,HOOI,0.7490000000000236
0.04102296182646245,3,100,1000,5,3000,A2,HOOI,0.7490000000000236
0.28412549335040926,3,100,1000,5,3000,A3,HOOI,0.7490000000000236
12.332820663990669,3,100,1000,5,3000,core,HOOI,0.7490000000000236
2.9523181715779816,3,100,1000,5,3000,A1,Olga,0.45499999999992724
0.019945143368937154,3,100,1000,5,3000,A2,Olga,0.45499999999992724
1.430665341716064,3,100,1000,5,3000,A3,Tracy,0.45499999999992724
11.721891618947978,3,100,1000,5,3000,core,Tracy_Olga,0.45499999999992724
3.4682920988203723,3,100,2496,5,3000,A1,NTD,83.06999999999994
0.30991600770842215,3,100,2496,5,3000,A2,NTD,83.06999999999994
2493.024101963996,3,100,2496,5,3000,A3,NTD,83.06999999999994
10.706472206015883,3,100,2496,5,3000,core,NTD,83.06999999999994
3.4928588896648423,3,100,2496,5,3000,A1,Ours,3.4880000000000564
0.07561178090504005,3,100,2496,5,3000,A2,Ours,3.4880000000000564
2.521650066518499,3,100,2496,5,3000,A3,Ours,3.4880000000000564
12.470130614682839,3,100,2496,5,3000,core,Ours,3.4880000000000564
3.4928588896648423,3,100,2496,5,3000,A1,HOSVD,3.0160000000000764
0.07561178090504005,3,100,2496,5,3000,A2,HOSVD,3.0160000000000764
2.5159356518740434,3,100,2496,5,3000,A3,HOSVD,3.0160000000000764
12.451590301638703,3,100,2496,5,3000,core,HOSVD,3.0160000000000764
3.511740002968068,3,100,2496,5,3000,A1,HOOI,3.5700000000001637
0.0782127036656865,3,100,2496,5,3000,A2,HOOI,3.5700000000001637
2.514016253549964,3,100,2496,5,3000,A3,HOOI,3.5700000000001637
12.475939469803054,3,100,2496,5,3000,core,HOOI,3.5700000000001637
2.6466795827385465,3,100,2496,5,3000,A1,Olga,2.0389999999999873
0.045440863628594,3,100,2496,5,3000,A2,Olga,2.0389999999999873
2.8644565363045857,3,100,2496,5,3000,A3,Tracy,2.0389999999999873
12.239076778371949,3,100,2496,5,3000,core,Tracy_Olga,2.0389999999999873
2.849528014363338,3,100,4986,5,3000,A1,NTD,181.6840000000002
3.995014040478052,3,100,4986,5,3000,A2,NTD,181.6840000000002
4983.04323629509,3,100,4986,5,3000,A3,NTD,181.6840000000002
9.072692165121607,3,100,4986,5,3000,core,NTD,181.6840000000002
3.4637340639821934,3,100,4986,5,3000,A1,Ours,5.52599999999984
0.05884232703354242,3,100,4986,5,3000,A2,Ours,5.52599999999984
2.551503218974581,3,100,4986,5,3000,A3,Ours,5.52599999999984
12.332792247005004,3,100,4986,5,3000,core,Ours,5.52599999999984
3.4637340639821934,3,100,4986,5,3000,A1,HOSVD,4.908999999999651
0.05884232703354242,3,100,4986,5,3000,A2,HOSVD,4.908999999999651
2.530087660305705,3,100,4986,5,3000,A3,HOSVD,4.908999999999651
12.291321431541284,3,100,4986,5,3000,core,HOSVD,4.908999999999651
3.459570943467262,3,100,4986,5,3000,A1,HOOI,5.266999999999825
0.057463510525947996,3,100,4986,5,3000,A2,HOOI,5.266999999999825
2.5329520491880064,3,100,4986,5,3000,A3,HOOI,5.266999999999825
12.302833348149472,3,100,4986,5,3000,core,HOOI,5.266999999999825
4.0158541749664955,3,100,4986,5,3000,A1,Olga,2.7899999999999636
0.13931814729880665,3,100,4986,5,3000,A2,Olga,2.7899999999999636
2.8592076030913502,3,100,4986,5,3000,A3,Tracy,2.7899999999999636
12.358877197561965,3,100,4986,5,3000,core,Tracy_Olga,2.7899999999999636
83.65376913276627,3,100,5970,5,3000,A1,NTD,200.6500000000001
0.00677762913481826,3,100,5970,5,3000,A2,NTD,200.6500000000001
5967.038468039338,3,100,5970,5,3000,A3,NTD,200.6500000000001
15.360586372773074,3,100,5970,5,3000,core,NTD,200.6500000000001
3.399402652322152,3,100,5970,5,3000,A1,Ours,7.057999999999993
0.04770177377536384,3,100,5970,5,3000,A2,Ours,7.057999999999993
2.560851163719493,3,100,5970,5,3000,A3,Ours,7.057999999999993
12.367621845001253,3,100,5970,5,3000,core,Ours,7.057999999999993
3.399402652322152,3,100,5970,5,3000,A1,HOSVD,3.48700000000008
0.04770177377536384,3,100,5970,5,3000,A2,HOSVD,3.48700000000008
2.5303139909610586,3,100,5970,5,3000,A3,HOSVD,3.48700000000008
12.307842042116743,3,100,5970,5,3000,core,HOSVD,3.48700000000008
3.4082211578392143,3,100,5970,5,3000,A1,HOOI,6.4220000000000255
0.05188709764803616,3,100,5970,5,3000,A2,HOOI,6.4220000000000255
2.530472801381012,3,100,5970,5,3000,A3,HOOI,6.4220000000000255
12.310666400729202,3,100,5970,5,3000,core,HOOI,6.4220000000000255
2.862813516787648,3,100,5970,5,3000,A1,Olga,6.753999999999905
0.15483907113595183,3,100,5970,5,3000,A2,Olga,6.753999999999905
2.8517340565079565,3,100,5970,5,3000,A3,Tracy,6.753999999999905
12.676763043821685,3,100,5970,5,3000,core,Tracy_Olga,6.753999999999905
3.2605135070220395,3,100,6967,5,3000,A1,NTD,228.6500000000001
3.998061869474832,3,100,6967,5,3000,A2,NTD,228.6500000000001
6964.047404074973,3,100,6967,5,3000,A3,NTD,228.6500000000001
10.70913265224052,3,100,6967,5,3000,core,NTD,228.6500000000001
3.0337869330397136,3,100,6967,5,3000,A1,Ours,8.221000000000004
0.06531390695739125,3,100,6967,5,3000,A2,Ours,8.221000000000004
2.562574900827623,3,100,6967,5,3000,A3,Ours,8.221000000000004
12.393737546424163,3,100,6967,5,3000,core,Ours,8.221000000000004
3.0337869330397136,3,100,6967,5,3000,A1,HOSVD,2.369999999999891
0.06531390695739125,3,100,6967,5,3000,A2,HOSVD,2.369999999999891
2.519613153448467,3,100,6967,5,3000,A3,HOSVD,2.369999999999891
12.307487099490459,3,100,6967,5,3000,core,HOSVD,2.369999999999891
2.995150383031834,3,100,6967,5,3000,A1,HOOI,6.644000000000233
0.06769952816699819,3,100,6967,5,3000,A2,HOOI,6.644000000000233
2.5220613045749816,3,100,6967,5,3000,A3,HOOI,6.644000000000233
12.328293519497292,3,100,6967,5,3000,core,HOOI,6.644000000000233
3.7584104977674717,3,100,6967,5,3000,A1,Olga,3.757000000000062
0.13499563252371588,3,100,6967,5,3000,A2,Olga,3.757000000000062
2.8692099861288107,3,100,6967,5,3000,A3,Tracy,3.757000000000062
12.446399520673436,3,100,6967,5,3000,core,Tracy_Olga,3.757000000000062
5.458482663184185,3,100,7957,5,3000,A1,NTD,244.40899999999965
2.128754747093113,3,100,7957,5,3000,A2,NTD,244.40899999999965
7954.062561297803,3,100,7957,5,3000,A3,NTD,244.40899999999965
11.880136515709522,3,100,7957,5,3000,core,NTD,244.40899999999965
2.784122420560258,3,100,7957,5,3000,A1,Ours,11.537000000000262
0.0677315919264507,3,100,7957,5,3000,A2,Ours,11.537000000000262
2.6086584509220683,3,100,7957,5,3000,A3,Ours,11.537000000000262
12.674653209533608,3,100,7957,5,3000,core,Ours,11.537000000000262
2.784122420560258,3,100,7957,5,3000,A1,HOSVD,2.9699999999998
0.0677315919264507,3,100,7957,5,3000,A2,HOSVD,2.9699999999998
2.553676574558085,3,100,7957,5,3000,A3,HOSVD,2.9699999999998
12.629210831988603,3,100,7957,5,3000,core,HOSVD,2.9699999999998
2.7671602399973776,3,100,7957,5,3000,A1,HOOI,16.054999999999836
0.05661471054979371,3,100,7957,5,3000,A2,HOOI,16.054999999999836
2.5553477455066713,3,100,7957,5,3000,A3,HOOI,16.054999999999836
12.632174765172795,3,100,7957,5,3000,core,HOOI,16.054999999999836
2.5233613441058376,3,100,7957,5,3000,A1,Olga,10.137000000000171
0.054370159926295555,3,100,7957,5,3000,A2,Olga,10.137000000000171
2.8982704868708433,3,100,7957,5,3000,A3,Tracy,10.137000000000171
12.595468323634492,3,100,7957,5,3000,core,Tracy_Olga,10.137000000000171
3.8801022797888574,3,100,8944,5,3000,A1,NTD,279.308
2.0066463362071727,3,100,8944,5,3000,A2,NTD,279.308
8941.05905775187,3,100,8944,5,3000,A3,NTD,279.308
10.359971251361225,3,100,8944,5,3000,core,NTD,279.308
2.502650230525072,3,100,8944,5,3000,A1,Ours,13
0.02345964353525051,3,100,8944,5,3000,A2,Ours,13
2.784144542505663,3,100,8944,5,3000,A3,Ours,13
12.580795158439905,3,100,8944,5,3000,core,Ours,13
2.502650230525072,3,100,8944,5,3000,A1,HOSVD,2.9149999999999636
0.02345964353525051,3,100,8944,5,3000,A2,HOSVD,2.9149999999999636
2.541220157071352,3,100,8944,5,3000,A3,HOSVD,2.9149999999999636
12.602478805191506,3,100,8944,5,3000,core,HOSVD,2.9149999999999636
2.4869585168552777,3,100,8944,5,3000,A1,HOOI,9.013999999999669
0.030301746135578973,3,100,8944,5,3000,A2,HOOI,9.013999999999669
2.539351387879939,3,100,8944,5,3000,A3,HOOI,9.013999999999669
12.634700435820418,3,100,8944,5,3000,core,HOOI,9.013999999999669
3.1637899852479863,3,100,8944,5,3000,A1,Olga,6.116999999999734
0.22312081726329205,3,100,8944,5,3000,A2,Olga,6.116999999999734
2.892593522136031,3,100,8944,5,3000,A3,Tracy,6.116999999999734
12.371826570712107,3,100,8944,5,3000,core,Tracy_Olga,6.116999999999734
85.97977820485796,3,100,9927,5,3000,A1,NTD,322.2069999999999
2.0023521260506265,3,100,9927,5,3000,A2,NTD,322.2069999999999
9924.058623839326,3,100,9927,5,3000,A3,NTD,322.2069999999999
10.330407165614087,3,100,9927,5,3000,core,NTD,322.2069999999999
3.9453928520064157,3,100,9927,5,3000,A1,Ours,32.228000000000065
0.05885865511657892,3,100,9927,5,3000,A2,Ours,32.228000000000065
2.8651914716505007,3,100,9927,5,3000,A3,Ours,32.228000000000065
10.743194904896232,3,100,9927,5,3000,core,Ours,32.228000000000065
3.9453928520064157,3,100,9927,5,3000,A1,HOSVD,19.557999999999993
0.05885865511657892,3,100,9927,5,3000,A2,HOSVD,19.557999999999993
2.54951702873731,3,100,9927,5,3000,A3,HOSVD,19.557999999999993
12.343338721853275,3,100,9927,5,3000,core,HOSVD,19.557999999999993
3.9434268206128817,3,100,9927,5,3000,A1,HOOI,33.64799999999968
0.05402526974023049,3,100,9927,5,3000,A2,HOOI,33.64799999999968
2.548455110512516,3,100,9927,5,3000,A3,HOOI,33.64799999999968
12.273522523234805,3,100,9927,5,3000,core,HOOI,33.64799999999968
4.0592207629422505,3,100,9927,5,3000,A1,Olga,24.523999999999887
0.4979908134946612,3,100,9927,5,3000,A2,Olga,24.523999999999887
2.902308963215378,3,100,9927,5,3000,A3,Tracy,24.523999999999887
12.508878975594161,3,100,9927,5,3000,core,Tracy_Olga,24.523999999999887
3.6978990077235636,3,100,100,5,10000,A1,NTD,3.625
4.1996968019022995,3,100,100,5,10000,A2,NTD,3.625
97,3,100,100,5,10000,A3,NTD,3.625
6.942923343202785,3,100,100,5,10000,core,NTD,3.625
1.8567884887757127,3,100,100,5,10000,A1,Ours,4.8409999999998945
0.004010991626106064,3,100,100,5,10000,A2,Ours,4.8409999999998945
0.0253709320954318,3,100,100,5,10000,A3,Ours,4.8409999999998945
12.09547613590071,3,100,100,5,10000,core,Ours,4.8409999999998945
1.8567884887757127,3,100,100,5,10000,A1,HOSVD,4.57300000000032
0.004010991626106064,3,100,100,5,10000,A2,HOSVD,4.57300000000032
0.02537105023759467,3,100,100,5,10000,A3,HOSVD,4.57300000000032
12.09547616219451,3,100,100,5,10000,core,HOSVD,4.57300000000032
1.8625411739382935,3,100,100,5,10000,A1,HOOI,3.5859999999997854
0.007424867414103016,3,100,100,5,10000,A2,HOOI,3.5859999999997854
0.02529368672782627,3,100,100,5,10000,A3,HOOI,3.5859999999997854
12.095793940013243,3,100,100,5,10000,core,HOOI,3.5859999999997854
1.9578410654532612,3,100,100,5,10000,A1,Olga,3.656000000000404
0.008285638601029105,3,100,100,5,10000,A2,Olga,3.656000000000404
0.9744542200220233,3,100,100,5,10000,A3,Tracy,3.656000000000404
12.11256627570425,3,100,100,5,10000,core,Tracy_Olga,3.656000000000404
4.220973247171419,3,100,500,5,10000,A1,NTD,14.909000000000106
1.930742563820918,3,100,500,5,10000,A2,NTD,14.909000000000106
497.00184640795374,3,100,500,5,10000,A3,NTD,14.909000000000106
11.367721025286166,3,100,500,5,10000,core,NTD,14.909000000000106
1.4660409537945367,3,100,500,5,10000,A1,Ours,3.063000000000102
0.030063812839459025,3,100,500,5,10000,A2,Ours,3.063000000000102
0.05072044399959096,3,100,500,5,10000,A3,Ours,3.063000000000102
12.06683297290153,3,100,500,5,10000,core,Ours,3.063000000000102
1.4660409537945367,3,100,500,5,10000,A1,HOSVD,3.132000000000062
0.030063812839459025,3,100,500,5,10000,A2,HOSVD,3.132000000000062
0.050727486064817605,3,100,500,5,10000,A3,HOSVD,3.132000000000062
12.066825749556516,3,100,500,5,10000,core,HOSVD,3.132000000000062
1.460856904982994,3,100,500,5,10000,A1,HOOI,2.961999999999989
0.029322699431607653,3,100,500,5,10000,A2,HOOI,2.961999999999989
0.05064847629182791,3,100,500,5,10000,A3,HOOI,2.961999999999989
12.066812727141661,3,100,500,5,10000,core,HOOI,2.961999999999989
1.6803387857759968,3,100,500,5,10000,A1,Olga,4.695000000000164
0.014224777875602748,3,100,500,5,10000,A2,Olga,4.695000000000164
1.3055653012650679,3,100,500,5,10000,A3,Tracy,4.695000000000164
12.10049215786487,3,100,500,5,10000,core,Tracy_Olga,4.695000000000164
2.5978716720990738,3,100,1000,5,10000,A1,NTD,32.17900000000009
0.98912263492104,3,100,1000,5,10000,A2,NTD,32.17900000000009
997.000013476133,3,100,1000,5,10000,A3,NTD,32.17900000000009
10.310166998874347,3,100,1000,5,10000,core,NTD,32.17900000000009
1.822050696833109,3,100,1000,5,10000,A1,Ours,0.8989999999998872
0.019260211341345944,3,100,1000,5,10000,A2,Ours,0.8989999999998872
0.07626249519023495,3,100,1000,5,10000,A3,Ours,0.8989999999998872
12.080396062579734,3,100,1000,5,10000,core,Ours,0.8989999999998872
1.822050696833109,3,100,1000,5,10000,A1,HOSVD,0.8029999999998836
0.019260211341345944,3,100,1000,5,10000,A2,HOSVD,0.8029999999998836
0.07624456166191855,3,100,1000,5,10000,A3,HOSVD,0.8029999999998836
12.08033917943324,3,100,1000,5,10000,core,HOSVD,0.8029999999998836
1.8252913501991366,3,100,1000,5,10000,A1,HOOI,1.3450000000002547
0.01962247700624123,3,100,1000,5,10000,A2,HOOI,1.3450000000002547
0.07649212954849571,3,100,1000,5,10000,A3,HOOI,1.3450000000002547
12.07916309209435,3,100,1000,5,10000,core,HOOI,1.3450000000002547
1.5154404424314598,3,100,1000,5,10000,A1,Olga,0.5300000000002001
0.03130319610125331,3,100,1000,5,10000,A2,Olga,0.5300000000002001
1.3581587992851003,3,100,1000,5,10000,A3,Tracy,0.5300000000002001
11.904747090625035,3,100,1000,5,10000,core,Tracy_Olga,0.5300000000002001
3.634291864361968,3,100,2500,5,10000,A1,NTD,90.86400000000003
3.287000125688666,3,100,2500,5,10000,A2,NTD,90.86400000000003
2497.000111290791,3,100,2500,5,10000,A3,NTD,90.86400000000003
10.329823578536137,3,100,2500,5,10000,core,NTD,90.86400000000003
2.1689627317168645,3,100,2500,5,10000,A1,Ours,1.7899999999999636
0.005163388328606034,3,100,2500,5,10000,A2,Ours,1.7899999999999636
0.378284113250428,3,100,2500,5,10000,A3,Ours,1.7899999999999636
11.911889497542832,3,100,2500,5,10000,core,Ours,1.7899999999999636
2.1689627317168645,3,100,2500,5,10000,A1,HOSVD,0.81899999999996
0.005163388328606034,3,100,2500,5,10000,A2,HOSVD,0.81899999999996
0.3781236642581301,3,100,2500,5,10000,A3,HOSVD,0.81899999999996
11.911666189438238,3,100,2500,5,10000,core,HOSVD,0.81899999999996
2.17228692727121,3,100,2500,5,10000,A1,HOOI,2.3320000000003347
0.007368899823944098,3,100,2500,5,10000,A2,HOOI,2.3320000000003347
0.339335715757455,3,100,2500,5,10000,A3,HOOI,2.3320000000003347
12.104484095397465,3,100,2500,5,10000,core,HOOI,2.3320000000003347
1.5523397244965351,3,100,2500,5,10000,A1,Olga,2.111000000000331
0.025412015924849152,3,100,2500,5,10000,A2,Olga,2.111000000000331
1.5263423178847857,3,100,2500,5,10000,A3,Tracy,2.111000000000331
11.921875111667559,3,100,2500,5,10000,core,Tracy_Olga,2.111000000000331
4.556002828657966,3,100,4996,5,10000,A1,NTD,179.0329999999999
1.8326214242707393,3,100,4996,5,10000,A2,NTD,179.0329999999999
4993.015575358762,3,100,4996,5,10000,A3,NTD,179.0329999999999
8.323793327906683,3,100,4996,5,10000,core,NTD,179.0329999999999
2.4550120542529608,3,100,4996,5,10000,A1,Ours,4.857000000000426
0.015921331786476145,3,100,4996,5,10000,A2,Ours,4.857000000000426
2.491445601673983,3,100,4996,5,10000,A3,Ours,4.857000000000426
12.402953391678846,3,100,4996,5,10000,core,Ours,4.857000000000426
2.4550120542529608,3,100,4996,5,10000,A1,HOSVD,1.768000000000029
0.015921331786476145,3,100,4996,5,10000,A2,HOSVD,1.768000000000029
2.489266646247894,3,100,4996,5,10000,A3,HOSVD,1.768000000000029
12.398230511887663,3,100,4996,5,10000,core,HOSVD,1.768000000000029
2.458103549512228,3,100,4996,5,10000,A1,HOOI,4.904000000000451
0.01565220116389525,3,100,4996,5,10000,A2,HOOI,4.904000000000451
2.4890579286660417,3,100,4996,5,10000,A3,HOOI,4.904000000000451
12.38319573637394,3,100,4996,5,10000,core,HOOI,4.904000000000451
2.0638526114361624,3,100,4996,5,10000,A1,Olga,4.130000000000109
0.044641255857964704,3,100,4996,5,10000,A2,Olga,4.130000000000109
2.9018652978413484,3,100,4996,5,10000,A3,Tracy,4.130000000000109
12.157999875739733,3,100,4996,5,10000,core,Tracy_Olga,4.130000000000109
3.1781529837474167,3,100,5998,5,10000,A1,NTD,207.39800000000014
1.6885472624810394,3,100,5998,5,10000,A2,NTD,207.39800000000014
5995.013034960942,3,100,5998,5,10000,A3,NTD,207.39800000000014
9.899204107901978,3,100,5998,5,10000,core,NTD,207.39800000000014
1.7939896059916804,3,100,5998,5,10000,A1,Ours,7.382999999999811
0.03413549501188445,3,100,5998,5,10000,A2,Ours,7.382999999999811
2.5017471419258785,3,100,5998,5,10000,A3,Ours,7.382999999999811
12.61984955369045,3,100,5998,5,10000,core,Ours,7.382999999999811
1.7939896059916804,3,100,5998,5,10000,A1,HOSVD,2.7390000000004875
0.03413549501188445,3,100,5998,5,10000,A2,HOSVD,2.7390000000004875
2.4989177378218135,3,100,5998,5,10000,A3,HOSVD,2.7390000000004875
12.618281644144842,3,100,5998,5,10000,core,HOSVD,2.7390000000004875
1.7852367815894614,3,100,5998,5,10000,A1,HOOI,5.3159999999998035
0.0326767745390122,3,100,5998,5,10000,A2,HOOI,5.3159999999998035
2.499843300180668,3,100,5998,5,10000,A3,HOOI,5.3159999999998035
12.62126114119086,3,100,5998,5,10000,core,HOOI,5.3159999999998035
1.8478632594162177,3,100,5998,5,10000,A1,Olga,3.688000000000102
0.032211148652506905,3,100,5998,5,10000,A2,Olga,3.688000000000102
2.837243473172842,3,100,5998,5,10000,A3,Tracy,3.688000000000102
12.610590545172712,3,100,5998,5,10000,core,Tracy_Olga,3.688000000000102
9.755866439546041,3,100,6994,5,10000,A1,NTD,233.09400000000005
1.1002900926898365,3,100,6994,5,10000,A2,NTD,233.09400000000005
6991.01625610116,3,100,6994,5,10000,A3,NTD,233.09400000000005
10.268720962963553,3,100,6994,5,10000,core,NTD,233.09400000000005
1.8003931566167595,3,100,6994,5,10000,A1,Ours,8.946999999999207
0.005928648479089911,3,100,6994,5,10000,A2,Ours,8.946999999999207
2.4967772848959062,3,100,6994,5,10000,A3,Ours,8.946999999999207
12.603557335848148,3,100,6994,5,10000,core,Ours,8.946999999999207
1.8003931566167595,3,100,6994,5,10000,A1,HOSVD,2.22400000000016
0.005928648479089911,3,100,6994,5,10000,A2,HOSVD,2.22400000000016
2.4929155515347,3,100,6994,5,10000,A3,HOSVD,2.22400000000016
12.601531545289916,3,100,6994,5,10000,core,HOSVD,2.22400000000016
1.801576491653071,3,100,6994,5,10000,A1,HOOI,6.550000000000182
0.00425672770751435,3,100,6994,5,10000,A2,HOOI,6.550000000000182
2.492046472301698,3,100,6994,5,10000,A3,HOOI,6.550000000000182
12.595376004118192,3,100,6994,5,10000,core,HOOI,6.550000000000182
1.4712165092574605,3,100,6994,5,10000,A1,Olga,4.444000000000415
0.03741770158504122,3,100,6994,5,10000,A2,Olga,4.444000000000415
2.8574819204475173,3,100,6994,5,10000,A3,Tracy,4.444000000000415
12.57036590270577,3,100,6994,5,10000,core,Tracy_Olga,4.444000000000415
3.0739287915602445,3,100,7989,5,10000,A1,NTD,259.64599999999973
3.1683732491855645,3,100,7989,5,10000,A2,NTD,259.64599999999973
7986.0170976441,3,100,7989,5,10000,A3,NTD,259.64599999999973
11.223709334921038,3,100,7989,5,10000,core,NTD,259.64599999999973
1.4608292323569494,3,100,7989,5,10000,A1,Ours,10.885000000000218
0.02976678815173584,3,100,7989,5,10000,A2,Ours,10.885000000000218
2.54280836798715,3,100,7989,5,10000,A3,Ours,10.885000000000218
12.595887772453516,3,100,7989,5,10000,core,Ours,10.885000000000218
1.4608292323569494,3,100,7989,5,10000,A1,HOSVD,3.587000000000444
0.02976678815173584,3,100,7989,5,10000,A2,HOSVD,3.587000000000444
2.5377266143822403,3,100,7989,5,10000,A3,HOSVD,3.587000000000444
12.59312446389523,3,100,7989,5,10000,core,HOSVD,3.587000000000444
1.466219924614295,3,100,7989,5,10000,A1,HOOI,9.627999999999702
0.03001207278493414,3,100,7989,5,10000,A2,HOOI,9.627999999999702
2.538240174066676,3,100,7989,5,10000,A3,HOOI,9.627999999999702
12.595094802819396,3,100,7989,5,10000,core,HOOI,9.627999999999702
1.599330047800119,3,100,7989,5,10000,A1,Olga,5.582999999999629
0.05025032551082282,3,100,7989,5,10000,A2,Olga,5.582999999999629
2.9122376743389107,3,100,7989,5,10000,A3,Tracy,5.582999999999629
12.611791704375657,3,100,7989,5,10000,core,Tracy_Olga,5.582999999999629
2.329644364750856,3,100,8982,5,10000,A1,NTD,280.40399999999954
0.6220511282825155,3,100,8982,5,10000,A2,NTD,280.40399999999954
8979.024499148187,3,100,8982,5,10000,A3,NTD,280.40399999999954
10.519816377319113,3,100,8982,5,10000,core,NTD,280.40399999999954
1.7137844860536122,3,100,8982,5,10000,A1,Ours,12.463999999999942
0.021189211909312788,3,100,8982,5,10000,A2,Ours,12.463999999999942
2.5404490716229278,3,100,8982,5,10000,A3,Ours,12.463999999999942
12.613073256524457,3,100,8982,5,10000,core,Ours,12.463999999999942
1.7137844860536122,3,100,8982,5,10000,A1,HOSVD,3.088999999999942
0.021189211909312788,3,100,8982,5,10000,A2,HOSVD,3.088999999999942
2.53406154734702,3,100,8982,5,10000,A3,HOSVD,3.088999999999942
12.609589286872607,3,100,8982,5,10000,core,HOSVD,3.088999999999942
1.7124381795529091,3,100,8982,5,10000,A1,HOOI,11.690999999999804
0.017332933530894858,3,100,8982,5,10000,A2,HOOI,11.690999999999804
2.5349855816537734,3,100,8982,5,10000,A3,HOOI,11.690999999999804
12.610854555857191,3,100,8982,5,10000,core,HOOI,11.690999999999804
2.2107961124922393,3,100,8982,5,10000,A1,Olga,6.252999999999702
0.025155792559592983,3,100,8982,5,10000,A2,Olga,6.252999999999702
2.9016820387622806,3,100,8982,5,10000,A3,Tracy,6.252999999999702
12.574499578088206,3,100,8982,5,10000,core,Tracy_Olga,6.252999999999702
90.74698291405649,3,100,9985,5,10000,A1,NTD,322.0020000000004
0.006529393491487301,3,100,9985,5,10000,A2,NTD,322.0020000000004
9982.022276595098,3,100,9985,5,10000,A3,NTD,322.0020000000004
11.660637936815483,3,100,9985,5,10000,core,NTD,322.0020000000004
2.358612378786126,3,100,9985,5,10000,A1,Ours,14.976999999999862
0.017815883983708602,3,100,9985,5,10000,A2,Ours,14.976999999999862
2.5428423950310384,3,100,9985,5,10000,A3,Ours,14.976999999999862
12.632094628079324,3,100,9985,5,10000,core,Ours,14.976999999999862
2.358612378786126,3,100,9985,5,10000,A1,HOSVD,3.1940000000004147
0.017815883983708602,3,100,9985,5,10000,A2,HOSVD,3.1940000000004147
2.5350317116363934,3,100,9985,5,10000,A3,HOSVD,3.1940000000004147
12.627885015800688,3,100,9985,5,10000,core,HOSVD,3.1940000000004147
2.35320808914298,3,100,9985,5,10000,A1,HOOI,11.418999999999869
0.017409626151489357,3,100,9985,5,10000,A2,HOOI,11.418999999999869
2.5350509957173197,3,100,9985,5,10000,A3,HOOI,11.418999999999869
12.624814866077141,3,100,9985,5,10000,core,HOOI,11.418999999999869
1.8132764012212375,3,100,9985,5,10000,A1,Olga,6.320999999999913
0.09592940744383463,3,100,9985,5,10000,A2,Olga,6.320999999999913
2.8836444340730023,3,100,9985,5,10000,A3,Tracy,6.320999999999913
12.335970065152948,3,100,9985,5,10000,core,Tracy_Olga,6.320999999999913
