error,K,Q1,R,Q2,M,mode,method,time
37.13787824750819,3,100,981,5,100,A1,NTD,36.829
4.711548571010598,3,100,981,5,100,A2,NTD,36.829
978.2974968694684,3,100,981,5,100,A3,NTD,36.829
10.774604469834149,3,100,981,5,100,core,NTD,36.829
23.6280419123887,3,100,981,5,100,A1,Ours,3.9240000000000066
0.1182304599585612,3,100,981,5,100,A2,Ours,3.9240000000000066
4.714158294519564,3,100,981,5,100,A3,Ours,3.9240000000000066
9.741249420444971,3,100,981,5,100,core,Ours,3.9240000000000066
23.6280419123887,3,100,981,5,100,A1,HOSVD,7.422000000000004
0.1182304599585612,3,100,981,5,100,A2,HOSVD,7.422000000000004
2.587156877855384,3,100,981,5,100,A3,HOSVD,7.422000000000004
11.163865922679735,3,100,981,5,100,core,HOSVD,7.422000000000004
23.66206814702108,3,100,981,5,100,A1,HOOI,6.294000000000004
0.07640695374678066,3,100,981,5,100,A2,HOOI,6.294000000000004
2.6244424313038066,3,100,981,5,100,A3,HOOI,6.294000000000004
11.163865922679735,3,100,981,5,100,core,HOOI,6.294000000000004
31.971822850224406,3,100,981,5,100,A1,Olga,5.834999999999994
2.206302584205546,3,100,981,5,100,A2,Olga,5.834999999999994
2.83197579350332,3,100,981,5,100,A3,Tracy,5.834999999999994
11.165690806382285,3,100,981,5,100,core,Tracy_Olga,5.834999999999994
110.37114617467442,3,100,4555,5,100,A1,NTD,164.547
2.064531000762994,3,100,4555,5,100,A2,NTD,164.547
4552.5235740409835,3,100,4555,5,100,A3,NTD,164.547
8.745408244585308,3,100,4555,5,100,core,NTD,164.547
18.127143178323607,3,100,4555,5,100,A1,Ours,12.598000000000013
0.1453439293397434,3,100,4555,5,100,A2,Ours,12.598000000000013
5.248010450270723,3,100,4555,5,100,A3,Ours,12.598000000000013
9.148991830234742,3,100,4555,5,100,core,Ours,12.598000000000013
18.127143178323607,3,100,4555,5,100,A1,HOSVD,15.43799999999996
0.1453439293397434,3,100,4555,5,100,A2,HOSVD,15.43799999999996
2.761195924010144,3,100,4555,5,100,A3,HOSVD,15.43799999999996
11.279624698412329,3,100,4555,5,100,core,HOSVD,15.43799999999996
17.93376413931113,3,100,4555,5,100,A1,HOOI,21.194999999999993
0.08681076553123909,3,100,4555,5,100,A2,HOOI,21.194999999999993
3.986864499123205,3,100,4555,5,100,A3,HOOI,21.194999999999993
9.987436162799654,3,100,4555,5,100,core,HOOI,21.194999999999993
93.39742986585188,3,100,4555,5,100,A1,Olga,11.19599999999997
4.118095039642136,3,100,4555,5,100,A2,Olga,11.19599999999997
2.980636150215511,3,100,4555,5,100,A3,Tracy,11.19599999999997
8.617326998172935,3,100,4555,5,100,core,Tracy_Olga,11.19599999999997
121.61257851531305,3,100,8264,5,100,A1,NTD,279.71
4.711630869710948,3,100,8264,5,100,A2,NTD,279.71
8261.58100651008,3,100,8264,5,100,A3,NTD,279.71
9.30503965402218,3,100,8264,5,100,core,NTD,279.71
19.693354595352126,3,100,8264,5,100,A1,Ours,27.040000000000077
0.0655133319168075,3,100,8264,5,100,A2,Ours,27.040000000000077
5.203279811009566,3,100,8264,5,100,A3,Ours,27.040000000000077
13.891177146288038,3,100,8264,5,100,core,Ours,27.040000000000077
19.693354595352126,3,100,8264,5,100,A1,HOSVD,22.71199999999999
0.0655133319168075,3,100,8264,5,100,A2,HOSVD,22.71199999999999
4.000050706657495,3,100,8264,5,100,A3,HOSVD,22.71199999999999
11.823413542365238,3,100,8264,5,100,core,HOSVD,22.71199999999999
19.174141199698443,3,100,8264,5,100,A1,HOOI,16.382000000000062
0.06744312621903008,3,100,8264,5,100,A2,HOOI,16.382000000000062
4.8797299758417765,3,100,8264,5,100,A3,HOOI,16.382000000000062
9.98149209494915,3,100,8264,5,100,core,HOOI,16.382000000000062
86.5006769546552,3,100,8264,5,100,A1,Olga,8.824999999999932
3.175887815185244,3,100,8264,5,100,A2,Olga,8.824999999999932
3.236958579245671,3,100,8264,5,100,A3,Tracy,8.824999999999932
12.92771270764398,3,100,8264,5,100,core,Tracy_Olga,8.824999999999932
5.82220746683665,3,100,999,5,500,A1,NTD,28.842000000000098
1.0665506099182795,3,100,999,5,500,A2,NTD,28.842000000000098
996.1322900586641,3,100,999,5,500,A3,NTD,28.842000000000098
11.01917763048703,3,100,999,5,500,core,NTD,28.842000000000098
10.69194495585698,3,100,999,5,500,A1,Ours,1.4500000000000455
0.056113601800229104,3,100,999,5,500,A2,Ours,1.4500000000000455
2.555747389747497,3,100,999,5,500,A3,Ours,1.4500000000000455
10.84090749005566,3,100,999,5,500,core,Ours,1.4500000000000455
10.69194495585698,3,100,999,5,500,A1,HOSVD,1.8490000000000464
0.056113601800229104,3,100,999,5,500,A2,HOSVD,1.8490000000000464
2.5106528405074404,3,100,999,5,500,A3,HOSVD,1.8490000000000464
10.856874413774701,3,100,999,5,500,core,HOSVD,1.8490000000000464
10.792225220019178,3,100,999,5,500,A1,HOOI,1.6760000000000446
0.046979309187185035,3,100,999,5,500,A2,HOOI,1.6760000000000446
2.5191676949002466,3,100,999,5,500,A3,HOOI,1.6760000000000446
10.916590336424358,3,100,999,5,500,core,HOOI,1.6760000000000446
9.619123470010743,3,100,999,5,500,A1,Olga,2.0079999999999245
0.06344115809011465,3,100,999,5,500,A2,Olga,2.0079999999999245
2.829611690369342,3,100,999,5,500,A3,Tracy,2.0079999999999245
11.035992545052933,3,100,999,5,500,core,Tracy_Olga,2.0079999999999245
88.20926450572311,3,100,4907,5,500,A1,NTD,165.01
3.0822206686197893,3,100,4907,5,500,A2,NTD,165.01
4904.210464126682,3,100,4907,5,500,A3,NTD,165.01
8.955845931214574,3,100,4907,5,500,core,NTD,165.01
12.407986715557458,3,100,4907,5,500,A1,Ours,16.076000000000022
0.028810644577618224,3,100,4907,5,500,A2,Ours,16.076000000000022
5.076177588369102,3,100,4907,5,500,A3,Ours,16.076000000000022
10.812414736125616,3,100,4907,5,500,core,Ours,16.076000000000022
12.407986715557458,3,100,4907,5,500,A1,HOSVD,7.814999999999941
0.028810644577618224,3,100,4907,5,500,A2,HOSVD,7.814999999999941
2.581718892201853,3,100,4907,5,500,A3,HOSVD,7.814999999999941
11.083490496558142,3,100,4907,5,500,core,HOSVD,7.814999999999941
12.242745321854995,3,100,4907,5,500,A1,HOOI,6.730000000000018
0.037553157092752025,3,100,4907,5,500,A2,HOOI,6.730000000000018
2.600995052357804,3,100,4907,5,500,A3,HOOI,6.730000000000018
11.060874212508805,3,100,4907,5,500,core,HOOI,6.730000000000018
19.757351430814204,3,100,4907,5,500,A1,Olga,4.33299999999997
1.6662119404450917,3,100,4907,5,500,A2,Olga,4.33299999999997
2.824571067042489,3,100,4907,5,500,A3,Tracy,4.33299999999997
13.647785578358372,3,100,4907,5,500,core,Tracy_Olga,4.33299999999997
62.70078746578519,3,100,9642,5,500,A1,NTD,320.976
2.0645110535889426,3,100,9642,5,500,A2,NTD,320.976
9639.294117735182,3,100,9642,5,500,A3,NTD,320.976
9.181087362118822,3,100,9642,5,500,core,NTD,320.976
13.384746179174144,3,100,9642,5,500,A1,Ours,16.64300000000003
0.05683025618002279,3,100,9642,5,500,A2,Ours,16.64300000000003
5.427766247250665,3,100,9642,5,500,A3,Ours,16.64300000000003
12.251223351902858,3,100,9642,5,500,core,Ours,16.64300000000003
13.384746179174144,3,100,9642,5,500,A1,HOSVD,8.417000000000144
0.05683025618002279,3,100,9642,5,500,A2,HOSVD,8.417000000000144
2.6403477621055136,3,100,9642,5,500,A3,HOSVD,8.417000000000144
11.214709412520508,3,100,9642,5,500,core,HOSVD,8.417000000000144
13.268507415145184,3,100,9642,5,500,A1,HOOI,17.86200000000008
0.05449029525755562,3,100,9642,5,500,A2,HOOI,17.86200000000008
2.6452324654017305,3,100,9642,5,500,A3,HOOI,17.86200000000008
11.362260983894563,3,100,9642,5,500,core,HOOI,17.86200000000008
18.141196440207814,3,100,9642,5,500,A1,Olga,13.260999999999967
3.3081523834485487,3,100,9642,5,500,A2,Olga,13.260999999999967
2.872164779805676,3,100,9642,5,500,A3,Tracy,13.260999999999967
9.519328715492112,3,100,9642,5,500,core,Tracy_Olga,13.260999999999967
11.734611850127784,3,100,1000,5,1000,A1,NTD,28.714999999999918
1.6390191642752885,3,100,1000,5,1000,A2,NTD,28.714999999999918
997.0013736523294,3,100,1000,5,1000,A3,NTD,28.714999999999918
10.433197533589436,3,100,1000,5,1000,core,NTD,28.714999999999918
7.92363036124406,3,100,1000,5,1000,A1,Ours,2.3070000000000164
0.03755616312979568,3,100,1000,5,1000,A2,Ours,2.3070000000000164
0.7237088606125887,3,100,1000,5,1000,A3,Ours,2.3070000000000164
10.780799322405528,3,100,1000,5,1000,core,Ours,2.3070000000000164
7.92363036124406,3,100,1000,5,1000,A1,HOSVD,2.671000000000049
0.03755616312979568,3,100,1000,5,1000,A2,HOSVD,2.671000000000049
0.7115454936373843,3,100,1000,5,1000,A3,HOSVD,2.671000000000049
10.752022564425209,3,100,1000,5,1000,core,HOSVD,2.671000000000049
7.9259817459066335,3,100,1000,5,1000,A1,HOOI,3.4839999999999236
0.03984006400926399,3,100,1000,5,1000,A2,HOOI,3.4839999999999236
0.6844563618670829,3,100,1000,5,1000,A3,HOOI,3.4839999999999236
10.907596084120032,3,100,1000,5,1000,core,HOOI,3.4839999999999236
6.728149419984573,3,100,1000,5,1000,A1,Olga,3.5960000000000036
0.027513085504539833,3,100,1000,5,1000,A2,Olga,3.5960000000000036
1.5529250102366212,3,100,1000,5,1000,A3,Tracy,3.5960000000000036
10.608069012868306,3,100,1000,5,1000,core,Tracy_Olga,3.5960000000000036
8.026739856526723,3,100,4958,5,1000,A1,NTD,156.90999999999985
3.237048156233818,3,100,4958,5,1000,A2,NTD,156.90999999999985
4955.125848926489,3,100,4958,5,1000,A3,NTD,156.90999999999985
9.132738789359095,3,100,4958,5,1000,core,NTD,156.90999999999985
7.340335536820086,3,100,4958,5,1000,A1,Ours,4.895999999999958
0.028940955801296863,3,100,4958,5,1000,A2,Ours,4.895999999999958
3.4578131590805743,3,100,4958,5,1000,A3,Ours,4.895999999999958
9.146744977207655,3,100,4958,5,1000,core,Ours,4.895999999999958
7.340335536820086,3,100,4958,5,1000,A1,HOSVD,1.530999999999949
0.028940955801296863,3,100,4958,5,1000,A2,HOSVD,1.530999999999949
2.5994040194837766,3,100,4958,5,1000,A3,HOSVD,1.530999999999949
11.221068691585966,3,100,4958,5,1000,core,HOSVD,1.530999999999949
7.338891185335178,3,100,4958,5,1000,A1,HOOI,4.398999999999887
0.027990613896797842,3,100,4958,5,1000,A2,HOOI,4.398999999999887
3.218724507991366,3,100,4958,5,1000,A3,HOOI,4.398999999999887
9.010693681151334,3,100,4958,5,1000,core,HOOI,4.398999999999887
8.59619620116724,3,100,4958,5,1000,A1,Olga,2.7719999999999345
1.5148503997735747,3,100,4958,5,1000,A2,Olga,2.7719999999999345
2.82046634988472,3,100,4958,5,1000,A3,Tracy,2.7719999999999345
9.821431454704049,3,100,4958,5,1000,core,Tracy_Olga,2.7719999999999345
44.90232705841538,3,100,9801,5,1000,A1,NTD,348.1680000000001
3.0822084969568118,3,100,9801,5,1000,A2,NTD,348.1680000000001
9798.21020453228,3,100,9801,5,1000,A3,NTD,348.1680000000001
10.404166759744363,3,100,9801,5,1000,core,NTD,348.1680000000001
8.543638362060708,3,100,9801,5,1000,A1,Ours,21.837999999999965
0.06948194204316474,3,100,9801,5,1000,A2,Ours,21.837999999999965
5.152920822531487,3,100,9801,5,1000,A3,Ours,21.837999999999965
12.031939633622796,3,100,9801,5,1000,core,Ours,21.837999999999965
8.543638362060708,3,100,9801,5,1000,A1,HOSVD,14.267000000000053
0.06948194204316474,3,100,9801,5,1000,A2,HOSVD,14.267000000000053
2.615089381634232,3,100,9801,5,1000,A3,HOSVD,14.267000000000053
11.163865922679735,3,100,9801,5,1000,core,HOSVD,14.267000000000053
8.485436600222126,3,100,9801,5,1000,A1,HOOI,22.71199999999999
0.06651817353209592,3,100,9801,5,1000,A2,HOOI,22.71199999999999
2.6170275289618083,3,100,9801,5,1000,A3,HOOI,22.71199999999999
11.163865922679735,3,100,9801,5,1000,core,HOOI,22.71199999999999
10.966767210717729,3,100,9801,5,1000,A1,Olga,21.139999999999873
2.6585145513383,3,100,9801,5,1000,A2,Olga,21.139999999999873
2.8441768681542685,3,100,9801,5,1000,A3,Tracy,21.139999999999873
10.86722978483227,3,100,9801,5,1000,core,Tracy_Olga,21.139999999999873
9.056376718251775,3,100,1000,5,2500,A1,NTD,27.596000000000004
1.1467426753355439,3,100,1000,5,2500,A2,NTD,27.596000000000004
997.000512132981,3,100,1000,5,2500,A3,NTD,27.596000000000004
12.204412413196511,3,100,1000,5,2500,core,NTD,27.596000000000004
5.125042795522952,3,100,1000,5,2500,A1,Ours,9.874000000000024
0.011409636211643434,3,100,1000,5,2500,A2,Ours,9.874000000000024
0.3658774584311267,3,100,1000,5,2500,A3,Ours,9.874000000000024
12.428911570170017,3,100,1000,5,2500,core,Ours,9.874000000000024
5.125042795522952,3,100,1000,5,2500,A1,HOSVD,7.166999999999916
0.011409636211643434,3,100,1000,5,2500,A2,HOSVD,7.166999999999916
0.3648206844617348,3,100,1000,5,2500,A3,HOSVD,7.166999999999916
12.43179679839047,3,100,1000,5,2500,core,HOSVD,7.166999999999916
5.152070740507265,3,100,1000,5,2500,A1,HOOI,6.096000000000004
0.011339939115625444,3,100,1000,5,2500,A2,HOOI,6.096000000000004
0.3692261088537996,3,100,1000,5,2500,A3,HOOI,6.096000000000004
12.421981728448152,3,100,1000,5,2500,core,HOOI,6.096000000000004
4.4783288106014245,3,100,1000,5,2500,A1,Olga,6.20699999999988
0.05379448790317531,3,100,1000,5,2500,A2,Olga,6.20699999999988
1.4254014635588643,3,100,1000,5,2500,A3,Tracy,6.20699999999988
10.811986913074046,3,100,1000,5,2500,core,Tracy_Olga,6.20699999999988
7.479178876050278,3,100,4987,5,2500,A1,NTD,160.1489999999999
3.0669194657524326,3,100,4987,5,2500,A2,NTD,160.1489999999999
4984.057769205515,3,100,4987,5,2500,A3,NTD,160.1489999999999
12.873278419990772,3,100,4987,5,2500,core,NTD,160.1489999999999
4.19103681630938,3,100,4987,5,2500,A1,Ours,5.501000000000204
0.017899847401931814,3,100,4987,5,2500,A2,Ours,5.501000000000204
2.610202786544523,3,100,4987,5,2500,A3,Ours,5.501000000000204
11.90378679003129,3,100,4987,5,2500,core,Ours,5.501000000000204
4.19103681630938,3,100,4987,5,2500,A1,HOSVD,2.174999999999727
0.017899847401931814,3,100,4987,5,2500,A2,HOSVD,2.174999999999727
2.575881200608604,3,100,4987,5,2500,A3,HOSVD,2.174999999999727
11.796861914721136,3,100,4987,5,2500,core,HOSVD,2.174999999999727
4.1837202266516575,3,100,4987,5,2500,A1,HOOI,8.0300000000002
0.018909014316077846,3,100,4987,5,2500,A2,HOOI,8.0300000000002
2.5780032429422497,3,100,4987,5,2500,A3,HOOI,8.0300000000002
11.829890558134279,3,100,4987,5,2500,core,HOOI,8.0300000000002
3.8960495020049044,3,100,4987,5,2500,A1,Olga,3.9459999999999127
0.14581801503222208,3,100,4987,5,2500,A2,Olga,3.9459999999999127
2.7865527933504732,3,100,4987,5,2500,A3,Tracy,3.9459999999999127
11.177230841320457,3,100,4987,5,2500,core,Tracy_Olga,3.9459999999999127
7.357532253465599,3,100,9931,5,2500,A1,NTD,346.91499999999996
3.2238215456193244,3,100,9931,5,2500,A2,NTD,346.91499999999996
9928.111977762923,3,100,9931,5,2500,A3,NTD,346.91499999999996
11.538759953318042,3,100,9931,5,2500,core,NTD,346.91499999999996
5.028022942888931,3,100,9931,5,2500,A1,Ours,18.450000000000273
0.025575864015616324,3,100,9931,5,2500,A2,Ours,18.450000000000273
2.8412722223746565,3,100,9931,5,2500,A3,Ours,18.450000000000273
9.312191840812972,3,100,9931,5,2500,core,Ours,18.450000000000273
5.028022942888931,3,100,9931,5,2500,A1,HOSVD,4.532999999999902
0.025575864015616324,3,100,9931,5,2500,A2,HOSVD,4.532999999999902
2.5848440337747247,3,100,9931,5,2500,A3,HOSVD,4.532999999999902
12.612865259838134,3,100,9931,5,2500,core,HOSVD,4.532999999999902
5.03278596486777,3,100,9931,5,2500,A1,HOOI,13.360999999999876
0.02338292586467677,3,100,9931,5,2500,A2,HOOI,13.360999999999876
2.586983410577922,3,100,9931,5,2500,A3,HOOI,13.360999999999876
11.90845641256654,3,100,9931,5,2500,core,HOOI,13.360999999999876
5.150618781245423,3,100,9931,5,2500,A1,Olga,7.689000000000306
0.2310284785240962,3,100,9931,5,2500,A2,Olga,7.689000000000306
2.809367751962522,3,100,9931,5,2500,A3,Tracy,7.689000000000306
11.168394438568734,3,100,9931,5,2500,core,Tracy_Olga,7.689000000000306
6.12987620382365,3,100,1000,5,5000,A1,NTD,28.346999999999753
0.834552844719754,3,100,1000,5,5000,A2,NTD,28.346999999999753
997.0008869773933,3,100,1000,5,5000,A3,NTD,28.346999999999753
9.265245722223705,3,100,1000,5,5000,core,NTD,28.346999999999753
4.156659380710945,3,100,1000,5,5000,A1,Ours,0.8560000000002219
0.015100272114197373,3,100,1000,5,5000,A2,Ours,0.8560000000002219
0.10426687820725315,3,100,1000,5,5000,A3,Ours,0.8560000000002219
11.140358525590303,3,100,1000,5,5000,core,Ours,0.8560000000002219
4.156659380710945,3,100,1000,5,5000,A1,HOSVD,0.5270000000000437
0.015100272114197373,3,100,1000,5,5000,A2,HOSVD,0.5270000000000437
0.10414308695205443,3,100,1000,5,5000,A3,HOSVD,0.5270000000000437
11.14037719520636,3,100,1000,5,5000,core,HOSVD,0.5270000000000437
4.143637073281582,3,100,1000,5,5000,A1,HOOI,2.4400000000000546
0.014035434355414489,3,100,1000,5,5000,A2,HOOI,2.4400000000000546
0.10453499130153873,3,100,1000,5,5000,A3,HOOI,2.4400000000000546
11.143814793063159,3,100,1000,5,5000,core,HOOI,2.4400000000000546
3.1183081189258273,3,100,1000,5,5000,A1,Olga,2.569999999999709
0.010462420878706188,3,100,1000,5,5000,A2,Olga,2.569999999999709
1.344855747852345,3,100,1000,5,5000,A3,Tracy,2.569999999999709
11.16680953791705,3,100,1000,5,5000,core,Tracy_Olga,2.569999999999709
26.768861019702914,3,100,4990,5,5000,A1,NTD,159.82700000000023
4.311404059810166,3,100,4990,5,5000,A2,NTD,159.82700000000023
4987.052268402451,3,100,4990,5,5000,A3,NTD,159.82700000000023
9.047886020954135,3,100,4990,5,5000,core,NTD,159.82700000000023
3.17189101796611,3,100,4990,5,5000,A1,Ours,5.221000000000004
0.014520255598432424,3,100,4990,5,5000,A2,Ours,5.221000000000004
2.5405877560452956,3,100,4990,5,5000,A3,Ours,5.221000000000004
10.971761779125424,3,100,4990,5,5000,core,Ours,5.221000000000004
3.17189101796611,3,100,4990,5,5000,A1,HOSVD,1.6390000000001237
0.014520255598432424,3,100,4990,5,5000,A2,HOSVD,1.6390000000001237
2.529865089682107,3,100,4990,5,5000,A3,HOSVD,1.6390000000001237
10.972803291098716,3,100,4990,5,5000,core,HOSVD,1.6390000000001237
3.183135362340049,3,100,4990,5,5000,A1,HOOI,4.41800000000012
0.014522004639536581,3,100,4990,5,5000,A2,HOOI,4.41800000000012
2.527864340176671,3,100,4990,5,5000,A3,HOOI,4.41800000000012
11.003064813153207,3,100,4990,5,5000,core,HOOI,4.41800000000012
2.9034052882771952,3,100,4990,5,5000,A1,Olga,2.93100000000004
0.020427900981631632,3,100,4990,5,5000,A2,Olga,2.93100000000004
2.824387158435349,3,100,4990,5,5000,A3,Tracy,2.93100000000004
12.116583744048064,3,100,4990,5,5000,core,Tracy_Olga,2.93100000000004
4.247523239253503,3,100,9965,5,5000,A1,NTD,341.76800000000003
3.749346716416542,3,100,9965,5,5000,A2,NTD,341.76800000000003
9962.051627354573,3,100,9965,5,5000,A3,NTD,341.76800000000003
8.470202819727938,3,100,9965,5,5000,core,NTD,341.76800000000003
3.945783544086374,3,100,9965,5,5000,A1,Ours,20.462999999999738
0.009446819655102396,3,100,9965,5,5000,A2,Ours,20.462999999999738
2.614307966118149,3,100,9965,5,5000,A3,Ours,20.462999999999738
11.193166771717125,3,100,9965,5,5000,core,Ours,20.462999999999738
3.945783544086374,3,100,9965,5,5000,A1,HOSVD,6.745000000000346
0.009446819655102396,3,100,9965,5,5000,A2,HOSVD,6.745000000000346
2.5802033441525905,3,100,9965,5,5000,A3,HOSVD,6.745000000000346
11.202053042920204,3,100,9965,5,5000,core,HOSVD,6.745000000000346
3.9522733138085626,3,100,9965,5,5000,A1,HOOI,13.187999999999647
0.009835814415109603,3,100,9965,5,5000,A2,HOOI,13.187999999999647
2.582128564080362,3,100,9965,5,5000,A3,HOOI,13.187999999999647
11.181557896402577,3,100,9965,5,5000,core,HOOI,13.187999999999647
2.6845800703301523,3,100,9965,5,5000,A1,Olga,7.503999999999905
0.121761216361332,3,100,9965,5,5000,A2,Olga,7.503999999999905
2.804656423106543,3,100,9965,5,5000,A3,Tracy,7.503999999999905
11.148408678883502,3,100,9965,5,5000,core,Tracy_Olga,7.503999999999905
6.305707056287156,3,100,1000,5,6000,A1,NTD,29.128000000000156
0.9778678129109398,3,100,1000,5,6000,A2,NTD,29.128000000000156
997.0003605298645,3,100,1000,5,6000,A3,NTD,29.128000000000156
7.557051332121092,3,100,1000,5,6000,core,NTD,29.128000000000156
3.088860860381551,3,100,1000,5,6000,A1,Ours,0.7829999999999018
0.01649769069599248,3,100,1000,5,6000,A2,Ours,0.7829999999999018
0.11840900282602584,3,100,1000,5,6000,A3,Ours,0.7829999999999018
10.707178064443347,3,100,1000,5,6000,core,Ours,0.7829999999999018
3.088860860381551,3,100,1000,5,6000,A1,HOSVD,0.650000000000091
0.01649769069599248,3,100,1000,5,6000,A2,HOSVD,0.650000000000091
0.11840628950360306,3,100,1000,5,6000,A3,HOSVD,0.650000000000091
10.706913720173105,3,100,1000,5,6000,core,HOSVD,0.650000000000091
3.08854151823875,3,100,1000,5,6000,A1,HOOI,0.8670000000001892
0.014710701434599065,3,100,1000,5,6000,A2,HOOI,0.8670000000001892
0.1159255185962535,3,100,1000,5,6000,A3,HOOI,0.8670000000001892
10.712229869682687,3,100,1000,5,6000,core,HOOI,0.8670000000001892
2.2808209505794514,3,100,1000,5,6000,A1,Olga,0.5479999999997744
0.014643984630188431,3,100,1000,5,6000,A2,Olga,0.5479999999997744
1.3447838277145314,3,100,1000,5,6000,A3,Tracy,0.5479999999997744
11.178809042442616,3,100,1000,5,6000,core,Tracy_Olga,0.5479999999997744
6.265290268327412,3,100,4992,5,6000,A1,NTD,163.24099999999999
1.7468036161695677,3,100,4992,5,6000,A2,NTD,163.24099999999999
4989.036806884428,3,100,4992,5,6000,A3,NTD,163.24099999999999
12.297231988567857,3,100,4992,5,6000,core,NTD,163.24099999999999
3.645009362379897,3,100,4992,5,6000,A1,Ours,5.106999999999971
0.012681601638735777,3,100,4992,5,6000,A2,Ours,5.106999999999971
2.5102656902026457,3,100,4992,5,6000,A3,Ours,5.106999999999971
10.529696407483822,3,100,4992,5,6000,core,Ours,5.106999999999971
3.645009362379897,3,100,4992,5,6000,A1,HOSVD,2.1589999999996508
0.012681601638735777,3,100,4992,5,6000,A2,HOSVD,2.1589999999996508
2.502547784375601,3,100,4992,5,6000,A3,HOSVD,2.1589999999996508
10.503771166535449,3,100,4992,5,6000,core,HOSVD,2.1589999999996508
3.6512262625338643,3,100,4992,5,6000,A1,HOOI,4.563000000000102
0.012382228342735772,3,100,4992,5,6000,A2,HOOI,4.563000000000102
2.508575108173413,3,100,4992,5,6000,A3,HOOI,4.563000000000102
10.353064078564737,3,100,4992,5,6000,core,HOOI,4.563000000000102
2.5654613457585462,3,100,4992,5,6000,A1,Olga,3.1520000000000437
0.05025989277321135,3,100,4992,5,6000,A2,Olga,3.1520000000000437
2.868990000810339,3,100,4992,5,6000,A3,Tracy,3.1520000000000437
9.294520205485894,3,100,4992,5,6000,core,Tracy_Olga,3.1520000000000437
5.0701675125736685,3,100,9966,5,6000,A1,NTD,343.4569999999999
1.0563541412457422,3,100,9966,5,6000,A2,NTD,343.4569999999999
9963.052814815246,3,100,9966,5,6000,A3,NTD,343.4569999999999
9.732718918447597,3,100,9966,5,6000,core,NTD,343.4569999999999
2.852708352928757,3,100,9966,5,6000,A1,Ours,19.07300000000032
0.009463033866509676,3,100,9966,5,6000,A2,Ours,19.07300000000032
2.596263950739727,3,100,9966,5,6000,A3,Ours,19.07300000000032
11.17048846665946,3,100,9966,5,6000,core,Ours,19.07300000000032
2.852708352928757,3,100,9966,5,6000,A1,HOSVD,14.353999999999814
0.009463033866509676,3,100,9966,5,6000,A2,HOSVD,14.353999999999814
2.5720880549296923,3,100,9966,5,6000,A3,HOSVD,14.353999999999814
11.195386343572926,3,100,9966,5,6000,core,HOSVD,14.353999999999814
2.8543687292532756,3,100,9966,5,6000,A1,HOOI,29.875
0.01286014360806297,3,100,9966,5,6000,A2,HOOI,29.875
3.733754080023202,3,100,9966,5,6000,A3,HOOI,29.875
11.008050937503455,3,100,9966,5,6000,core,HOOI,29.875
2.643275040927819,3,100,9966,5,6000,A1,Olga,23.532000000000153
0.07013704064892279,3,100,9966,5,6000,A2,Olga,23.532000000000153
2.8020160054407546,3,100,9966,5,6000,A3,Tracy,23.532000000000153
11.183089107419331,3,100,9966,5,6000,core,Tracy_Olga,23.532000000000153
6.651082730999198,3,100,1000,5,7000,A1,NTD,28.917999999999665
1.2828037638212586,3,100,1000,5,7000,A2,NTD,28.917999999999665
997.0001563487299,3,100,1000,5,7000,A3,NTD,28.917999999999665
12.48999154726287,3,100,1000,5,7000,core,NTD,28.917999999999665
2.877199184311102,3,100,1000,5,7000,A1,Ours,6.553999999999633
0.017832758527879692,3,100,1000,5,7000,A2,Ours,6.553999999999633
0.15330007176973404,3,100,1000,5,7000,A3,Ours,6.553999999999633
10.676090958802513,3,100,1000,5,7000,core,Ours,6.553999999999633
2.877199184311102,3,100,1000,5,7000,A1,HOSVD,7.4659999999998945
0.017832758527879692,3,100,1000,5,7000,A2,HOSVD,7.4659999999998945
0.1531652926008629,3,100,1000,5,7000,A3,HOSVD,7.4659999999998945
10.675804896919425,3,100,1000,5,7000,core,HOSVD,7.4659999999998945
2.864571512660701,3,100,1000,5,7000,A1,HOOI,5.5
0.017149273794197242,3,100,1000,5,7000,A2,HOOI,5.5
0.15451386536481834,3,100,1000,5,7000,A3,HOOI,5.5
10.673749242492853,3,100,1000,5,7000,core,HOOI,5.5
1.9703756488574304,3,100,1000,5,7000,A1,Olga,5.809999999999945
0.017109115910645033,3,100,1000,5,7000,A2,Olga,5.809999999999945
1.3550063248785438,3,100,1000,5,7000,A3,Tracy,5.809999999999945
10.62253518402731,3,100,1000,5,7000,core,Tracy_Olga,5.809999999999945
6.502867731096324,3,100,4995,5,7000,A1,NTD,159.47800000000007
0.3780248859564961,3,100,4995,5,7000,A2,NTD,159.47800000000007
4992.037380656948,3,100,4995,5,7000,A3,NTD,159.47800000000007
10.339431123228342,3,100,4995,5,7000,core,NTD,159.47800000000007
2.4664579304239242,3,100,4995,5,7000,A1,Ours,5.434999999999945
0.009046863090275163,3,100,4995,5,7000,A2,Ours,5.434999999999945
2.544916934120822,3,100,4995,5,7000,A3,Ours,5.434999999999945
12.362854788471015,3,100,4995,5,7000,core,Ours,5.434999999999945
2.4664579304239242,3,100,4995,5,7000,A1,HOSVD,1.7269999999998618
0.009046863090275163,3,100,4995,5,7000,A2,HOSVD,1.7269999999998618
2.5386930924025153,3,100,4995,5,7000,A3,HOSVD,1.7269999999998618
12.345132816777628,3,100,4995,5,7000,core,HOSVD,1.7269999999998618
2.4810771583677567,3,100,4995,5,7000,A1,HOOI,4.789999999999964
0.010683240470821165,3,100,4995,5,7000,A2,HOOI,4.789999999999964
2.538093772648062,3,100,4995,5,7000,A3,HOOI,4.789999999999964
12.347530483205762,3,100,4995,5,7000,core,HOOI,4.789999999999964
2.8261012695628955,3,100,4995,5,7000,A1,Olga,2.675999999999931
0.03349747931789666,3,100,4995,5,7000,A2,Olga,2.675999999999931
2.858384703575826,3,100,4995,5,7000,A3,Tracy,2.675999999999931
12.220558473204704,3,100,4995,5,7000,core,Tracy_Olga,2.675999999999931
4.286160607186977,3,100,9977,5,7000,A1,NTD,328.2149999999997
2.7281383897977776,3,100,9977,5,7000,A2,NTD,328.2149999999997
9974.043599075769,3,100,9977,5,7000,A3,NTD,328.2149999999997
9.010058736386707,3,100,9977,5,7000,core,NTD,328.2149999999997
2.8918694065338193,3,100,9977,5,7000,A1,Ours,14.371000000000095
0.010090783891069821,3,100,9977,5,7000,A2,Ours,14.371000000000095
2.59880618368253,3,100,9977,5,7000,A3,Ours,14.371000000000095
11.902688321972695,3,100,9977,5,7000,core,Ours,14.371000000000095
2.8918694065338193,3,100,9977,5,7000,A1,HOSVD,3.506999999999607
0.010090783891069821,3,100,9977,5,7000,A2,HOSVD,3.506999999999607
2.5811555225504104,3,100,9977,5,7000,A3,HOSVD,3.506999999999607
11.850235191980639,3,100,9977,5,7000,core,HOSVD,3.506999999999607
2.8856855749568715,3,100,9977,5,7000,A1,HOOI,12.364999999999782
0.007171176825665619,3,100,9977,5,7000,A2,HOOI,12.364999999999782
2.5805483221421257,3,100,9977,5,7000,A3,HOOI,12.364999999999782
11.836354247556569,3,100,9977,5,7000,core,HOOI,12.364999999999782
2.524085244462487,3,100,9977,5,7000,A1,Olga,6.94800000000032
0.08882874196606863,3,100,9977,5,7000,A2,Olga,6.94800000000032
2.806312430400111,3,100,9977,5,7000,A3,Tracy,6.94800000000032
11.111021763528596,3,100,9977,5,7000,core,Tracy_Olga,6.94800000000032
8.917454558436848,3,100,1000,5,8000,A1,NTD,28.913000000000466
0.7789105947857561,3,100,1000,5,8000,A2,NTD,28.913000000000466
997.0001287519959,3,100,1000,5,8000,A3,NTD,28.913000000000466
10.349637538361199,3,100,1000,5,8000,core,NTD,28.913000000000466
3.2583801399357073,3,100,1000,5,8000,A1,Ours,1.344000000000051
0.009581042078361966,3,100,1000,5,8000,A2,Ours,1.344000000000051
0.15716534652090172,3,100,1000,5,8000,A3,Ours,1.344000000000051
11.001669531731622,3,100,1000,5,8000,core,Ours,1.344000000000051
3.2583801399357073,3,100,1000,5,8000,A1,HOSVD,0.6759999999994761
0.009581042078361966,3,100,1000,5,8000,A2,HOSVD,0.6759999999994761
0.15710556928674468,3,100,1000,5,8000,A3,HOSVD,0.6759999999994761
11.001453038228028,3,100,1000,5,8000,core,HOSVD,0.6759999999994761
3.2593247367859814,3,100,1000,5,8000,A1,HOOI,1.0340000000005602
0.009763167364301502,3,100,1000,5,8000,A2,HOOI,1.0340000000005602
0.1639233228596611,3,100,1000,5,8000,A3,HOOI,1.0340000000005602
10.982408606659634,3,100,1000,5,8000,core,HOOI,1.0340000000005602
2.4541545390864674,3,100,1000,5,8000,A1,Olga,0.443000000000211
0.015123154919249196,3,100,1000,5,8000,A2,Olga,0.443000000000211
1.3650178946735345,3,100,1000,5,8000,A3,Tracy,0.443000000000211
11.04157076445562,3,100,1000,5,8000,core,Tracy_Olga,0.443000000000211
30.072518372984955,3,100,4998,5,8000,A1,NTD,159.86199999999917
2.3823495060567867,3,100,4998,5,8000,A2,NTD,159.86199999999917
4995.027879456186,3,100,4998,5,8000,A3,NTD,159.86199999999917
10.150545923723179,3,100,4998,5,8000,core,NTD,159.86199999999917
2.032150973981826,3,100,4998,5,8000,A1,Ours,4.817000000000007
0.015579080846678445,3,100,4998,5,8000,A2,Ours,4.817000000000007
2.5269123670241425,3,100,4998,5,8000,A3,Ours,4.817000000000007
11.520866510466082,3,100,4998,5,8000,core,Ours,4.817000000000007
2.032150973981826,3,100,4998,5,8000,A1,HOSVD,1.730000000000473
0.015579080846678445,3,100,4998,5,8000,A2,HOSVD,1.730000000000473
2.5222125860116056,3,100,4998,5,8000,A3,HOSVD,1.730000000000473
11.50174616885235,3,100,4998,5,8000,core,HOSVD,1.730000000000473
2.0306704910618563,3,100,4998,5,8000,A1,HOOI,4.434999999999491
0.015812424473572888,3,100,4998,5,8000,A2,HOOI,4.434999999999491
2.5228684687430656,3,100,4998,5,8000,A3,HOOI,4.434999999999491
11.526574292991993,3,100,4998,5,8000,core,HOOI,4.434999999999491
1.7422657923844629,3,100,4998,5,8000,A1,Olga,2.7089999999998327
0.05360631269464539,3,100,4998,5,8000,A2,Olga,2.7089999999998327
2.8415903732010457,3,100,4998,5,8000,A3,Tracy,2.7089999999998327
11.969364635460161,3,100,4998,5,8000,core,Tracy_Olga,2.7089999999998327
4.27037210620659,3,100,9984,5,8000,A1,NTD,332.1779999999999
2.235725627053275,3,100,9984,5,8000,A2,NTD,332.1779999999999
9981.053232363833,3,100,9984,5,8000,A3,NTD,332.1779999999999
10.669125761435978,3,100,9984,5,8000,core,NTD,332.1779999999999
2.7535240866795685,3,100,9984,5,8000,A1,Ours,13.654999999999745
0.007460534723085736,3,100,9984,5,8000,A2,Ours,13.654999999999745
2.579177127874775,3,100,9984,5,8000,A3,Ours,13.654999999999745
11.061576419033047,3,100,9984,5,8000,core,Ours,13.654999999999745
2.7535240866795685,3,100,9984,5,8000,A1,HOSVD,3.5579999999999927
0.007460534723085736,3,100,9984,5,8000,A2,HOSVD,3.5579999999999927
2.564468583812892,3,100,9984,5,8000,A3,HOSVD,3.5579999999999927
11.06296867219919,3,100,9984,5,8000,core,HOSVD,3.5579999999999927
2.7598247224718704,3,100,9984,5,8000,A1,HOOI,11.00800000000072
0.007351426416818325,3,100,9984,5,8000,A2,HOOI,11.00800000000072
2.5647259135244562,3,100,9984,5,8000,A3,HOOI,11.00800000000072
11.193706281094846,3,100,9984,5,8000,core,HOOI,11.00800000000072
2.110621268978048,3,100,9984,5,8000,A1,Olga,6.949999999999818
0.019985367756837114,3,100,9984,5,8000,A2,Olga,6.949999999999818
2.818896557194413,3,100,9984,5,8000,A3,Tracy,6.949999999999818
11.220074038925585,3,100,9984,5,8000,core,Tracy_Olga,6.949999999999818
7.618203279447864,3,100,1000,5,9000,A1,NTD,28.784999999999854
0.5710202393302357,3,100,1000,5,9000,A2,NTD,28.784999999999854
997.0002235896244,3,100,1000,5,9000,A3,NTD,28.784999999999854
7.993920090200399,3,100,1000,5,9000,core,NTD,28.784999999999854
3.8543652888748787,3,100,1000,5,9000,A1,Ours,0.5889999999999418
0.00868786212838144,3,100,1000,5,9000,A2,Ours,0.5889999999999418
0.22222977532976704,3,100,1000,5,9000,A3,Ours,0.5889999999999418
11.175439895664741,3,100,1000,5,9000,core,Ours,0.5889999999999418
3.8543652888748787,3,100,1000,5,9000,A1,HOSVD,1.0249999999996362
0.00868786212838144,3,100,1000,5,9000,A2,HOSVD,1.0249999999996362
0.2221762238200048,3,100,1000,5,9000,A3,HOSVD,1.0249999999996362
11.175137763479398,3,100,1000,5,9000,core,HOSVD,1.0249999999996362
3.8394805311435074,3,100,1000,5,9000,A1,HOOI,0.8569999999999709
0.0071487154557139335,3,100,1000,5,9000,A2,HOOI,0.8569999999999709
0.19964146566222507,3,100,1000,5,9000,A3,HOOI,0.8569999999999709
11.188522874165434,3,100,1000,5,9000,core,HOOI,0.8569999999999709
2.9421891897586367,3,100,1000,5,9000,A1,Olga,0.6179999999994834
0.01669805009030006,3,100,1000,5,9000,A2,Olga,0.6179999999994834
1.3816398712555629,3,100,1000,5,9000,A3,Tracy,0.6179999999994834
11.23907796785673,3,100,1000,5,9000,core,Tracy_Olga,0.6179999999994834
7.334188745143194,3,100,4997,5,9000,A1,NTD,163.54200000000037
1.441261391672877,3,100,4997,5,9000,A2,NTD,163.54200000000037
4994.032674653262,3,100,4997,5,9000,A3,NTD,163.54200000000037
8.165040243120046,3,100,4997,5,9000,core,NTD,163.54200000000037
2.5316586541439308,3,100,4997,5,9000,A1,Ours,5.157000000000153
0.006986943289387973,3,100,4997,5,9000,A2,Ours,5.157000000000153
2.577018356283481,3,100,4997,5,9000,A3,Ours,5.157000000000153
11.070897997019232,3,100,4997,5,9000,core,Ours,5.157000000000153
2.5316586541439308,3,100,4997,5,9000,A1,HOSVD,1.7150000000001455
0.006986943289387973,3,100,4997,5,9000,A2,HOSVD,1.7150000000001455
2.5741044586379913,3,100,4997,5,9000,A3,HOSVD,1.7150000000001455
11.078341905429271,3,100,4997,5,9000,core,HOSVD,1.7150000000001455
2.5232832449467546,3,100,4997,5,9000,A1,HOOI,4.931999999999789
0.007371699088336327,3,100,4997,5,9000,A2,HOOI,4.931999999999789
2.5740995904098547,3,100,4997,5,9000,A3,HOOI,4.931999999999789
11.086044506237355,3,100,4997,5,9000,core,HOOI,4.931999999999789
1.9869841498084693,3,100,4997,5,9000,A1,Olga,2.7160000000003492
0.016848161617749314,3,100,4997,5,9000,A2,Olga,2.7160000000003492
2.8038730426016323,3,100,4997,5,9000,A3,Tracy,2.7160000000003492
9.180903239530375,3,100,4997,5,9000,core,Tracy_Olga,2.7160000000003492
3.9919735109350616,3,100,9983,5,9000,A1,NTD,341.9380000000001
1.1445312082467516,3,100,9983,5,9000,A2,NTD,341.9380000000001
9980.048404880175,3,100,9983,5,9000,A3,NTD,341.9380000000001
10.17532076452082,3,100,9983,5,9000,core,NTD,341.9380000000001
2.563802686264272,3,100,9983,5,9000,A1,Ours,13.90099999999984
0.00928898185088488,3,100,9983,5,9000,A2,Ours,13.90099999999984
2.5904069332906947,3,100,9983,5,9000,A3,Ours,13.90099999999984
12.601400814504041,3,100,9983,5,9000,core,Ours,13.90099999999984
2.563802686264272,3,100,9983,5,9000,A1,HOSVD,3.2619999999997162
0.00928898185088488,3,100,9983,5,9000,A2,HOSVD,3.2619999999997162
2.5793377523373127,3,100,9983,5,9000,A3,HOSVD,3.2619999999997162
12.590918455648328,3,100,9983,5,9000,core,HOSVD,3.2619999999997162
2.5553407442668448,3,100,9983,5,9000,A1,HOOI,11.911000000000058
0.008815566078125796,3,100,9983,5,9000,A2,HOOI,11.911000000000058
2.5807166826510546,3,100,9983,5,9000,A3,HOOI,11.911000000000058
12.572294963295088,3,100,9983,5,9000,core,HOOI,11.911000000000058
2.515379825665495,3,100,9983,5,9000,A1,Olga,6.5460000000002765
0.06566708771354057,3,100,9983,5,9000,A2,Olga,6.5460000000002765
2.811019840606931,3,100,9983,5,9000,A3,Tracy,6.5460000000002765
11.222847283332532,3,100,9983,5,9000,core,Tracy_Olga,6.5460000000002765
6.415794318966668,3,100,1000,5,10000,A1,NTD,28.506999999999607
1.4424819047434576,3,100,1000,5,10000,A2,NTD,28.506999999999607
997.00012971579,3,100,1000,5,10000,A3,NTD,28.506999999999607
12.304832445387497,3,100,1000,5,10000,core,NTD,28.506999999999607
2.833452068098807,3,100,1000,5,10000,A1,Ours,0.48400000000037835
0.020384341437099992,3,100,1000,5,10000,A2,Ours,0.48400000000037835
0.074931224739639965,3,100,1000,5,10000,A3,Ours,0.48400000000037835
10.786836158365706,3,100,1000,5,10000,core,Ours,0.48400000000037835
2.833452068098807,3,100,1000,5,10000,A1,HOSVD,0.3989999999994325
0.020384341437099992,3,100,1000,5,10000,A2,HOSVD,0.3989999999994325
0.07493084430851919,3,100,1000,5,10000,A3,HOSVD,0.3989999999994325
10.78683986087337,3,100,1000,5,10000,core,HOSVD,0.3989999999994325
2.8407997434799706,3,100,1000,5,10000,A1,HOOI,0.9309999999995853
0.020060408836331894,3,100,1000,5,10000,A2,HOOI,0.9309999999995853
0.07493648595934888,3,100,1000,5,10000,A3,HOOI,0.9309999999995853
10.78713436968767,3,100,1000,5,10000,core,HOOI,0.9309999999995853
1.8954492309781155,3,100,1000,5,10000,A1,Olga,0.48800000000028376
0.029953109154830675,3,100,1000,5,10000,A2,Olga,0.48800000000028376
1.3398911922403434,3,100,1000,5,10000,A3,Tracy,0.48800000000028376
10.751510996867188,3,100,1000,5,10000,core,Tracy_Olga,0.48800000000028376
6.14312618005806,3,100,4997,5,10000,A1,NTD,156.79199999999946
2.4509636135930544,3,100,4997,5,10000,A2,NTD,156.79199999999946
4994.012823696697,3,100,4997,5,10000,A3,NTD,156.79199999999946
6.907570816465778,3,100,4997,5,10000,core,NTD,156.79199999999946
2.5890225158788946,3,100,4997,5,10000,A1,Ours,5.057999999999993
0.008439231068417843,3,100,4997,5,10000,A2,Ours,5.057999999999993
2.538700646600494,3,100,4997,5,10000,A3,Ours,5.057999999999993
11.003639090378593,3,100,4997,5,10000,core,Ours,5.057999999999993
2.5890225158788946,3,100,4997,5,10000,A1,HOSVD,1.5060000000003129
0.008439231068417843,3,100,4997,5,10000,A2,HOSVD,1.5060000000003129
2.5358110188806444,3,100,4997,5,10000,A3,HOSVD,1.5060000000003129
11.008928071070176,3,100,4997,5,10000,core,HOSVD,1.5060000000003129
2.5835794134088634,3,100,4997,5,10000,A1,HOOI,3.9210000000002765
0.008068527429219544,3,100,4997,5,10000,A2,HOOI,3.9210000000002765
2.534502506531612,3,100,4997,5,10000,A3,HOOI,3.9210000000002765
11.023970130089142,3,100,4997,5,10000,core,HOOI,3.9210000000002765
1.8181677201155328,3,100,4997,5,10000,A1,Olga,2.2890000000006694
0.013968177046449693,3,100,4997,5,10000,A2,Olga,2.2890000000006694
2.8349484569753414,3,100,4997,5,10000,A3,Tracy,2.2890000000006694
11.002016265674502,3,100,4997,5,10000,core,Tracy_Olga,2.2890000000006694
5.4842621732659635,3,100,9982,5,10000,A1,NTD,316.1130000000003
2.303693780742468,3,100,9982,5,10000,A2,NTD,316.1130000000003
9979.041333726389,3,100,9982,5,10000,A3,NTD,316.1130000000003
11.242193707239016,3,100,9982,5,10000,core,NTD,316.1130000000003
1.8430357210182498,3,100,9982,5,10000,A1,Ours,11.953999999999724
0.005508619931267994,3,100,9982,5,10000,A2,Ours,11.953999999999724
2.570728139744058,3,100,9982,5,10000,A3,Ours,11.953999999999724
11.242449089761461,3,100,9982,5,10000,core,Ours,11.953999999999724
1.8430357210182498,3,100,9982,5,10000,A1,HOSVD,2.5830000000005384
0.005508619931267994,3,100,9982,5,10000,A2,HOSVD,2.5830000000005384
2.5612423778179405,3,100,9982,5,10000,A3,HOSVD,2.5830000000005384
11.247900358819468,3,100,9982,5,10000,core,HOSVD,2.5830000000005384
1.8320552934336616,3,100,9982,5,10000,A1,HOOI,9.016999999999825
0.00474398272809948,3,100,9982,5,10000,A2,HOOI,9.016999999999825
2.560134786823708,3,100,9982,5,10000,A3,HOOI,9.016999999999825
11.244713288763968,3,100,9982,5,10000,core,HOOI,9.016999999999825
2.21365404947179,3,100,9982,5,10000,A1,Olga,5.152000000000044
0.038214198248394046,3,100,9982,5,10000,A2,Olga,5.152000000000044
2.8117337126817747,3,100,9982,5,10000,A3,Tracy,5.152000000000044
12.285623029071596,3,100,9982,5,10000,core,Tracy_Olga,5.152000000000044
