error,K,Q1,R,Q2,M,mode,method,time
10.253157881905148,3,100,100,5,100,A1,NTD,4.2090000000000005
0.22796305138796608,3,100,100,5,100,A2,NTD,4.2090000000000005
97.0096652665544,3,100,100,5,100,A3,NTD,4.2090000000000005
9.507624858453381,3,100,100,5,100,core,NTD,4.2090000000000005
16.534644094388977,3,100,100,5,100,A1,Ours,0.9670000000000005
0.08423150906021831,3,100,100,5,100,A2,Ours,0.9670000000000005
0.21842273798383735,3,100,100,5,100,A3,Ours,0.9670000000000005
12.884729369145537,3,100,100,5,100,core,Ours,0.9670000000000005
16.534644094388977,3,100,100,5,100,A1,HOSVD,3.623000000000001
0.08423150906021831,3,100,100,5,100,A2,HOSVD,3.623000000000001
0.22416530167157392,3,100,100,5,100,A3,HOSVD,3.623000000000001
12.885020537235942,3,100,100,5,100,core,HOSVD,3.623000000000001
16.061223077770688,3,100,100,5,100,A1,HOOI,2.024000000000001
0.09174937270293754,3,100,100,5,100,A2,HOOI,2.024000000000001
0.2017664294623108,3,100,100,5,100,A3,HOOI,2.024000000000001
12.87285020261352,3,100,100,5,100,core,HOOI,2.024000000000001
19.381483009458528,3,100,100,5,100,A1,Olga,2.1209999999999987
0.221478470743657,3,100,100,5,100,A2,Olga,2.1209999999999987
0.9714803196803437,3,100,100,5,100,A3,Tracy,2.1209999999999987
13.036980008316885,3,100,100,5,100,core,Tracy_Olga,2.1209999999999987
8.498715788436318,3,100,497,5,100,A1,NTD,21.525
3.984619678742758,3,100,497,5,100,A2,NTD,21.525
494.20695716611186,3,100,497,5,100,A3,NTD,21.525
12.452827225200794,3,100,497,5,100,core,NTD,21.525
13.625955264439725,3,100,497,5,100,A1,Ours,2.4299999999999997
0.2873489008941056,3,100,497,5,100,A2,Ours,2.4299999999999997
2.569198290545169,3,100,497,5,100,A3,Ours,2.4299999999999997
9.585062292650116,3,100,497,5,100,core,Ours,2.4299999999999997
13.625955264439725,3,100,497,5,100,A1,HOSVD,4.598999999999997
0.2873489008941056,3,100,497,5,100,A2,HOSVD,4.598999999999997
2.4182918136281026,3,100,497,5,100,A3,HOSVD,4.598999999999997
13.366281003124845,3,100,497,5,100,core,HOSVD,4.598999999999997
14.300778498932434,3,100,497,5,100,A1,HOOI,4.678999999999995
0.21546321190288378,3,100,497,5,100,A2,HOOI,4.678999999999995
2.4311611837932032,3,100,497,5,100,A3,HOOI,4.678999999999995
13.473132266506616,3,100,497,5,100,core,HOOI,4.678999999999995
19.97074585535179,3,100,497,5,100,A1,Olga,3.2560000000000002
3.9854958801839397,3,100,497,5,100,A2,Olga,3.2560000000000002
2.719899515372404,3,100,497,5,100,A3,Tracy,3.2560000000000002
10.861653797508321,3,100,497,5,100,core,Tracy_Olga,3.2560000000000002
10.88327769313355,3,100,979,5,100,A1,NTD,38.760999999999996
4.245112624205556,3,100,979,5,100,A2,NTD,38.760999999999996
976.205464775592,3,100,979,5,100,A3,NTD,38.760999999999996
11.463059272714633,3,100,979,5,100,core,NTD,38.760999999999996
14.395842946478503,3,100,979,5,100,A1,Ours,11.176999999999992
0.1426783505676379,3,100,979,5,100,A2,Ours,11.176999999999992
3.2852426059727775,3,100,979,5,100,A3,Ours,11.176999999999992
10.56557999962581,3,100,979,5,100,core,Ours,11.176999999999992
14.395842946478503,3,100,979,5,100,A1,HOSVD,9.320999999999998
0.1426783505676379,3,100,979,5,100,A2,HOSVD,9.320999999999998
2.505834132369941,3,100,979,5,100,A3,HOSVD,9.320999999999998
12.98342898870016,3,100,979,5,100,core,HOSVD,9.320999999999998
14.86468096365074,3,100,979,5,100,A1,HOOI,9.233999999999995
0.11580147218071499,3,100,979,5,100,A2,HOOI,9.233999999999995
2.5345178717701433,3,100,979,5,100,A3,HOOI,9.233999999999995
12.983935139107595,3,100,979,5,100,core,HOOI,9.233999999999995
26.165580830949608,3,100,979,5,100,A1,Olga,6.6229999999999905
4.072478772860888,3,100,979,5,100,A2,Olga,6.6229999999999905
2.8882063092146772,3,100,979,5,100,A3,Tracy,6.6229999999999905
12.722233611175342,3,100,979,5,100,core,Tracy_Olga,6.6229999999999905
30.36180746397537,3,100,2382,5,100,A1,NTD,90.041
4.192254394062953,3,100,2382,5,100,A2,NTD,90.041
2379.3551822854997,3,100,2382,5,100,A3,NTD,90.041
12.378759969886591,3,100,2382,5,100,core,NTD,90.041
17.586453204409423,3,100,2382,5,100,A1,Ours,3.9920000000000186
0.04037906560399187,3,100,2382,5,100,A2,Ours,3.9920000000000186
4.420438196562778,3,100,2382,5,100,A3,Ours,3.9920000000000186
13.955574891154688,3,100,2382,5,100,core,Ours,3.9920000000000186
17.586453204409423,3,100,2382,5,100,A1,HOSVD,5.920000000000016
0.04037906560399187,3,100,2382,5,100,A2,HOSVD,5.920000000000016
2.5782626830396778,3,100,2382,5,100,A3,HOSVD,5.920000000000016
13.44820967411946,3,100,2382,5,100,core,HOSVD,5.920000000000016
16.916066900585857,3,100,2382,5,100,A1,HOOI,6.182000000000016
0.07890865597133914,3,100,2382,5,100,A2,HOOI,6.182000000000016
2.606034832703995,3,100,2382,5,100,A3,HOOI,6.182000000000016
13.553320363484495,3,100,2382,5,100,core,HOOI,6.182000000000016
23.683012574907586,3,100,2382,5,100,A1,Olga,3.257000000000005
4.127938654975268,3,100,2382,5,100,A2,Olga,3.257000000000005
2.9776673205815256,3,100,2382,5,100,A3,Tracy,3.257000000000005
11.698713108821579,3,100,2382,5,100,core,Tracy_Olga,3.257000000000005
119.0371208675277,3,100,4519,5,100,A1,NTD,166.57399999999998
4.24529000949487,3,100,4519,5,100,A2,NTD,166.57399999999998
4516.479302805896,3,100,4519,5,100,A3,NTD,166.57399999999998
9.313049486279414,3,100,4519,5,100,core,NTD,166.57399999999998
17.20131521922784,3,100,4519,5,100,A1,Ours,13.194000000000017
0.28614528916850407,3,100,4519,5,100,A2,Ours,13.194000000000017
4.799172452391908,3,100,4519,5,100,A3,Ours,13.194000000000017
9.533394713272276,3,100,4519,5,100,core,Ours,13.194000000000017
17.20131521922784,3,100,4519,5,100,A1,HOSVD,14.685999999999979
0.28614528916850407,3,100,4519,5,100,A2,HOSVD,14.685999999999979
2.691017648566723,3,100,4519,5,100,A3,HOSVD,14.685999999999979
12.609391632523163,3,100,4519,5,100,core,HOSVD,14.685999999999979
16.222529507074505,3,100,4519,5,100,A1,HOOI,17.837999999999965
0.2423778511136426,3,100,4519,5,100,A2,HOOI,17.837999999999965
4.95138034012726,3,100,4519,5,100,A3,HOOI,17.837999999999965
10.203173322567627,3,100,4519,5,100,core,HOOI,17.837999999999965
46.54315358320053,3,100,4519,5,100,A1,Olga,13.685000000000002
4.002254841882334,3,100,4519,5,100,A2,Olga,13.685000000000002
3.082247195158006,3,100,4519,5,100,A3,Tracy,13.685000000000002
11.804015910960151,3,100,4519,5,100,core,Tracy_Olga,13.685000000000002
114.82853485860409,3,100,5340,5,100,A1,NTD,193.56600000000003
3.8758614019071915,3,100,5340,5,100,A2,NTD,193.56600000000003
5337.570006919582,3,100,5340,5,100,A3,NTD,193.56600000000003
11.70659515321542,3,100,5340,5,100,core,NTD,193.56600000000003
16.042234496358677,3,100,5340,5,100,A1,Ours,11.23700000000008
0.09545280613823547,3,100,5340,5,100,A2,Ours,11.23700000000008
5.129687798209725,3,100,5340,5,100,A3,Ours,11.23700000000008
10.913148400460482,3,100,5340,5,100,core,Ours,11.23700000000008
16.042234496358677,3,100,5340,5,100,A1,HOSVD,7.243000000000052
0.09545280613823547,3,100,5340,5,100,A2,HOSVD,7.243000000000052
2.727017988237432,3,100,5340,5,100,A3,HOSVD,7.243000000000052
13.37926768399618,3,100,5340,5,100,core,HOSVD,7.243000000000052
16.202110576242376,3,100,5340,5,100,A1,HOOI,11.221000000000004
0.09276285742656884,3,100,5340,5,100,A2,HOOI,11.221000000000004
2.7562031667328144,3,100,5340,5,100,A3,HOOI,11.221000000000004
13.413088209286718,3,100,5340,5,100,core,HOOI,11.221000000000004
52.33451232896602,3,100,5340,5,100,A1,Olga,10.718000000000075
3.9349132764146346,3,100,5340,5,100,A2,Olga,10.718000000000075
4.2764267107348095,3,100,5340,5,100,A3,Tracy,10.718000000000075
11.413730216425787,3,100,5340,5,100,core,Tracy_Olga,10.718000000000075
118.4333075231838,3,100,6117,5,100,A1,NTD,199.813
3.9847705525329893,3,100,6117,5,100,A2,NTD,199.813
6114.5921113578015,3,100,6117,5,100,A3,NTD,199.813
10.386140136609722,3,100,6117,5,100,core,NTD,199.813
20.136500729762332,3,100,6117,5,100,A1,Ours,6.94399999999996
0.32588664666246414,3,100,6117,5,100,A2,Ours,6.94399999999996
5.443153133764064,3,100,6117,5,100,A3,Ours,6.94399999999996
9.501852930465848,3,100,6117,5,100,core,Ours,6.94399999999996
19.863303296466324,3,100,6117,5,100,A1,HOOI,8.358999999999924
0.19814429544916531,3,100,6117,5,100,A2,HOOI,8.358999999999924
3.4031402838743516,3,100,6117,5,100,A3,HOOI,8.358999999999924
10.99830388058788,3,100,6117,5,100,core,HOOI,8.358999999999924
46.63590513979535,3,100,6117,5,100,A1,Olga,3.30499999999995
3.790630354502524,3,100,6117,5,100,A2,Olga,3.30499999999995
4.693989585655372,3,100,6117,5,100,A3,Tracy,3.30499999999995
8.054840720883478,3,100,6117,5,100,core,Tracy_Olga,3.30499999999995
117.04051418422199,3,100,6840,5,100,A1,NTD,214.25200000000007
3.9847615251942314,3,100,6840,5,100,A2,NTD,214.25200000000007
6837.610829671921,3,100,6840,5,100,A3,NTD,214.25200000000007
9.454052408242658,3,100,6840,5,100,core,NTD,214.25200000000007
20.49556632305695,3,100,6840,5,100,A1,Ours,14.109000000000151
0.06936603794795373,3,100,6840,5,100,A2,Ours,14.109000000000151
4.629961666643871,3,100,6840,5,100,A3,Ours,14.109000000000151
13.63652317947429,3,100,6840,5,100,core,Ours,14.109000000000151
20.49556632305695,3,100,6840,5,100,A1,HOSVD,9.697999999999865
0.06936603794795373,3,100,6840,5,100,A2,HOSVD,9.697999999999865
3.944995201199171,3,100,6840,5,100,A3,HOSVD,9.697999999999865
9.991040933454155,3,100,6840,5,100,core,HOSVD,9.697999999999865
20.752037019151622,3,100,6840,5,100,A1,HOOI,9.89799999999991
0.1185017093239917,3,100,6840,5,100,A2,HOOI,9.89799999999991
3.673337980732403,3,100,6840,5,100,A3,HOOI,9.89799999999991
12.02423620254117,3,100,6840,5,100,core,HOOI,9.89799999999991
113.00885921620275,3,100,7582,5,100,A1,NTD,239.53200000000015
1.9847802376523207,3,100,7582,5,100,A2,NTD,239.53200000000015
7579.584564619122,3,100,7582,5,100,A3,NTD,239.53200000000015
8.978500411343006,3,100,7582,5,100,core,NTD,239.53200000000015
16.32861693259031,3,100,7582,5,100,A1,Ours,9.024000000000115
0.14542691887902495,3,100,7582,5,100,A2,Ours,9.024000000000115
5.024480396324286,3,100,7582,5,100,A3,Ours,9.024000000000115
10.763377049263235,3,100,7582,5,100,core,Ours,9.024000000000115
16.32861693259031,3,100,7582,5,100,A1,HOSVD,3.321999999999889
0.14542691887902495,3,100,7582,5,100,A2,HOSVD,3.321999999999889
4.416151121028459,3,100,7582,5,100,A3,HOSVD,3.321999999999889
12.982925179560452,3,100,7582,5,100,core,HOSVD,3.321999999999889
15.908427983483714,3,100,7582,5,100,A1,HOOI,10.715000000000146
0.07515238849049848,3,100,7582,5,100,A2,HOOI,10.715000000000146
4.810206789476446,3,100,7582,5,100,A3,HOOI,10.715000000000146
8.196144231965068,3,100,7582,5,100,core,HOOI,10.715000000000146
70.88028315490234,3,100,7582,5,100,A1,Olga,5.419999999999845
3.8645717730911775,3,100,7582,5,100,A2,Olga,5.419999999999845
4.015857235954311,3,100,7582,5,100,A3,Tracy,5.419999999999845
14.684331853828407,3,100,7582,5,100,core,Tracy_Olga,5.419999999999845
122.11266336810088,3,100,8272,5,100,A1,NTD,258.83799999999997
3.928806610753593,3,100,8272,5,100,A2,NTD,258.83799999999997
8269.610537108952,3,100,8272,5,100,A3,NTD,258.83799999999997
11.63931042736565,3,100,8272,5,100,core,NTD,258.83799999999997
17.93218310862472,3,100,8272,5,100,A1,Ours,19.342000000000098
0.1751738527115604,3,100,8272,5,100,A2,Ours,19.342000000000098
5.403470049678996,3,100,8272,5,100,A3,Ours,19.342000000000098
8.241592928386087,3,100,8272,5,100,core,Ours,19.342000000000098
17.93218310862472,3,100,8272,5,100,A1,HOSVD,15.560999999999922
0.1751738527115604,3,100,8272,5,100,A2,HOSVD,15.560999999999922
3.8560627925213824,3,100,8272,5,100,A3,HOSVD,15.560999999999922
9.824501680595334,3,100,8272,5,100,core,HOSVD,15.560999999999922
14.837251701828574,3,100,8272,5,100,A1,HOOI,22.742999999999938
0.11418671817388759,3,100,8272,5,100,A2,HOOI,22.742999999999938
3.9037482062114415,3,100,8272,5,100,A3,HOOI,22.742999999999938
11.106121980724376,3,100,8272,5,100,core,HOOI,22.742999999999938
84.8733031176958,3,100,8272,5,100,A1,Olga,22.532000000000153
4.010069951825742,3,100,8272,5,100,A2,Olga,22.532000000000153
4.1590127527817256,3,100,8272,5,100,A3,Tracy,22.532000000000153
12.917802045662174,3,100,8272,5,100,core,Tracy_Olga,22.532000000000153
38.21873466173241,3,100,100,5,3000,A1,NTD,3.4470000000001164
0.37806052125985046,3,100,100,5,3000,A2,NTD,3.4470000000001164
97.00017994544108,3,100,100,5,3000,A3,NTD,3.4470000000001164
8.981439156533922,3,100,100,5,3000,core,NTD,3.4470000000001164
2.847931242555684,3,100,100,5,3000,A1,Ours,3.9039999999999964
0.02233478146081133,3,100,100,5,3000,A2,Ours,3.9039999999999964
0.0324901350751682,3,100,100,5,3000,A3,Ours,3.9039999999999964
12.755580528586608,3,100,100,5,3000,core,Ours,3.9039999999999964
2.847931242555684,3,100,100,5,3000,A1,HOSVD,4.129999999999882
0.02233478146081133,3,100,100,5,3000,A2,HOSVD,4.129999999999882
0.03249103544549368,3,100,100,5,3000,A3,HOSVD,4.129999999999882
12.755581209879587,3,100,100,5,3000,core,HOSVD,4.129999999999882
2.8366719165656438,3,100,100,5,3000,A1,HOOI,5.140999999999849
0.020282127240849098,3,100,100,5,3000,A2,HOOI,5.140999999999849
0.03257301546108481,3,100,100,5,3000,A3,HOOI,5.140999999999849
12.755201223076671,3,100,100,5,3000,core,HOOI,5.140999999999849
2.8392248278183145,3,100,100,5,3000,A1,Olga,6.598999999999933
0.018190439482085877,3,100,100,5,3000,A2,Olga,6.598999999999933
0.9300393706043696,3,100,100,5,3000,A3,Tracy,6.598999999999933
13.021864388610583,3,100,100,5,3000,core,Tracy_Olga,6.598999999999933
2.7221977925671395,3,100,500,5,3000,A1,NTD,13.999000000000024
0.19733154307719733,3,100,500,5,3000,A2,NTD,13.999000000000024
497.00031702514127,3,100,500,5,3000,A3,NTD,13.999000000000024
13.162520450838537,3,100,500,5,3000,core,NTD,13.999000000000024
4.486059169655923,3,100,500,5,3000,A1,Ours,5.490000000000009
0.028434722516982286,3,100,500,5,3000,A2,Ours,5.490000000000009
0.07787800012622331,3,100,500,5,3000,A3,Ours,5.490000000000009
12.682234527534167,3,100,500,5,3000,core,Ours,5.490000000000009
4.486059169655923,3,100,500,5,3000,A1,HOSVD,5.629999999999882
0.028434722516982286,3,100,500,5,3000,A2,HOSVD,5.629999999999882
0.07788175045339936,3,100,500,5,3000,A3,HOSVD,5.629999999999882
12.682167918506686,3,100,500,5,3000,core,HOSVD,5.629999999999882
4.512791612924624,3,100,500,5,3000,A1,HOOI,4.356999999999971
0.022264684749652295,3,100,500,5,3000,A2,HOOI,4.356999999999971
0.07793708188908441,3,100,500,5,3000,A3,HOOI,4.356999999999971
12.680984667072627,3,100,500,5,3000,core,HOOI,4.356999999999971
3.949516120345543,3,100,500,5,3000,A1,Olga,4.571999999999889
0.03922393467607671,3,100,500,5,3000,A2,Olga,4.571999999999889
1.2465451168184147,3,100,500,5,3000,A3,Tracy,4.571999999999889
13.089305926857634,3,100,500,5,3000,core,Tracy_Olga,4.571999999999889
2.7532097872523362,3,100,1000,5,3000,A1,NTD,33.25200000000018
0.39357379555865213,3,100,1000,5,3000,A2,NTD,33.25200000000018
997.0001236720559,3,100,1000,5,3000,A3,NTD,33.25200000000018
11.24840041022008,3,100,1000,5,3000,core,NTD,33.25200000000018
2.6856163279252394,3,100,1000,5,3000,A1,Ours,0.5239999999998872
0.015185563041194942,3,100,1000,5,3000,A2,Ours,0.5239999999998872
0.19120789270433247,3,100,1000,5,3000,A3,Ours,0.5239999999998872
13.07453536159752,3,100,1000,5,3000,core,Ours,0.5239999999998872
2.6856163279252394,3,100,1000,5,3000,A1,HOSVD,0.44499999999993634
0.015185563041194942,3,100,1000,5,3000,A2,HOSVD,0.44499999999993634
0.1911855882281079,3,100,1000,5,3000,A3,HOSVD,0.44499999999993634
13.074349941150237,3,100,1000,5,3000,core,HOSVD,0.44499999999993634
2.6787703457153293,3,100,1000,5,3000,A1,HOOI,0.7610000000001946
0.01708152529211511,3,100,1000,5,3000,A2,HOOI,0.7610000000001946
0.1866533235493892,3,100,1000,5,3000,A3,HOOI,0.7610000000001946
13.075498323703519,3,100,1000,5,3000,core,HOOI,0.7610000000001946
3.117626824413085,3,100,1000,5,3000,A1,Olga,0.5329999999999018
0.04879312828778612,3,100,1000,5,3000,A2,Olga,0.5329999999999018
1.3436367984585424,3,100,1000,5,3000,A3,Tracy,0.5329999999999018
13.14443173082711,3,100,1000,5,3000,core,Tracy_Olga,0.5329999999999018
3.1025005903334297,3,100,2496,5,3000,A1,NTD,89.77399999999989
3.1799209083055837,3,100,2496,5,3000,A2,NTD,89.77399999999989
2493.0669198944624,3,100,2496,5,3000,A3,NTD,89.77399999999989
10.853038123404659,3,100,2496,5,3000,core,NTD,89.77399999999989
3.959037130046574,3,100,2496,5,3000,A1,Ours,2.18100000000004
0.012333048682405763,3,100,2496,5,3000,A2,Ours,2.18100000000004
2.473004813381767,3,100,2496,5,3000,A3,Ours,2.18100000000004
12.890901177059137,3,100,2496,5,3000,core,Ours,2.18100000000004
3.959037130046574,3,100,2496,5,3000,A1,HOSVD,2.897999999999911
0.012333048682405763,3,100,2496,5,3000,A2,HOSVD,2.897999999999911
2.467809433970503,3,100,2496,5,3000,A3,HOSVD,2.897999999999911
12.88720934265923,3,100,2496,5,3000,core,HOSVD,2.897999999999911
3.95352749323759,3,100,2496,5,3000,A1,HOOI,3.0679999999999836
0.01273422250809599,3,100,2496,5,3000,A2,HOOI,3.0679999999999836
2.4626428588117015,3,100,2496,5,3000,A3,HOOI,3.0679999999999836
12.946779833068684,3,100,2496,5,3000,core,HOOI,3.0679999999999836
3.8580263329455713,3,100,2496,5,3000,A1,Olga,2.1230000000000473
0.08476259211352921,3,100,2496,5,3000,A2,Olga,2.1230000000000473
2.893467770399523,3,100,2496,5,3000,A3,Tracy,2.1230000000000473
12.89879604973587,3,100,2496,5,3000,core,Tracy_Olga,2.1230000000000473
69.21774611256522,3,100,4984,5,3000,A1,NTD,177.62900000000013
1.39017860655537,3,100,4984,5,3000,A2,NTD,177.62900000000013
4981.070812059696,3,100,4984,5,3000,A3,NTD,177.62900000000013
10.561564077337243,3,100,4984,5,3000,core,NTD,177.62900000000013
2.8259817807954,3,100,4984,5,3000,A1,Ours,5.706000000000131
0.02599552370982314,3,100,4984,5,3000,A2,Ours,5.706000000000131
2.520587843287818,3,100,4984,5,3000,A3,Ours,5.706000000000131
13.00289104593055,3,100,4984,5,3000,core,Ours,5.706000000000131
2.8259817807954,3,100,4984,5,3000,A1,HOSVD,3.479000000000269
0.02599552370982314,3,100,4984,5,3000,A2,HOSVD,3.479000000000269
2.499885203730197,3,100,4984,5,3000,A3,HOSVD,3.479000000000269
12.992018474827605,3,100,4984,5,3000,core,HOSVD,3.479000000000269
2.8242114573760615,3,100,4984,5,3000,A1,HOOI,7.295999999999822
0.02475361251292971,3,100,4984,5,3000,A2,HOOI,7.295999999999822
2.5013509732662844,3,100,4984,5,3000,A3,HOOI,7.295999999999822
12.99314235008309,3,100,4984,5,3000,core,HOOI,7.295999999999822
2.5459322499574633,3,100,4984,5,3000,A1,Olga,3.9160000000001673
4.4826951610696115,3,100,4984,5,3000,A2,Olga,3.9160000000001673
2.8972712336498656,3,100,4984,5,3000,A3,Tracy,3.9160000000001673
10.579370428889709,3,100,4984,5,3000,core,Tracy_Olga,3.9160000000001673
26.70967528801966,3,100,5983,5,3000,A1,NTD,202.3810000000003
1.8278869660269894,3,100,5983,5,3000,A2,NTD,202.3810000000003
5980.071863837408,3,100,5983,5,3000,A3,NTD,202.3810000000003
9.921816200581942,3,100,5983,5,3000,core,NTD,202.3810000000003
3.4656550323979913,3,100,5983,5,3000,A1,Ours,7.420999999999822
0.029300400510744267,3,100,5983,5,3000,A2,Ours,7.420999999999822
2.5164407830104256,3,100,5983,5,3000,A3,Ours,7.420999999999822
13.001976135549004,3,100,5983,5,3000,core,Ours,7.420999999999822
3.4656550323979913,3,100,5983,5,3000,A1,HOSVD,4.249000000000251
0.029300400510744267,3,100,5983,5,3000,A2,HOSVD,4.249000000000251
2.4871110241861865,3,100,5983,5,3000,A3,HOSVD,4.249000000000251
12.986561177930325,3,100,5983,5,3000,core,HOSVD,4.249000000000251
3.4692718977450667,3,100,5983,5,3000,A1,HOOI,7.619000000000142
0.02853645237175136,3,100,5983,5,3000,A2,HOOI,7.619000000000142
2.48912476143817,3,100,5983,5,3000,A3,HOOI,7.619000000000142
12.992188071132793,3,100,5983,5,3000,core,HOOI,7.619000000000142
3.429649232648062,3,100,5983,5,3000,A1,Olga,7.096000000000004
3.9619366628931907,3,100,5983,5,3000,A2,Olga,7.096000000000004
2.884544352830313,3,100,5983,5,3000,A3,Tracy,7.096000000000004
11.462415406410296,3,100,5983,5,3000,core,Tracy_Olga,7.096000000000004
2.934688101526892,3,100,6972,5,3000,A1,NTD,221.79899999999998
4.245294776533247,3,100,6972,5,3000,A2,NTD,221.79899999999998
6969.052518272497,3,100,6972,5,3000,A3,NTD,221.79899999999998
9.374352365950728,3,100,6972,5,3000,core,NTD,221.79899999999998
2.798820082565734,3,100,6972,5,3000,A1,Ours,7.936999999999898
0.01275417672920415,3,100,6972,5,3000,A2,Ours,7.936999999999898
2.538440773765793,3,100,6972,5,3000,A3,Ours,7.936999999999898
12.845952630251865,3,100,6972,5,3000,core,Ours,7.936999999999898
2.798820082565734,3,100,6972,5,3000,A1,HOSVD,2.431999999999789
0.01275417672920415,3,100,6972,5,3000,A2,HOSVD,2.431999999999789
2.4974435928223784,3,100,6972,5,3000,A3,HOSVD,2.431999999999789
12.823988515900224,3,100,6972,5,3000,core,HOSVD,2.431999999999789
2.7992365551306895,3,100,6972,5,3000,A1,HOOI,6.265000000000327
0.012377458510730138,3,100,6972,5,3000,A2,HOOI,6.265000000000327
2.4978871101792426,3,100,6972,5,3000,A3,HOOI,6.265000000000327
12.818327345220649,3,100,6972,5,3000,core,HOOI,6.265000000000327
3.175746439630532,3,100,6972,5,3000,A1,Olga,4.552999999999884
3.6457445642555957,3,100,6972,5,3000,A2,Olga,4.552999999999884
2.9052731914085164,3,100,6972,5,3000,A3,Tracy,4.552999999999884
11.881665103721652,3,100,6972,5,3000,core,Tracy_Olga,4.552999999999884
2.4628626248485004,3,100,7967,5,3000,A1,NTD,258.31100000000015
1.984777202776355,3,100,7967,5,3000,A2,NTD,258.31100000000015
7964.093042614414,3,100,7967,5,3000,A3,NTD,258.31100000000015
12.891959225403859,3,100,7967,5,3000,core,NTD,258.31100000000015
2.8077067346308104,3,100,7967,5,3000,A1,Ours,20.259999999999764
0.016292281967237518,3,100,7967,5,3000,A2,Ours,20.259999999999764
2.5405079373677735,3,100,7967,5,3000,A3,Ours,20.259999999999764
13.408471537939008,3,100,7967,5,3000,core,Ours,20.259999999999764
2.8077067346308104,3,100,7967,5,3000,A1,HOSVD,8.802999999999884
0.016292281967237518,3,100,7967,5,3000,A2,HOSVD,8.802999999999884
2.487864790610754,3,100,7967,5,3000,A3,HOSVD,8.802999999999884
13.385008492355368,3,100,7967,5,3000,core,HOSVD,8.802999999999884
2.8034882551112084,3,100,7967,5,3000,A1,HOOI,11.210000000000036
0.01590934403419699,3,100,7967,5,3000,A2,HOOI,11.210000000000036
2.4887806042194764,3,100,7967,5,3000,A3,HOOI,11.210000000000036
13.383162276607248,3,100,7967,5,3000,core,HOOI,11.210000000000036
2.6369681067707376,3,100,7967,5,3000,A1,Olga,6.023000000000138
3.9210402715348063,3,100,7967,5,3000,A2,Olga,6.023000000000138
2.9058271996917404,3,100,7967,5,3000,A3,Tracy,6.023000000000138
11.512447273307249,3,100,7967,5,3000,core,Tracy_Olga,6.023000000000138
2.1996172523775748,3,100,8950,5,3000,A1,NTD,282.91100000000006
4.245299503583969,3,100,8950,5,3000,A2,NTD,282.91100000000006
8947.087684175865,3,100,8950,5,3000,A3,NTD,282.91100000000006
10.551805574324964,3,100,8950,5,3000,core,NTD,282.91100000000006
4.561208078117888,3,100,8950,5,3000,A1,Ours,12.040999999999713
0.009574926134965916,3,100,8950,5,3000,A2,Ours,12.040999999999713
2.5616432268104155,3,100,8950,5,3000,A3,Ours,12.040999999999713
13.003324244513108,3,100,8950,5,3000,core,Ours,12.040999999999713
4.561208078117888,3,100,8950,5,3000,A1,HOSVD,3.2219999999997526
0.009574926134965916,3,100,8950,5,3000,A2,HOSVD,3.2219999999997526
2.494555044979276,3,100,8950,5,3000,A3,HOSVD,3.2219999999997526
12.967559727995999,3,100,8950,5,3000,core,HOSVD,3.2219999999997526
4.544455759878929,3,100,8950,5,3000,A1,HOOI,9.04800000000023
0.013762875860888106,3,100,8950,5,3000,A2,HOOI,9.04800000000023
2.4954728707689484,3,100,8950,5,3000,A3,HOOI,9.04800000000023
12.970180955464299,3,100,8950,5,3000,core,HOOI,9.04800000000023
2.972106654348067,3,100,8950,5,3000,A1,Olga,5.619000000000142
3.800849154988635,3,100,8950,5,3000,A2,Olga,5.619000000000142
2.91044832387656,3,100,8950,5,3000,A3,Tracy,5.619000000000142
13.28339987658792,3,100,8950,5,3000,core,Tracy_Olga,5.619000000000142
4.269436723419926,3,100,9933,5,3000,A1,NTD,314.76800000000003
4.192326730182961,3,100,9933,5,3000,A2,NTD,314.76800000000003
9930.09677848662,3,100,9933,5,3000,A3,NTD,314.76800000000003
9.994980653263452,3,100,9933,5,3000,core,NTD,314.76800000000003
3.1862228478873837,3,100,9933,5,3000,A1,Ours,30.891000000000076
0.011691862155267196,3,100,9933,5,3000,A2,Ours,30.891000000000076
2.584971983922039,3,100,9933,5,3000,A3,Ours,30.891000000000076
13.066649731466699,3,100,9933,5,3000,core,Ours,30.891000000000076
3.1862228478873837,3,100,9933,5,3000,A1,HOSVD,20.130999999999858
0.011691862155267196,3,100,9933,5,3000,A2,HOSVD,20.130999999999858
2.5018166854544712,3,100,9933,5,3000,A3,HOSVD,20.130999999999858
13.016509808247543,3,100,9933,5,3000,core,HOSVD,20.130999999999858
3.1640457285289263,3,100,9933,5,3000,A1,HOOI,27.29599999999982
0.016677251579688298,3,100,9933,5,3000,A2,HOOI,27.29599999999982
2.502635335658972,3,100,9933,5,3000,A3,HOOI,27.29599999999982
13.019597468258207,3,100,9933,5,3000,core,HOOI,27.29599999999982
3.6860519083153087,3,100,9933,5,3000,A1,Olga,21.659000000000106
3.912914184724583,3,100,9933,5,3000,A2,Olga,21.659000000000106
2.9205664725494067,3,100,9933,5,3000,A3,Tracy,21.659000000000106
11.539663328602666,3,100,9933,5,3000,core,Tracy_Olga,21.659000000000106
16.28214234970456,3,100,100,5,10000,A1,NTD,3.5650000000000546
1.2295880437402962,3,100,100,5,10000,A2,NTD,3.5650000000000546
97.00017994544108,3,100,100,5,10000,A3,NTD,3.5650000000000546
13.128960159164913,3,100,100,5,10000,core,NTD,3.5650000000000546
1.686624595568094,3,100,100,5,10000,A1,Ours,3.29300000000012
0.011043548469889143,3,100,100,5,10000,A2,Ours,3.29300000000012
0.01933100926144059,3,100,100,5,10000,A3,Ours,3.29300000000012
12.732737840139684,3,100,100,5,10000,core,Ours,3.29300000000012
1.686624595568094,3,100,100,5,10000,A1,HOSVD,3.286000000000058
0.011043548469889143,3,100,100,5,10000,A2,HOSVD,3.286000000000058
0.019331118425316065,3,100,100,5,10000,A3,HOSVD,3.286000000000058
12.732738010721713,3,100,100,5,10000,core,HOSVD,3.286000000000058
1.6790742656825368,3,100,100,5,10000,A1,HOOI,3.3479999999999563
0.010422307240906778,3,100,100,5,10000,A2,HOOI,3.3479999999999563
0.019296284124287112,3,100,100,5,10000,A3,HOOI,3.3479999999999563
12.732886165745892,3,100,100,5,10000,core,HOOI,3.3479999999999563
1.7193757824878513,3,100,100,5,10000,A1,Olga,3.0289999999999964
0.013353624198823914,3,100,100,5,10000,A2,Olga,3.0289999999999964
0.9288322340950607,3,100,100,5,10000,A3,Tracy,3.0289999999999964
13.04549493671485,3,100,100,5,10000,core,Tracy_Olga,3.0289999999999964
6.3134962038321865,3,100,500,5,10000,A1,NTD,14.389000000000124
0.5684576020297836,3,100,500,5,10000,A2,NTD,14.389000000000124
497.00000233059734,3,100,500,5,10000,A3,NTD,14.389000000000124
11.077367643556814,3,100,500,5,10000,core,NTD,14.389000000000124
1.7909133429632518,3,100,500,5,10000,A1,Ours,3.1030000000000655
0.013837510623638749,3,100,500,5,10000,A2,Ours,3.1030000000000655
0.043005926908859335,3,100,500,5,10000,A3,Ours,3.1030000000000655
12.738789097613914,3,100,500,5,10000,core,Ours,3.1030000000000655
1.7909133429632518,3,100,500,5,10000,A1,HOSVD,3.298999999999978
0.013837510623638749,3,100,500,5,10000,A2,HOSVD,3.298999999999978
0.04300036775784479,3,100,500,5,10000,A3,HOSVD,3.298999999999978
12.73877560995569,3,100,500,5,10000,core,HOSVD,3.298999999999978
1.7942437239387514,3,100,500,5,10000,A1,HOOI,3.3469999999997526
0.01152338631163755,3,100,500,5,10000,A2,HOOI,3.3469999999997526
0.0430322197173547,3,100,500,5,10000,A3,HOOI,3.3469999999997526
12.739515791497398,3,100,500,5,10000,core,HOOI,3.3469999999997526
1.6043759145785217,3,100,500,5,10000,A1,Olga,3.543999999999869
0.01460477973527361,3,100,500,5,10000,A2,Olga,3.543999999999869
1.2410577456705785,3,100,500,5,10000,A3,Tracy,3.543999999999869
13.017511317635217,3,100,500,5,10000,core,Tracy_Olga,3.543999999999869
6.551986195413864,3,100,1000,5,10000,A1,NTD,30.88799999999992
0.3298751883456891,3,100,1000,5,10000,A2,NTD,30.88799999999992
997.0000809429325,3,100,1000,5,10000,A3,NTD,30.88799999999992
12.700617317414517,3,100,1000,5,10000,core,NTD,30.88799999999992
1.8565513296927976,3,100,1000,5,10000,A1,Ours,0.4830000000001746
0.012607541941805748,3,100,1000,5,10000,A2,Ours,0.4830000000001746
0.20707023078291908,3,100,1000,5,10000,A3,Ours,0.4830000000001746
12.995564385318058,3,100,1000,5,10000,core,Ours,0.4830000000001746
1.8565513296927976,3,100,1000,5,10000,A1,HOSVD,0.38699999999971624
0.012607541941805748,3,100,1000,5,10000,A2,HOSVD,0.38699999999971624
0.2070311875940891,3,100,1000,5,10000,A3,HOSVD,0.38699999999971624
12.995525389632299,3,100,1000,5,10000,core,HOSVD,0.38699999999971624
1.852022723695357,3,100,1000,5,10000,A1,HOOI,1.349999999999909
0.011153834227456718,3,100,1000,5,10000,A2,HOOI,1.349999999999909
0.20560563360051043,3,100,1000,5,10000,A3,HOOI,1.349999999999909
12.997592580861001,3,100,1000,5,10000,core,HOOI,1.349999999999909
1.5096637709757341,3,100,1000,5,10000,A1,Olga,0.6310000000003129
0.0021800074558258583,3,100,1000,5,10000,A2,Olga,0.6310000000003129
1.3615335247302554,3,100,1000,5,10000,A3,Tracy,0.6310000000003129
12.986946580535168,3,100,1000,5,10000,core,Tracy_Olga,0.6310000000003129
3.7688341129318648,3,100,2500,5,10000,A1,NTD,88.7539999999999
0.34532485264075286,3,100,2500,5,10000,A2,NTD,88.7539999999999
2497.000280966029,3,100,2500,5,10000,A3,NTD,88.7539999999999
10.100367978747391,3,100,2500,5,10000,core,NTD,88.7539999999999
1.450212854663415,3,100,2500,5,10000,A1,Ours,2.0839999999998327
0.023061656119937598,3,100,2500,5,10000,A2,Ours,2.0839999999998327
1.1352732455372736,3,100,2500,5,10000,A3,Ours,2.0839999999998327
13.35073468946275,3,100,2500,5,10000,core,Ours,2.0839999999998327
1.450212854663415,3,100,2500,5,10000,A1,HOSVD,1.699999999999818
0.023061656119937598,3,100,2500,5,10000,A2,HOSVD,1.699999999999818
1.1350221883754394,3,100,2500,5,10000,A3,HOSVD,1.699999999999818
13.34952949968317,3,100,2500,5,10000,core,HOSVD,1.699999999999818
1.444601069387393,3,100,2500,5,10000,A1,HOOI,4.003999999999905
0.022917893746353345,3,100,2500,5,10000,A2,HOOI,4.003999999999905
1.149424256186623,3,100,2500,5,10000,A3,HOOI,4.003999999999905
13.357269693314267,3,100,2500,5,10000,core,HOOI,4.003999999999905
1.681387275723182,3,100,2500,5,10000,A1,Olga,1.20699999999988
0.02360468383943638,3,100,2500,5,10000,A2,Olga,1.20699999999988
1.4256362074588704,3,100,2500,5,10000,A3,Tracy,1.20699999999988
13.090856043914403,3,100,2500,5,10000,core,Tracy_Olga,1.20699999999988
4.745319609744505,3,100,4996,5,10000,A1,NTD,180.41699999999992
0.18519898381037792,3,100,4996,5,10000,A2,NTD,180.41699999999992
4993.029927647342,3,100,4996,5,10000,A3,NTD,180.41699999999992
12.364085280119937,3,100,4996,5,10000,core,NTD,180.41699999999992
1.483120274477333,3,100,4996,5,10000,A1,Ours,5.855000000000018
0.011248035698832586,3,100,4996,5,10000,A2,Ours,5.855000000000018
2.4880962197734773,3,100,4996,5,10000,A3,Ours,5.855000000000018
12.98129867077099,3,100,4996,5,10000,core,Ours,5.855000000000018
1.483120274477333,3,100,4996,5,10000,A1,HOSVD,2.3910000000000764
0.011248035698832586,3,100,4996,5,10000,A2,HOSVD,2.3910000000000764
2.486075672990157,3,100,4996,5,10000,A3,HOSVD,2.3910000000000764
12.9807939781991,3,100,4996,5,10000,core,HOSVD,2.3910000000000764
1.4752377874303886,3,100,4996,5,10000,A1,HOOI,4.713999999999942
0.011537056937889398,3,100,4996,5,10000,A2,HOOI,4.713999999999942
2.4858543475982353,3,100,4996,5,10000,A3,HOOI,4.713999999999942
12.978010451643552,3,100,4996,5,10000,core,HOOI,4.713999999999942
1.7322133948983875,3,100,4996,5,10000,A1,Olga,4.34900000000016
0.032153093655812044,3,100,4996,5,10000,A2,Olga,4.34900000000016
2.9305807205502084,3,100,4996,5,10000,A3,Tracy,4.34900000000016
12.972042683571127,3,100,4996,5,10000,core,Tracy_Olga,4.34900000000016
2.671917133780276,3,100,5993,5,10000,A1,NTD,202.625
0.13674952503706475,3,100,5993,5,10000,A2,NTD,202.625
5990.034594165534,3,100,5993,5,10000,A3,NTD,202.625
8.17886700852423,3,100,5993,5,10000,core,NTD,202.625
1.2336177757317754,3,100,5993,5,10000,A1,Ours,6.564000000000306
0.01987469050091472,3,100,5993,5,10000,A2,Ours,6.564000000000306
2.484206909389285,3,100,5993,5,10000,A3,Ours,6.564000000000306
12.973089568769645,3,100,5993,5,10000,core,Ours,6.564000000000306
1.2336177757317754,3,100,5993,5,10000,A1,HOSVD,2.155999999999949
0.01987469050091472,3,100,5993,5,10000,A2,HOSVD,2.155999999999949
2.481579982684383,3,100,5993,5,10000,A3,HOSVD,2.155999999999949
12.97179386211616,3,100,5993,5,10000,core,HOSVD,2.155999999999949
1.2357482753324427,3,100,5993,5,10000,A1,HOOI,5.587999999999738
0.01999057265998055,3,100,5993,5,10000,A2,HOOI,5.587999999999738
2.4814130230203153,3,100,5993,5,10000,A3,HOOI,5.587999999999738
12.970370556502957,3,100,5993,5,10000,core,HOOI,5.587999999999738
1.531561265268973,3,100,5993,5,10000,A1,Olga,3.4390000000003056
0.03947000362263777,3,100,5993,5,10000,A2,Olga,3.4390000000003056
2.8834271517537733,3,100,5993,5,10000,A3,Tracy,3.4390000000003056
12.954517432247362,3,100,5993,5,10000,core,Tracy_Olga,3.4390000000003056
2.492239241973585,3,100,6990,5,10000,A1,NTD,222.6820000000007
1.1432495121742805,3,100,6990,5,10000,A2,NTD,222.6820000000007
6987.040001190727,3,100,6990,5,10000,A3,NTD,222.6820000000007
11.51461086817172,3,100,6990,5,10000,core,NTD,222.6820000000007
1.7727878767951046,3,100,6990,5,10000,A1,Ours,7.898000000000138
0.009470942693608467,3,100,6990,5,10000,A2,Ours,7.898000000000138
2.5064852940603113,3,100,6990,5,10000,A3,Ours,7.898000000000138
12.73816590974692,3,100,6990,5,10000,core,Ours,7.898000000000138
1.7727878767951046,3,100,6990,5,10000,A1,HOSVD,2.3400000000001455
0.009470942693608467,3,100,6990,5,10000,A2,HOSVD,2.3400000000001455
2.5029287947674215,3,100,6990,5,10000,A3,HOSVD,2.3400000000001455
12.736216180841716,3,100,6990,5,10000,core,HOSVD,2.3400000000001455
1.770204615343387,3,100,6990,5,10000,A1,HOOI,6.897000000000844
0.01044804135987182,3,100,6990,5,10000,A2,HOOI,6.897000000000844
2.5032019106910455,3,100,6990,5,10000,A3,HOOI,6.897000000000844
12.7415126055101,3,100,6990,5,10000,core,HOOI,6.897000000000844
1.6916011505058632,3,100,6990,5,10000,A1,Olga,4.418000000000575
0.07007769900348504,3,100,6990,5,10000,A2,Olga,4.418000000000575
2.9357274227220977,3,100,6990,5,10000,A3,Tracy,4.418000000000575
13.491028250891482,3,100,6990,5,10000,core,Tracy_Olga,4.418000000000575
2.6311781270099144,3,100,7991,5,10000,A1,NTD,248.82600000000002
1.1272761510988585,3,100,7991,5,10000,A2,NTD,248.82600000000002
7988.039864632612,3,100,7991,5,10000,A3,NTD,248.82600000000002
12.486707489647044,3,100,7991,5,10000,core,NTD,248.82600000000002
1.4749961079892804,3,100,7991,5,10000,A1,Ours,10.076000000000022
0.022523319347553354,3,100,7991,5,10000,A2,Ours,10.076000000000022
2.5083305160085905,3,100,7991,5,10000,A3,Ours,10.076000000000022
13.00207193147991,3,100,7991,5,10000,core,Ours,10.076000000000022
1.4749961079892804,3,100,7991,5,10000,A1,HOSVD,2.613999999999578
0.022523319347553354,3,100,7991,5,10000,A2,HOSVD,2.613999999999578
2.505959058518691,3,100,7991,5,10000,A3,HOSVD,2.613999999999578
12.994629843568134,3,100,7991,5,10000,core,HOSVD,2.613999999999578
1.472332791595349,3,100,7991,5,10000,A1,HOOI,7.627999999999702
0.022349026328650178,3,100,7991,5,10000,A2,HOOI,7.627999999999702
2.5154161239842514,3,100,7991,5,10000,A3,HOOI,7.627999999999702
12.954054330104736,3,100,7991,5,10000,core,HOOI,7.627999999999702
1.4025044631351258,3,100,7991,5,10000,A1,Olga,4.832999999999629
0.040082664628653716,3,100,7991,5,10000,A2,Olga,4.832999999999629
2.9172889578403005,3,100,7991,5,10000,A3,Tracy,4.832999999999629
13.411827076750466,3,100,7991,5,10000,core,Tracy_Olga,4.832999999999629
4.959580647380022,3,100,8993,5,10000,A1,NTD,286.58200000000033
1.1663295070249833,3,100,8993,5,10000,A2,NTD,286.58200000000033
8990.031676269635,3,100,8993,5,10000,A3,NTD,286.58200000000033
13.11733121768649,3,100,8993,5,10000,core,NTD,286.58200000000033
1.8645861845381049,3,100,8993,5,10000,A1,Ours,12.730000000000473
0.0070934578077518975,3,100,8993,5,10000,A2,Ours,12.730000000000473
2.4882015922567673,3,100,8993,5,10000,A3,Ours,12.730000000000473
12.982851833916852,3,100,8993,5,10000,core,Ours,12.730000000000473
1.8645861845381049,3,100,8993,5,10000,A1,HOSVD,3.048999999999978
0.0070934578077518975,3,100,8993,5,10000,A2,HOSVD,3.048999999999978
2.4821575453957965,3,100,8993,5,10000,A3,HOSVD,3.048999999999978
12.979909884902924,3,100,8993,5,10000,core,HOSVD,3.048999999999978
1.8763250513475407,3,100,8993,5,10000,A1,HOOI,9.314000000000306
0.0074531883424375275,3,100,8993,5,10000,A2,HOOI,9.314000000000306
2.482559430112571,3,100,8993,5,10000,A3,HOOI,9.314000000000306
12.98049332735307,3,100,8993,5,10000,core,HOOI,9.314000000000306
1.7199964433625081,3,100,8993,5,10000,A1,Olga,5.364999999999782
0.029810757452030684,3,100,8993,5,10000,A2,Olga,5.364999999999782
2.893234236799874,3,100,8993,5,10000,A3,Tracy,5.364999999999782
12.934198614308265,3,100,8993,5,10000,core,Tracy_Olga,5.364999999999782
2.3375535757352184,3,100,9983,5,10000,A1,NTD,295.79399999999987
0.5556880560473568,3,100,9983,5,10000,A2,NTD,295.79399999999987
9980.03544102288,3,100,9983,5,10000,A3,NTD,295.79399999999987
12.227391808160949,3,100,9983,5,10000,core,NTD,295.79399999999987
1.624524395205402,3,100,9983,5,10000,A1,Ours,11.987999999999374
0.02582166300705887,3,100,9983,5,10000,A2,Ours,11.987999999999374
2.4734548420541826,3,100,9983,5,10000,A3,Ours,11.987999999999374
12.95772980492388,3,100,9983,5,10000,core,Ours,11.987999999999374
1.624524395205402,3,100,9983,5,10000,A1,HOSVD,2.5150000000003274
0.02582166300705887,3,100,9983,5,10000,A2,HOSVD,2.5150000000003274
2.466148805702456,3,100,9983,5,10000,A3,HOSVD,2.5150000000003274
12.954335472994789,3,100,9983,5,10000,core,HOSVD,2.5150000000003274
1.6248456012642911,3,100,9983,5,10000,A1,HOOI,10.809000000000196
0.025308900837139263,3,100,9983,5,10000,A2,HOOI,10.809000000000196
2.467198670971605,3,100,9983,5,10000,A3,HOOI,10.809000000000196
12.957961365187103,3,100,9983,5,10000,core,HOOI,10.809000000000196
1.7428909254604703,3,100,9983,5,10000,A1,Olga,5.686000000000604
0.09516403376459745,3,100,9983,5,10000,A2,Olga,5.686000000000604
2.885092695169606,3,100,9983,5,10000,A3,Tracy,5.686000000000604
12.964195944483667,3,100,9983,5,10000,core,Tracy_Olga,5.686000000000604
