error,K,Q1,R,Q2,M,mode,method,time
6.521154698657273,3,100,100,5,100,A1,NTD,4.434
3.8240123328483806,3,100,100,5,100,A2,NTD,4.434
97.00175840970803,3,100,100,5,100,A3,NTD,4.434
13.85968483226011,3,100,100,5,100,core,NTD,4.434
19.91392044502613,3,100,100,5,100,A1,Ours,2.2719999999999985
0.08578034890584758,3,100,100,5,100,A2,Ours,2.2719999999999985
0.1852507805248646,3,100,100,5,100,A3,Ours,2.2719999999999985
11.981666192933407,3,100,100,5,100,core,Ours,2.2719999999999985
19.91392044502613,3,100,100,5,100,A1,HOSVD,2.259000000000002
0.08578034890584758,3,100,100,5,100,A2,HOSVD,2.259000000000002
0.18897973225913517,3,100,100,5,100,A3,HOSVD,2.259000000000002
11.982496047827436,3,100,100,5,100,core,HOSVD,2.259000000000002
18.86361295616019,3,100,100,5,100,A1,HOOI,2.4330000000000034
0.09418237111383768,3,100,100,5,100,A2,HOOI,2.4330000000000034
0.17580928799076756,3,100,100,5,100,A3,HOOI,2.4330000000000034
11.984506166383811,3,100,100,5,100,core,HOOI,2.4330000000000034
19.24999870833438,3,100,100,5,100,A1,Olga,1.6090000000000018
0.09688766338942248,3,100,100,5,100,A2,Olga,1.6090000000000018
1.087610987702794,3,100,100,5,100,A3,Tracy,1.6090000000000018
11.998914010332191,3,100,100,5,100,core,Tracy_Olga,1.6090000000000018
5.769792813741038,3,100,498,5,100,A1,NTD,20.517000000000003
2.907961534984423,3,100,498,5,100,A2,NTD,20.517000000000003
495.1494046164094,3,100,498,5,100,A3,NTD,20.517000000000003
11.089400979967108,3,100,498,5,100,core,NTD,20.517000000000003
18.20826349065446,3,100,498,5,100,A1,Ours,0.8419999999999987
0.027277795391752697,3,100,498,5,100,A2,Ours,0.8419999999999987
2.668196694998491,3,100,498,5,100,A3,Ours,0.8419999999999987
8.218576532067257,3,100,498,5,100,core,Ours,0.8419999999999987
18.20826349065446,3,100,498,5,100,A1,HOSVD,2.8489999999999966
0.027277795391752697,3,100,498,5,100,A2,HOSVD,2.8489999999999966
2.5121491452817195,3,100,498,5,100,A3,HOSVD,2.8489999999999966
8.232958422253047,3,100,498,5,100,core,HOSVD,2.8489999999999966
18.442397224202534,3,100,498,5,100,A1,HOOI,5.708999999999996
0.03263903882247092,3,100,498,5,100,A2,HOOI,5.708999999999996
2.5217852167275283,3,100,498,5,100,A3,HOOI,5.708999999999996
8.208174408804874,3,100,498,5,100,core,HOOI,5.708999999999996
21.587542467118887,3,100,498,5,100,A1,Olga,4.043000000000006
0.6218765987739436,3,100,498,5,100,A2,Olga,4.043000000000006
2.7359042016864787,3,100,498,5,100,A3,Tracy,4.043000000000006
12.40844887629666,3,100,498,5,100,core,Tracy_Olga,4.043000000000006
9.956504360378203,3,100,988,5,100,A1,NTD,37.336
2.9077845968230376,3,100,988,5,100,A2,NTD,37.336
985.2024722888655,3,100,988,5,100,A3,NTD,37.336
10.410841742240523,3,100,988,5,100,core,NTD,37.336
13.299514640608274,3,100,988,5,100,A1,Ours,7.189999999999998
0.12354697137078469,3,100,988,5,100,A2,Ours,7.189999999999998
4.504485110118175,3,100,988,5,100,A3,Ours,7.189999999999998
14.166530501985902,3,100,988,5,100,core,Ours,7.189999999999998
13.299514640608274,3,100,988,5,100,A1,HOSVD,10.292000000000002
0.12354697137078469,3,100,988,5,100,A2,HOSVD,10.292000000000002
2.4540006661686817,3,100,988,5,100,A3,HOSVD,10.292000000000002
10.108226022117515,3,100,988,5,100,core,HOSVD,10.292000000000002
13.168736573009756,3,100,988,5,100,A1,HOOI,9.462999999999994
0.1334747936323834,3,100,988,5,100,A2,HOOI,9.462999999999994
2.4739652627573916,3,100,988,5,100,A3,HOOI,9.462999999999994
10.073192960552309,3,100,988,5,100,core,HOOI,9.462999999999994
26.294749583338287,3,100,988,5,100,A1,Olga,8.685999999999993
1.1596951090489973,3,100,988,5,100,A2,Olga,8.685999999999993
2.8029880552673996,3,100,988,5,100,A3,Tracy,8.685999999999993
12.79064414799126,3,100,988,5,100,core,Tracy_Olga,8.685999999999993
48.274106580767004,3,100,2394,5,100,A1,NTD,90.05599999999998
2.8914599499004683,3,100,2394,5,100,A2,NTD,90.05599999999998
2391.356551362354,3,100,2394,5,100,A3,NTD,90.05599999999998
13.340682273553337,3,100,2394,5,100,core,NTD,90.05599999999998
22.347212575500805,3,100,2394,5,100,A1,Ours,2.1040000000000134
0.17379813863264945,3,100,2394,5,100,A2,Ours,2.1040000000000134
4.438878109116412,3,100,2394,5,100,A3,Ours,2.1040000000000134
10.392890664757214,3,100,2394,5,100,core,Ours,2.1040000000000134
22.347212575500805,3,100,2394,5,100,A1,HOSVD,0.8629999999999995
0.17379813863264945,3,100,2394,5,100,A2,HOSVD,0.8629999999999995
2.551693795830459,3,100,2394,5,100,A3,HOSVD,0.8629999999999995
12.029153598149879,3,100,2394,5,100,core,HOSVD,0.8629999999999995
22.25657382325788,3,100,2394,5,100,A1,HOOI,3.752999999999986
0.15041685627832702,3,100,2394,5,100,A2,HOOI,3.752999999999986
2.580605586883497,3,100,2394,5,100,A3,HOOI,3.752999999999986
12.083115489814707,3,100,2394,5,100,core,HOOI,3.752999999999986
44.444521797340485,3,100,2394,5,100,A1,Olga,5.609000000000009
5.16946026234847,3,100,2394,5,100,A2,Olga,5.609000000000009
2.981466660420785,3,100,2394,5,100,A3,Tracy,5.609000000000009
12.007765700997803,3,100,2394,5,100,core,Tracy_Olga,5.609000000000009
117.78304400344693,3,100,4531,5,100,A1,NTD,161.80299999999997
2.891513201178936,3,100,4531,5,100,A2,NTD,161.80299999999997
4528.514961049458,3,100,4531,5,100,A3,NTD,161.80299999999997
12.669090875351959,3,100,4531,5,100,core,NTD,161.80299999999997
16.222890451595177,3,100,4531,5,100,A1,Ours,5.013000000000034
0.0822606197166881,3,100,4531,5,100,A2,Ours,5.013000000000034
5.232869064599247,3,100,4531,5,100,A3,Ours,5.013000000000034
11.892673505284064,3,100,4531,5,100,core,Ours,5.013000000000034
16.222890451595177,3,100,4531,5,100,A1,HOSVD,2.5579999999999927
0.0822606197166881,3,100,4531,5,100,A2,HOSVD,2.5579999999999927
2.6471940774723914,3,100,4531,5,100,A3,HOSVD,2.5579999999999927
15.165180298146808,3,100,4531,5,100,core,HOSVD,2.5579999999999927
14.752042081462225,3,100,4531,5,100,A1,HOOI,6.5989999999999895
0.07319235869151078,3,100,4531,5,100,A2,HOOI,6.5989999999999895
3.840817521900194,3,100,4531,5,100,A3,HOOI,6.5989999999999895
9.99709884474608,3,100,4531,5,100,core,HOOI,6.5989999999999895
88.33927318732101,3,100,4531,5,100,A1,Olga,9.860000000000014
3.58092824804265,3,100,4531,5,100,A2,Olga,9.860000000000014
3.9347375905879005,3,100,4531,5,100,A3,Tracy,9.860000000000014
10.990991150759694,3,100,4531,5,100,core,Tracy_Olga,9.860000000000014
121.20851701168503,3,100,5311,5,100,A1,NTD,188.02599999999995
2.891437047079409,3,100,5311,5,100,A2,NTD,188.02599999999995
5308.506467427238,3,100,5311,5,100,A3,NTD,188.02599999999995
11.352776698336637,3,100,5311,5,100,core,NTD,188.02599999999995
15.611818411528432,3,100,5311,5,100,A1,Ours,6.15300000000002
0.16048614579361664,3,100,5311,5,100,A2,Ours,6.15300000000002
4.764232052098998,3,100,5311,5,100,A3,Ours,6.15300000000002
12.741092689721969,3,100,5311,5,100,core,Ours,6.15300000000002
15.611818411528432,3,100,5311,5,100,A1,HOSVD,1.975999999999999
0.16048614579361664,3,100,5311,5,100,A2,HOSVD,1.975999999999999
2.6951058190822637,3,100,5311,5,100,A3,HOSVD,1.975999999999999
13.17905246611893,3,100,5311,5,100,core,HOSVD,1.975999999999999
15.651715322203042,3,100,5311,5,100,A1,HOOI,6.879000000000019
0.11467637166691635,3,100,5311,5,100,A2,HOOI,6.879000000000019
4.027279714332062,3,100,5311,5,100,A3,HOOI,6.879000000000019
8.007162847633596,3,100,5311,5,100,core,HOOI,6.879000000000019
90.25186779229888,3,100,5311,5,100,A1,Olga,2.757000000000062
4.281927507346073,3,100,5311,5,100,A2,Olga,2.757000000000062
3.0867255994290286,3,100,5311,5,100,A3,Tracy,2.757000000000062
10.910289482672354,3,100,5311,5,100,core,Tracy_Olga,2.757000000000062
122.51147388727168,3,100,6098,5,100,A1,NTD,205.188
4.891469388712137,3,100,6098,5,100,A2,NTD,205.188
6095.588237727873,3,100,6098,5,100,A3,NTD,205.188
11.332623177050111,3,100,6098,5,100,core,NTD,205.188
20.505743514865312,3,100,6098,5,100,A1,Ours,6.330000000000041
0.11195222594693964,3,100,6098,5,100,A2,Ours,6.330000000000041
4.554672555060149,3,100,6098,5,100,A3,Ours,6.330000000000041
12.211233101709766,3,100,6098,5,100,core,Ours,6.330000000000041
20.505743514865312,3,100,6098,5,100,A1,HOSVD,1.9279999999999973
0.11195222594693964,3,100,6098,5,100,A2,HOSVD,1.9279999999999973
2.7126863136129287,3,100,6098,5,100,A3,HOSVD,1.9279999999999973
14.849738766518142,3,100,6098,5,100,core,HOSVD,1.9279999999999973
114.82911046172704,3,100,6852,5,100,A1,NTD,221.68599999999992
3.7888002778475807,3,100,6852,5,100,A2,NTD,221.68599999999992
6849.580056116206,3,100,6852,5,100,A3,NTD,221.68599999999992
12.442018975932802,3,100,6852,5,100,core,NTD,221.68599999999992
20.8541712939356,3,100,6852,5,100,A1,Ours,10.181999999999789
0.10741762258882227,3,100,6852,5,100,A2,Ours,10.181999999999789
5.380097599274668,3,100,6852,5,100,A3,Ours,10.181999999999789
8.452565827757628,3,100,6852,5,100,core,Ours,10.181999999999789
20.8541712939356,3,100,6852,5,100,A1,HOSVD,5.374000000000024
0.10741762258882227,3,100,6852,5,100,A2,HOSVD,5.374000000000024
4.401329024060848,3,100,6852,5,100,A3,HOSVD,5.374000000000024
14.84113657257049,3,100,6852,5,100,core,HOSVD,5.374000000000024
20.923025714030736,3,100,6852,5,100,A1,HOOI,12.45699999999988
0.09928296758379322,3,100,6852,5,100,A2,HOOI,12.45699999999988
2.7805118610121986,3,100,6852,5,100,A3,HOOI,12.45699999999988
12.014752189307638,3,100,6852,5,100,core,HOOI,12.45699999999988
82.07490265948542,3,100,6852,5,100,A1,Olga,9.774000000000115
3.726429575579064,3,100,6852,5,100,A2,Olga,9.774000000000115
3.97896667147308,3,100,6852,5,100,A3,Tracy,9.774000000000115
10.993229295038361,3,100,6852,5,100,core,Tracy_Olga,9.774000000000115
112.5631931046172,3,100,7541,5,100,A1,NTD,229.80499999999984
1.3321066422965833,3,100,7541,5,100,A2,NTD,229.80499999999984
7538.601638968465,3,100,7541,5,100,A3,NTD,229.80499999999984
10.165259715309306,3,100,7541,5,100,core,NTD,229.80499999999984
18.142173470836614,3,100,7541,5,100,A1,Ours,8.871000000000095
0.039688625156262126,3,100,7541,5,100,A2,Ours,8.871000000000095
5.351382256407312,3,100,7541,5,100,A3,Ours,8.871000000000095
10.09488370486526,3,100,7541,5,100,core,Ours,8.871000000000095
18.142173470836614,3,100,7541,5,100,A1,HOSVD,2.894999999999982
0.039688625156262126,3,100,7541,5,100,A2,HOSVD,2.894999999999982
2.802460695318276,3,100,7541,5,100,A3,HOSVD,2.894999999999982
11.935005503763504,3,100,7541,5,100,core,HOSVD,2.894999999999982
90.02380824177786,3,100,7541,5,100,A1,Olga,4.302999999999884
4.09640918155713,3,100,7541,5,100,A2,Olga,4.302999999999884
4.321448265284543,3,100,7541,5,100,A3,Tracy,4.302999999999884
12.5060338337185,3,100,7541,5,100,core,Tracy_Olga,4.302999999999884
116.2574432515523,3,100,8243,5,100,A1,NTD,264.2839999999999
3.332084824054397,3,100,8243,5,100,A2,NTD,264.2839999999999
8240.650179393364,3,100,8243,5,100,A3,NTD,264.2839999999999
13.430936394662503,3,100,8243,5,100,core,NTD,264.2839999999999
15.792471340772575,3,100,8243,5,100,A1,Ours,11.298000000000002
0.06870697710132827,3,100,8243,5,100,A2,Ours,11.298000000000002
5.202470576029107,3,100,8243,5,100,A3,Ours,11.298000000000002
14.841857251863484,3,100,8243,5,100,core,Ours,11.298000000000002
15.05490194551517,3,100,8243,5,100,A1,HOOI,13.899999999999864
0.05919111989196992,3,100,8243,5,100,A2,HOOI,13.899999999999864
3.9740880433290293,3,100,8243,5,100,A3,HOOI,13.899999999999864
9.992257750464782,3,100,8243,5,100,core,HOOI,13.899999999999864
95.3131852601722,3,100,8243,5,100,A1,Olga,7.830999999999904
4.616177472243753,3,100,8243,5,100,A2,Olga,7.830999999999904
3.2442508044652465,3,100,8243,5,100,A3,Tracy,7.830999999999904
9.946720485342727,3,100,8243,5,100,core,Tracy_Olga,7.830999999999904
2.2368567569017475,3,100,100,5,3000,A1,NTD,3.5670000000000073
0.4365659592962078,3,100,100,5,3000,A2,NTD,3.5670000000000073
97.00030859795854,3,100,100,5,3000,A3,NTD,3.5670000000000073
8.142653085977406,3,100,100,5,3000,core,NTD,3.5670000000000073
3.7238811131617444,3,100,100,5,3000,A1,Ours,0.7259999999998854
0.021803723093847656,3,100,100,5,3000,A2,Ours,0.7259999999998854
0.03684333327275178,3,100,100,5,3000,A3,Ours,0.7259999999998854
10.276127363690804,3,100,100,5,3000,core,Ours,0.7259999999998854
3.7238811131617444,3,100,100,5,3000,A1,HOSVD,2.064000000000078
0.021803723093847656,3,100,100,5,3000,A2,HOSVD,2.064000000000078
0.036844214442924184,3,100,100,5,3000,A3,HOSVD,2.064000000000078
10.276128797301283,3,100,100,5,3000,core,HOSVD,2.064000000000078
3.715120116817831,3,100,100,5,3000,A1,HOOI,3.5779999999999745
0.021448740478916855,3,100,100,5,3000,A2,HOOI,3.5779999999999745
0.03653207102798281,3,100,100,5,3000,A3,HOOI,3.5779999999999745
10.276472821825113,3,100,100,5,3000,core,HOOI,3.5779999999999745
4.018346552174943,3,100,100,5,3000,A1,Olga,4.0210000000001855
0.023247234897641342,3,100,100,5,3000,A2,Olga,4.0210000000001855
1.0675556653102336,3,100,100,5,3000,A3,Tracy,4.0210000000001855
12.011110580214469,3,100,100,5,3000,core,Tracy_Olga,4.0210000000001855
2.86045780715013,3,100,500,5,3000,A1,NTD,14.543999999999869
0.4884803938391143,3,100,500,5,3000,A2,NTD,14.543999999999869
497.00003971607504,3,100,500,5,3000,A3,NTD,14.543999999999869
11.893265993365306,3,100,500,5,3000,core,NTD,14.543999999999869
3.1824169398332054,3,100,500,5,3000,A1,Ours,3.5720000000001164
0.019013636989342608,3,100,500,5,3000,A2,Ours,3.5720000000001164
0.0745511729187381,3,100,500,5,3000,A3,Ours,3.5720000000001164
11.992340328155132,3,100,500,5,3000,core,Ours,3.5720000000001164
3.1824169398332054,3,100,500,5,3000,A1,HOSVD,4.0090000000000146
0.019013636989342608,3,100,500,5,3000,A2,HOSVD,4.0090000000000146
0.07457283417467853,3,100,500,5,3000,A3,HOSVD,4.0090000000000146
11.99234223798333,3,100,500,5,3000,core,HOSVD,4.0090000000000146
3.1797616971075935,3,100,500,5,3000,A1,HOOI,3.242999999999938
0.01922739805601772,3,100,500,5,3000,A2,HOOI,3.242999999999938
0.07416300166252712,3,100,500,5,3000,A3,HOOI,3.242999999999938
11.99013868680202,3,100,500,5,3000,core,HOOI,3.242999999999938
3.22867299094753,3,100,500,5,3000,A1,Olga,4.587999999999965
0.028065285851058334,3,100,500,5,3000,A2,Olga,4.587999999999965
1.274864054832124,3,100,500,5,3000,A3,Tracy,4.587999999999965
12.003566777464966,3,100,500,5,3000,core,Tracy_Olga,4.587999999999965
2.182558255087447,3,100,1000,5,3000,A1,NTD,33.73000000000002
0.22177554726495763,3,100,1000,5,3000,A2,NTD,33.73000000000002
997.0002147289806,3,100,1000,5,3000,A3,NTD,33.73000000000002
12.030035224182184,3,100,1000,5,3000,core,NTD,33.73000000000002
3.4181093445084,3,100,1000,5,3000,A1,Ours,6.723000000000184
0.03329556693016811,3,100,1000,5,3000,A2,Ours,6.723000000000184
0.24292985256888344,3,100,1000,5,3000,A3,Ours,6.723000000000184
10.154415361536698,3,100,1000,5,3000,core,Ours,6.723000000000184
3.4181093445084,3,100,1000,5,3000,A1,HOSVD,5.701999999999998
0.03329556693016811,3,100,1000,5,3000,A2,HOSVD,5.701999999999998
0.24299348271341836,3,100,1000,5,3000,A3,HOSVD,5.701999999999998
10.154444644706127,3,100,1000,5,3000,core,HOSVD,5.701999999999998
3.4190295860558773,3,100,1000,5,3000,A1,HOOI,8.026000000000067
0.033525192699321485,3,100,1000,5,3000,A2,HOOI,8.026000000000067
0.2417227245978095,3,100,1000,5,3000,A3,HOOI,8.026000000000067
10.155215342123594,3,100,1000,5,3000,core,HOOI,8.026000000000067
3.0882542827243626,3,100,1000,5,3000,A1,Olga,7.5219999999999345
0.023265421734809957,3,100,1000,5,3000,A2,Olga,7.5219999999999345
1.376207017203838,3,100,1000,5,3000,A3,Tracy,7.5219999999999345
11.999175229575817,3,100,1000,5,3000,core,Tracy_Olga,7.5219999999999345
2.1583865566948135,3,100,2498,5,3000,A1,NTD,81.35899999999992
1.2480738045980022,3,100,2498,5,3000,A2,NTD,81.35899999999992
2495.0335394973126,3,100,2498,5,3000,A3,NTD,81.35899999999992
13.459375500381679,3,100,2498,5,3000,core,NTD,81.35899999999992
4.0827322631923275,3,100,2498,5,3000,A1,Ours,1.8910000000000764
0.029212722307967603,3,100,2498,5,3000,A2,Ours,1.8910000000000764
2.404830242610362,3,100,2498,5,3000,A3,Ours,1.8910000000000764
11.998917059148956,3,100,2498,5,3000,core,Ours,1.8910000000000764
4.0827322631923275,3,100,2498,5,3000,A1,HOSVD,1.0889999999999418
0.029212722307967603,3,100,2498,5,3000,A2,HOSVD,1.0889999999999418
2.398415218352606,3,100,2498,5,3000,A3,HOSVD,1.0889999999999418
11.998917059148956,3,100,2498,5,3000,core,HOSVD,1.0889999999999418
4.072900565697739,3,100,2498,5,3000,A1,HOOI,2.036000000000058
0.02792149089889006,3,100,2498,5,3000,A2,HOOI,2.036000000000058
2.4068174905309974,3,100,2498,5,3000,A3,HOOI,2.036000000000058
11.998917059148956,3,100,2498,5,3000,core,HOOI,2.036000000000058
4.257622019740349,3,100,2498,5,3000,A1,Olga,1.1310000000000855
0.048157761813188336,3,100,2498,5,3000,A2,Olga,1.1310000000000855
2.8786411935325487,3,100,2498,5,3000,A3,Tracy,1.1310000000000855
11.998917059148956,3,100,2498,5,3000,core,Tracy_Olga,1.1310000000000855
2.609423261268555,3,100,4987,5,3000,A1,NTD,173.79599999999982
0.5362118384990133,3,100,4987,5,3000,A2,NTD,173.79599999999982
4984.046667152059,3,100,4987,5,3000,A3,NTD,173.79599999999982
9.786149600515222,3,100,4987,5,3000,core,NTD,173.79599999999982
3.2116612731692245,3,100,4987,5,3000,A1,Ours,5.472000000000207
0.011591994978690382,3,100,4987,5,3000,A2,Ours,5.472000000000207
2.4773013927046867,3,100,4987,5,3000,A3,Ours,5.472000000000207
10.321109189077315,3,100,4987,5,3000,core,Ours,5.472000000000207
3.2116612731692245,3,100,4987,5,3000,A1,HOSVD,1.6790000000000873
0.011591994978690382,3,100,4987,5,3000,A2,HOSVD,1.6790000000000873
2.4562284424089635,3,100,4987,5,3000,A3,HOSVD,1.6790000000000873
10.315864467648282,3,100,4987,5,3000,core,HOSVD,1.6790000000000873
3.0967615141641613,3,100,4987,5,3000,A1,HOOI,4.481999999999971
0.01222645158947853,3,100,4987,5,3000,A2,HOOI,4.481999999999971
2.4552700923009394,3,100,4987,5,3000,A3,HOOI,4.481999999999971
10.285430265480597,3,100,4987,5,3000,core,HOOI,4.481999999999971
3.4528142879702393,3,100,4987,5,3000,A1,Olga,2.5260000000002947
0.04777827107976681,3,100,4987,5,3000,A2,Olga,2.5260000000002947
2.8622438159433674,3,100,4987,5,3000,A3,Tracy,2.5260000000002947
11.999210531813794,3,100,4987,5,3000,core,Tracy_Olga,2.5260000000002947
2.363291730796862,3,100,5979,5,3000,A1,NTD,196.71099999999979
0.23030190672660927,3,100,5979,5,3000,A2,NTD,196.71099999999979
5976.047069427225,3,100,5979,5,3000,A3,NTD,196.71099999999979
10.877240716082055,3,100,5979,5,3000,core,NTD,196.71099999999979
2.3606603545715785,3,100,5979,5,3000,A1,Ours,6.122000000000298
0.032927612759822034,3,100,5979,5,3000,A2,Ours,6.122000000000298
2.502054579608274,3,100,5979,5,3000,A3,Ours,6.122000000000298
10.295652693432574,3,100,5979,5,3000,core,Ours,6.122000000000298
2.3606603545715785,3,100,5979,5,3000,A1,HOSVD,1.8859999999999673
0.032927612759822034,3,100,5979,5,3000,A2,HOSVD,1.8859999999999673
2.47255761983163,3,100,5979,5,3000,A3,HOSVD,1.8859999999999673
10.288519001967538,3,100,5979,5,3000,core,HOSVD,1.8859999999999673
2.371719133831725,3,100,5979,5,3000,A1,HOOI,5.1340000000000146
0.03327700568908741,3,100,5979,5,3000,A2,HOOI,5.1340000000000146
2.4722515479841505,3,100,5979,5,3000,A3,HOOI,5.1340000000000146
10.284758513718376,3,100,5979,5,3000,core,HOOI,5.1340000000000146
3.628056446674739,3,100,5979,5,3000,A1,Olga,3.2710000000001855
0.10023591405395628,3,100,5979,5,3000,A2,Olga,3.2710000000001855
2.8625138293803514,3,100,5979,5,3000,A3,Tracy,3.2710000000001855
10.264940016093327,3,100,5979,5,3000,core,Tracy_Olga,3.2710000000001855
2.2635580220395966,3,100,6972,5,3000,A1,NTD,212.77700000000004
3.3320946361227217,3,100,6972,5,3000,A2,NTD,212.77700000000004
6969.069035599589,3,100,6972,5,3000,A3,NTD,212.77700000000004
9.84319285425952,3,100,6972,5,3000,core,NTD,212.77700000000004
4.242621743015484,3,100,6972,5,3000,A1,Ours,7.420999999999822
0.007368602525282898,3,100,6972,5,3000,A2,Ours,7.420999999999822
2.524207777871747,3,100,6972,5,3000,A3,Ours,7.420999999999822
10.257914301913312,3,100,6972,5,3000,core,Ours,7.420999999999822
4.242621743015484,3,100,6972,5,3000,A1,HOSVD,2.2409999999999854
0.007368602525282898,3,100,6972,5,3000,A2,HOSVD,2.2409999999999854
2.4838662523619544,3,100,6972,5,3000,A3,HOSVD,2.2409999999999854
10.24938479149144,3,100,6972,5,3000,core,HOSVD,2.2409999999999854
4.251769158937257,3,100,6972,5,3000,A1,HOOI,6.096999999999753
0.006807774630860286,3,100,6972,5,3000,A2,HOOI,6.096999999999753
2.482979189861997,3,100,6972,5,3000,A3,HOOI,6.096999999999753
10.242240655771617,3,100,6972,5,3000,core,HOOI,6.096999999999753
4.042501446604342,3,100,6972,5,3000,A1,Olga,3.6419999999998254
0.07960772815187701,3,100,6972,5,3000,A2,Olga,3.6419999999998254
2.8764588653769416,3,100,6972,5,3000,A3,Tracy,3.6419999999998254
10.275612083125822,3,100,6972,5,3000,core,Tracy_Olga,3.6419999999998254
4.259243907232684,3,100,7961,5,3000,A1,NTD,243.70199999999977
1.788817914565847,3,100,7961,5,3000,A2,NTD,243.70199999999977
7958.07253934399,3,100,7961,5,3000,A3,NTD,243.70199999999977
15.532694236901435,3,100,7961,5,3000,core,NTD,243.70199999999977
5.131320217285473,3,100,7961,5,3000,A1,Ours,9.572000000000116
0.010476461366941917,3,100,7961,5,3000,A2,Ours,9.572000000000116
2.540981239823511,3,100,7961,5,3000,A3,Ours,9.572000000000116
11.999210531813794,3,100,7961,5,3000,core,Ours,9.572000000000116
5.131320217285473,3,100,7961,5,3000,A1,HOSVD,2.66800000000012
0.010476461366941917,3,100,7961,5,3000,A2,HOSVD,2.66800000000012
2.4881117899420087,3,100,7961,5,3000,A3,HOSVD,2.66800000000012
11.999210531813794,3,100,7961,5,3000,core,HOSVD,2.66800000000012
5.129752775697822,3,100,7961,5,3000,A1,HOOI,8.494000000000142
0.009583281935002507,3,100,7961,5,3000,A2,HOOI,8.494000000000142
2.488694647630624,3,100,7961,5,3000,A3,HOOI,8.494000000000142
11.999210531813794,3,100,7961,5,3000,core,HOOI,8.494000000000142
4.204803318065496,3,100,7961,5,3000,A1,Olga,5.737999999999829
0.11599456579778504,3,100,7961,5,3000,A2,Olga,5.737999999999829
2.8802130138676887,3,100,7961,5,3000,A3,Tracy,5.737999999999829
11.999210531813794,3,100,7961,5,3000,core,Tracy_Olga,5.737999999999829
2.6542242389466457,3,100,8951,5,3000,A1,NTD,279.2600000000002
1.1701534020654025,3,100,8951,5,3000,A2,NTD,279.2600000000002
8948.079276226028,3,100,8951,5,3000,A3,NTD,279.2600000000002
14.353623729120184,3,100,8951,5,3000,core,NTD,279.2600000000002
4.837482976177892,3,100,8951,5,3000,A1,Ours,12.565000000000055
0.01714960520294659,3,100,8951,5,3000,A2,Ours,12.565000000000055
2.549694665343064,3,100,8951,5,3000,A3,Ours,12.565000000000055
10.21085487622673,3,100,8951,5,3000,core,Ours,12.565000000000055
4.837482976177892,3,100,8951,5,3000,A1,HOSVD,3.0299999999997453
0.01714960520294659,3,100,8951,5,3000,A2,HOSVD,3.0299999999997453
2.483031472549535,3,100,8951,5,3000,A3,HOSVD,3.0299999999997453
10.200055041332275,3,100,8951,5,3000,core,HOSVD,3.0299999999997453
4.8361290480095755,3,100,8951,5,3000,A1,HOOI,10.773000000000138
0.019572689304971098,3,100,8951,5,3000,A2,HOOI,10.773000000000138
2.4838426843646184,3,100,8951,5,3000,A3,HOOI,10.773000000000138
10.200743060825783,3,100,8951,5,3000,core,HOOI,10.773000000000138
3.717683213560039,3,100,8951,5,3000,A1,Olga,6.030999999999949
0.11308418618059364,3,100,8951,5,3000,A2,Olga,6.030999999999949
2.8749822731440395,3,100,8951,5,3000,A3,Tracy,6.030999999999949
11.999210531813794,3,100,8951,5,3000,core,Tracy_Olga,6.030999999999949
2.982317403731641,3,100,9936,5,3000,A1,NTD,305.2679999999996
2.9077632384717473,3,100,9936,5,3000,A2,NTD,305.2679999999996
9933.099638489257,3,100,9936,5,3000,A3,NTD,305.2679999999996
12.334839503739362,3,100,9936,5,3000,core,NTD,305.2679999999996
2.3083220628804155,3,100,9936,5,3000,A1,Ours,13.009999999999764
0.02992153381156421,3,100,9936,5,3000,A2,Ours,13.009999999999764
2.574640670576436,3,100,9936,5,3000,A3,Ours,13.009999999999764
11.999210531813794,3,100,9936,5,3000,core,Ours,13.009999999999764
2.3083220628804155,3,100,9936,5,3000,A1,HOSVD,4.156999999999698
0.02992153381156421,3,100,9936,5,3000,A2,HOSVD,4.156999999999698
2.4917172978413964,3,100,9936,5,3000,A3,HOSVD,4.156999999999698
11.999210531813796,3,100,9936,5,3000,core,HOSVD,4.156999999999698
2.323533979083196,3,100,9936,5,3000,A1,HOOI,10.321000000000367
0.029802148331303943,3,100,9936,5,3000,A2,HOOI,10.321000000000367
2.4931430621570843,3,100,9936,5,3000,A3,HOOI,10.321000000000367
11.999210531813796,3,100,9936,5,3000,core,HOOI,10.321000000000367
3.651504293118108,3,100,9936,5,3000,A1,Olga,6.719000000000051
0.11663015734033656,3,100,9936,5,3000,A2,Olga,6.719000000000051
2.882011030184447,3,100,9936,5,3000,A3,Tracy,6.719000000000051
10.265958060319596,3,100,9936,5,3000,core,Tracy_Olga,6.719000000000051
2.5325174906854753,3,100,100,5,10000,A1,NTD,3.744999999999891
0.8418823520874047,3,100,100,5,10000,A2,NTD,3.744999999999891
97,3,100,100,5,10000,A3,NTD,3.744999999999891
13.422308363133402,3,100,100,5,10000,core,NTD,3.744999999999891
1.7447329187913032,3,100,100,5,10000,A1,Ours,0.0820000000003347
0.006435650972257929,3,100,100,5,10000,A2,Ours,0.0820000000003347
0.018934471275289688,3,100,100,5,10000,A3,Ours,0.0820000000003347
10.307391903107849,3,100,100,5,10000,core,Ours,0.0820000000003347
1.7447329187913032,3,100,100,5,10000,A1,HOSVD,0.07400000000006912
0.006435650972257929,3,100,100,5,10000,A2,HOSVD,0.07400000000006912
0.018934424708832578,3,100,100,5,10000,A3,HOSVD,0.07400000000006912
10.307392080203403,3,100,100,5,10000,core,HOSVD,0.07400000000006912
1.7434328733644135,3,100,100,5,10000,A1,HOOI,0.10199999999986176
0.006357370121433412,3,100,100,5,10000,A2,HOOI,0.10199999999986176
0.018921095625080167,3,100,100,5,10000,A3,HOOI,0.10199999999986176
10.307103431643265,3,100,100,5,10000,core,HOOI,0.10199999999986176
1.665008351271235,3,100,100,5,10000,A1,Olga,0.11799999999993815
0.00596087330857159,3,100,100,5,10000,A2,Olga,0.11799999999993815
1.0682754848726708,3,100,100,5,10000,A3,Tracy,0.11799999999993815
10.307773455459515,3,100,100,5,10000,core,Tracy_Olga,0.11799999999993815
2.645056843580382,3,100,500,5,10000,A1,NTD,14.657999999999902
0.2338380413646603,3,100,500,5,10000,A2,NTD,14.657999999999902
497.00001168795956,3,100,500,5,10000,A3,NTD,14.657999999999902
14.90523501791244,3,100,500,5,10000,core,NTD,14.657999999999902
1.8974864223041858,3,100,500,5,10000,A1,Ours,0.3510000000001128
0.010622119004750694,3,100,500,5,10000,A2,Ours,0.3510000000001128
0.043050114191436346,3,100,500,5,10000,A3,Ours,0.3510000000001128
12.016451480502436,3,100,500,5,10000,core,Ours,0.3510000000001128
1.8974864223041858,3,100,500,5,10000,A1,HOSVD,0.42000000000007276
0.010622119004750694,3,100,500,5,10000,A2,HOSVD,0.42000000000007276
0.043048372222077046,3,100,500,5,10000,A3,HOSVD,0.42000000000007276
12.016451774379489,3,100,500,5,10000,core,HOSVD,0.42000000000007276
1.8906592292411457,3,100,500,5,10000,A1,HOOI,0.6799999999998363
0.010384391720269878,3,100,500,5,10000,A2,HOOI,0.6799999999998363
0.04306636473488169,3,100,500,5,10000,A3,HOOI,0.6799999999998363
12.016451531354084,3,100,500,5,10000,core,HOOI,0.6799999999998363
1.586147331382957,3,100,500,5,10000,A1,Olga,0.3429999999998472
0.012669865103809299,3,100,500,5,10000,A2,Olga,0.3429999999998472
1.2726491347063975,3,100,500,5,10000,A3,Tracy,0.3429999999998472
12.001346032962926,3,100,500,5,10000,core,Tracy_Olga,0.3429999999998472
1.8199235892283576,3,100,1000,5,10000,A1,NTD,30.733000000000175
0.21424795662015386,3,100,1000,5,10000,A2,NTD,30.733000000000175
997.0000587338005,3,100,1000,5,10000,A3,NTD,30.733000000000175
15.86513700228528,3,100,1000,5,10000,core,NTD,30.733000000000175
2.6897620346562507,3,100,1000,5,10000,A1,Ours,0.5100000000002183
0.01049994735546765,3,100,1000,5,10000,A2,Ours,0.5100000000002183
0.056482977108942664,3,100,1000,5,10000,A3,Ours,0.5100000000002183
12.00310770179955,3,100,1000,5,10000,core,Ours,0.5100000000002183
2.6897620346562507,3,100,1000,5,10000,A1,HOSVD,0.7330000000001746
0.01049994735546765,3,100,1000,5,10000,A2,HOSVD,0.7330000000001746
0.05645945740717352,3,100,1000,5,10000,A3,HOSVD,0.7330000000001746
12.003109461209176,3,100,1000,5,10000,core,HOSVD,0.7330000000001746
2.6968745035265114,3,100,1000,5,10000,A1,HOOI,0.9070000000001528
0.010536211002413524,3,100,1000,5,10000,A2,HOOI,0.9070000000001528
0.05657380796820326,3,100,1000,5,10000,A3,HOOI,0.9070000000001528
12.003243456398812,3,100,1000,5,10000,core,HOOI,0.9070000000001528
1.503928629288224,3,100,1000,5,10000,A1,Olga,0.56899999999996
0.009278296139397632,3,100,1000,5,10000,A2,Olga,0.56899999999996
1.3159535886832523,3,100,1000,5,10000,A3,Tracy,0.56899999999996
12.000685360316986,3,100,1000,5,10000,core,Tracy_Olga,0.56899999999996
2.5905766942567534,3,100,2500,5,10000,A1,NTD,88.79399999999987
0.20552728096677816,3,100,2500,5,10000,A2,NTD,88.79399999999987
2497.000137300071,3,100,2500,5,10000,A3,NTD,88.79399999999987
11.867868258216467,3,100,2500,5,10000,core,NTD,88.79399999999987
1.2071844864978103,3,100,2500,5,10000,A1,Ours,9.242999999999938
0.010357865366331641,3,100,2500,5,10000,A2,Ours,9.242999999999938
0.3954176959353727,3,100,2500,5,10000,A3,Ours,9.242999999999938
8.93239223372564,3,100,2500,5,10000,core,Ours,9.242999999999938
1.2071844864978103,3,100,2500,5,10000,A1,HOSVD,7.336999999999989
0.010357865366331641,3,100,2500,5,10000,A2,HOSVD,7.336999999999989
0.3952718207914737,3,100,2500,5,10000,A3,HOSVD,7.336999999999989
8.932735768790668,3,100,2500,5,10000,core,HOSVD,7.336999999999989
1.2057631998375815,3,100,2500,5,10000,A1,HOOI,11.777000000000044
0.010442969733879126,3,100,2500,5,10000,A2,HOOI,11.777000000000044
0.40111850875636945,3,100,2500,5,10000,A3,HOOI,11.777000000000044
8.944026926619994,3,100,2500,5,10000,core,HOOI,11.777000000000044
1.398983669106915,3,100,2500,5,10000,A1,Olga,8.125
0.007527628611392762,3,100,2500,5,10000,A2,Olga,8.125
1.5131498423244385,3,100,2500,5,10000,A3,Tracy,8.125
8.914623047053112,3,100,2500,5,10000,core,Tracy_Olga,8.125
2.1345827937408344,3,100,4995,5,10000,A1,NTD,168.13400000000001
0.24129057979639154,3,100,4995,5,10000,A2,NTD,168.13400000000001
4992.024230495245,3,100,4995,5,10000,A3,NTD,168.13400000000001
12.018365988149913,3,100,4995,5,10000,core,NTD,168.13400000000001
1.5591428411688264,3,100,4995,5,10000,A1,Ours,5.185999999999694
0.008428418848488125,3,100,4995,5,10000,A2,Ours,5.185999999999694
2.4800807643980813,3,100,4995,5,10000,A3,Ours,5.185999999999694
11.999210531813794,3,100,4995,5,10000,core,Ours,5.185999999999694
1.5591428411688264,3,100,4995,5,10000,A1,HOSVD,2.44800000000032
0.008428418848488125,3,100,4995,5,10000,A2,HOSVD,2.44800000000032
2.478245840879879,3,100,4995,5,10000,A3,HOSVD,2.44800000000032
11.999210531813794,3,100,4995,5,10000,core,HOSVD,2.44800000000032
1.5597105502426367,3,100,4995,5,10000,A1,HOOI,5.804000000000087
0.00842547672209507,3,100,4995,5,10000,A2,HOOI,5.804000000000087
2.4793399112069907,3,100,4995,5,10000,A3,HOOI,5.804000000000087
11.999210531813794,3,100,4995,5,10000,core,HOOI,5.804000000000087
1.7759673275720895,3,100,4995,5,10000,A1,Olga,3.6159999999999854
0.030247379080675634,3,100,4995,5,10000,A2,Olga,3.6159999999999854
2.859577627314706,3,100,4995,5,10000,A3,Tracy,3.6159999999999854
11.999210531813796,3,100,4995,5,10000,core,Tracy_Olga,3.6159999999999854
2.2936564108220563,3,100,5997,5,10000,A1,NTD,196.3399999999997
0.2771516428171201,3,100,5997,5,10000,A2,NTD,196.3399999999997
5994.0344396824,3,100,5997,5,10000,A3,NTD,196.3399999999997
10.306999392705354,3,100,5997,5,10000,core,NTD,196.3399999999997
2.8479461399895323,3,100,5997,5,10000,A1,Ours,6.6270000000004075
0.011948423063708753,3,100,5997,5,10000,A2,Ours,6.6270000000004075
2.4717196409328572,3,100,5997,5,10000,A3,Ours,6.6270000000004075
10.265839680021662,3,100,5997,5,10000,core,Ours,6.6270000000004075
2.8479461399895323,3,100,5997,5,10000,A1,HOSVD,2.0660000000002583
0.011948423063708753,3,100,5997,5,10000,A2,HOSVD,2.0660000000002583
2.469080067919517,3,100,5997,5,10000,A3,HOSVD,2.0660000000002583
10.265278645697347,3,100,5997,5,10000,core,HOSVD,2.0660000000002583
2.8466368402416617,3,100,5997,5,10000,A1,HOOI,6.052000000000135
0.01191579920147632,3,100,5997,5,10000,A2,HOOI,6.052000000000135
2.4694916924999317,3,100,5997,5,10000,A3,HOOI,6.052000000000135
10.269034230602246,3,100,5997,5,10000,core,HOOI,6.052000000000135
1.8799983365173285,3,100,5997,5,10000,A1,Olga,3.28899999999976
0.019959990896326666,3,100,5997,5,10000,A2,Olga,3.28899999999976
2.8602414281468858,3,100,5997,5,10000,A3,Tracy,3.28899999999976
10.266758551621633,3,100,5997,5,10000,core,Tracy_Olga,3.28899999999976
2.0164555204805477,3,100,6992,5,10000,A1,NTD,215.74699999999984
4.125937260907824,3,100,6992,5,10000,A2,NTD,215.74699999999984
6989.025419194017,3,100,6992,5,10000,A3,NTD,215.74699999999984
11.016301608876134,3,100,6992,5,10000,core,NTD,215.74699999999984
1.319518655115032,3,100,6992,5,10000,A1,Ours,8.681999999999789
0.01228000371856949,3,100,6992,5,10000,A2,Ours,8.681999999999789
2.458372003458263,3,100,6992,5,10000,A3,Ours,8.681999999999789
10.293775663989623,3,100,6992,5,10000,core,Ours,8.681999999999789
1.319518655115032,3,100,6992,5,10000,A1,HOSVD,2.3609999999998763
0.01228000371856949,3,100,6992,5,10000,A2,HOSVD,2.3609999999998763
2.4546420703351832,3,100,6992,5,10000,A3,HOSVD,2.3609999999998763
10.292883476306207,3,100,6992,5,10000,core,HOSVD,2.3609999999998763
1.316873964898492,3,100,6992,5,10000,A1,HOOI,6.335999999999331
0.01204983157116628,3,100,6992,5,10000,A2,HOOI,6.335999999999331
2.4556684247005083,3,100,6992,5,10000,A3,HOOI,6.335999999999331
10.289027087012407,3,100,6992,5,10000,core,HOOI,6.335999999999331
1.6141611725643072,3,100,6992,5,10000,A1,Olga,3.6640000000006694
0.0294177758515466,3,100,6992,5,10000,A2,Olga,3.6640000000006694
2.8751793313791882,3,100,6992,5,10000,A3,Tracy,3.6640000000006694
10.284195626814983,3,100,6992,5,10000,core,Tracy_Olga,3.6640000000006694
1.8656622983182174,3,100,7994,5,10000,A1,NTD,246.52700000000004
0.08594833414503451,3,100,7994,5,10000,A2,NTD,246.52700000000004
7991.0256129737445,3,100,7994,5,10000,A3,NTD,246.52700000000004
12.106002594148064,3,100,7994,5,10000,core,NTD,246.52700000000004
1.397339640591422,3,100,7994,5,10000,A1,Ours,9.751999999999498
0.008971106976583496,3,100,7994,5,10000,A2,Ours,9.751999999999498
2.4540792021597064,3,100,7994,5,10000,A3,Ours,9.751999999999498
10.345439284058605,3,100,7994,5,10000,core,Ours,9.751999999999498
1.397339640591422,3,100,7994,5,10000,A1,HOSVD,2.643000000000029
0.008971106976583496,3,100,7994,5,10000,A2,HOSVD,2.643000000000029
2.449006217243472,3,100,7994,5,10000,A3,HOSVD,2.643000000000029
10.343886874106625,3,100,7994,5,10000,core,HOSVD,2.643000000000029
1.3945422266268948,3,100,7994,5,10000,A1,HOOI,8.554000000000087
0.008575817235926986,3,100,7994,5,10000,A2,HOOI,8.554000000000087
2.44994019445611,3,100,7994,5,10000,A3,HOOI,8.554000000000087
10.344567927382318,3,100,7994,5,10000,core,HOOI,8.554000000000087
1.368449453499923,3,100,7994,5,10000,A1,Olga,6.112999999999374
0.028679780622680895,3,100,7994,5,10000,A2,Olga,6.112999999999374
2.9408358474848546,3,100,7994,5,10000,A3,Tracy,6.112999999999374
12.004300337019796,3,100,7994,5,10000,core,Tracy_Olga,6.112999999999374
1.953332647431819,3,100,8987,5,10000,A1,NTD,277.04299999999967
0.37873574581254926,3,100,8987,5,10000,A2,NTD,277.04299999999967
8984.030990553127,3,100,8987,5,10000,A3,NTD,277.04299999999967
12.904380245555886,3,100,8987,5,10000,core,NTD,277.04299999999967
2.566106117873555,3,100,8987,5,10000,A1,Ours,11.503999999999905
0.005319920555219826,3,100,8987,5,10000,A2,Ours,11.503999999999905
2.4771248805984873,3,100,8987,5,10000,A3,Ours,11.503999999999905
11.999210531813796,3,100,8987,5,10000,core,Ours,11.503999999999905
2.566106117873555,3,100,8987,5,10000,A1,HOSVD,3.1489999999994325
0.005319920555219826,3,100,8987,5,10000,A2,HOSVD,3.1489999999994325
2.4708890006701005,3,100,8987,5,10000,A3,HOSVD,3.1489999999994325
11.999210531813794,3,100,8987,5,10000,core,HOSVD,3.1489999999994325
2.5541058000847428,3,100,8987,5,10000,A1,HOOI,11.264999999999418
0.004928632536781403,3,100,8987,5,10000,A2,HOOI,11.264999999999418
2.471311723376076,3,100,8987,5,10000,A3,HOOI,11.264999999999418
11.999210531813796,3,100,8987,5,10000,core,HOOI,11.264999999999418
1.4528781636282344,3,100,8987,5,10000,A1,Olga,5.693000000000211
0.0409500377240326,3,100,8987,5,10000,A2,Olga,5.693000000000211
2.892688781376563,3,100,8987,5,10000,A3,Tracy,5.693000000000211
15.242224255343324,3,100,8987,5,10000,core,Tracy_Olga,5.693000000000211
2.142015273459384,3,100,9985,5,10000,A1,NTD,307.7560000000003
2.798120474800678,3,100,9985,5,10000,A2,NTD,307.7560000000003
9982.026775229995,3,100,9985,5,10000,A3,NTD,307.7560000000003
12.72212301241416,3,100,9985,5,10000,core,NTD,307.7560000000003
1.8473101447258446,3,100,9985,5,10000,A1,Ours,13.355000000000473
0.01321309357564514,3,100,9985,5,10000,A2,Ours,13.355000000000473
2.471519217555019,3,100,9985,5,10000,A3,Ours,13.355000000000473
11.999210531813796,3,100,9985,5,10000,core,Ours,13.355000000000473
1.8473101447258446,3,100,9985,5,10000,A1,HOSVD,3.4470000000001164
0.01321309357564514,3,100,9985,5,10000,A2,HOSVD,3.4470000000001164
2.4641610743328544,3,100,9985,5,10000,A3,HOSVD,3.4470000000001164
11.999210531813794,3,100,9985,5,10000,core,HOSVD,3.4470000000001164
1.8430543319655022,3,100,9985,5,10000,A1,HOOI,11.729999999999563
0.01325317265950149,3,100,9985,5,10000,A2,HOOI,11.729999999999563
2.4566958124814606,3,100,9985,5,10000,A3,HOOI,11.729999999999563
11.999210531813794,3,100,9985,5,10000,core,HOOI,11.729999999999563
1.3694516395830594,3,100,9985,5,10000,A1,Olga,6.9890000000004875
0.03577565352551825,3,100,9985,5,10000,A2,Olga,6.9890000000004875
2.8673602666967577,3,100,9985,5,10000,A3,Tracy,6.9890000000004875
10.278772356021344,3,100,9985,5,10000,core,Tracy_Olga,6.9890000000004875
