error,K,Q1,R,Q2,M,mode,method,time
5.227850279488746,3,100,100,5,100,A1,NTD,4.195000000000001
2.370093389236404,3,100,100,5,100,A2,NTD,4.195000000000001
97.00481307016274,3,100,100,5,100,A3,NTD,4.195000000000001
12.003161693399583,3,100,100,5,100,core,NTD,4.195000000000001
16.184897169168508,3,100,100,5,100,A1,Ours,2.7119999999999997
0.3865117744346218,3,100,100,5,100,A2,Ours,2.7119999999999997
0.21066314496413793,3,100,100,5,100,A3,Ours,2.7119999999999997
13.433304088686697,3,100,100,5,100,core,Ours,2.7119999999999997
16.184897169168508,3,100,100,5,100,A1,HOSVD,2.3229999999999986
0.3865117744346218,3,100,100,5,100,A2,HOSVD,2.3229999999999986
0.2105867166172401,3,100,100,5,100,A3,HOSVD,2.3229999999999986
13.425470818540584,3,100,100,5,100,core,HOSVD,2.3229999999999986
16.068771472885338,3,100,100,5,100,A1,HOOI,2.4780000000000015
0.16905564314182153,3,100,100,5,100,A2,HOOI,2.4780000000000015
0.21931890380758914,3,100,100,5,100,A3,HOOI,2.4780000000000015
15.200430778266774,3,100,100,5,100,core,HOOI,2.4780000000000015
15.4960449696174,3,100,100,5,100,A1,Olga,1.5859999999999985
0.34376109034676466,3,100,100,5,100,A2,Olga,1.5859999999999985
1.0495840439268203,3,100,100,5,100,A3,Tracy,1.5859999999999985
15.264870918265567,3,100,100,5,100,core,Tracy_Olga,1.5859999999999985
4.498935327881828,3,100,499,5,100,A1,NTD,21.415000000000003
3.619599862512763,3,100,499,5,100,A2,NTD,21.415000000000003
496.16355689843454,3,100,499,5,100,A3,NTD,21.415000000000003
13.189431212819244,3,100,499,5,100,core,NTD,21.415000000000003
11.373595927010184,3,100,499,5,100,A1,Ours,3.5660000000000025
0.4499204263596299,3,100,499,5,100,A2,Ours,3.5660000000000025
2.6660028366210984,3,100,499,5,100,A3,Ours,3.5660000000000025
15.74708848613857,3,100,499,5,100,core,Ours,3.5660000000000025
11.373595927010184,3,100,499,5,100,A1,HOSVD,6.811
0.4499204263596299,3,100,499,5,100,A2,HOSVD,6.811
2.4813493529880932,3,100,499,5,100,A3,HOSVD,6.811
15.65574086159374,3,100,499,5,100,core,HOSVD,6.811
11.326755750379355,3,100,499,5,100,A1,HOOI,3.2139999999999986
0.44202036615006846,3,100,499,5,100,A2,HOOI,3.2139999999999986
2.5110562898110027,3,100,499,5,100,A3,HOOI,3.2139999999999986
15.331714296074939,3,100,499,5,100,core,HOOI,3.2139999999999986
14.679831410494833,3,100,499,5,100,A1,Olga,2.0060000000000002
0.3724953320034116,3,100,499,5,100,A2,Olga,2.0060000000000002
2.816555842701745,3,100,499,5,100,A3,Tracy,2.0060000000000002
15.74708848613857,3,100,499,5,100,core,Tracy_Olga,2.0060000000000002
6.0473838778202635,3,100,985,5,100,A1,NTD,38.087
4.525271987897447,3,100,985,5,100,A2,NTD,38.087
982.2188675912041,3,100,985,5,100,A3,NTD,38.087
9.983672653006401,3,100,985,5,100,core,NTD,38.087
17.93935683299683,3,100,985,5,100,A1,Ours,11.466999999999999
0.4680986401383286,3,100,985,5,100,A2,Ours,11.466999999999999
4.725580511034276,3,100,985,5,100,A3,Ours,11.466999999999999
11.841486760285914,3,100,985,5,100,core,Ours,11.466999999999999
17.93935683299683,3,100,985,5,100,A1,HOSVD,9.700999999999993
0.4680986401383286,3,100,985,5,100,A2,HOSVD,9.700999999999993
2.458978424450188,3,100,985,5,100,A3,HOSVD,9.700999999999993
10.06406561100301,3,100,985,5,100,core,HOSVD,9.700999999999993
17.52114698599849,3,100,985,5,100,A1,HOOI,9.387
0.15845369138349094,3,100,985,5,100,A2,HOOI,9.387
2.478703287781025,3,100,985,5,100,A3,HOOI,9.387
10.06406561100301,3,100,985,5,100,core,HOOI,9.387
23.588096651875357,3,100,985,5,100,A1,Olga,7.293000000000006
1.4108779147543433,3,100,985,5,100,A2,Olga,7.293000000000006
2.783220082919635,3,100,985,5,100,A3,Tracy,7.293000000000006
8.338805672313281,3,100,985,5,100,core,Tracy_Olga,7.293000000000006
34.12298278931834,3,100,2384,5,100,A1,NTD,87.00999999999999
1.8430568042575515,3,100,2384,5,100,A2,NTD,87.00999999999999
2381.34868699485,3,100,2384,5,100,A3,NTD,87.00999999999999
11.656228439215546,3,100,2384,5,100,core,NTD,87.00999999999999
12.046452018478067,3,100,2384,5,100,A1,Ours,2.3600000000000136
0.1308675189283675,3,100,2384,5,100,A2,Ours,2.3600000000000136
5.0975137007620885,3,100,2384,5,100,A3,Ours,2.3600000000000136
14.08624309992498,3,100,2384,5,100,core,Ours,2.3600000000000136
12.046452018478067,3,100,2384,5,100,A1,HOSVD,3.7120000000000175
0.1308675189283675,3,100,2384,5,100,A2,HOSVD,3.7120000000000175
2.5708953563472137,3,100,2384,5,100,A3,HOSVD,3.7120000000000175
15.74708959474351,3,100,2384,5,100,core,HOSVD,3.7120000000000175
11.81538831819698,3,100,2384,5,100,A1,HOOI,8.375
0.15848930309930304,3,100,2384,5,100,A2,HOOI,8.375
3.751047328236184,3,100,2384,5,100,A3,HOOI,8.375
8.941571941657138,3,100,2384,5,100,core,HOOI,8.375
21.755463046317857,3,100,2384,5,100,A1,Olga,4.199999999999989
1.1098187869155032,3,100,2384,5,100,A2,Olga,4.199999999999989
2.935287151940697,3,100,2384,5,100,A3,Tracy,4.199999999999989
15.74708848613857,3,100,2384,5,100,core,Tracy_Olga,4.199999999999989
74.78255232972312,3,100,4555,5,100,A1,NTD,169.01200000000003
1.843011713868245,3,100,4555,5,100,A2,NTD,169.01200000000003
4552.409258816828,3,100,4555,5,100,A3,NTD,169.01200000000003
13.245719946540198,3,100,4555,5,100,core,NTD,169.01200000000003
14.28284203705736,3,100,4555,5,100,A1,Ours,12.302000000000021
0.2475927508982379,3,100,4555,5,100,A2,Ours,12.302000000000021
5.306960703932593,3,100,4555,5,100,A3,Ours,12.302000000000021
10.08013296287051,3,100,4555,5,100,core,Ours,12.302000000000021
14.28284203705736,3,100,4555,5,100,A1,HOSVD,13.682999999999993
0.2475927508982379,3,100,4555,5,100,A2,HOSVD,13.682999999999993
3.7754767706670513,3,100,4555,5,100,A3,HOSVD,13.682999999999993
11.01981803037917,3,100,4555,5,100,core,HOSVD,13.682999999999993
15.365361636073462,3,100,4555,5,100,A1,HOOI,20.924000000000035
0.09530412247701091,3,100,4555,5,100,A2,HOOI,20.924000000000035
2.7006558547568202,3,100,4555,5,100,A3,HOOI,20.924000000000035
10.06406561100301,3,100,4555,5,100,core,HOOI,20.924000000000035
49.35027293565966,3,100,4555,5,100,A1,Olga,11.337999999999965
2.9546040682277237,3,100,4555,5,100,A2,Olga,11.337999999999965
4.022429558953343,3,100,4555,5,100,A3,Tracy,11.337999999999965
10.45473228046553,3,100,4555,5,100,core,Tracy_Olga,11.337999999999965
114.16873736246974,3,100,5356,5,100,A1,NTD,193.04199999999997
0.6928063815943604,3,100,5356,5,100,A2,NTD,193.04199999999997
5353.496831872727,3,100,5356,5,100,A3,NTD,193.04199999999997
11.085749626232053,3,100,5356,5,100,core,NTD,193.04199999999997
10.373394494467988,3,100,5356,5,100,A1,Ours,10.906000000000063
0.12390037138937543,3,100,5356,5,100,A2,Ours,10.906000000000063
5.3537701825993205,3,100,5356,5,100,A3,Ours,10.906000000000063
10.024846768754779,3,100,5356,5,100,core,Ours,10.906000000000063
10.373394494467988,3,100,5356,5,100,A1,HOSVD,8.184000000000083
0.12390037138937543,3,100,5356,5,100,A2,HOSVD,8.184000000000083
2.7085482037596456,3,100,5356,5,100,A3,HOSVD,8.184000000000083
15.74708959474351,3,100,5356,5,100,core,HOSVD,8.184000000000083
10.481988065271414,3,100,5356,5,100,A1,HOOI,11.238000000000056
0.18053454947401792,3,100,5356,5,100,A2,HOOI,11.238000000000056
2.736322831927938,3,100,5356,5,100,A3,HOOI,11.238000000000056
15.747074947802867,3,100,5356,5,100,core,HOOI,11.238000000000056
38.40905856417551,3,100,5356,5,100,A1,Olga,11.240000000000009
2.018997461516654,3,100,5356,5,100,A2,Olga,11.240000000000009
3.0960911100904815,3,100,5356,5,100,A3,Tracy,11.240000000000009
7.417787747130538,3,100,5356,5,100,core,Tracy_Olga,11.240000000000009
114.55682261114934,3,100,6120,5,100,A1,NTD,218.437
4.357734828815534,3,100,6120,5,100,A2,NTD,218.437
6117.4652155099875,3,100,6120,5,100,A3,NTD,218.437
10.430156265904637,3,100,6120,5,100,core,NTD,218.437
15.046607551471027,3,100,6120,5,100,A1,Ours,6.612999999999943
0.19483676180299067,3,100,6120,5,100,A2,Ours,6.612999999999943
5.375803198706,3,100,6120,5,100,A3,Ours,6.612999999999943
14.784634250253553,3,100,6120,5,100,core,Ours,6.612999999999943
15.046607551471027,3,100,6120,5,100,A1,HOSVD,2.274000000000001
0.19483676180299067,3,100,6120,5,100,A2,HOSVD,2.274000000000001
2.746476970644522,3,100,6120,5,100,A3,HOSVD,2.274000000000001
15.74708959474351,3,100,6120,5,100,core,HOSVD,2.274000000000001
14.93280822424503,3,100,6120,5,100,A1,HOOI,7.717999999999961
0.08166231349131159,3,100,6120,5,100,A2,HOOI,7.717999999999961
3.9721230907653875,3,100,6120,5,100,A3,HOOI,7.717999999999961
10.999303062149291,3,100,6120,5,100,core,HOOI,7.717999999999961
39.9032919480509,3,100,6120,5,100,A1,Olga,3.8519999999999754
2.066691871331088,3,100,6120,5,100,A2,Olga,3.8519999999999754
3.1085485989361072,3,100,6120,5,100,A3,Tracy,3.8519999999999754
8.701393499109747,3,100,6120,5,100,core,Tracy_Olga,3.8519999999999754
113.38299390757416,3,100,6846,5,100,A1,NTD,217.20400000000006
3.799253462157575,3,100,6846,5,100,A2,NTD,217.20400000000006
6843.5591330547,3,100,6846,5,100,A3,NTD,217.20400000000006
10.79120407914802,3,100,6846,5,100,core,NTD,217.20400000000006
13.717302107025466,3,100,6846,5,100,A1,Ours,10.909999999999854
0.25455969645543963,3,100,6846,5,100,A2,Ours,10.909999999999854
5.308159179828078,3,100,6846,5,100,A3,Ours,10.909999999999854
10.086455343141786,3,100,6846,5,100,core,Ours,10.909999999999854
13.717302107025466,3,100,6846,5,100,A1,HOSVD,8.115999999999985
0.25455969645543963,3,100,6846,5,100,A2,HOSVD,8.115999999999985
2.765993566239138,3,100,6846,5,100,A3,HOSVD,8.115999999999985
15.711371900760025,3,100,6846,5,100,core,HOSVD,8.115999999999985
13.883498523687061,3,100,6846,5,100,A1,HOOI,9.003000000000156
0.08051015871898332,3,100,6846,5,100,A2,HOOI,9.003000000000156
3.581848036987699,3,100,6846,5,100,A3,HOOI,9.003000000000156
9.998835191135592,3,100,6846,5,100,core,HOOI,9.003000000000156
44.737574486301376,3,100,6846,5,100,A1,Olga,3.780999999999949
2.089393616849824,3,100,6846,5,100,A2,Olga,3.780999999999949
3.1923558068260327,3,100,6846,5,100,A3,Tracy,3.780999999999949
9.205153083321981,3,100,6846,5,100,core,Tracy_Olga,3.780999999999949
126.90310908018441,3,100,7565,5,100,A1,NTD,233.52999999999997
3.631745176559739,3,100,7565,5,100,A2,NTD,233.52999999999997
7562.5325633473285,3,100,7565,5,100,A3,NTD,233.52999999999997
10.929287230133758,3,100,7565,5,100,core,NTD,233.52999999999997
15.8826887720462,3,100,7565,5,100,A1,Ours,9.307000000000016
0.24210783718179688,3,100,7565,5,100,A2,Ours,9.307000000000016
5.39097979466719,3,100,7565,5,100,A3,Ours,9.307000000000016
9.96223668363841,3,100,7565,5,100,core,Ours,9.307000000000016
15.8826887720462,3,100,7565,5,100,A1,HOSVD,3.6079999999999472
0.24210783718179688,3,100,7565,5,100,A2,HOSVD,3.6079999999999472
3.9231127366090703,3,100,7565,5,100,A3,HOSVD,3.6079999999999472
12.553141451555407,3,100,7565,5,100,core,HOSVD,3.6079999999999472
54.60521222755317,3,100,7565,5,100,A1,Olga,5.130999999999858
2.4002738240730723,3,100,7565,5,100,A2,Olga,5.130999999999858
4.293385431509804,3,100,7565,5,100,A3,Tracy,5.130999999999858
10.8267230481228,3,100,7565,5,100,core,Tracy_Olga,5.130999999999858
120.74067234575622,3,100,8204,5,100,A1,NTD,259.2650000000001
2.525264231005522,3,100,8204,5,100,A2,NTD,259.2650000000001
8201.579361871552,3,100,8204,5,100,A3,NTD,259.2650000000001
10.360723421780163,3,100,8204,5,100,core,NTD,259.2650000000001
12.690227627260107,3,100,8204,5,100,A1,Ours,17.895999999999958
0.21861903158310014,3,100,8204,5,100,A2,Ours,17.895999999999958
5.335784282271224,3,100,8204,5,100,A3,Ours,17.895999999999958
9.913338996031198,3,100,8204,5,100,core,Ours,17.895999999999958
12.690227627260107,3,100,8204,5,100,A1,HOSVD,14.426000000000158
0.21861903158310014,3,100,8204,5,100,A2,HOSVD,14.426000000000158
4.7263003619439345,3,100,8204,5,100,A3,HOSVD,14.426000000000158
8.941570785927802,3,100,8204,5,100,core,HOSVD,14.426000000000158
13.053601116271807,3,100,8204,5,100,A1,HOOI,27.788999999999987
0.1592422411352112,3,100,8204,5,100,A2,HOOI,27.788999999999987
4.852503914755776,3,100,8204,5,100,A3,HOOI,27.788999999999987
9.187226717305077,3,100,8204,5,100,core,HOOI,27.788999999999987
52.32323449022575,3,100,8204,5,100,A1,Olga,17.02500000000009
0.9083227683315336,3,100,8204,5,100,A2,Olga,17.02500000000009
4.904954289712907,3,100,8204,5,100,A3,Tracy,17.02500000000009
8.979209823905027,3,100,8204,5,100,core,Tracy_Olga,17.02500000000009
2.680954203819948,3,100,100,5,3000,A1,NTD,3.6389999999998963
0.6691231936409465,3,100,100,5,3000,A2,NTD,3.6389999999998963
97.00000143570699,3,100,100,5,3000,A3,NTD,3.6389999999998963
11.080408804703932,3,100,100,5,3000,core,NTD,3.6389999999998963
3.242090807742092,3,100,100,5,3000,A1,Ours,4.456000000000131
0.02253019269116731,3,100,100,5,3000,A2,Ours,4.456000000000131
0.03423621326478797,3,100,100,5,3000,A3,Ours,4.456000000000131
15.13874922871346,3,100,100,5,3000,core,Ours,4.456000000000131
3.242090807742092,3,100,100,5,3000,A1,HOSVD,4.951000000000022
0.02253019269116731,3,100,100,5,3000,A2,HOSVD,4.951000000000022
0.034237630955400805,3,100,100,5,3000,A3,HOSVD,4.951000000000022
15.138755276248672,3,100,100,5,3000,core,HOSVD,4.951000000000022
3.253606074114534,3,100,100,5,3000,A1,HOOI,5.517000000000053
0.021341260939847347,3,100,100,5,3000,A2,HOOI,5.517000000000053
0.03406301423766463,3,100,100,5,3000,A3,HOOI,5.517000000000053
15.137603944275781,3,100,100,5,3000,core,HOOI,5.517000000000053
2.705626017870863,3,100,100,5,3000,A1,Olga,4.119999999999891
0.02136376340560382,3,100,100,5,3000,A2,Olga,4.119999999999891
1.002967878825628,3,100,100,5,3000,A3,Tracy,4.119999999999891
15.185630222595332,3,100,100,5,3000,core,Tracy_Olga,4.119999999999891
2.118905421495297,3,100,500,5,3000,A1,NTD,14.017000000000053
0.7041451069982193,3,100,500,5,3000,A2,NTD,14.017000000000053
497.00012801748085,3,100,500,5,3000,A3,NTD,14.017000000000053
16.038177990161113,3,100,500,5,3000,core,NTD,14.017000000000053
3.0922190795755484,3,100,500,5,3000,A1,Ours,4.735999999999876
0.01328763746266814,3,100,500,5,3000,A2,Ours,4.735999999999876
0.14186163609355376,3,100,500,5,3000,A3,Ours,4.735999999999876
15.051216794221508,3,100,500,5,3000,core,Ours,4.735999999999876
3.0922190795755484,3,100,500,5,3000,A1,HOSVD,6.52800000000002
0.01328763746266814,3,100,500,5,3000,A2,HOSVD,6.52800000000002
0.14179477231954962,3,100,500,5,3000,A3,HOSVD,6.52800000000002
15.051152405602682,3,100,500,5,3000,core,HOSVD,6.52800000000002
3.0942777890928754,3,100,500,5,3000,A1,HOOI,4.82100000000014
0.013531488009939951,3,100,500,5,3000,A2,HOOI,4.82100000000014
0.14197435146886547,3,100,500,5,3000,A3,HOOI,4.82100000000014
15.051184312425832,3,100,500,5,3000,core,HOOI,4.82100000000014
2.8221273900407526,3,100,500,5,3000,A1,Olga,2.4729999999999563
0.020915989152299606,3,100,500,5,3000,A2,Olga,2.4729999999999563
1.2956842786462253,3,100,500,5,3000,A3,Tracy,2.4729999999999563
15.111145202904417,3,100,500,5,3000,core,Tracy_Olga,2.4729999999999563
2.3098330161976253,3,100,1000,5,3000,A1,NTD,34.76700000000005
0.22076359821784639,3,100,1000,5,3000,A2,NTD,34.76700000000005
997.0004481918164,3,100,1000,5,3000,A3,NTD,34.76700000000005
14.946312927549506,3,100,1000,5,3000,core,NTD,34.76700000000005
2.44537806158921,3,100,1000,5,3000,A1,Ours,0.5989999999999327
0.007672698281341587,3,100,1000,5,3000,A2,Ours,0.5989999999999327
0.1640794679531596,3,100,1000,5,3000,A3,Ours,0.5989999999999327
15.068505691181821,3,100,1000,5,3000,core,Ours,0.5989999999999327
2.44537806158921,3,100,1000,5,3000,A1,HOSVD,0.4659999999998945
0.007672698281341587,3,100,1000,5,3000,A2,HOSVD,0.4659999999998945
0.16376698322658104,3,100,1000,5,3000,A3,HOSVD,0.4659999999998945
15.064891419849989,3,100,1000,5,3000,core,HOSVD,0.4659999999998945
2.4410792415416442,3,100,1000,5,3000,A1,HOOI,0.8979999999999109
0.008837519277018584,3,100,1000,5,3000,A2,HOOI,0.8979999999999109
0.16221557434498665,3,100,1000,5,3000,A3,HOOI,0.8979999999999109
15.079991807823427,3,100,1000,5,3000,core,HOOI,0.8979999999999109
2.789317112795022,3,100,1000,5,3000,A1,Olga,0.5480000000000018
0.011295988896730537,3,100,1000,5,3000,A2,Olga,0.5480000000000018
1.3416523174088324,3,100,1000,5,3000,A3,Tracy,0.5480000000000018
15.154620909622622,3,100,1000,5,3000,core,Tracy_Olga,0.5480000000000018
2.556335947871323,3,100,2498,5,3000,A1,NTD,86.98000000000002
1.867638028961659,3,100,2498,5,3000,A2,NTD,86.98000000000002
2495.0392129012007,3,100,2498,5,3000,A3,NTD,86.98000000000002
7.114402505633845,3,100,2498,5,3000,core,NTD,86.98000000000002
3.655309707109417,3,100,2498,5,3000,A1,Ours,2.8859999999999673
0.032791759094285416,3,100,2498,5,3000,A2,Ours,2.8859999999999673
2.3936532290477874,3,100,2498,5,3000,A3,Ours,2.8859999999999673
15.187540682149148,3,100,2498,5,3000,core,Ours,2.8859999999999673
3.655309707109417,3,100,2498,5,3000,A1,HOSVD,3.6679999999998927
0.032791759094285416,3,100,2498,5,3000,A2,HOSVD,3.6679999999998927
2.390585772515554,3,100,2498,5,3000,A3,HOSVD,3.6679999999998927
15.182766243132074,3,100,2498,5,3000,core,HOSVD,3.6679999999998927
3.6572442745586273,3,100,2498,5,3000,A1,HOOI,3.1480000000001382
0.033458514146206854,3,100,2498,5,3000,A2,HOOI,3.1480000000001382
2.392270342195255,3,100,2498,5,3000,A3,HOOI,3.1480000000001382
15.179304593970459,3,100,2498,5,3000,core,HOOI,3.1480000000001382
2.54999577430246,3,100,2498,5,3000,A1,Olga,1.3269999999999982
0.04465668305848739,3,100,2498,5,3000,A2,Olga,1.3269999999999982
2.9341821093808935,3,100,2498,5,3000,A3,Tracy,1.3269999999999982
15.217135666990023,3,100,2498,5,3000,core,Tracy_Olga,1.3269999999999982
2.1498715705175977,3,100,4986,5,3000,A1,NTD,180.1590000000001
1.5981814945224968,3,100,4986,5,3000,A2,NTD,180.1590000000001
4983.057658245735,3,100,4986,5,3000,A3,NTD,180.1590000000001
12.491102235645391,3,100,4986,5,3000,core,NTD,180.1590000000001
2.521194552417065,3,100,4986,5,3000,A1,Ours,6.876000000000204
0.015095408285142385,3,100,4986,5,3000,A2,Ours,6.876000000000204
2.502551803746387,3,100,4986,5,3000,A3,Ours,6.876000000000204
15.74708959474351,3,100,4986,5,3000,core,Ours,6.876000000000204
2.521194552417065,3,100,4986,5,3000,A1,HOSVD,1.9159999999997126
0.015095408285142385,3,100,4986,5,3000,A2,HOSVD,1.9159999999997126
2.4814722474258133,3,100,4986,5,3000,A3,HOSVD,1.9159999999997126
15.74708959474351,3,100,4986,5,3000,core,HOSVD,1.9159999999997126
2.527295469871509,3,100,4986,5,3000,A1,HOOI,5.141999999999825
0.014145456917681683,3,100,4986,5,3000,A2,HOOI,5.141999999999825
2.4825404628874677,3,100,4986,5,3000,A3,HOOI,5.141999999999825
15.74708959474351,3,100,4986,5,3000,core,HOOI,5.141999999999825
3.1008629794778058,3,100,4986,5,3000,A1,Olga,3.338999999999942
0.12379806913912884,3,100,4986,5,3000,A2,Olga,3.338999999999942
2.847049904460404,3,100,4986,5,3000,A3,Tracy,3.338999999999942
15.74708959474351,3,100,4986,5,3000,core,Tracy_Olga,3.338999999999942
2.4909880988135646,3,100,5977,5,3000,A1,NTD,199.0630000000001
4.4864619092095355,3,100,5977,5,3000,A2,NTD,199.0630000000001
5974.052767311131,3,100,5977,5,3000,A3,NTD,199.0630000000001
9.752526283868766,3,100,5977,5,3000,core,NTD,199.0630000000001
3.2139153955507007,3,100,5977,5,3000,A1,Ours,6.479000000000269
0.023928022753730457,3,100,5977,5,3000,A2,Ours,6.479000000000269
2.5229656090556474,3,100,5977,5,3000,A3,Ours,6.479000000000269
15.74708959474351,3,100,5977,5,3000,core,Ours,6.479000000000269
3.2139153955507007,3,100,5977,5,3000,A1,HOSVD,2.0709999999999127
0.023928022753730457,3,100,5977,5,3000,A2,HOSVD,2.0709999999999127
2.4923508906097287,3,100,5977,5,3000,A3,HOSVD,2.0709999999999127
15.74708959474351,3,100,5977,5,3000,core,HOSVD,2.0709999999999127
3.2081456020910406,3,100,5977,5,3000,A1,HOOI,7.6030000000000655
0.021062597840986276,3,100,5977,5,3000,A2,HOOI,7.6030000000000655
2.4934517010580843,3,100,5977,5,3000,A3,HOOI,7.6030000000000655
15.74708959474351,3,100,5977,5,3000,core,HOOI,7.6030000000000655
3.638379843548209,3,100,5977,5,3000,A1,Olga,4.93100000000004
0.07625068698346368,3,100,5977,5,3000,A2,Olga,4.93100000000004
2.86388976219088,3,100,5977,5,3000,A3,Tracy,4.93100000000004
15.74708848613857,3,100,5977,5,3000,core,Tracy_Olga,4.93100000000004
3.51447165992821,3,100,6976,5,3000,A1,NTD,220.567
3.6324041242175906,3,100,6976,5,3000,A2,NTD,220.567
6973.073241894224,3,100,6976,5,3000,A3,NTD,220.567
12.85959070490181,3,100,6976,5,3000,core,NTD,220.567
2.9930703008360897,3,100,6976,5,3000,A1,Ours,7.448999999999614
0.039260575824340484,3,100,6976,5,3000,A2,Ours,7.448999999999614
2.5344622477195387,3,100,6976,5,3000,A3,Ours,7.448999999999614
15.74708959474351,3,100,6976,5,3000,core,Ours,7.448999999999614
2.9930703008360897,3,100,6976,5,3000,A1,HOSVD,2.1550000000002
0.039260575824340484,3,100,6976,5,3000,A2,HOSVD,2.1550000000002
2.4936803758038684,3,100,6976,5,3000,A3,HOSVD,2.1550000000002
15.74708959474351,3,100,6976,5,3000,core,HOSVD,2.1550000000002
2.9805262779577433,3,100,6976,5,3000,A1,HOOI,6.523999999999887
0.03695664525596316,3,100,6976,5,3000,A2,HOOI,6.523999999999887
2.4939349422539077,3,100,6976,5,3000,A3,HOOI,6.523999999999887
15.74708959474351,3,100,6976,5,3000,core,HOOI,6.523999999999887
2.7564790667070014,3,100,6976,5,3000,A1,Olga,4.056999999999789
0.13004373172436254,3,100,6976,5,3000,A2,Olga,4.056999999999789
2.8496593178237823,3,100,6976,5,3000,A3,Tracy,4.056999999999789
15.74708959474351,3,100,6976,5,3000,core,Tracy_Olga,4.056999999999789
2.5511793177605413,3,100,7959,5,3000,A1,NTD,251.48999999999978
0.6927995580263229,3,100,7959,5,3000,A2,NTD,251.48999999999978
7956.070217565844,3,100,7959,5,3000,A3,NTD,251.48999999999978
11.692545224632477,3,100,7959,5,3000,core,NTD,251.48999999999978
2.2389058069696093,3,100,7959,5,3000,A1,Ours,14.490999999999985
0.023311007315184668,3,100,7959,5,3000,A2,Ours,14.490999999999985
2.556692672947776,3,100,7959,5,3000,A3,Ours,14.490999999999985
15.74708959474351,3,100,7959,5,3000,core,Ours,14.490999999999985
2.2389058069696093,3,100,7959,5,3000,A1,HOSVD,5.70699999999988
0.023311007315184668,3,100,7959,5,3000,A2,HOSVD,5.70699999999988
2.5021335542859977,3,100,7959,5,3000,A3,HOSVD,5.70699999999988
15.74708959474351,3,100,7959,5,3000,core,HOSVD,5.70699999999988
2.241300764564577,3,100,7959,5,3000,A1,HOOI,18.416999999999916
0.02373127604798621,3,100,7959,5,3000,A2,HOOI,18.416999999999916
2.5029741901231715,3,100,7959,5,3000,A3,HOOI,18.416999999999916
15.74708959474351,3,100,7959,5,3000,core,HOOI,18.416999999999916
2.5628393888475687,3,100,7959,5,3000,A1,Olga,11.826000000000022
0.25477501972948435,3,100,7959,5,3000,A2,Olga,11.826000000000022
2.8684511031650057,3,100,7959,5,3000,A3,Tracy,11.826000000000022
15.74708959474351,3,100,7959,5,3000,core,Tracy_Olga,11.826000000000022
2.214688846584105,3,100,8954,5,3000,A1,NTD,285.9609999999998
0.6927979398371754,3,100,8954,5,3000,A2,NTD,285.9609999999998
8951.084461486917,3,100,8954,5,3000,A3,NTD,285.9609999999998
10.395882251832422,3,100,8954,5,3000,core,NTD,285.9609999999998
2.427843996725561,3,100,8954,5,3000,A1,Ours,11.662000000000262
0.017363001470482545,3,100,8954,5,3000,A2,Ours,11.662000000000262
2.569796268251991,3,100,8954,5,3000,A3,Ours,11.662000000000262
15.74708959474351,3,100,8954,5,3000,core,Ours,11.662000000000262
2.427843996725561,3,100,8954,5,3000,A1,HOSVD,3.380999999999858
0.017363001470482545,3,100,8954,5,3000,A2,HOSVD,3.380999999999858
2.5005904772471492,3,100,8954,5,3000,A3,HOSVD,3.380999999999858
15.74708959474351,3,100,8954,5,3000,core,HOSVD,3.380999999999858
2.426972194076092,3,100,8954,5,3000,A1,HOOI,9.56399999999985
0.015590925545400584,3,100,8954,5,3000,A2,HOOI,9.56399999999985
2.5015304727210768,3,100,8954,5,3000,A3,HOOI,9.56399999999985
15.74708959474351,3,100,8954,5,3000,core,HOOI,9.56399999999985
2.8055953935280327,3,100,8954,5,3000,A1,Olga,5.2599999999997635
0.19602943838434264,3,100,8954,5,3000,A2,Olga,5.2599999999997635
2.8792479223240988,3,100,8954,5,3000,A3,Tracy,5.2599999999997635
15.74708848613857,3,100,8954,5,3000,core,Tracy_Olga,5.2599999999997635
2.0845257155549484,3,100,9937,5,3000,A1,NTD,305.288
3.0064950910896915,3,100,9937,5,3000,A2,NTD,305.288
9934.091423005433,3,100,9937,5,3000,A3,NTD,305.288
10.594636599573818,3,100,9937,5,3000,core,NTD,305.288
2.8649420553752076,3,100,9937,5,3000,A1,Ours,30.864000000000033
0.008407963684854337,3,100,9937,5,3000,A2,Ours,30.864000000000033
2.5766385190751238,3,100,9937,5,3000,A3,Ours,30.864000000000033
15.74708959474351,3,100,9937,5,3000,core,Ours,30.864000000000033
2.8649420553752076,3,100,9937,5,3000,A1,HOSVD,20.192999999999756
0.008407963684854337,3,100,9937,5,3000,A2,HOSVD,20.192999999999756
2.491956412270189,3,100,9937,5,3000,A3,HOSVD,20.192999999999756
15.74708959474351,3,100,9937,5,3000,core,HOSVD,20.192999999999756
2.870218767759219,3,100,9937,5,3000,A1,HOOI,24.24900000000025
0.009186839532938518,3,100,9937,5,3000,A2,HOOI,24.24900000000025
2.4957267353939754,3,100,9937,5,3000,A3,HOOI,24.24900000000025
15.74708959474351,3,100,9937,5,3000,core,HOOI,24.24900000000025
2.559223904009419,3,100,9937,5,3000,A1,Olga,25.664000000000215
0.16271170534390664,3,100,9937,5,3000,A2,Olga,25.664000000000215
2.865502166586608,3,100,9937,5,3000,A3,Tracy,25.664000000000215
15.74708959474351,3,100,9937,5,3000,core,Tracy_Olga,25.664000000000215
2.4091237173727977,3,100,100,5,10000,A1,NTD,3.4659999999998945
1.2542207410214774,3,100,100,5,10000,A2,NTD,3.4659999999998945
97,3,100,100,5,10000,A3,NTD,3.4659999999998945
10.805926175946844,3,100,100,5,10000,core,NTD,3.4659999999998945
1.6337193247190935,3,100,100,5,10000,A1,Ours,7.224999999999909
0.007641601355588237,3,100,100,5,10000,A2,Ours,7.224999999999909
0.022445458634783977,3,100,100,5,10000,A3,Ours,7.224999999999909
15.149661001026901,3,100,100,5,10000,core,Ours,7.224999999999909
1.6337193247190935,3,100,100,5,10000,A1,HOSVD,4.354000000000269
0.007641601355588237,3,100,100,5,10000,A2,HOSVD,4.354000000000269
0.022445634353828348,3,100,100,5,10000,A3,HOSVD,4.354000000000269
15.149661659511766,3,100,100,5,10000,core,HOSVD,4.354000000000269
1.632494294807477,3,100,100,5,10000,A1,HOOI,4.983999999999924
0.0067380008036854845,3,100,100,5,10000,A2,HOOI,4.983999999999924
0.022438338470672756,3,100,100,5,10000,A3,HOOI,4.983999999999924
15.149534668567435,3,100,100,5,10000,core,HOOI,4.983999999999924
1.5759831308310313,3,100,100,5,10000,A1,Olga,3.7280000000000655
0.005108520543327074,3,100,100,5,10000,A2,Olga,3.7280000000000655
1.00092912143308,3,100,100,5,10000,A3,Tracy,3.7280000000000655
15.19276246824787,3,100,100,5,10000,core,Tracy_Olga,3.7280000000000655
2.189179015069574,3,100,500,5,10000,A1,NTD,14.588999999999942
0.6057983260812875,3,100,500,5,10000,A2,NTD,14.588999999999942
497.0000559533418,3,100,500,5,10000,A3,NTD,14.588999999999942
15.361653864904243,3,100,500,5,10000,core,NTD,14.588999999999942
1.650588584650117,3,100,500,5,10000,A1,Ours,4.382000000000062
0.005819781842906534,3,100,500,5,10000,A2,Ours,4.382000000000062
0.04166840242261215,3,100,500,5,10000,A3,Ours,4.382000000000062
15.127456897015879,3,100,500,5,10000,core,Ours,4.382000000000062
1.650588584650117,3,100,500,5,10000,A1,HOSVD,4.523000000000138
0.005819781842906534,3,100,500,5,10000,A2,HOSVD,4.523000000000138
0.041664897854420485,3,100,500,5,10000,A3,HOSVD,4.523000000000138
15.127454902980691,3,100,500,5,10000,core,HOSVD,4.523000000000138
1.6502361977743343,3,100,500,5,10000,A1,HOOI,2.744000000000142
0.005971817971446511,3,100,500,5,10000,A2,HOOI,2.744000000000142
0.04176784335624861,3,100,500,5,10000,A3,HOOI,2.744000000000142
15.127448031872607,3,100,500,5,10000,core,HOOI,2.744000000000142
1.160122780833275,3,100,500,5,10000,A1,Olga,2.8159999999998035
0.009179599732481124,3,100,500,5,10000,A2,Olga,2.8159999999998035
1.2752989194460511,3,100,500,5,10000,A3,Tracy,2.8159999999998035
15.182731824326753,3,100,500,5,10000,core,Tracy_Olga,2.8159999999998035
2.849161338775907,3,100,1000,5,10000,A1,NTD,31.451000000000022
4.095104680128486,3,100,1000,5,10000,A2,NTD,31.451000000000022
997.0000229379555,3,100,1000,5,10000,A3,NTD,31.451000000000022
12.260049960829637,3,100,1000,5,10000,core,NTD,31.451000000000022
1.032276299560294,3,100,1000,5,10000,A1,Ours,0.5799999999999272
0.006014815352667171,3,100,1000,5,10000,A2,Ours,0.5799999999999272
0.07467183008422348,3,100,1000,5,10000,A3,Ours,0.5799999999999272
15.107627785597176,3,100,1000,5,10000,core,Ours,0.5799999999999272
1.032276299560294,3,100,1000,5,10000,A1,HOSVD,0.7600000000002183
0.006014815352667171,3,100,1000,5,10000,A2,HOSVD,0.7600000000002183
0.07464659575947111,3,100,1000,5,10000,A3,HOSVD,0.7600000000002183
15.107604847092018,3,100,1000,5,10000,core,HOSVD,0.7600000000002183
1.2439052917952778,3,100,1000,5,10000,A1,HOOI,0.8239999999996144
0.005928689789149137,3,100,1000,5,10000,A2,HOOI,0.8239999999996144
0.07549582556872235,3,100,1000,5,10000,A3,HOOI,0.8239999999996144
15.117322325280295,3,100,1000,5,10000,core,HOOI,0.8239999999996144
1.4828628911568187,3,100,1000,5,10000,A1,Olga,0.4600000000000364
0.007747261824631534,3,100,1000,5,10000,A2,Olga,0.4600000000000364
1.3317770136799332,3,100,1000,5,10000,A3,Tracy,0.4600000000000364
15.16807387851915,3,100,1000,5,10000,core,Tracy_Olga,0.4600000000000364
2.5068334766113636,3,100,2500,5,10000,A1,NTD,89.20199999999977
0.9077392886201858,3,100,2500,5,10000,A2,NTD,89.20199999999977
2497.000261631896,3,100,2500,5,10000,A3,NTD,89.20199999999977
6.663498683476232,3,100,2500,5,10000,core,NTD,89.20199999999977
1.6268650555414295,3,100,2500,5,10000,A1,Ours,1.8739999999997963
0.015748130107233655,3,100,2500,5,10000,A2,Ours,1.8739999999997963
0.2270218368176237,3,100,2500,5,10000,A3,Ours,1.8739999999997963
15.036007856019708,3,100,2500,5,10000,core,Ours,1.8739999999997963
1.6268650555414295,3,100,2500,5,10000,A1,HOSVD,0.8840000000000146
0.015748130107233655,3,100,2500,5,10000,A2,HOSVD,0.8840000000000146
0.22678300873870363,3,100,2500,5,10000,A3,HOSVD,0.8840000000000146
15.033977901465727,3,100,2500,5,10000,core,HOSVD,0.8840000000000146
1.626690721692786,3,100,2500,5,10000,A1,HOOI,2.856000000000222
0.01584130163771345,3,100,2500,5,10000,A2,HOOI,2.856000000000222
0.19003322276432974,3,100,2500,5,10000,A3,HOOI,2.856000000000222
15.099264730811948,3,100,2500,5,10000,core,HOOI,2.856000000000222
1.5091696585014598,3,100,2500,5,10000,A1,Olga,1.5169999999998254
0.013757826571914001,3,100,2500,5,10000,A2,Olga,1.5169999999998254
1.4096159658913117,3,100,2500,5,10000,A3,Tracy,1.5169999999998254
15.154579126324476,3,100,2500,5,10000,core,Tracy_Olga,1.5169999999998254
2.356380703460984,3,100,4998,5,10000,A1,NTD,178.4010000000003
3.853792949073676,3,100,4998,5,10000,A2,NTD,178.4010000000003
4995.023231244233,3,100,4998,5,10000,A3,NTD,178.4010000000003
10.466497605439827,3,100,4998,5,10000,core,NTD,178.4010000000003
1.5758226721724249,3,100,4998,5,10000,A1,Ours,5.313000000000102
0.013353433684201237,3,100,4998,5,10000,A2,Ours,5.313000000000102
2.4679597553793693,3,100,4998,5,10000,A3,Ours,5.313000000000102
15.461570033246234,3,100,4998,5,10000,core,Ours,5.313000000000102
1.5758226721724249,3,100,4998,5,10000,A1,HOSVD,1.7820000000001528
0.013353433684201237,3,100,4998,5,10000,A2,HOSVD,1.7820000000001528
2.4669736712897965,3,100,4998,5,10000,A3,HOSVD,1.7820000000001528
15.461197566734947,3,100,4998,5,10000,core,HOSVD,1.7820000000001528
1.5756607093662158,3,100,4998,5,10000,A1,HOOI,4.401000000000295
0.012161207397337516,3,100,4998,5,10000,A2,HOOI,4.401000000000295
2.4647045391214464,3,100,4998,5,10000,A3,HOOI,4.401000000000295
15.452893650769468,3,100,4998,5,10000,core,HOOI,4.401000000000295
1.5738556910346113,3,100,4998,5,10000,A1,Olga,2.543999999999869
0.04127870753627148,3,100,4998,5,10000,A2,Olga,2.543999999999869
2.940606671261143,3,100,4998,5,10000,A3,Tracy,2.543999999999869
15.444690873042669,3,100,4998,5,10000,core,Tracy_Olga,2.543999999999869
2.1614778985282577,3,100,5994,5,10000,A1,NTD,194.85499999999956
0.29642036977417513,3,100,5994,5,10000,A2,NTD,194.85499999999956
5991.029329088055,3,100,5994,5,10000,A3,NTD,194.85499999999956
14.218935794597959,3,100,5994,5,10000,core,NTD,194.85499999999956
1.38715989396405,3,100,5994,5,10000,A1,Ours,6.3969999999999345
0.0069629214143176335,3,100,5994,5,10000,A2,Ours,6.3969999999999345
2.4716204631738683,3,100,5994,5,10000,A3,Ours,6.3969999999999345
15.74708959474351,3,100,5994,5,10000,core,Ours,6.3969999999999345
1.38715989396405,3,100,5994,5,10000,A1,HOSVD,1.819999999999709
0.0069629214143176335,3,100,5994,5,10000,A2,HOSVD,1.819999999999709
2.4685910440532206,3,100,5994,5,10000,A3,HOSVD,1.819999999999709
15.74708959474351,3,100,5994,5,10000,core,HOSVD,1.819999999999709
1.3844233551385452,3,100,5994,5,10000,A1,HOOI,5.078000000000429
0.006427520622567161,3,100,5994,5,10000,A2,HOOI,5.078000000000429
2.4688517464312127,3,100,5994,5,10000,A3,HOOI,5.078000000000429
15.74708959474351,3,100,5994,5,10000,core,HOOI,5.078000000000429
1.246182011910209,3,100,5994,5,10000,A1,Olga,3.2379999999993743
0.039479652686641366,3,100,5994,5,10000,A2,Olga,3.2379999999993743
2.8788093877774057,3,100,5994,5,10000,A3,Tracy,3.2379999999993743
15.74708959474351,3,100,5994,5,10000,core,Tracy_Olga,3.2379999999993743
2.1523240108214354,3,100,6993,5,10000,A1,NTD,226.61399999999958
4.399283988381296,3,100,6993,5,10000,A2,NTD,226.61399999999958
6990.031311220438,3,100,6993,5,10000,A3,NTD,226.61399999999958
11.362565733111653,3,100,6993,5,10000,core,NTD,226.61399999999958
1.3071311034670283,3,100,6993,5,10000,A1,Ours,7.834000000000742
0.007868530390457514,3,100,6993,5,10000,A2,Ours,7.834000000000742
2.4825923426677172,3,100,6993,5,10000,A3,Ours,7.834000000000742
15.74708959474351,3,100,6993,5,10000,core,Ours,7.834000000000742
1.3071311034670283,3,100,6993,5,10000,A1,HOSVD,2.6749999999992724
0.007868530390457514,3,100,6993,5,10000,A2,HOSVD,2.6749999999992724
2.478328566404313,3,100,6993,5,10000,A3,HOSVD,2.6749999999992724
15.74708959474351,3,100,6993,5,10000,core,HOSVD,2.6749999999992724
1.3098269488421121,3,100,6993,5,10000,A1,HOOI,6.970000000000255
0.008442484062242437,3,100,6993,5,10000,A2,HOOI,6.970000000000255
2.4790239676273598,3,100,6993,5,10000,A3,HOOI,6.970000000000255
15.74708959474351,3,100,6993,5,10000,core,HOOI,6.970000000000255
1.263325743270522,3,100,6993,5,10000,A1,Olga,5.2150000000001455
0.038754290774167165,3,100,6993,5,10000,A2,Olga,5.2150000000001455
2.902867688331453,3,100,6993,5,10000,A3,Tracy,5.2150000000001455
15.74708959474351,3,100,6993,5,10000,core,Tracy_Olga,5.2150000000001455
2.512499091482072,3,100,7991,5,10000,A1,NTD,252.57499999999982
1.7396433273660303,3,100,7991,5,10000,A2,NTD,252.57499999999982
7988.024212200228,3,100,7991,5,10000,A3,NTD,252.57499999999982
12.178404390968426,3,100,7991,5,10000,core,NTD,252.57499999999982
1.6877987943700603,3,100,7991,5,10000,A1,Ours,9.532000000000153
0.027170791930222683,3,100,7991,5,10000,A2,Ours,9.532000000000153
2.4745469897364205,3,100,7991,5,10000,A3,Ours,9.532000000000153
15.74708959474351,3,100,7991,5,10000,core,Ours,9.532000000000153
1.6877987943700603,3,100,7991,5,10000,A1,HOSVD,2.8109999999996944
0.027170791930222683,3,100,7991,5,10000,A2,HOSVD,2.8109999999996944
2.4693894183440306,3,100,7991,5,10000,A3,HOSVD,2.8109999999996944
15.74708959474351,3,100,7991,5,10000,core,HOSVD,2.8109999999996944
1.6875304718888398,3,100,7991,5,10000,A1,HOOI,7.391999999999825
0.027373527784508925,3,100,7991,5,10000,A2,HOOI,7.391999999999825
2.467913670536649,3,100,7991,5,10000,A3,HOOI,7.391999999999825
15.74708959474351,3,100,7991,5,10000,core,HOOI,7.391999999999825
1.5832364185774028,3,100,7991,5,10000,A1,Olga,4.5109999999995125
0.060091003650903176,3,100,7991,5,10000,A2,Olga,4.5109999999995125
2.878972609165619,3,100,7991,5,10000,A3,Tracy,4.5109999999995125
15.74708959474351,3,100,7991,5,10000,core,Tracy_Olga,4.5109999999995125
1.9760502309921202,3,100,8988,5,10000,A1,NTD,275.45899999999983
1.4036356785047384,3,100,8988,5,10000,A2,NTD,275.45899999999983
8985.037320026493,3,100,8988,5,10000,A3,NTD,275.45899999999983
8.45246301263244,3,100,8988,5,10000,core,NTD,275.45899999999983
1.7936446522632004,3,100,8988,5,10000,A1,Ours,11.381000000000313
0.0016982353074085834,3,100,8988,5,10000,A2,Ours,11.381000000000313
2.503691309126604,3,100,8988,5,10000,A3,Ours,11.381000000000313
15.74708959474351,3,100,8988,5,10000,core,Ours,11.381000000000313
1.7936446522632004,3,100,8988,5,10000,A1,HOSVD,3.092000000000553
0.0016982353074085834,3,100,8988,5,10000,A2,HOSVD,3.092000000000553
2.4973544609061884,3,100,8988,5,10000,A3,HOSVD,3.092000000000553
15.74708959474351,3,100,8988,5,10000,core,HOSVD,3.092000000000553
1.7913185237134732,3,100,8988,5,10000,A1,HOOI,8.548999999999978
0.0018236787399113984,3,100,8988,5,10000,A2,HOOI,8.548999999999978
3.650787797439442,3,100,8988,5,10000,A3,HOOI,8.548999999999978
11.605079585008955,3,100,8988,5,10000,core,HOOI,8.548999999999978
1.840213592875558,3,100,8988,5,10000,A1,Olga,4.943000000000211
0.09082624137659752,3,100,8988,5,10000,A2,Olga,4.943000000000211
2.873122493873354,3,100,8988,5,10000,A3,Tracy,4.943000000000211
15.74708959474351,3,100,8988,5,10000,core,Tracy_Olga,4.943000000000211
1.9880965499716112,3,100,9981,5,10000,A1,NTD,305.35199999999986
4.349881412803106,3,100,9981,5,10000,A2,NTD,305.35199999999986
9978.030138566832,3,100,9981,5,10000,A3,NTD,305.35199999999986
13.263711754755628,3,100,9981,5,10000,core,NTD,305.35199999999986
1.1006009121171618,3,100,9981,5,10000,A1,Ours,13.011999999999716
0.011109334147634263,3,100,9981,5,10000,A2,Ours,13.011999999999716
2.502928250106654,3,100,9981,5,10000,A3,Ours,13.011999999999716
15.74708959474351,3,100,9981,5,10000,core,Ours,13.011999999999716
1.1006009121171618,3,100,9981,5,10000,A1,HOSVD,3.443000000000211
0.011109334147634263,3,100,9981,5,10000,A2,HOSVD,3.443000000000211
2.495205661860591,3,100,9981,5,10000,A3,HOSVD,3.443000000000211
15.74708959474351,3,100,9981,5,10000,core,HOSVD,3.443000000000211
1.1026743266607586,3,100,9981,5,10000,A1,HOOI,10.648000000000138
0.012046311997470563,3,100,9981,5,10000,A2,HOOI,10.648000000000138
2.4943144029734885,3,100,9981,5,10000,A3,HOOI,10.648000000000138
15.74708959474351,3,100,9981,5,10000,core,HOOI,10.648000000000138
1.7216988005452527,3,100,9981,5,10000,A1,Olga,5.957999999999629
0.08029440884025188,3,100,9981,5,10000,A2,Olga,5.957999999999629
2.8741132584236695,3,100,9981,5,10000,A3,Tracy,5.957999999999629
15.74708848613857,3,100,9981,5,10000,core,Tracy_Olga,5.957999999999629
