error,K,Q1,R,Q2,M,mode,method,time
33.992796140659955,3,100,985,5,100,A1,NTD,36.575
3.230447084782084,3,100,985,5,100,A2,NTD,36.575
982.2359151597495,3,100,985,5,100,A3,NTD,36.575
9.985068486791253,3,100,985,5,100,core,NTD,36.575
31.057911019800372,3,100,985,5,100,A1,Ours,5.060000000000002
0.16751560963321493,3,100,985,5,100,A2,Ours,5.060000000000002
3.3097939653297335,3,100,985,5,100,A3,Ours,5.060000000000002
12.664153780062755,3,100,985,5,100,core,Ours,5.060000000000002
31.057911019800372,3,100,985,5,100,A1,HOSVD,3.951999999999998
0.16751560963321493,3,100,985,5,100,A2,HOSVD,3.951999999999998
2.579925417736195,3,100,985,5,100,A3,HOSVD,3.951999999999998
7.732824603768628,3,100,985,5,100,core,HOSVD,3.951999999999998
29.655621871197404,3,100,985,5,100,A1,HOOI,6.248999999999995
0.13679657658181005,3,100,985,5,100,A2,HOOI,6.248999999999995
2.5732158678229546,3,100,985,5,100,A3,HOOI,6.248999999999995
11.6332972648472,3,100,985,5,100,core,HOOI,6.248999999999995
34.73568043250369,3,100,985,5,100,A1,Olga,4.975999999999999
0.8776857200068161,3,100,985,5,100,A2,Olga,4.975999999999999
2.8534260818649795,3,100,985,5,100,A3,Tracy,4.975999999999999
11.806616783667318,3,100,985,5,100,core,Tracy_Olga,4.975999999999999
115.72896404423234,3,100,4513,5,100,A1,NTD,162.27700000000002
3.230448836350057,3,100,4513,5,100,A2,NTD,162.27700000000002
4510.595361895323,3,100,4513,5,100,A3,NTD,162.27700000000002
10.599056836834441,3,100,4513,5,100,core,NTD,162.27700000000002
29.90499788686964,3,100,4513,5,100,A1,Ours,10.350999999999999
0.08287060277641153,3,100,4513,5,100,A2,Ours,10.350999999999999
5.354794245674905,3,100,4513,5,100,A3,Ours,10.350999999999999
11.973726745089223,3,100,4513,5,100,core,Ours,10.350999999999999
29.90499788686964,3,100,4513,5,100,A1,HOSVD,10.433999999999997
0.08287060277641153,3,100,4513,5,100,A2,HOSVD,10.433999999999997
2.741374554806199,3,100,4513,5,100,A3,HOSVD,10.433999999999997
11.776576902111143,3,100,4513,5,100,core,HOSVD,10.433999999999997
23.271450886198007,3,100,4513,5,100,A1,HOOI,23.589
0.07545335328462759,3,100,4513,5,100,A2,HOOI,23.589
3.686490155471144,3,100,4513,5,100,A3,HOOI,23.589
9.847497166837309,3,100,4513,5,100,core,HOOI,23.589
77.36655380740824,3,100,4513,5,100,A1,Olga,14.31699999999995
1.208745224919805,3,100,4513,5,100,A2,Olga,14.31699999999995
3.922412509502106,3,100,4513,5,100,A3,Tracy,14.31699999999995
12.105863751313473,3,100,4513,5,100,core,Tracy_Olga,14.31699999999995
125.56435327172218,3,100,8165,5,100,A1,NTD,279.759
1.2304350033615876,3,100,8165,5,100,A2,NTD,279.759
8162.633705566017,3,100,8165,5,100,A3,NTD,279.759
8.764285445023559,3,100,8165,5,100,core,NTD,279.759
25.89213614123842,3,100,8165,5,100,A1,Ours,28.53200000000004
0.08089930673680001,3,100,8165,5,100,A2,Ours,28.53200000000004
5.211153405173689,3,100,8165,5,100,A3,Ours,28.53200000000004
10.823376144603658,3,100,8165,5,100,core,Ours,28.53200000000004
25.89213614123842,3,100,8165,5,100,A1,HOSVD,21.833999999999946
0.08089930673680001,3,100,8165,5,100,A2,HOSVD,21.833999999999946
2.913143422747145,3,100,8165,5,100,A3,HOSVD,21.833999999999946
11.466411368124025,3,100,8165,5,100,core,HOSVD,21.833999999999946
73.56129223007748,3,100,8165,5,100,A1,Olga,11.330000000000041
2.3293700417449914,3,100,8165,5,100,A2,Olga,11.330000000000041
3.9741083831836868,3,100,8165,5,100,A3,Tracy,11.330000000000041
9.647248851802827,3,100,8165,5,100,core,Tracy_Olga,11.330000000000041
4.944412748186027,3,100,1000,5,500,A1,NTD,28.289999999999964
0.6184770912342982,3,100,1000,5,500,A2,NTD,28.289999999999964
997.0076859464305,3,100,1000,5,500,A3,NTD,28.289999999999964
8.386187066055959,3,100,1000,5,500,core,NTD,28.289999999999964
10.30498834024377,3,100,1000,5,500,A1,Ours,0.6219999999999573
0.01843456469446401,3,100,1000,5,500,A2,Ours,0.6219999999999573
0.8975451778566821,3,100,1000,5,500,A3,Ours,0.6219999999999573
11.575121344448647,3,100,1000,5,500,core,Ours,0.6219999999999573
10.30498834024377,3,100,1000,5,500,A1,HOSVD,0.5480000000000018
0.01843456469446401,3,100,1000,5,500,A2,HOSVD,0.5480000000000018
0.8811127915082206,3,100,1000,5,500,A3,HOSVD,0.5480000000000018
11.543635277080329,3,100,1000,5,500,core,HOSVD,0.5480000000000018
10.24128259781955,3,100,1000,5,500,A1,HOOI,1.205000000000041
0.02404439168915952,3,100,1000,5,500,A2,HOOI,1.205000000000041
0.7438571366524134,3,100,1000,5,500,A3,HOOI,1.205000000000041
11.333223127917472,3,100,1000,5,500,core,HOOI,1.205000000000041
10.690068799725085,3,100,1000,5,500,A1,Olga,0.8220000000000027
0.14564663904110065,3,100,1000,5,500,A2,Olga,0.8220000000000027
1.688567620477821,3,100,1000,5,500,A3,Tracy,0.8220000000000027
10.17986896988762,3,100,1000,5,500,core,Tracy_Olga,0.8220000000000027
63.843556934909685,3,100,4897,5,500,A1,NTD,164.36799999999994
5.083537462988027,3,100,4897,5,500,A2,NTD,164.36799999999994
4894.237577207135,3,100,4897,5,500,A3,NTD,164.36799999999994
10.550844654032437,3,100,4897,5,500,core,NTD,164.36799999999994
10.600249863843707,3,100,4897,5,500,A1,Ours,9.103999999999928
0.0413151635683021,3,100,4897,5,500,A2,Ours,9.103999999999928
3.3233214318193567,3,100,4897,5,500,A3,Ours,9.103999999999928
10.73705162176663,3,100,4897,5,500,core,Ours,9.103999999999928
10.600249863843707,3,100,4897,5,500,A1,HOSVD,8.686000000000035
0.0413151635683021,3,100,4897,5,500,A2,HOSVD,8.686000000000035
2.6383660174390826,3,100,4897,5,500,A3,HOSVD,8.686000000000035
11.739707353015266,3,100,4897,5,500,core,HOSVD,8.686000000000035
10.58231323024764,3,100,4897,5,500,A1,HOOI,12.333000000000084
0.04269100942580212,3,100,4897,5,500,A2,HOOI,12.333000000000084
3.335155677219024,3,100,4897,5,500,A3,HOOI,12.333000000000084
7.493019158199953,3,100,4897,5,500,core,HOOI,12.333000000000084
14.841249882664563,3,100,4897,5,500,A1,Olga,6.032000000000039
0.42643534557978835,3,100,4897,5,500,A2,Olga,6.032000000000039
2.8982833185542116,3,100,4897,5,500,A3,Tracy,6.032000000000039
11.876360139178436,3,100,4897,5,500,core,Tracy_Olga,6.032000000000039
98.30734628566091,3,100,9606,5,500,A1,NTD,324.03200000000004
5.140458314342765,3,100,9606,5,500,A2,NTD,324.03200000000004
9603.341169944959,3,100,9606,5,500,A3,NTD,324.03200000000004
10.814727561180462,3,100,9606,5,500,core,NTD,324.03200000000004
10.809150173104278,3,100,9606,5,500,A1,Ours,14.330999999999904
0.07275445090350277,3,100,9606,5,500,A2,Ours,14.330999999999904
5.368898180708002,3,100,9606,5,500,A3,Ours,14.330999999999904
9.58254189488919,3,100,9606,5,500,core,Ours,14.330999999999904
10.809150173104278,3,100,9606,5,500,A1,HOSVD,3.9739999999999327
0.07275445090350277,3,100,9606,5,500,A2,HOSVD,3.9739999999999327
2.657325491358247,3,100,9606,5,500,A3,HOSVD,3.9739999999999327
11.705914757741601,3,100,9606,5,500,core,HOSVD,3.9739999999999327
10.05813390121112,3,100,9606,5,500,A1,HOOI,16.50500000000011
0.0677339058932354,3,100,9606,5,500,A2,HOOI,16.50500000000011
3.8933598809988705,3,100,9606,5,500,A3,HOOI,16.50500000000011
10.257310635998651,3,100,9606,5,500,core,HOOI,16.50500000000011
19.885605363407063,3,100,9606,5,500,A1,Olga,7.838999999999942
0.5896358307212015,3,100,9606,5,500,A2,Olga,7.838999999999942
2.940827060060432,3,100,9606,5,500,A3,Tracy,7.838999999999942
11.752828271920004,3,100,9606,5,500,core,Tracy_Olga,7.838999999999942
3.5231566742277356,3,100,998,5,1000,A1,NTD,27.687999999999874
0.2929074944967319,3,100,998,5,1000,A2,NTD,27.687999999999874
995.0598798887103,3,100,998,5,1000,A3,NTD,27.687999999999874
10.412753589602831,3,100,998,5,1000,core,NTD,27.687999999999874
7.914667047524725,3,100,998,5,1000,A1,Ours,3.589000000000169
0.028834506419817888,3,100,998,5,1000,A2,Ours,3.589000000000169
2.528233173388998,3,100,998,5,1000,A3,Ours,3.589000000000169
11.114545020783527,3,100,998,5,1000,core,Ours,3.589000000000169
7.914667047524725,3,100,998,5,1000,A1,HOSVD,3.3150000000000546
0.028834506419817888,3,100,998,5,1000,A2,HOSVD,3.3150000000000546
2.515774419599859,3,100,998,5,1000,A3,HOSVD,3.3150000000000546
11.111469026239472,3,100,998,5,1000,core,HOSVD,3.3150000000000546
7.847727789817579,3,100,998,5,1000,A1,HOOI,3.091000000000122
0.028115440761844697,3,100,998,5,1000,A2,HOOI,3.091000000000122
2.5174310190790927,3,100,998,5,1000,A3,HOOI,3.091000000000122
11.0840493540962,3,100,998,5,1000,core,HOOI,3.091000000000122
6.949164216586069,3,100,998,5,1000,A1,Olga,3.770999999999958
0.06916197109439912,3,100,998,5,1000,A2,Olga,3.770999999999958
2.9958004412102044,3,100,998,5,1000,A3,Tracy,3.770999999999958
11.240983561620434,3,100,998,5,1000,core,Tracy_Olga,3.770999999999958
4.363482149151624,3,100,4952,5,1000,A1,NTD,160.81500000000005
3.7858361556374134,3,100,4952,5,1000,A2,NTD,160.81500000000005
4949.144480648049,3,100,4952,5,1000,A3,NTD,160.81500000000005
9.86219255561779,3,100,4952,5,1000,core,NTD,160.81500000000005
8.194583068822439,3,100,4952,5,1000,A1,Ours,5.043999999999869
0.04691915256279165,3,100,4952,5,1000,A2,Ours,5.043999999999869
2.913644314385146,3,100,4952,5,1000,A3,Ours,5.043999999999869
9.720782415628458,3,100,4952,5,1000,core,Ours,5.043999999999869
8.194583068822439,3,100,4952,5,1000,A1,HOSVD,2.775000000000091
0.04691915256279165,3,100,4952,5,1000,A2,HOSVD,2.775000000000091
2.603272462721842,3,100,4952,5,1000,A3,HOSVD,2.775000000000091
11.79149694773152,3,100,4952,5,1000,core,HOSVD,2.775000000000091
8.290013597347395,3,100,4952,5,1000,A1,HOOI,5.136999999999944
0.047487033470762524,3,100,4952,5,1000,A2,HOOI,5.136999999999944
3.8698342535699313,3,100,4952,5,1000,A3,HOOI,5.136999999999944
10.266137531558794,3,100,4952,5,1000,core,HOOI,5.136999999999944
9.979920511110393,3,100,4952,5,1000,A1,Olga,2.518000000000029
0.24139915184467992,3,100,4952,5,1000,A2,Olga,2.518000000000029
2.8663864684375207,3,100,4952,5,1000,A3,Tracy,2.518000000000029
11.81276501729041,3,100,4952,5,1000,core,Tracy_Olga,2.518000000000029
13.577161635339563,3,100,9804,5,1000,A1,NTD,322.19900000000007
5.04067391578591,3,100,9804,5,1000,A2,NTD,322.19900000000007
9801.229299702432,3,100,9804,5,1000,A3,NTD,322.19900000000007
9.347999451957312,3,100,9804,5,1000,core,NTD,322.19900000000007
7.186256400947392,3,100,9804,5,1000,A1,Ours,18.567000000000007
0.0283945076512193,3,100,9804,5,1000,A2,Ours,18.567000000000007
4.159818094152094,3,100,9804,5,1000,A3,Ours,18.567000000000007
10.03230601683545,3,100,9804,5,1000,core,Ours,18.567000000000007
7.186256400947392,3,100,9804,5,1000,A1,HOSVD,3.5
0.0283945076512193,3,100,9804,5,1000,A2,HOSVD,3.5
2.6282590898152742,3,100,9804,5,1000,A3,HOSVD,3.5
11.574101763132125,3,100,9804,5,1000,core,HOSVD,3.5
7.097748134355372,3,100,9804,5,1000,A1,HOOI,12.808999999999969
0.02750317523752714,3,100,9804,5,1000,A2,HOOI,12.808999999999969
2.6513526255157203,3,100,9804,5,1000,A3,HOOI,12.808999999999969
11.714226995731817,3,100,9804,5,1000,core,HOOI,12.808999999999969
9.813873955979904,3,100,9804,5,1000,A1,Olga,18.461000000000013
0.31786877692406224,3,100,9804,5,1000,A2,Olga,18.461000000000013
2.905928735197574,3,100,9804,5,1000,A3,Tracy,18.461000000000013
11.634049910263295,3,100,9804,5,1000,core,Tracy_Olga,18.461000000000013
3.197677928927504,3,100,1000,5,2500,A1,NTD,27.08699999999999
0.18077626842036598,3,100,1000,5,2500,A2,NTD,27.08699999999999
997.0011043663975,3,100,1000,5,2500,A3,NTD,27.08699999999999
10.399348400800612,3,100,1000,5,2500,core,NTD,27.08699999999999
5.690912391202497,3,100,1000,5,2500,A1,Ours,5.596000000000004
0.01866459662716186,3,100,1000,5,2500,A2,Ours,5.596000000000004
0.4453730604464674,3,100,1000,5,2500,A3,Ours,5.596000000000004
11.25074583311839,3,100,1000,5,2500,core,Ours,5.596000000000004
5.690912391202497,3,100,1000,5,2500,A1,HOSVD,5.677000000000135
0.01866459662716186,3,100,1000,5,2500,A2,HOSVD,5.677000000000135
0.44424513607040145,3,100,1000,5,2500,A3,HOSVD,5.677000000000135
11.248853401062874,3,100,1000,5,2500,core,HOSVD,5.677000000000135
5.671200182926325,3,100,1000,5,2500,A1,HOOI,4.267000000000053
0.019417700509311006,3,100,1000,5,2500,A2,HOOI,4.267000000000053
0.41942989251264867,3,100,1000,5,2500,A3,HOOI,4.267000000000053
11.233024959544476,3,100,1000,5,2500,core,HOOI,4.267000000000053
4.158774871827083,3,100,1000,5,2500,A1,Olga,6.68100000000004
0.034500146929968334,3,100,1000,5,2500,A2,Olga,6.68100000000004
1.393773425959399,3,100,1000,5,2500,A3,Tracy,6.68100000000004
11.287681197987858,3,100,1000,5,2500,core,Tracy_Olga,6.68100000000004
3.5129614330955174,3,100,4975,5,2500,A1,NTD,157.183
3.1100218683118697,3,100,4975,5,2500,A2,NTD,157.183
4972.079339509544,3,100,4975,5,2500,A3,NTD,157.183
10.00562014817297,3,100,4975,5,2500,core,NTD,157.183
8.548123883910135,3,100,4975,5,2500,A1,Ours,5.317000000000007
0.01793882539977679,3,100,4975,5,2500,A2,Ours,5.317000000000007
2.6093691204339637,3,100,4975,5,2500,A3,Ours,5.317000000000007
11.73345173312117,3,100,4975,5,2500,core,Ours,5.317000000000007
8.548123883910135,3,100,4975,5,2500,A1,HOSVD,1.6950000000001637
0.01793882539977679,3,100,4975,5,2500,A2,HOSVD,1.6950000000001637
2.5782804672626813,3,100,4975,5,2500,A3,HOSVD,1.6950000000001637
11.686517795694753,3,100,4975,5,2500,core,HOSVD,1.6950000000001637
8.482528896411266,3,100,4975,5,2500,A1,HOOI,4.644999999999982
0.01949723816586707,3,100,4975,5,2500,A2,HOOI,4.644999999999982
2.5788061450322153,3,100,4975,5,2500,A3,HOOI,4.644999999999982
11.675140330592171,3,100,4975,5,2500,core,HOOI,4.644999999999982
5.066062311004458,3,100,4975,5,2500,A1,Olga,2.574999999999818
0.10428370337638397,3,100,4975,5,2500,A2,Olga,2.574999999999818
2.8333015644277157,3,100,4975,5,2500,A3,Tracy,2.574999999999818
11.688834668152888,3,100,4975,5,2500,core,Tracy_Olga,2.574999999999818
17.62757517960323,3,100,9918,5,2500,A1,NTD,331.4580000000001
3.1404593708993285,3,100,9918,5,2500,A2,NTD,331.4580000000001
9915.121616504628,3,100,9918,5,2500,A3,NTD,331.4580000000001
12.323358499867286,3,100,9918,5,2500,core,NTD,331.4580000000001
6.3053892296070195,3,100,9918,5,2500,A1,Ours,14.16800000000012
0.03269301942787217,3,100,9918,5,2500,A2,Ours,14.16800000000012
2.8604529373774783,3,100,9918,5,2500,A3,Ours,14.16800000000012
8.782405930071743,3,100,9918,5,2500,core,Ours,14.16800000000012
6.3053892296070195,3,100,9918,5,2500,A1,HOSVD,3.2020000000002256
0.03269301942787217,3,100,9918,5,2500,A2,HOSVD,3.2020000000002256
2.578941692568701,3,100,9918,5,2500,A3,HOSVD,3.2020000000002256
11.76744027545782,3,100,9918,5,2500,core,HOSVD,3.2020000000002256
6.303912499005857,3,100,9918,5,2500,A1,HOOI,12.625999999999749
0.02722466038972109,3,100,9918,5,2500,A2,HOOI,12.625999999999749
2.59418827094454,3,100,9918,5,2500,A3,HOOI,12.625999999999749
11.780376706919096,3,100,9918,5,2500,core,HOOI,12.625999999999749
4.751603864668621,3,100,9918,5,2500,A1,Olga,6.548000000000229
0.21291762038198508,3,100,9918,5,2500,A2,Olga,6.548000000000229
2.8563543286669453,3,100,9918,5,2500,A3,Tracy,6.548000000000229
11.700739551431248,3,100,9918,5,2500,core,Tracy_Olga,6.548000000000229
3.0410479454594763,3,100,1000,5,5000,A1,NTD,27.617999999999938
0.48344933328459627,3,100,1000,5,5000,A2,NTD,27.617999999999938
997.0004391123508,3,100,1000,5,5000,A3,NTD,27.617999999999938
10.83127235256176,3,100,1000,5,5000,core,NTD,27.617999999999938
3.6925052257873014,3,100,1000,5,5000,A1,Ours,0.8889999999996689
0.022412293604149147,3,100,1000,5,5000,A2,Ours,0.8889999999996689
0.6417844454104322,3,100,1000,5,5000,A3,Ours,0.8889999999996689
11.239527729895228,3,100,1000,5,5000,core,Ours,0.8889999999996689
3.6925052257873014,3,100,1000,5,5000,A1,HOSVD,0.49299999999993815
0.022412293604149147,3,100,1000,5,5000,A2,HOSVD,0.49299999999993815
0.6415514328465914,3,100,1000,5,5000,A3,HOSVD,0.49299999999993815
11.2384609825097,3,100,1000,5,5000,core,HOSVD,0.49299999999993815
3.645462554361852,3,100,1000,5,5000,A1,HOOI,0.7909999999997126
0.021165685062567247,3,100,1000,5,5000,A2,HOOI,0.7909999999997126
0.6434457901542808,3,100,1000,5,5000,A3,HOOI,0.7909999999997126
11.26465186272026,3,100,1000,5,5000,core,HOOI,0.7909999999997126
3.0760849695475003,3,100,1000,5,5000,A1,Olga,0.5059999999998581
0.021483167773363426,3,100,1000,5,5000,A2,Olga,0.5059999999998581
1.5153838875186803,3,100,1000,5,5000,A3,Tracy,0.5059999999998581
11.239930361812512,3,100,1000,5,5000,core,Tracy_Olga,0.5059999999998581
5.942639756837958,3,100,4993,5,5000,A1,NTD,155.45800000000008
0.4436587598405858,3,100,4993,5,5000,A2,NTD,155.45800000000008
4990.039671375336,3,100,4993,5,5000,A3,NTD,155.45800000000008
7.753136787203362,3,100,4993,5,5000,core,NTD,155.45800000000008
4.092332977061838,3,100,4993,5,5000,A1,Ours,4.963999999999942
0.014793820200913297,3,100,4993,5,5000,A2,Ours,4.963999999999942
2.5694222494251697,3,100,4993,5,5000,A3,Ours,4.963999999999942
11.755127447007329,3,100,4993,5,5000,core,Ours,4.963999999999942
4.092332977061838,3,100,4993,5,5000,A1,HOSVD,1.6530000000002474
0.014793820200913297,3,100,4993,5,5000,A2,HOSVD,1.6530000000002474
2.5613900199651005,3,100,4993,5,5000,A3,HOSVD,1.6530000000002474
11.746950564356776,3,100,4993,5,5000,core,HOSVD,1.6530000000002474
4.056886188068202,3,100,4993,5,5000,A1,HOOI,4.351999999999862
0.014794991775199195,3,100,4993,5,5000,A2,HOOI,4.351999999999862
2.5685863183162825,3,100,4993,5,5000,A3,HOOI,4.351999999999862
11.802774390507345,3,100,4993,5,5000,core,HOOI,4.351999999999862
2.7287728260629143,3,100,4993,5,5000,A1,Olga,2.8720000000002983
0.046130246790759485,3,100,4993,5,5000,A2,Olga,2.8720000000002983
2.8271374790395445,3,100,4993,5,5000,A3,Tracy,2.8720000000002983
11.659474759116987,3,100,4993,5,5000,core,Tracy_Olga,2.8720000000002983
7.936875973367994,3,100,9957,5,5000,A1,NTD,325.11900000000014
3.035971173518512,3,100,9957,5,5000,A2,NTD,325.11900000000014
9954.077750173672,3,100,9957,5,5000,A3,NTD,325.11900000000014
10.786749987107676,3,100,9957,5,5000,core,NTD,325.11900000000014
4.957004602823551,3,100,9957,5,5000,A1,Ours,15.026999999999589
0.015067541224490888,3,100,9957,5,5000,A2,Ours,15.026999999999589
2.6356790162915567,3,100,9957,5,5000,A3,Ours,15.026999999999589
11.691371658862712,3,100,9957,5,5000,core,Ours,15.026999999999589
4.957004602823551,3,100,9957,5,5000,A1,HOSVD,3.6979999999998654
0.015067541224490888,3,100,9957,5,5000,A2,HOSVD,3.6979999999998654
2.6041620200907203,3,100,9957,5,5000,A3,HOSVD,3.6979999999998654
11.643452496274483,3,100,9957,5,5000,core,HOSVD,3.6979999999998654
4.964071943561347,3,100,9957,5,5000,A1,HOOI,11.317000000000007
0.01397358594850573,3,100,9957,5,5000,A2,HOOI,11.317000000000007
2.606985622472712,3,100,9957,5,5000,A3,HOOI,11.317000000000007
11.664909997378977,3,100,9957,5,5000,core,HOOI,11.317000000000007
3.4646252184546174,3,100,9957,5,5000,A1,Olga,6.325000000000273
0.17772881548024633,3,100,9957,5,5000,A2,Olga,6.325000000000273
2.8695760047167047,3,100,9957,5,5000,A3,Tracy,6.325000000000273
11.69374838220608,3,100,9957,5,5000,core,Tracy_Olga,6.325000000000273
3.2030271788890237,3,100,1000,5,6000,A1,NTD,27.625
0.8818667467209341,3,100,1000,5,6000,A2,NTD,27.625
997.0015636315113,3,100,1000,5,6000,A3,NTD,27.625
10.461749380764696,3,100,1000,5,6000,core,NTD,27.625
3.416194195983993,3,100,1000,5,6000,A1,Ours,0.6189999999996871
0.01620494412531462,3,100,1000,5,6000,A2,Ours,0.6189999999996871
0.17260857234485905,3,100,1000,5,6000,A3,Ours,0.6189999999996871
11.160489852655932,3,100,1000,5,6000,core,Ours,0.6189999999996871
3.416194195983993,3,100,1000,5,6000,A1,HOSVD,0.5
0.01620494412531462,3,100,1000,5,6000,A2,HOSVD,0.5
0.17249673437375018,3,100,1000,5,6000,A3,HOSVD,0.5
11.160377124166326,3,100,1000,5,6000,core,HOSVD,0.5
3.4082542494849815,3,100,1000,5,6000,A1,HOOI,0.8709999999996398
0.016979949315973065,3,100,1000,5,6000,A2,HOOI,0.8709999999996398
0.17061909999354746,3,100,1000,5,6000,A3,HOOI,0.8709999999996398
11.158984645086719,3,100,1000,5,6000,core,HOOI,0.8709999999996398
2.862531149710987,3,100,1000,5,6000,A1,Olga,0.4290000000000873
0.005750549605656633,3,100,1000,5,6000,A2,Olga,0.4290000000000873
1.343241634143725,3,100,1000,5,6000,A3,Tracy,0.4290000000000873
11.215655956588344,3,100,1000,5,6000,core,Tracy_Olga,0.4290000000000873
3.625861088871829,3,100,4996,5,6000,A1,NTD,154.37199999999984
1.4710118389456177,3,100,4996,5,6000,A2,NTD,154.37199999999984
4993.044519725365,3,100,4996,5,6000,A3,NTD,154.37199999999984
10.714499636010377,3,100,4996,5,6000,core,NTD,154.37199999999984
2.930957234418289,3,100,4996,5,6000,A1,Ours,4.471000000000004
0.009932564508902075,3,100,4996,5,6000,A2,Ours,4.471000000000004
2.5527986324877756,3,100,4996,5,6000,A3,Ours,4.471000000000004
11.502953737180095,3,100,4996,5,6000,core,Ours,4.471000000000004
2.930957234418289,3,100,4996,5,6000,A1,HOSVD,1.6720000000000255
0.009932564508902075,3,100,4996,5,6000,A2,HOSVD,1.6720000000000255
2.5464454819857143,3,100,4996,5,6000,A3,HOSVD,1.6720000000000255
11.497364052844464,3,100,4996,5,6000,core,HOSVD,1.6720000000000255
2.9186359473810985,3,100,4996,5,6000,A1,HOOI,4.109999999999673
0.010509468453379857,3,100,4996,5,6000,A2,HOOI,4.109999999999673
2.551769378712703,3,100,4996,5,6000,A3,HOOI,4.109999999999673
11.530575667915178,3,100,4996,5,6000,core,HOOI,4.109999999999673
2.1246113371926287,3,100,4996,5,6000,A1,Olga,2.5850000000000364
0.044268802072782575,3,100,4996,5,6000,A2,Olga,2.5850000000000364
2.8704924483740903,3,100,4996,5,6000,A3,Tracy,2.5850000000000364
11.496184197970404,3,100,4996,5,6000,core,Tracy_Olga,2.5850000000000364
2.285085792472816,3,100,9963,5,6000,A1,NTD,335.5050000000001
3.4042292169447945,3,100,9963,5,6000,A2,NTD,335.5050000000001
9960.067149681034,3,100,9963,5,6000,A3,NTD,335.5050000000001
10.591882586743655,3,100,9963,5,6000,core,NTD,335.5050000000001
4.6318362668440525,3,100,9963,5,6000,A1,Ours,14.965999999999894
0.017299214563270042,3,100,9963,5,6000,A2,Ours,14.965999999999894
2.6054898190083895,3,100,9963,5,6000,A3,Ours,14.965999999999894
11.783270146220993,3,100,9963,5,6000,core,Ours,14.965999999999894
4.6318362668440525,3,100,9963,5,6000,A1,HOSVD,4.337999999999738
0.017299214563270042,3,100,9963,5,6000,A2,HOSVD,4.337999999999738
2.5827555996426734,3,100,9963,5,6000,A3,HOSVD,4.337999999999738
11.760878537930825,3,100,9963,5,6000,core,HOSVD,4.337999999999738
4.667571420908731,3,100,9963,5,6000,A1,HOOI,11.570999999999913
0.01730027415953456,3,100,9963,5,6000,A2,HOOI,11.570999999999913
2.5841826892727906,3,100,9963,5,6000,A3,HOOI,11.570999999999913
11.773103654433942,3,100,9963,5,6000,core,HOOI,11.570999999999913
3.523281601257513,3,100,9963,5,6000,A1,Olga,6.233000000000175
0.09494768299708728,3,100,9963,5,6000,A2,Olga,6.233000000000175
2.859722734966542,3,100,9963,5,6000,A3,Tracy,6.233000000000175
11.66117936211366,3,100,9963,5,6000,core,Tracy_Olga,6.233000000000175
3.5679702262621196,3,100,1000,5,7000,A1,NTD,27.929999999999836
0.35086677592331306,3,100,1000,5,7000,A2,NTD,27.929999999999836
997.0001980599136,3,100,1000,5,7000,A3,NTD,27.929999999999836
9.241974488682787,3,100,1000,5,7000,core,NTD,27.929999999999836
3.59855494000997,3,100,1000,5,7000,A1,Ours,0.6269999999999527
0.017469737290382096,3,100,1000,5,7000,A2,Ours,0.6269999999999527
0.4056282808056157,3,100,1000,5,7000,A3,Ours,0.6269999999999527
11.104193633400858,3,100,1000,5,7000,core,Ours,0.6269999999999527
3.59855494000997,3,100,1000,5,7000,A1,HOSVD,0.38799999999991996
0.017469737290382096,3,100,1000,5,7000,A2,HOSVD,0.38799999999991996
0.405470318434196,3,100,1000,5,7000,A3,HOSVD,0.38799999999991996
11.10362088844653,3,100,1000,5,7000,core,HOSVD,0.38799999999991996
3.6073232410850444,3,100,1000,5,7000,A1,HOOI,1.0479999999997744
0.017369521975576133,3,100,1000,5,7000,A2,HOOI,1.0479999999997744
0.41888732846194027,3,100,1000,5,7000,A3,HOOI,1.0479999999997744
11.097112118609278,3,100,1000,5,7000,core,HOOI,1.0479999999997744
2.545646578824928,3,100,1000,5,7000,A1,Olga,0.7190000000000509
0.01358690108159338,3,100,1000,5,7000,A2,Olga,0.7190000000000509
1.3714118588556128,3,100,1000,5,7000,A3,Tracy,0.7190000000000509
11.382078618980799,3,100,1000,5,7000,core,Tracy_Olga,0.7190000000000509
2.6204167020566795,3,100,4993,5,7000,A1,NTD,158.9779999999996
0.7127175213033519,3,100,4993,5,7000,A2,NTD,158.9779999999996
4990.036078405589,3,100,4993,5,7000,A3,NTD,158.9779999999996
10.38184224841415,3,100,4993,5,7000,core,NTD,158.9779999999996
3.522486001068899,3,100,4993,5,7000,A1,Ours,16.27599999999984
0.005028528820087345,3,100,4993,5,7000,A2,Ours,16.27599999999984
2.466531758872164,3,100,4993,5,7000,A3,Ours,16.27599999999984
11.23187201883613,3,100,4993,5,7000,core,Ours,16.27599999999984
3.522486001068899,3,100,4993,5,7000,A1,HOSVD,13.514000000000124
0.005028528820087345,3,100,4993,5,7000,A2,HOSVD,13.514000000000124
2.4598388285949655,3,100,4993,5,7000,A3,HOSVD,13.514000000000124
11.226186817021805,3,100,4993,5,7000,core,HOSVD,13.514000000000124
3.5253890394528744,3,100,4993,5,7000,A1,HOOI,11.530999999999949
0.005448555361886384,3,100,4993,5,7000,A2,HOOI,11.530999999999949
2.4592111285606495,3,100,4993,5,7000,A3,HOOI,11.530999999999949
11.214745113303954,3,100,4993,5,7000,core,HOOI,11.530999999999949
2.5127767112633292,3,100,4993,5,7000,A1,Olga,12.791999999999916
0.04826888421554265,3,100,4993,5,7000,A2,Olga,12.791999999999916
2.9308259018486367,3,100,4993,5,7000,A3,Tracy,12.791999999999916
11.254360614940657,3,100,4993,5,7000,core,Tracy_Olga,12.791999999999916
2.140795386100998,3,100,9974,5,7000,A1,NTD,338.4850000000001
1.613943447564915,3,100,9974,5,7000,A2,NTD,338.4850000000001
9971.063812495142,3,100,9974,5,7000,A3,NTD,338.4850000000001
10.051849769361262,3,100,9974,5,7000,core,NTD,338.4850000000001
3.381736381694734,3,100,9974,5,7000,A1,Ours,14.752000000000407
0.009198947158009245,3,100,9974,5,7000,A2,Ours,14.752000000000407
2.5992242505885175,3,100,9974,5,7000,A3,Ours,14.752000000000407
11.693364010342542,3,100,9974,5,7000,core,Ours,14.752000000000407
3.381736381694734,3,100,9974,5,7000,A1,HOSVD,3.2200000000002547
0.009198947158009245,3,100,9974,5,7000,A2,HOSVD,3.2200000000002547
2.5831950396625207,3,100,9974,5,7000,A3,HOSVD,3.2200000000002547
11.670371065880602,3,100,9974,5,7000,core,HOSVD,3.2200000000002547
3.3906978526507943,3,100,9974,5,7000,A1,HOOI,11.331000000000131
0.009225276203193458,3,100,9974,5,7000,A2,HOOI,11.331000000000131
2.5885365025074725,3,100,9974,5,7000,A3,HOOI,11.331000000000131
11.722117781466459,3,100,9974,5,7000,core,HOOI,11.331000000000131
3.3322392773414213,3,100,9974,5,7000,A1,Olga,6.612999999999374
0.08386140374826112,3,100,9974,5,7000,A2,Olga,6.612999999999374
2.8492206400154565,3,100,9974,5,7000,A3,Tracy,6.612999999999374
11.6790910573153,3,100,9974,5,7000,core,Tracy_Olga,6.612999999999374
3.3505899271018142,3,100,1000,5,8000,A1,NTD,27.95799999999963
0.31168779280567577,3,100,1000,5,8000,A2,NTD,27.95799999999963
997.0001206346203,3,100,1000,5,8000,A3,NTD,27.95799999999963
10.354803649364381,3,100,1000,5,8000,core,NTD,27.95799999999963
3.672956294150234,3,100,1000,5,8000,A1,Ours,0.5789999999997235
0.003850811570119335,3,100,1000,5,8000,A2,Ours,0.5789999999997235
0.0929029898660123,3,100,1000,5,8000,A3,Ours,0.5789999999997235
11.132012235091771,3,100,1000,5,8000,core,Ours,0.5789999999997235
3.672956294150234,3,100,1000,5,8000,A1,HOSVD,0.6389999999992142
0.003850811570119335,3,100,1000,5,8000,A2,HOSVD,0.6389999999992142
0.09275080010118662,3,100,1000,5,8000,A3,HOSVD,0.6389999999992142
11.131956043885765,3,100,1000,5,8000,core,HOSVD,0.6389999999992142
3.664084230411549,3,100,1000,5,8000,A1,HOOI,0.6920000000000073
0.0037929020884912576,3,100,1000,5,8000,A2,HOOI,0.6920000000000073
0.09322063829538263,3,100,1000,5,8000,A3,HOOI,0.6920000000000073
11.13271508735728,3,100,1000,5,8000,core,HOOI,0.6920000000000073
2.0022354138346823,3,100,1000,5,8000,A1,Olga,0.5579999999999927
0.0032295382223491375,3,100,1000,5,8000,A2,Olga,0.5579999999999927
1.3371796076170281,3,100,1000,5,8000,A3,Tracy,0.5579999999999927
11.216919209266658,3,100,1000,5,8000,core,Tracy_Olga,0.5579999999999927
5.004719409159556,3,100,4995,5,8000,A1,NTD,162.04100000000017
1.737266443489969,3,100,4995,5,8000,A2,NTD,162.04100000000017
4992.026619961721,3,100,4995,5,8000,A3,NTD,162.04100000000017
12.62615695327679,3,100,4995,5,8000,core,NTD,162.04100000000017
2.38123452392114,3,100,4995,5,8000,A1,Ours,6.302999999999884
0.007346663593283101,3,100,4995,5,8000,A2,Ours,6.302999999999884
2.592499158694545,3,100,4995,5,8000,A3,Ours,6.302999999999884
10.979431960668197,3,100,4995,5,8000,core,Ours,6.302999999999884
2.38123452392114,3,100,4995,5,8000,A1,HOSVD,2.1480000000001382
0.007346663593283101,3,100,4995,5,8000,A2,HOSVD,2.1480000000001382
2.5889520316157193,3,100,4995,5,8000,A3,HOSVD,2.1480000000001382
10.977322460158728,3,100,4995,5,8000,core,HOSVD,2.1480000000001382
2.386440914513074,3,100,4995,5,8000,A1,HOOI,4.59900000000016
0.00751825009566999,3,100,4995,5,8000,A2,HOOI,4.59900000000016
2.5891117456472243,3,100,4995,5,8000,A3,HOOI,4.59900000000016
10.968189213955121,3,100,4995,5,8000,core,HOOI,4.59900000000016
1.8367722373167843,3,100,4995,5,8000,A1,Olga,2.959000000000742
0.03859766967394839,3,100,4995,5,8000,A2,Olga,2.959000000000742
2.9226954853810314,3,100,4995,5,8000,A3,Tracy,2.959000000000742
10.955667075098528,3,100,4995,5,8000,core,Tracy_Olga,2.959000000000742
3.5755689370426262,3,100,9972,5,8000,A1,NTD,321.90599999999995
0.3900799130651022,3,100,9972,5,8000,A2,NTD,321.90599999999995
9969.059116414244,3,100,9972,5,8000,A3,NTD,321.90599999999995
11.81083637095501,3,100,9972,5,8000,core,NTD,321.90599999999995
3.771559581533009,3,100,9972,5,8000,A1,Ours,14.565999999999804
0.008793339471671264,3,100,9972,5,8000,A2,Ours,14.565999999999804
2.604968335979541,3,100,9972,5,8000,A3,Ours,14.565999999999804
11.765068135142142,3,100,9972,5,8000,core,Ours,14.565999999999804
3.771559581533009,3,100,9972,5,8000,A1,HOSVD,3.58600000000024
0.008793339471671264,3,100,9972,5,8000,A2,HOSVD,3.58600000000024
2.5917159780713472,3,100,9972,5,8000,A3,HOSVD,3.58600000000024
11.753223624861835,3,100,9972,5,8000,core,HOSVD,3.58600000000024
3.7698142477742356,3,100,9972,5,8000,A1,HOOI,10.836999999999534
0.009131241882577091,3,100,9972,5,8000,A2,HOOI,10.836999999999534
2.5934160675089153,3,100,9972,5,8000,A3,HOOI,10.836999999999534
11.769748635760756,3,100,9972,5,8000,core,HOOI,10.836999999999534
2.630326164421396,3,100,9972,5,8000,A1,Olga,6.329999999999927
0.06095430295482344,3,100,9972,5,8000,A2,Olga,6.329999999999927
2.89712004991297,3,100,9972,5,8000,A3,Tracy,6.329999999999927
11.712799802812116,3,100,9972,5,8000,core,Tracy_Olga,6.329999999999927
2.8824142455788535,3,100,1000,5,9000,A1,NTD,28.152000000000044
0.29762717474926664,3,100,1000,5,9000,A2,NTD,28.152000000000044
997.0001846975289,3,100,1000,5,9000,A3,NTD,28.152000000000044
10.640375149794473,3,100,1000,5,9000,core,NTD,28.152000000000044
3.4743046302425524,3,100,1000,5,9000,A1,Ours,0.5760000000000218
0.010254908380265442,3,100,1000,5,9000,A2,Ours,0.5760000000000218
0.09999029175240996,3,100,1000,5,9000,A3,Ours,0.5760000000000218
11.158398662603142,3,100,1000,5,9000,core,Ours,0.5760000000000218
3.4743046302425524,3,100,1000,5,9000,A1,HOSVD,0.4329999999999927
0.010254908380265442,3,100,1000,5,9000,A2,HOSVD,0.4329999999999927
0.099932253860719,3,100,1000,5,9000,A3,HOSVD,0.4329999999999927
11.158208654506618,3,100,1000,5,9000,core,HOSVD,0.4329999999999927
3.4523005514138156,3,100,1000,5,9000,A1,HOOI,0.6629999999995562
0.010491025041575291,3,100,1000,5,9000,A2,HOOI,0.6629999999995562
0.09959277967921783,3,100,1000,5,9000,A3,HOOI,0.6629999999995562
11.158956238958584,3,100,1000,5,9000,core,HOOI,0.6629999999995562
2.7070332277735822,3,100,1000,5,9000,A1,Olga,0.4750000000003638
0.007412318144207411,3,100,1000,5,9000,A2,Olga,0.4750000000003638
1.3346359995232409,3,100,1000,5,9000,A3,Tracy,0.4750000000003638
11.210681812742811,3,100,1000,5,9000,core,Tracy_Olga,0.4750000000003638
3.1576916186106128,3,100,4996,5,9000,A1,NTD,151.27599999999984
0.2017470913039666,3,100,4996,5,9000,A2,NTD,151.27599999999984
4993.029512395403,3,100,4996,5,9000,A3,NTD,151.27599999999984
10.466315268756473,3,100,4996,5,9000,core,NTD,151.27599999999984
3.9222995183354823,3,100,4996,5,9000,A1,Ours,4.685999999999694
0.007513898628381173,3,100,4996,5,9000,A2,Ours,4.685999999999694
2.550372104971185,3,100,4996,5,9000,A3,Ours,4.685999999999694
11.695566643571961,3,100,4996,5,9000,core,Ours,4.685999999999694
3.9222995183354823,3,100,4996,5,9000,A1,HOSVD,2.342000000000553
0.007513898628381173,3,100,4996,5,9000,A2,HOSVD,2.342000000000553
2.5478687984726065,3,100,4996,5,9000,A3,HOSVD,2.342000000000553
11.692940797359066,3,100,4996,5,9000,core,HOSVD,2.342000000000553
3.9098783761984404,3,100,4996,5,9000,A1,HOOI,4.856999999999971
0.006705664308605079,3,100,4996,5,9000,A2,HOOI,4.856999999999971
2.5486687840795152,3,100,4996,5,9000,A3,HOOI,4.856999999999971
11.675284439422503,3,100,4996,5,9000,core,HOOI,4.856999999999971
2.2590389277783927,3,100,4996,5,9000,A1,Olga,2.7030000000004293
0.03380584906545121,3,100,4996,5,9000,A2,Olga,2.7030000000004293
2.866001480245792,3,100,4996,5,9000,A3,Tracy,2.7030000000004293
11.70296771362404,3,100,4996,5,9000,core,Tracy_Olga,2.7030000000004293
3.0070285083469948,3,100,9983,5,9000,A1,NTD,340.5619999999999
2.231590857972441,3,100,9983,5,9000,A2,NTD,340.5619999999999
9980.03999993477,3,100,9983,5,9000,A3,NTD,340.5619999999999
11.47078910747663,3,100,9983,5,9000,core,NTD,340.5619999999999
3.332960930260996,3,100,9983,5,9000,A1,Ours,15.079999999999927
0.013974509087353261,3,100,9983,5,9000,A2,Ours,15.079999999999927
2.591468035779797,3,100,9983,5,9000,A3,Ours,15.079999999999927
11.760258559070138,3,100,9983,5,9000,core,Ours,15.079999999999927
3.332960930260996,3,100,9983,5,9000,A1,HOSVD,5.161999999999352
0.013974509087353261,3,100,9983,5,9000,A2,HOSVD,5.161999999999352
2.5811737101806598,3,100,9983,5,9000,A3,HOSVD,5.161999999999352
11.750970424952246,3,100,9983,5,9000,core,HOSVD,5.161999999999352
3.342405776355129,3,100,9983,5,9000,A1,HOOI,12.649000000000342
0.013574071011120174,3,100,9983,5,9000,A2,HOOI,12.649000000000342
2.5861714527462443,3,100,9983,5,9000,A3,HOOI,12.649000000000342
11.77707492577348,3,100,9983,5,9000,core,HOOI,12.649000000000342
1.9194154361954705,3,100,9983,5,9000,A1,Olga,6.458000000000538
0.07069701871578843,3,100,9983,5,9000,A2,Olga,6.458000000000538
2.855250518711067,3,100,9983,5,9000,A3,Tracy,6.458000000000538
11.607306735285613,3,100,9983,5,9000,core,Tracy_Olga,6.458000000000538
3.2092142750117714,3,100,1000,5,10000,A1,NTD,27.327000000000226
0.5136169692499257,3,100,1000,5,10000,A2,NTD,27.327000000000226
997.0000223036125,3,100,1000,5,10000,A3,NTD,27.327000000000226
12.984047695172977,3,100,1000,5,10000,core,NTD,27.327000000000226
3.0483090545675755,3,100,1000,5,10000,A1,Ours,0.5529999999998836
0.01567860201193634,3,100,1000,5,10000,A2,Ours,0.5529999999998836
0.08393774938463382,3,100,1000,5,10000,A3,Ours,0.5529999999998836
11.145578649240283,3,100,1000,5,10000,core,Ours,0.5529999999998836
3.0483090545675755,3,100,1000,5,10000,A1,HOSVD,0.5869999999995343
0.01567860201193634,3,100,1000,5,10000,A2,HOSVD,0.5869999999995343
0.08388634099346107,3,100,1000,5,10000,A3,HOSVD,0.5869999999995343
11.145424965931904,3,100,1000,5,10000,core,HOSVD,0.5869999999995343
3.016068222640989,3,100,1000,5,10000,A1,HOOI,0.7380000000002838
0.015283515720412658,3,100,1000,5,10000,A2,HOOI,0.7380000000002838
0.08314929117293213,3,100,1000,5,10000,A3,HOOI,0.7380000000002838
11.147467902134325,3,100,1000,5,10000,core,HOOI,0.7380000000002838
1.9591692158167004,3,100,1000,5,10000,A1,Olga,0.48399999999946886
0.01223384956081473,3,100,1000,5,10000,A2,Olga,0.48399999999946886
1.335789335824937,3,100,1000,5,10000,A3,Tracy,0.48399999999946886
11.199309112939524,3,100,1000,5,10000,core,Tracy_Olga,0.48399999999946886
7.530034540636164,3,100,4997,5,10000,A1,NTD,153.8159999999998
0.2362907469674318,3,100,4997,5,10000,A2,NTD,153.8159999999998
4994.02808119072,3,100,4997,5,10000,A3,NTD,153.8159999999998
14.628065723290025,3,100,4997,5,10000,core,NTD,153.8159999999998
3.81264899524093,3,100,4997,5,10000,A1,Ours,5.016999999999825
0.014408575966732886,3,100,4997,5,10000,A2,Ours,5.016999999999825
2.5749078854751106,3,100,4997,5,10000,A3,Ours,5.016999999999825
11.564437343540797,3,100,4997,5,10000,core,Ours,5.016999999999825
3.81264899524093,3,100,4997,5,10000,A1,HOSVD,1.7089999999998327
0.014408575966732886,3,100,4997,5,10000,A2,HOSVD,1.7089999999998327
2.5726738318237077,3,100,4997,5,10000,A3,HOSVD,1.7089999999998327
11.562758660208946,3,100,4997,5,10000,core,HOSVD,1.7089999999998327
3.8110630842920363,3,100,4997,5,10000,A1,HOOI,4.470000000000255
0.013970757898501093,3,100,4997,5,10000,A2,HOOI,4.470000000000255
2.5692159423823,3,100,4997,5,10000,A3,HOOI,4.470000000000255
11.538745689285038,3,100,4997,5,10000,core,HOOI,4.470000000000255
1.8871620434062661,3,100,4997,5,10000,A1,Olga,2.7659999999996217
0.025919672401888704,3,100,4997,5,10000,A2,Olga,2.7659999999996217
2.855489498251908,3,100,4997,5,10000,A3,Tracy,2.7659999999996217
11.347110798671455,3,100,4997,5,10000,core,Tracy_Olga,2.7659999999996217
5.0777688459260455,3,100,9976,5,10000,A1,NTD,322.90599999999995
1.428645140210948,3,100,9976,5,10000,A2,NTD,322.90599999999995
9973.039606595179,3,100,9976,5,10000,A3,NTD,322.90599999999995
9.519998559998632,3,100,9976,5,10000,core,NTD,322.90599999999995
3.0317677799156497,3,100,9976,5,10000,A1,Ours,14.416000000000167
0.010529310835623385,3,100,9976,5,10000,A2,Ours,14.416000000000167
2.5723657109610674,3,100,9976,5,10000,A3,Ours,14.416000000000167
11.689420569643781,3,100,9976,5,10000,core,Ours,14.416000000000167
3.0317677799156497,3,100,9976,5,10000,A1,HOSVD,3.412999999999556
0.010529310835623385,3,100,9976,5,10000,A2,HOSVD,3.412999999999556
2.5640048473932406,3,100,9976,5,10000,A3,HOSVD,3.412999999999556
11.681824761510953,3,100,9976,5,10000,core,HOSVD,3.412999999999556
3.0272347537194393,3,100,9976,5,10000,A1,HOOI,12.112999999999374
0.010242059196155333,3,100,9976,5,10000,A2,HOOI,12.112999999999374
2.5709860478399205,3,100,9976,5,10000,A3,HOOI,12.112999999999374
11.712071327193938,3,100,9976,5,10000,core,HOOI,12.112999999999374
1.8230872288287339,3,100,9976,5,10000,A1,Olga,7.130999999999403
0.038852852751908015,3,100,9976,5,10000,A2,Olga,7.130999999999403
2.8505380891483063,3,100,9976,5,10000,A3,Tracy,7.130999999999403
11.552725497364278,3,100,9976,5,10000,core,Tracy_Olga,7.130999999999403
