error,K,Q1,R,Q2,M,mode,method,time
6.108785855188673,2,10,100,10,100,A1,bayesian,67.01299999999992
6.958644655693258,3,10,100,10,100,A2,bayesian,67.01299999999992
2.5919251576442153,4,10,100,10,100,A3,bayesian,67.01299999999992
6.281267890450237,4,10,100,10,100,core,bayesian,67.01299999999992
5.152924554740094,2,10,100,10,100,A1,LDA,0.4829999999997199
7.397076536140865,3,10,100,10,100,A2,LDA,0.4829999999997199
2.9760199675790875,4,10,100,10,100,A3,LDA,0.4829999999997199
3.996049444706507,4,10,100,10,100,core,LDA,0.4829999999997199
5.767598346235617,2,10,100,10,100,A1,NTD,0.9339999999997417
7.123013709191465,3,10,100,10,100,A2,NTD,0.9339999999997417
2.803125875527025,4,10,100,10,100,A3,NTD,0.9339999999997417
3.207487571698321,4,10,100,10,100,core,NTD,0.9339999999997417
4.507493502263389,2,10,100,10,100,A1,TopicScore-HOSVD,0.3589999999999236
7.284081716952962,3,10,100,10,100,A2,TopicScore-HOSVD,0.3589999999999236
3.0544809300534244,4,10,100,10,100,A3,TopicScore-HOSVD,0.3589999999999236
3.8691029900305605,4,10,100,10,100,core,TopicScore-HOSVD,0.3589999999999236
6.9654346370637015,2,10,100,10,100,A1,TTM-HOOI,0.11000000000012733
2.525593071728602,3,10,100,10,100,A2,TTM-HOOI,0.11000000000012733
2.9423951569254236,4,10,100,10,100,A3,TTM-HOOI,0.11000000000012733
4.747233180222904,4,10,100,10,100,core,TTM-HOOI,0.11000000000012733
7.994683395585141,2,10,100,10,100,A1,TTM-HOSVD,0.03099999999994907
5.80108297688007,3,10,100,10,100,A2,TTM-HOSVD,0.03099999999994907
2.9423951569254236,4,10,100,10,100,A3,TTM-HOSVD,0.03099999999994907
4.423316526037876,4,10,100,10,100,core,TTM-HOSVD,0.03099999999994907
